1,241,2.3102454980873963,Nan,0.009084463119506836
2,241,2.2709456954259597,0.03929980266143662,0.0034093856811523438
3,241,2.300771879457339,-0.029826184031379377,0.0031926631927490234
4,241,2.2546374055854512,0.04613447387188785,0.003378629684448242
5,241,2.267484419573392,-0.012847013987940858,0.003503084182739258
6,241,2.2648057106619555,0.0026787089114366225,0.0038709640502929688
7,241,2.2457799634498183,0.019025747212137123,0.00803375244140625
8,241,2.2689082355420123,-0.023128272092193924,0.004614114761352539
9,241,2.2291928366506744,0.039715398891337905,0.0033867359161376953
10,241,2.247879978037474,-0.0186871413867995,0.0031960010528564453
11,241,2.2025875867155085,0.045292391321965386,0.0035507678985595703
12,241,2.21753942719139,-0.014951840475881717,0.0036711692810058594
13,241,2.202182120801997,0.015357306389393255,0.004711627960205078
14,241,2.190198969544217,0.011983151257779934,0.0035295486450195312
15,241,2.1808307062046164,0.009368263339600613,0.0034942626953125
16,241,2.2007271541104774,-0.01989644790586098,0.003743886947631836
17,241,2.1721307904888487,0.02859636362162865,0.003815889358520508
18,241,2.170287072905861,0.0018437175829877361,0.0038385391235351562
19,241,2.1613888562467585,0.00889821665910251,0.0037081241607666016
20,241,2.179044478167142,-0.017655621920383613,0.0033614635467529297
21,241,2.143581026322614,0.03546345184452804,0.0035676956176757812
22,241,2.166580896654564,-0.022999870331950056,0.0034580230712890625
23,241,2.1608828469430756,0.005698049711488462,0.0039556026458740234
24,241,2.128920685700856,0.03196216124221962,0.003943204879760742
25,241,2.1525772537927903,-0.023656568091934282,0.0036249160766601562
26,241,2.179468685165975,-0.026891431373184727,0.007536172866821289
27,241,2.1353909187791755,0.0440777663867995,0.004492044448852539
28,241,2.124882994845695,0.010507923933480434,0.004489421844482422
29,241,2.1596408701536567,-0.034757875307961594,0.006846904754638672
30,241,2.1231339957209543,0.036506874432702396,0.004381895065307617
31,241,2.14103223871888,-0.01789824299792553,0.004759311676025391
32,241,2.113322151152425,0.027710087566454877,0.004490852355957031
33,241,2.1149232476578708,-0.0016010965054458204,0.005037546157836914
34,241,2.1192644681178683,-0.004341220459997519,0.004274129867553711
35,241,2.133978499416494,-0.014714031298625585,0.004597187042236328
36,241,2.085833664257002,0.04814483515949197,0.003922700881958008
37,241,2.088953548447225,-0.0031198841902231322,0.0038192272186279297
38,241,2.1274685048463433,-0.03851495639911828,0.003383159637451172
39,241,2.12592591091805,0.0015425939282933676,0.0031778812408447266
40,241,2.0882033985185426,0.0377225123995073,0.003694772720336914
41,241,2.0932357598142506,-0.005032361295707943,0.004907846450805664
42,241,2.1113024193221603,-0.018066659507909755,0.007346153259277344
43,241,2.087432861328125,0.02386955799403534,0.008307456970214844
44,241,2.0711786420513487,0.016254219276776283,0.016138315200805664
45,241,2.0961605087850104,-0.02498186673366165,0.0031821727752685547
46,241,2.0223284836132,0.07383202517181031,0.0034093856811523438
47,241,2.070718599058286,-0.04839011544508587,0.003442525863647461
48,241,2.0528730337055885,0.017845565352697434,0.0038526058197021484
49,241,2.0780192648226787,-0.025146231117090245,0.0040645599365234375
50,241,2.047225129060231,0.030794135762447716,0.0034754276275634766
51,241,2.0410589321025676,0.006166196957663406,0.0036470890045166016
52,241,2.000784086488589,0.04027484561397854,0.004360675811767578
53,241,2.037222201398794,-0.03643811491020488,0.003365039825439453
54,241,2.0106351860331304,0.026587015365663547,0.003327608108520508
55,241,2.029122000413317,-0.018486814380186622,0.0030379295349121094
56,241,2.054928601530083,-0.025806601116765915,0.0035200119018554688
57,241,2.06032274174987,-0.005394140219787236,0.0038292407989501953
58,241,2.011146260495008,0.04917648125486229,0.004495143890380859
59,241,2.0252954000259336,-0.01414913953092567,0.003755331039428711
60,241,2.0204840062564835,0.004811393769450056,0.0037772655487060547
61,241,1.9774835990177646,0.043000407238718896,0.003459930419921875
62,241,2.000255663859894,-0.022772064842129236,0.004543304443359375
63,241,1.9738634038268283,0.026392260033065496,0.003177165985107422
64,241,1.9948411363783713,-0.020977732551543005,0.0033142566680908203
65,241,2.00570146869327,-0.010860332314898802,0.0031480789184570312
66,241,2.0024721770860348,0.003229291607235396,0.004047870635986328
67,241,1.991600448165197,0.010871728920837764,0.003568887710571289
68,241,1.9853665047166753,0.006233943448521684,0.0037534236907958984
69,241,1.947070363151582,0.03829614156509331,0.0046880245208740234
70,241,2.005779345500519,-0.058708982348936845,0.005683422088623047
71,241,1.9408321143185945,0.06494723118192436,0.004008769989013672
72,241,1.971317655318011,-0.03048554099941647,0.0043637752532958984
73,241,1.9265814183658585,0.04473623695215245,0.004055500030517578
74,241,1.9470669441698003,-0.020485525803941806,0.003459453582763672
75,241,1.9599342187905213,-0.012867274620721014,0.003961086273193359
76,241,1.9212459073521784,0.03868831143834295,0.0038237571716308594
77,241,1.9829259848693594,-0.061680077517181076,0.003662109375
78,241,1.931492089235931,0.05143389563342837,0.003619670867919922
79,241,1.965412440636346,-0.03392035140041494,0.007967472076416016
80,241,1.9325056273907546,0.032906813245591415,0.0035877227783203125
81,241,1.9353561717939574,-0.0028505444032027594,0.004235744476318359
82,241,1.926246231522303,0.009109940271654349,0.0035500526428222656
83,241,1.9188749068010893,0.007371324721213712,0.0034096240997314453
84,241,1.941168314193789,-0.022293407392699693,0.0037279129028320312
85,241,1.903969285893737,0.03719902830005206,0.003650665283203125
86,241,1.8583142292450079,0.04565505664872904,0.0035066604614257812
87,241,1.9037348956982625,-0.0454206664532546,0.004342794418334961
88,241,1.9059647049646655,-0.0022298092664030378,0.0036046504974365234
89,241,1.852243004003501,0.053721700961164576,0.0038175582885742188
90,241,1.9068427501377723,-0.05459974613427132,0.003427267074584961
91,241,1.852153477332404,0.05468927280536828,0.004041194915771484
92,241,1.8601061555854512,-0.00795267825304724,0.003801584243774414
93,241,1.8393272304930628,0.020778925092388434,0.003373861312866211
94,241,1.8561515333246887,-0.016824302831625948,0.0031943321228027344
95,241,1.8967651113929591,-0.04061357806827037,0.004272937774658203
96,241,1.8211907984310165,0.07557431296194261,0.0036411285400390625
97,241,1.8453223517326893,-0.024131553301672826,0.003346681594848633
