0,301,2.27906267033,Nan,0.0199999809265
1,301,2.04630642001,0.232756250324,0.0190000534058
2,301,1.83735205565,0.208954364358,0.0160000324249
3,301,1.64213110838,0.195220947266,0.0139999389648
4,301,1.48083060128,0.161300507099,0.0139999389648
5,301,1.38459833595,0.096232265333,0.0139999389648
6,301,1.34899628598,0.0356020499702,0.0140001773834
7,301,1.41079448307,-0.0617981970904,0.0149998664856
8,301,1.40142700601,0.00936747706214,0.0210001468658
9,301,1.52547984583,-0.124052839818,0.0189998149872
10,301,1.74027148275,-0.214791636926,0.0170001983643
11,301,1.10837430732,0.631897175431,0.0159997940063
12,301,0.91673770537,0.191636601952,0.0150001049042
13,301,0.832594355079,0.0841433502907,0.0149998664856
14,301,0.938383083407,-0.105788728327,0.0150001049042
15,301,1.09040401623,-0.152020932828,0.0169999599457
16,301,1.02814308749,0.0622609287401,0.0139999389648
17,301,1.04382121444,-0.0156781269466,0.0140001773834
18,301,0.665859336473,0.377961877969,0.0139999389648
19,301,0.527571668657,0.138287667816,0.0150001049042
20,301,0.700073191494,-0.172501522837,0.0139999389648
21,301,0.975006103516,-0.274932912022,0.0139999389648
22,301,0.8676306639,0.107375439615,0.0150001049042
23,301,0.755298297667,0.112332366234,0.0139999389648
24,301,0.646995265619,0.108303032048,0.0139999389648
25,301,0.643774951415,0.00322031420331,0.0139999389648
26,301,0.602761303468,0.0410136479476,0.0150001049042
27,301,0.539201501992,0.0635598014756,0.0139999389648
28,301,0.654830172212,-0.11562867022,0.0139999389648
29,301,0.551546318586,0.103283853626,0.0150001049042
30,301,0.523718038667,0.0278282799198,0.0139999389648
31,301,0.48208506638,0.0416329722864,0.0150001049042
32,301,0.46317121436,0.01891385202,0.0139999389648
33,301,0.415052648399,0.0481185659618,0.0150001049042
34,301,0.455707081133,-0.040654432734,0.0139999389648
35,301,0.44951307734,0.0061940037927,0.0139999389648
36,301,0.45704027347,-0.00752719613009,0.0190000534058
37,301,0.44049340942,0.0165468640502,0.0149998664856
38,301,0.467875787982,-0.0273823785623,0.0150001049042
39,301,0.530516969801,-0.0626411818191,0.0139999389648
40,301,0.587695353055,-0.0571783832537,0.0140001773834
41,301,0.383341691027,0.204353662028,0.0130000114441
42,301,0.369368391576,0.013973299451,0.0139999389648
43,301,0.364179389421,0.00518900215428,0.0149998664856
44,301,0.323483033038,0.0406963563837,0.0140001773834
45,301,0.369213167615,-0.0457301345775,0.0139999389648
46,301,0.360343172701,0.00886999491441,0.0139999389648
47,301,0.406348117562,-0.0460049448615,0.0139999389648
48,301,0.48491214993,-0.0785640323677,0.0140001773834
49,301,0.491294480637,-0.00638233070754,0.0139999389648
50,301,0.357297295352,0.133997185286,0.0149998664856
51,301,0.370820815381,-0.0135235200293,0.0140001773834
52,301,0.357635016457,0.0131857989238,0.0149998664856
53,301,0.302072949584,0.0555620668734,0.0130000114441
54,301,0.40515342028,-0.103080470697,0.0139999389648
55,301,0.347012237853,0.0581411824274,0.0130000114441
56,301,0.240306866921,0.106705370932,0.0140001773834
57,301,0.338355536477,-0.0980486695553,0.0139999389648
58,301,0.348574717576,-0.0102191810988,0.0149998664856
59,301,0.259951822781,0.088622894794,0.0140001773834
60,301,0.312721429869,-0.0527696070877,0.0139999389648
61,301,0.266949650457,0.0457717794121,0.0139999389648
62,301,0.282149660231,-0.0152000097737,0.0140001773834
63,301,0.306369540699,-0.0242198804684,0.0139999389648
64,301,0.22448608804,0.0818834526594,0.0139999389648
65,301,0.290597174255,-0.0661110862149,0.0150001049042
66,301,0.347201477254,-0.0566043029988,0.0139999389648
67,301,0.320121460975,0.0270800162787,0.0139999389648
68,301,0.303670407926,0.0164510530491,0.0139999389648
69,301,0.321124612295,-0.0174542043692,0.0150001049042
70,301,0.298457098166,0.0226675141293,0.0139999389648
71,301,0.303660750785,-0.00520365261952,0.0139999389648
72,301,0.259565309037,0.0440954417485,0.0140001773834
73,301,0.252734263474,0.00683104556264,0.0160000324249
74,301,0.249925936575,0.00280832689862,0.0169999599457
75,301,0.24768978892,0.0022361476556,0.0149998664856
76,301,0.231747218541,0.015942570379,0.0140001773834
77,301,0.25534881389,-0.0236015953495,0.0149998664856
78,301,0.251675551912,0.0036732619783,0.0139999389648
79,301,0.353792336296,-0.102116784384,0.0140001773834
80,301,0.228239445987,0.125552890309,0.0149998664856
81,301,0.314214408596,-0.0859749626084,0.0150001049042
82,301,0.22161652321,0.0925978853853,0.0149998664856
83,301,0.282905958816,-0.0612894356053,0.0140001773834
84,301,0.252214729588,0.0306912292278,0.0149998664856
85,301,0.266202578117,-0.013987848529,0.0140001773834
86,301,0.215266611093,0.050935967024,0.0139999389648
87,301,0.30238375236,-0.0871171412674,0.0149998664856
88,301,0.285770631708,0.0166131206525,0.0140001773834
89,301,0.243352364068,0.0424182676398,0.0149998664856
90,301,0.33788000468,-0.094527640612,0.0140001773834
91,301,0.218388909121,0.119491095559,0.0149998664856
92,301,0.240893265734,-0.0225043566124,0.0150001049042
93,301,0.222171872161,0.0187213935725,0.0139999389648
94,301,0.226890640005,-0.00471876784417,0.0149998664856
95,301,0.29672943318,-0.0698387931748,0.0140001773834
96,301,0.363466940845,-0.0667375076649,0.0149998664856
97,301,0.218474125149,0.144992815696,0.0150001049042
98,301,0.228452359323,-0.00997823417385,0.0149998664856
99,301,0.254650280721,-0.0261979213981,0.0150001049042
100,301,0.224329647432,0.0303206332894,0.0139999389648
101,301,0.232221736464,-0.00789208903265,0.0139999389648
102,301,0.218431212973,0.013790523491,0.0150001049042
103,301,0.228418419923,-0.00998720695014,0.0139999389648
104,301,0.192208071484,0.0362103484398,0.0140001773834
105,301,0.200308055181,-0.00809998369692,0.0149998664856
106,301,0.235076828256,-0.0347687730758,0.0139999389648
107,301,0.217736050932,0.0173407773243,0.0150001049042
108,301,0.227301182541,-0.00956513160883,0.0139999389648
109,301,0.258362830279,-0.0310616477383,0.0160000324249
110,301,0.216623933608,0.0417388966709,0.0199999809265
111,301,0.252024932557,-0.0354009989488,0.0160000324249
112,301,0.238317470614,0.0137074619433,0.0139999389648
113,301,0.188701680332,0.0496157902816,0.0150001049042
114,301,0.263081243268,-0.0743795629356,0.0139999389648
115,301,0.20550257027,0.0575786729984,0.0139999389648
116,301,0.191236502308,0.0142660679611,0.0150001049042
117,301,0.235206705391,-0.0439702030828,0.0139999389648
118,301,0.246340450654,-0.0111337452632,0.018000125885
119,301,0.208549854367,0.0377905962871,0.0149998664856
120,301,0.242217485295,-0.0336676309275,0.0139999389648
121,301,0.242335170606,-0.000117685311656,0.0150001049042
122,301,0.258983954243,-0.0166487836363,0.0150001049042
123,301,0.296735921967,-0.0377519677248,0.0149998664856
124,301,0.287128080957,0.00960784101011,0.0140001773834
125,301,0.304998809713,-0.0178707287557,0.0139999389648
126,301,0.266117083274,0.0388817264392,0.0139999389648
127,301,0.215165680033,0.0509514032408,0.0150001049042
128,301,0.168686052493,0.0464796275395,0.0149998664856
129,301,0.230588589792,-0.0619025372984,0.0150001049042
130,301,0.184120228916,0.0464683608755,0.0139999389648
131,301,0.221865935975,-0.0377457070588,0.0139999389648
132,301,0.221242049208,0.000623886767416,0.0150001049042
133,301,0.176278149171,0.044963900037,0.0149998664856
134,301,0.270343032786,-0.0940648836155,0.0140001773834
135,301,0.203658702762,0.0666843300246,0.0149998664856
136,301,0.171121286791,0.0325374159702,0.0140001773834
137,301,0.200408415937,-0.0292871291455,0.0149998664856
138,301,0.222217851303,-0.021809435366,0.0139999389648
139,301,0.178708124002,0.0435097273006,0.0140001773834
140,301,0.217772448974,-0.0390643249714,0.0149998664856
141,301,0.194780419435,0.0229920295386,0.0139999389648
142,301,0.186202939563,0.00857747987259,0.0140001773834
143,301,0.133573031505,0.0526299080579,0.0149998664856
144,301,0.146620766269,-0.0130477347643,0.0140001773834
145,301,0.137431388678,0.00918937759146,0.0169999599457
146,301,0.189131309028,-0.0516999203501,0.0169999599457
147,301,0.212283036241,-0.0231517272138,0.0149998664856
148,301,0.174007162303,0.0382758739383,0.0140001773834
149,301,0.182682620331,-0.00867545802728,0.0149998664856
150,301,0.162875786968,0.0198068333623,0.0139999389648
151,301,0.160958603767,0.00191718320118,0.0140001773834
152,301,0.215944207784,-0.0549856040169,0.0160000324249
153,301,0.220256006995,-0.00431179921096,0.0149998664856
154,301,0.190344192657,0.0299118143379,0.0139999389648
155,301,0.206687318922,-0.0163431262653,0.0140001773834
156,301,0.207352419628,-0.00066510070598,0.0139999389648
157,301,0.176445146732,0.0309072728965,0.0139999389648
158,301,0.212279779174,-0.0358346324426,0.0139999389648
159,301,0.214699121013,-0.00241934183824,0.0140001773834
160,301,0.206562942049,0.008136178964,0.0139999389648
161,301,0.185674927163,0.0208880148853,0.0139999389648
162,301,0.260075388557,-0.0744004613933,0.0139999389648
163,301,0.162309893738,0.0977654948187,0.0140001773834
164,301,0.134521306947,0.0277885867908,0.0139999389648
165,301,0.144152352976,-0.00963104602902,0.0139999389648
166,301,0.137470270708,0.00668208226809,0.0139999389648
167,301,0.145567314173,-0.00809704346514,0.0140001773834
168,301,0.171074648632,-0.0255073344589,0.0139999389648
169,301,0.149975190527,0.0210994581051,0.0139999389648
170,301,0.136099260907,0.0138759296202,0.0130000114441
171,301,0.174791646558,-0.0386923856513,0.0139999389648
172,301,0.152518985279,0.0222726612788,0.0140001773834
173,301,0.152081701843,0.000437283436721,0.0139999389648
