0,291,2.29419658438,Nan,0.018000125885
1,291,2.07419232241,0.220004261974,0.0160000324249
2,291,1.88525789136,0.188934431043,0.0159997940063
3,291,1.79610251725,0.089155374114,0.0140001773834
4,291,1.7804978623,0.0156046549479,0.0149998664856
5,291,1.93668095435,-0.156183092045,0.0139999389648
6,291,1.46110403579,0.475576918559,0.0140001773834
7,291,1.27591739405,0.185186641732,0.0149998664856
8,291,1.08278810691,0.193129287143,0.0140001773834
9,291,1.06867870842,0.0141093984912,0.0139999389648
10,291,1.0435496327,0.0251290757222,0.0149998664856
11,291,1.18008129212,-0.136531659418,0.0140001773834
12,291,0.955054004577,0.225027287539,0.0149998664856
13,291,0.937541424204,0.0175125803734,0.0139999389648
14,291,0.939560513316,-0.00201908911217,0.0150001049042
15,291,0.72279567653,0.216764836787,0.0139999389648
16,291,0.620428393387,0.102367283143,0.0139999389648
17,291,0.718548909086,-0.0981205156988,0.0150001049042
18,291,0.670648843562,0.0479000655237,0.0139999389648
19,291,0.676896400058,-0.00624755649632,0.0150001049042
20,291,0.548126797496,0.128769602563,0.0139999389648
21,291,0.715198529955,-0.167071732459,0.0139999389648
22,291,0.640800135242,0.0743983947125,0.0140001773834
23,291,0.550455152374,0.0903449828682,0.0139999389648
24,291,0.532037898847,0.018417253527,0.0149998664856
25,291,0.456124846468,0.0759130523787,0.0140001773834
26,291,0.475038823393,-0.0189139769249,0.0139999389648
27,291,0.612409086981,-0.137370263588,0.0139999389648
28,291,0.533934183547,0.0784749034344,0.0150001049042
29,291,0.460351583474,0.0735826000725,0.0139999389648
30,291,0.472441578239,-0.0120899947648,0.0139999389648
31,291,0.513554051979,-0.0411124737402,0.0150001049042
32,291,0.454614855579,0.0589391963998,0.0149998664856
33,291,0.457742225673,-0.0031273700937,0.0140001773834
34,291,0.392639265028,0.0651029606455,0.0149998664856
35,291,0.421401426964,-0.0287621619365,0.0139999389648
36,291,0.417530204013,0.00387122295157,0.0140001773834
37,291,0.371484998985,0.0460452050278,0.0139999389648
38,291,0.364892782624,0.00659221636061,0.0169999599457
39,291,0.361400643575,0.00349213904941,0.018000125885
40,291,0.491483183661,-0.130082540086,0.0149998664856
41,291,0.751135023189,-0.259651839528,0.0150001049042
42,291,1.25642232469,-0.505287301499,0.0139999389648
43,291,1.10142081874,0.155001505953,0.0139999389648
44,291,0.675306706904,0.426114111832,0.0150001049042
45,291,0.47894633185,0.196360375054,0.0139999389648
46,291,0.308216265387,0.170730066463,0.0150001049042
47,291,0.338958897541,-0.0307426321547,0.0139999389648
48,291,0.26667486761,0.0722840299311,0.0139999389648
49,291,0.375704709607,-0.109029841997,0.0150001049042
50,291,0.314149994211,0.0615547153958,0.0139999389648
51,291,0.406727112446,-0.0925771182345,0.0150001049042
52,291,0.470506281378,-0.0637791689319,0.0139999389648
53,291,0.380814044336,0.0896922370413,0.0149998664856
54,291,0.361222598151,0.019591446185,0.0140001773834
55,291,0.339147272798,0.022075325353,0.0139999389648
56,291,0.279370284982,0.0597769878165,0.0139999389648
57,291,0.316436321875,-0.0370660368929,0.0150001049042
58,291,0.252897465762,0.0635388561131,0.0139999389648
59,291,0.297619036383,-0.0447215706212,0.0139999389648
60,291,0.298023656471,-0.000404620088662,0.0150001049042
61,291,0.364566606345,-0.0665429498731,0.0139999389648
62,291,0.309088323534,0.0554782828105,0.0150001049042
63,291,0.344382007507,-0.035293683973,0.0139999389648
64,291,0.312273189374,0.0321088181329,0.0139999389648
65,291,0.262469865202,0.0498033241718,0.0150001049042
66,291,0.260219377341,0.00225048786176,0.0139999389648
67,291,0.285987644261,-0.0257682669204,0.0139999389648
68,291,0.265861825845,0.0201258184164,0.0150001049042
69,291,0.262318247372,0.00354357847233,0.0160000324249
70,291,0.306570833082,-0.0442525857093,0.0139999389648
71,291,0.347637242058,-0.0410664089767,0.0139999389648
72,291,0.318908167049,0.0287290750091,0.0150001049042
73,291,0.274410837704,0.0444973293449,0.0130000114441
74,291,0.254893168551,0.0195176691534,0.0149998664856
75,291,0.230612476257,0.0242806922939,0.0190000534058
76,291,0.256323116342,-0.0257106400847,0.0149998664856
77,291,0.266298300622,-0.00997518428003,0.0140001773834
78,291,0.242622585231,0.0236757153908,0.0149998664856
79,291,0.28039309577,-0.0377705105392,0.0140001773834
80,291,0.270606889758,0.00978620601274,0.0139999389648
81,291,0.225996613912,0.0446102758453,0.0139999389648
82,291,0.207112630208,0.0188839837038,0.0160000324249
83,291,0.217666770175,-0.0105541399664,0.0179998874664
84,291,0.210339221758,0.00732754841703,0.0140001773834
85,291,0.241083990667,-0.0307447689096,0.0149998664856
86,291,0.234820152886,0.00626383778156,0.0139999389648
87,291,0.21904702203,0.015773130856,0.0140001773834
88,291,0.213629981496,0.00541704053322,0.0139999389648
89,291,0.330030565819,-0.116400584322,0.0150001049042
90,291,0.224397403678,0.105633162141,0.0149998664856
91,291,0.239476338285,-0.0150789346072,0.0150001049042
92,291,0.268334221594,-0.0288578833092,0.0199999809265
93,291,0.165917150753,0.102417070841,0.021999835968
94,291,0.241194970829,-0.0752778200759,0.0170001983643
95,291,0.231541348487,0.00965362234214,0.0159997940063
96,291,0.217710357351,0.0138309911354,0.0160000324249
97,291,0.224245733412,-0.00653537606046,0.0140001773834
98,291,0.294353917702,-0.0701081842901,0.0139999389648
99,291,0.199602553115,0.0947513645867,0.0149998664856
100,291,0.222983527429,-0.0233809743141,0.0150001049042
101,291,0.182447335155,0.0405361922746,0.0130000114441
102,291,0.266170226422,-0.0837228912668,0.0139999389648
103,291,0.291665985003,-0.025495758581,0.0139999389648
104,291,0.239831223111,0.0518347618916,0.0140001773834
105,291,0.220087293907,0.0197439292043,0.0139999389648
106,291,0.237940234417,-0.0178529405102,0.0139999389648
107,291,0.245118341085,-0.00717810666848,0.0139999389648
108,291,0.179595186948,0.0655231541375,0.0140001773834
109,291,0.229711368731,-0.0501161817833,0.0149998664856
110,291,0.193496310834,0.0362150578974,0.0160000324249
111,291,0.161709015312,0.0317872955217,0.0160000324249
112,291,0.146758836569,0.0149501787428,0.0150001049042
113,291,0.178206047242,-0.0314472106724,0.0139999389648
114,291,0.254419595515,-0.0762135482736,0.0149998664856
115,291,0.206637064616,0.0477825308993,0.0140001773834
116,291,0.161438643728,0.0451984208884,0.0139999389648
117,291,0.230802109971,-0.0693634662432,0.0139999389648
118,291,0.205863152992,0.0249389569784,0.0150001049042
119,291,0.24561181347,-0.0397486604776,0.0139999389648
120,291,0.217792406115,0.0278194073549,0.0139999389648
121,291,0.176991151371,0.0408012547444,0.0150001049042
122,291,0.217831116771,-0.0408399654008,0.0139999389648
123,291,0.187667453412,0.0301636633594,0.018000125885
124,291,0.171120869745,0.0165465836672,0.0149998664856
125,291,0.194269632556,-0.0231487628111,0.0139999389648
126,291,0.156665867547,0.0376037650092,0.0150001049042
127,291,0.17483250464,-0.0181666370929,0.0139999389648
128,291,0.167217307074,0.00761519756514,0.0139999389648
129,291,0.115610941988,0.0516063650859,0.0140001773834
130,291,0.189244221166,-0.0736332791777,0.0149998664856
131,291,0.197689462773,-0.00844524160693,0.0139999389648
132,291,0.232859975284,-0.0351705125107,0.0150001049042
133,291,0.195483479713,0.0373764955711,0.0139999389648
134,291,0.138933437387,0.0565500423261,0.0140001773834
135,291,0.190468621008,-0.0515351836214,0.0139999389648
136,291,0.181732977379,0.00873564362936,0.0149998664856
137,291,0.200770912301,-0.0190379349227,0.018000125885
138,291,0.201521358949,-0.000750446647303,0.0160000324249
139,291,0.210026691869,-0.00850533292056,0.0149998664856
140,291,0.269465495631,-0.0594388037613,0.0140001773834
141,291,0.240805321133,0.0286601744976,0.0139999389648
142,291,0.172800463909,0.0680048572239,0.0139999389648
143,291,0.206972731757,-0.0341722678483,0.0150001049042
144,291,0.15961234758,0.0473603841775,0.0139999389648
145,291,0.175086385196,-0.0154740376161,0.0139999389648
146,291,0.173928867091,0.001157518105,0.0190000534058
147,291,0.157838093866,0.0160907732252,0.0160000324249
148,291,0.232846997448,-0.0750089035821,0.0139999389648
149,291,0.225773001864,0.00707399558366,0.0139999389648
150,291,0.178279994689,0.0474930071749,0.0140001773834
151,291,0.158196596755,0.0200833979341,0.0139999389648
152,291,0.199994221586,-0.0417976248305,0.0139999389648
153,291,0.175625804364,0.0243684172221,0.0139999389648
154,291,0.195541198311,-0.0199153939473,0.0140001773834
155,291,0.190244707455,0.00529649085605,0.0129997730255
156,291,0.15950731887,0.0307373885846,0.0140001773834
157,291,0.17413331389,-0.0146259950199,0.0179998874664
158,291,0.196197549092,-0.0220642352022,0.0139999389648
159,291,0.120671472189,0.0755260769035,0.0140001773834
160,291,0.19061582113,-0.0699443489416,0.0139999389648
161,291,0.174970292553,0.015645528577,0.0139999389648
162,291,0.149692994213,0.0252772983407,0.0150001049042
163,291,0.14706389437,0.00262909984261,0.0139999389648
164,291,0.200081671226,-0.0530177768563,0.0139999389648
165,291,0.244252653876,-0.0441709826492,0.0130000114441
166,291,0.195132986377,0.0491196674989,0.0140001773834
167,291,0.155435516253,0.0396974701242,0.0149998664856
168,291,0.151167053537,0.00426846271528,0.0139999389648
169,291,0.137127591163,0.0140394623747,0.0140001773834
170,291,0.198910401859,-0.0617828106962,0.0139999389648
171,291,0.14524116385,0.0536692380086,0.0149998664856
172,291,0.0914220252807,0.0538191385695,0.0140001773834
173,291,0.213145777122,-0.121723751842,0.0149998664856
174,291,0.175425840817,0.0377199363053,0.0150001049042
175,291,0.178516886079,-0.00309104526166,0.0209999084473
176,291,0.123618738758,0.0548981473208,0.0210001468658
177,291,0.159078381725,-0.0354596429674,0.0159997940063
178,291,0.141729007472,0.0173493742533,0.0160000324249
179,291,0.164795131618,-0.0230661241459,0.0140001773834
