0,211,2.34188567971,Nan,0.0179998874664
1,211,2.17609640546,0.165789274243,0.0139999389648
2,211,2.06529098438,0.110805421079,0.0140001773834
3,211,1.81459023715,0.250700747232,0.0139999389648
4,211,1.67871947085,0.135870766301,0.0160000324249
5,211,1.51941366331,0.159305807539,0.0149998664856
6,211,1.54996609801,-0.0305524346953,0.0139999389648
7,211,1.37273649243,0.17722960558,0.0140001773834
8,211,1.21940967144,0.153326820988,0.0169999599457
9,211,1.39360747857,-0.174197807131,0.0139999389648
10,211,1.66852428563,-0.274916807057,0.0150001049042
11,211,1.33619176494,0.332332520688,0.0139999389648
12,211,1.18177101171,0.154420753226,0.0139999389648
13,211,0.811139147429,0.370631864286,0.0150001049042
14,211,0.760239515259,0.0508996321692,0.0139999389648
15,211,0.729468901575,0.0307706136839,0.0139999389648
16,211,0.808518613119,-0.0790497115438,0.0130000114441
17,211,0.759005939791,0.0495126733283,0.0149998664856
18,211,0.932942467278,-0.173936527487,0.0150001049042
19,211,0.847491223665,0.085451243613,0.0139999389648
20,211,0.698199303794,0.149291919871,0.0149998664856
21,211,0.745542914946,-0.0473436111523,0.0140001773834
22,211,0.702794007215,0.042748907731,0.0149998664856
23,211,0.686086067091,0.0167079401242,0.0150001049042
24,211,0.418810586794,0.267275480298,0.0130000114441
25,211,0.610703671713,-0.191893084919,0.0160000324249
26,211,0.575215958871,0.035487712842,0.0139999389648
27,211,0.532400339136,0.0428156197354,0.0149998664856
28,211,0.416552394487,0.115847944648,0.0140001773834
29,211,0.448299642988,-0.0317472485004,0.0149998664856
30,211,0.436586497519,0.0117131454685,0.0160000324249
31,211,0.402926368171,0.0336601293482,0.0150001049042
32,211,0.502276777656,-0.0993504094852,0.0149998664856
33,211,0.529126605716,-0.0268498280602,0.0140001773834
34,211,0.691254168325,-0.162127562609,0.0149998664856
35,211,0.540225928429,0.151028239897,0.0139999389648
36,211,0.464437945759,0.0757879826695,0.0140001773834
37,211,0.438022378497,0.0264155672625,0.0139999389648
38,211,0.383453007558,0.0545693709387,0.0139999389648
39,211,0.422574481693,-0.039121474135,0.0139999389648
40,211,0.383031402154,0.0395430795389,0.0140001773834
41,211,0.346869265299,0.0361621368553,0.0149998664856
42,211,0.379621641331,-0.0327523760321,0.0139999389648
43,211,0.331947905192,0.0476737361384,0.0140001773834
44,211,0.494463518333,-0.16251561314,0.0139999389648
45,211,0.417718353995,0.0767451643379,0.0150001049042
46,211,0.401896399909,0.0158219540854,0.0149998664856
47,211,0.323444276059,0.0784521238499,0.0139999389648
48,211,0.36611992714,-0.0426756510802,0.0160000324249
49,211,0.35435420755,0.01176571959,0.0150001049042
50,211,0.347815346379,0.00653886117076,0.0160000324249
51,211,0.412386491965,-0.0645711455865,0.0179998874664
52,211,0.332345573823,0.0800409181423,0.018000125885
53,211,0.380566565346,-0.0482209915233,0.0149998664856
54,211,0.366491200235,0.0140753651117,0.0160000324249
55,211,0.332015123413,0.0344760768221,0.0150001049042
56,211,0.357414245605,-0.025399122193,0.0149998664856
57,211,0.369615925432,-0.0122016798263,0.0150001049042
58,211,0.386629258287,-0.0170133328551,0.0149998664856
59,211,0.34940667175,0.0372225865369,0.0150001049042
60,211,0.283881526423,0.0655251453273,0.0149998664856
61,211,0.318583917844,-0.0347023914211,0.0150001049042
62,211,0.350519840186,-0.0319359223425,0.0139999389648
63,211,0.422492691691,-0.0719728515046,0.0150001049042
64,211,0.579230539042,-0.156737847351,0.0139999389648
65,211,0.543306468222,0.0359240708193,0.0150001049042
66,211,0.437238105665,0.106068362557,0.0149998664856
67,211,0.342014728564,0.0952233771012,0.0139999389648
68,211,0.306873231138,0.0351414974267,0.0140001773834
69,211,0.27958266995,0.0272905611879,0.0139999389648
70,211,0.269141662742,0.0104410072074,0.0139999389648
71,211,0.31241546197,-0.0432737992273,0.0130000114441
72,211,0.205783355858,0.106632106112,0.0139999389648
73,211,0.27756523747,-0.0717818816126,0.0280001163483
74,211,0.344025634476,-0.0664603970062,0.0239999294281
75,211,0.233626126113,0.110399508363,0.0210001468658
76,211,0.354887650476,-0.121261524363,0.0149998664856
77,211,0.341982692339,0.0129049581374,0.0160000324249
78,211,0.285333967887,0.056648724452,0.0139999389648
79,211,0.316494656965,-0.0311606890782,0.0139999389648
80,211,0.28509445552,0.0314002014449,0.0150001049042
81,211,0.218157492543,0.0669369629774,0.0420000553131
82,211,0.246855369676,-0.0286978771336,0.0169999599457
83,211,0.221033882756,0.0258214869205,0.0150001049042
84,211,0.291428226995,-0.0703943442394,0.0149998664856
85,211,0.177169709409,0.114258517586,0.0150001049042
86,211,0.333141851199,-0.15597214179,0.0139999389648
87,211,0.231485303544,0.101656547655,0.0149998664856
88,211,0.350984076188,-0.119498772644,0.0170001983643
89,211,0.335970259391,0.0150138167973,0.0149998664856
90,211,0.366007583401,-0.0300373240105,0.0150001049042
91,211,0.304816982757,0.0611906006438,0.0149998664856
92,211,0.303038357558,0.00177862519902,0.0140001773834
93,211,0.271387705871,0.0316506516877,0.0199999809265
94,211,0.221527461192,0.0498602446787,0.0179998874664
95,211,0.308781302936,-0.0872538417437,0.0160000324249
96,211,0.313309330511,-0.00452802757516,0.0169999599457
97,211,0.229511893756,0.0837974367549,0.0190000534058
98,211,0.236901143151,-0.00738924939486,0.0160000324249
99,211,0.279910968943,-0.0430098257924,0.0190000534058
100,211,0.286926197215,-0.00701522827148,0.0179998874664
101,211,0.18930637667,0.0976198205451,0.0199999809265
102,211,0.27664963781,-0.0873432611402,0.0169999599457
103,211,0.260116812177,0.0165328256327,0.0160000324249
104,211,0.20212630864,0.0579905035371,0.0150001049042
105,211,0.185411769632,0.0167145390081,0.0160000324249
106,211,0.22710297571,-0.0416912060778,0.0149998664856
107,211,0.170422088478,0.0566808872313,0.0150001049042
108,211,0.178927435129,-0.00850534665076,0.0149998664856
109,211,0.163906531311,0.0150209038179,0.0160000324249
110,211,0.203367549661,-0.0394610183499,0.0150001049042
111,211,0.220261270966,-0.0168937213048,0.0160000324249
112,211,0.151887703846,0.0683735671202,0.0149998664856
113,211,0.243426209942,-0.0915385060966,0.0139999389648
114,211,0.256041938095,-0.0126157281523,0.0140001773834
115,211,0.21953514063,0.0365067974651,0.0139999389648
116,211,0.339783871908,-0.120248731279,0.0139999389648
117,211,0.221525888307,0.118257983601,0.0139999389648
118,211,0.210036056302,0.0114898320058,0.0150001049042
119,211,0.284917695827,-0.0748816395258,0.0139999389648
120,211,0.206639457088,0.0782782387394,0.0139999389648
121,211,0.206540654621,9.88024670931e-05,0.0140001773834
122,211,0.157657243629,0.0488834109917,0.0139999389648
123,211,0.157769280022,-0.000112036393152,0.0139999389648
124,211,0.186002921154,-0.0282336411318,0.0150001049042
125,211,0.288027975797,-0.102025054642,0.0139999389648
126,211,0.194578776427,0.0934491993692,0.0130000114441
127,211,0.176989297731,0.0175894786961,0.0139999389648
128,211,0.280211462229,-0.103222164498,0.0140001773834
129,211,0.142645578249,0.13756588398,0.0139999389648
130,211,0.175247337016,-0.0326017587671,0.0139999389648
131,211,0.173497764985,0.00174957203074,0.0130000114441
132,211,0.182031188531,-0.0085334235458,0.0140001773834
133,211,0.114980724751,0.0670504637804,0.0139999389648
134,211,0.159089183355,-0.0441084586049,0.0160000324249
135,211,0.149589393941,0.00949978941425,0.0160000324249
136,211,0.192132488811,-0.04254309487,0.0149998664856
137,211,0.156442723568,0.0356897652432,0.0150001049042
138,211,0.139369693413,0.0170730301554,0.0169999599457
139,211,0.173143847859,-0.0337741544461,0.0169999599457
140,211,0.175458284351,-0.0023144364922,0.0169999599457
141,211,0.210733585448,-0.0352753010971,0.0169999599457
142,211,0.129741017852,0.0809925675957,0.0150001049042
143,211,0.166280068492,-0.0365390506401,0.0149998664856
144,211,0.265363322615,-0.0990832541226,0.0170001983643
145,211,0.173115083957,0.0922482386585,0.0139999389648
146,211,0.249233390483,-0.0761183065261,0.0139999389648
147,211,0.175127255408,0.0741061350746,0.0150001049042
148,211,0.203514370308,-0.0283871149,0.0179998874664
149,211,0.29696852336,-0.0934541530519,0.0210001468658
150,211,0.275242050677,0.0217264726829,0.0209999084473
151,211,0.215330042545,0.0599120081318,0.0149998664856
152,211,0.147221886151,0.0681081563941,0.0150001049042
153,211,0.199142654925,-0.051920768774,0.0150001049042
154,211,0.202492483419,-0.0033498284941,0.0159997940063
155,211,0.131917700383,0.0705747830359,0.0160000324249
156,211,0.206097788155,-0.074180087772,0.0160000324249
157,211,0.282944756097,-0.0768469679412,0.0150001049042
158,211,0.279066836099,0.00387791999708,0.0149998664856
159,211,0.218534207457,0.0605326286424,0.0150001049042
160,211,0.184044752076,0.0344894553813,0.0160000324249
161,211,0.193596627475,-0.00955187539919,0.0160000324249
162,211,0.154667226059,0.0389294014158,0.0149998664856
163,211,0.204943977826,-0.0502767517668,0.0160000324249
164,211,0.187230892091,0.017713085735,0.0150001049042
165,211,0.172278508191,0.0149523839001,0.0159997940063
166,211,0.203211797922,-0.0309332897313,0.0170001983643
167,211,0.254668647079,-0.051456849157,0.0159997940063
168,211,0.217264943778,0.0374037033009,0.0160000324249
169,211,0.22458453427,-0.00731959049171,0.0160000324249
170,211,0.168708331212,0.0558762030579,0.0150001049042
171,211,0.108744625797,0.0599637054154,0.0149998664856
172,211,0.25898717365,-0.150242547853,0.0150001049042
173,211,0.157919571863,0.101067601787,0.0160000324249
174,211,0.13819423332,0.0197253385426,0.0149998664856
175,211,0.148677554741,-0.0104833214204,0.0150001049042
176,211,0.171420056673,-0.0227425019323,0.0160000324249
177,211,0.136702623413,0.0347174332605,0.0149998664856
178,211,0.152873649416,-0.0161710260039,0.0150001049042
179,211,0.0967109101643,0.056162739252,0.0160000324249
180,211,0.193511438596,-0.0968005284314,0.0160000324249
181,211,0.157773474381,0.0357379642143,0.0159997940063
182,211,0.140923278592,0.0168501957898,0.0140001773834
183,211,0.175226600249,-0.0343033216576,0.0160000324249
184,211,0.182475085507,-0.00724848525784,0.0159997940063
185,211,0.11506632945,0.0674087560572,0.0150001049042
186,211,0.217567118423,-0.102500788973,0.0160000324249
187,211,0.157142042549,0.0604250758745,0.0149998664856
188,211,0.174375886601,-0.017233844052,0.0160000324249
189,211,0.141723542417,0.0326523441839,0.0150001049042
190,211,0.119625190988,0.0220983514289,0.0160000324249
191,211,0.172497048762,-0.0528718577742,0.0149998664856
192,211,0.104592128953,0.0679049198096,0.0150001049042
193,211,0.108524241154,-0.00393211220113,0.0149998664856
194,211,0.151837389616,-0.0433131484624,0.0150001049042
195,211,0.165258651661,-0.013421262045,0.0160000324249
196,211,0.174137856723,-0.00887920506193,0.0160000324249
197,211,0.124740130528,0.0493977261946,0.0160000324249
198,211,0.106018780532,0.0187213499964,0.0360000133514
199,211,0.116748393994,-0.0107296134623,0.0260000228882
200,211,0.199368119805,-0.0826197258104,0.0179998874664
201,211,0.149478234386,0.0498898854188,0.0210001468658
202,211,0.220490839809,-0.071012605423,0.0199999809265
203,211,0.202898341898,0.0175924979115,0.0160000324249
204,211,0.165984420415,0.0369139214828,0.0179998874664
205,211,0.145321561262,0.0206628591528,0.0150001049042
206,211,0.122326936767,0.0229946244949,0.0149998664856
207,211,0.109536329152,0.0127906076151,0.0199999809265
208,211,0.12058020316,-0.0110438740084,0.0160000324249
209,211,0.199184996257,-0.0786047930966,0.0160000324249
210,211,0.108553041214,0.0906319550428,0.0150001049042
211,211,0.0861003839574,0.0224526572566,0.0160000324249
212,211,0.13085582245,-0.0447554384928,0.0149998664856
213,211,0.183335543809,-0.0524797213586,0.0150001049042
214,211,0.234861437178,-0.0515258933696,0.0149998664856
215,211,0.124617743831,0.110243693347,0.0280001163483
216,211,0.125389569179,-0.000771825347466,0.0169999599457
217,211,0.15778518966,-0.0323956204817,0.0209999084473
218,211,0.242551595679,-0.0847664060186,0.0150001049042
219,211,0.082807468577,0.159744127102,0.0149998664856
220,211,0.119580291459,-0.0367728228818,0.0170001983643
221,211,0.182120571769,-0.0625402803105,0.0149998664856
222,211,0.105934540807,0.0761860309619,0.0150001049042
223,211,0.103700050246,0.00223449056182,0.0169999599457
224,211,0.0890668896137,0.0146331606318,0.0160000324249
225,211,0.13511842122,-0.0460515316064,0.0149998664856
226,211,0.0886934379831,0.046424983237,0.0190000534058
227,211,0.129869994394,-0.0411765564109,0.0190000534058
228,211,0.171836834948,-0.0419668405542,0.0149998664856
229,211,0.186701390416,-0.0148645554674,0.0160000324249
230,211,0.156969748402,0.0297316420135,0.0150001049042
231,211,0.101810464362,0.0551592840403,0.0149998664856
232,211,0.169641594186,-0.0678311298244,0.0160000324249
233,211,0.107903421773,0.0617381724136,0.0160000324249
234,211,0.0820577268917,0.0258456948809,0.0150001049042
235,211,0.09593714131,-0.0138794144183,0.0160000324249
236,211,0.118676642106,-0.0227395007961,0.0149998664856
237,211,0.107078977106,0.0115976650003,0.0160000324249
238,211,0.159690169927,-0.0526111928208,0.0150001049042
239,211,0.215209400484,-0.0555192305578,0.0149998664856
240,211,0.149769218047,0.0654401824373,0.0160000324249
241,211,0.11698625212,0.0327829659268,0.0150001049042
242,211,0.0971527009214,0.019833551199,0.0149998664856
243,211,0.199879922008,-0.102727221087,0.0150001049042
244,211,0.153284588131,0.0465953338768,0.0149998664856
245,211,0.148917446769,0.00436714136205,0.0160000324249
246,211,0.176910508865,-0.0279930620962,0.018000125885
247,211,0.0876378154303,0.0892726934352,0.0139999389648
