1,261,2.290443625029933,Nan,0.014364004135131836
2,261,2.2649994481112308,0.025444176918702155,0.005135059356689453
3,261,2.299025729241499,-0.03402628113026829,0.003805875778198242
4,261,2.2776776894755746,0.021348039765924476,0.004395961761474609
5,261,2.2809067064774906,-0.0032290170019160236,0.0036046504974365234
6,261,2.2695321854046937,0.011374521072796906,0.0035130977630615234
7,261,2.2836827537565854,-0.014150568351891657,0.003434896469116211
8,261,2.2239859277717913,0.05969682598479409,0.003451824188232422
9,261,2.2431016242367097,-0.019115696464918397,0.00353240966796875
10,261,2.2338371423012453,0.009264481935464364,0.0035119056701660156
11,261,2.2254872523048372,0.008349889996408066,0.0034089088439941406
12,261,2.2190091071000957,0.006478145204741548,0.0038213729858398438
13,261,2.1726871651251196,0.04632194197497608,0.0036628246307373047
14,261,2.1952472555226294,-0.022560090397509835,0.004199028015136719
15,261,2.1924543709590516,0.0027928845635778465,0.003963470458984375
16,261,2.202479336910321,-0.010024965951269227,0.003663778305053711
17,261,2.2087285418163316,-0.006249204906010775,0.0037086009979248047
18,261,2.215752261808549,-0.007023719992217181,0.004407405853271484
19,261,2.2089607560314897,0.006791505777059115,0.0038611888885498047
20,261,2.1677664687350333,0.041194287296456356,0.007962942123413086
21,261,2.1915563824533044,-0.023789913718271105,0.00404047966003418
22,261,2.2280121434237308,-0.036455760970426354,0.003941059112548828
23,261,2.1703243328693724,0.05768781055435834,0.0036270618438720703
24,261,2.1563019149604883,0.014022417908884144,0.003603219985961914
25,261,2.152260031279933,0.004041883680555358,0.00391840934753418
26,261,2.1732477063876914,-0.020987675107758452,0.004372835159301758
27,261,2.1364184850933907,0.03682922129430066,0.003831624984741211
28,261,2.1258989239104404,0.010519561182950277,0.0037882328033447266
29,261,2.1843907147988504,-0.058491790888409945,0.004586219787597656
30,261,2.1148646562948996,0.06952605850395077,0.0036458969116210938
31,261,2.1520081735662115,-0.03714351727131193,0.003576040267944336
32,261,2.1171790813577585,0.034829092208453094,0.0034110546112060547
33,261,2.1427710522180314,-0.025591970860272983,0.0036230087280273438
34,261,2.1488525858327345,-0.006081533614703094,0.004235029220581055
35,261,2.14322940051784,0.005623185314894474,0.003711700439453125
36,261,2.1280136400712406,0.015215760446599447,0.0039446353912353516
37,261,2.1165736406698996,0.011439999401340994,0.004540443420410156
38,261,2.13244558750898,-0.01587194683908022,0.0046389102935791016
39,261,2.1252436729226534,0.007201914586326463,0.004315614700317383
40,261,2.0839607560314897,0.0412829168911637,0.009400129318237305
41,261,2.1301727879549808,-0.046212031923491104,0.003470897674560547
42,261,2.0907602127484437,0.03941257520653707,0.0035696029663085938
43,261,2.1292282630657327,-0.03846805031728895,0.0032134056091308594
44,261,2.0740459339828785,0.05518232908285414,0.0034813880920410156
45,261,2.0737917377574235,0.00025419622545497234,0.003575563430786133
46,261,2.0815934806034484,-0.007801742846024862,0.0037419795989990234
47,261,2.0641128715427444,0.017480609060704033,0.0041961669921875
48,261,2.0366444788673372,0.027468392675407127,0.0037653446197509766
49,261,2.069369845920139,-0.0327253670528016,0.004016399383544922
50,261,2.0330361552622125,0.036333690657926354,0.003715038299560547
51,261,2.0600454980842913,-0.027009342822078786,0.003967761993408203
52,261,2.0769700090547176,-0.016924510970426354,0.0035257339477539062
53,261,2.037334573679957,0.039635435374760775,0.0034019947052001953
54,261,2.0754247205010774,-0.03809014682112055,0.0032873153686523438
55,261,2.029917983716475,0.045506736784602264,0.003531932830810547
56,261,2.0562318531489465,-0.026313869432471382,0.0039942264556884766
57,261,2.0429710885117336,0.01326076463721293,0.00423741340637207
58,261,2.0546991925586684,-0.011728104046934806,0.0034821033477783203
59,261,2.0582354900023945,-0.0035362974437260775,0.0037348270416259766
60,261,2.032346060449593,0.0258894295528016,0.003769397735595703
61,261,2.028041561901341,0.004304498548251878,0.0036330223083496094
62,261,2.0226884746916904,0.005353087209650553,0.003675222396850586
63,261,2.0012768274066093,0.02141164728508116,0.0032682418823242188
64,261,2.0052459833722462,-0.003969155965636961,0.003331422805786133
65,261,1.9747658214349857,0.030480161937260553,0.003555774688720703
66,261,1.9982832985362788,-0.02351747710129315,0.004075288772583008
67,261,2.0168424292085727,-0.018559130672293866,0.004122018814086914
68,261,2.007769003681753,0.00907342552681989,0.0039844512939453125
69,261,1.9814644882962165,0.026304515385536353,0.003420591354370117
70,261,1.9519572641657688,0.029507224130447707,0.004035234451293945
71,261,1.9975457319354646,-0.04558846776969583,0.003960847854614258
72,261,1.9887816915110152,0.008764040424449338,0.00426030158996582
73,261,1.9652069208722462,0.023574770638769005,0.0032961368560791016
74,261,2.0077554403136975,-0.042548519441451216,0.0034842491149902344
75,261,1.970704995809387,0.0370504445043105,0.0038514137268066406
76,261,2.0084569938338124,-0.037751998024425415,0.003990888595581055
77,261,1.9518446648257903,0.056612329008022044,0.004860401153564453
78,261,1.9454540968854765,0.006390567940313785,0.007581472396850586
79,261,1.9515743328693727,-0.006120235983896105,0.02440357208251953
80,261,1.9036979821449953,0.04787635072437735,0.004922151565551758
81,261,1.9734539163523708,-0.06975593420737547,0.004349231719970703
82,261,1.9076680735153257,0.06578584283704503,0.004516124725341797
83,261,1.9273245508186663,-0.019656477303340525,0.0043828487396240234
84,261,1.9765393487338363,-0.04921479791517003,0.003949642181396484
85,261,1.9218379345890206,0.05470141414481566,0.005345344543457031
86,261,1.891070486485273,0.030767448103747652,0.0048410892486572266
87,261,1.9346016485572317,-0.04353116207195873,0.004049777984619141
88,261,1.8962073782851412,0.038394270272090525,0.003774881362915039
89,261,1.8932657643752993,0.0029416139098419336,0.0036156177520751953
90,261,1.8905928454636614,0.0026729189116379004,0.0036897659301757812
91,261,1.9244940162161757,-0.03390117075251431,0.003381967544555664
92,261,1.87719761640176,0.04729639981441558,0.003583192825317383
93,261,1.8749415372066571,0.0022560791951029557,0.0035483837127685547
94,261,1.9069119157462284,-0.0319703785395713,0.003682851791381836
95,261,1.8229947729585727,0.08391714278765572,0.003998756408691406
96,261,1.912911016822318,-0.0899162438637453,0.003367900848388672
