0,81,2.28322177463,Nan,0.0160000324249
1,81,2.19040161886,0.0928201557677,0.0139999389648
2,81,2.03344255612,0.156959062741,0.0120000839233
3,81,1.87218258705,0.161259969076,0.0119998455048
4,81,1.84355691039,0.0286256766614,0.0130000114441
5,81,1.84097629123,0.00258061915268,0.0120000839233
6,81,1.81113217201,0.029844119225,0.0120000839233
7,81,1.33640364659,0.474728525421,0.0120000839233
8,81,1.18387726207,0.152526384518,0.0130000114441
9,81,1.52754955527,-0.343672293204,0.0159997940063
10,81,1.54681274037,-0.0192631851008,0.0130000114441
11,81,1.62349427777,-0.0766815373927,0.018000125885
12,81,2.05608622233,-0.432591944565,0.0139999389648
13,81,1.53627136607,0.519814856258,0.0139999389648
14,81,1.31006254973,0.22620881634,0.0150001049042
15,81,0.9787846318,0.331277917933,0.0190000534058
16,81,0.846519752785,0.132264879015,0.0190000534058
17,81,0.740973766939,0.105545985846,0.0159997940063
18,81,1.05994113875,-0.318967371811,0.0150001049042
19,81,1.00756204864,0.052379090109,0.0139999389648
20,81,0.732726909496,0.274835139145,0.0130000114441
21,81,0.580811441681,0.151915467816,0.0130000114441
22,81,0.565396768075,0.0154146736051,0.0139999389648
23,81,0.897866802451,-0.332470034376,0.0140001773834
24,81,0.757632691183,0.140234111268,0.0160000324249
25,81,0.841499516993,-0.0838668258102,0.0209999084473
26,81,0.599445672683,0.242053844311,0.0190000534058
27,81,0.530934510408,0.0685111622751,0.0139999389648
28,81,0.546030397768,-0.0150958873607,0.0149998664856
29,81,0.653361332269,-0.107330934501,0.0130000114441
30,81,0.38550586465,0.26785546762,0.0130000114441
31,81,0.700901973395,-0.315396108745,0.0130000114441
32,81,0.570179362356,0.130722611039,0.0130000114441
33,81,0.63905974965,-0.0688803872944,0.0130000114441
34,81,0.632762956031,0.00629679361979,0.0130000114441
35,81,0.53086221954,0.101900736491,0.0130000114441
36,81,0.423030429416,0.107831790123,0.0130000114441
37,81,0.546160097475,-0.123129668059,0.0130000114441
38,81,0.513228428217,0.0329316692588,0.0130000114441
39,81,0.34718009572,0.166048332497,0.0130000114441
40,81,0.512368049151,-0.165187953431,0.0169999599457
41,81,0.332768852328,0.179599196823,0.0120000839233
42,81,0.290791476214,0.0419773761137,0.0130000114441
43,81,0.49488976561,-0.204098289396,0.0130000114441
44,81,0.498932214431,-0.00404244882089,0.0130000114441
45,81,1.41409895155,-0.915166737121,0.0130000114441
46,81,1.33427683512,0.079822116428,0.0130000114441
47,81,1.30822188766,0.0260549474646,0.0129997730255
48,81,0.384563987638,0.923657900021,0.0160000324249
49,81,0.545087884974,-0.160523897336,0.0150001049042
50,81,0.398354989511,0.146732895463,0.0130000114441
51,81,0.363434662054,0.0349203274574,0.0139999389648
52,81,0.317057456499,0.0463772055543,0.0139999389648
53,81,0.328984272333,-0.0119268158336,0.018000125885
54,81,0.237501591812,0.0914826805209,0.0209999084473
55,81,0.450960559609,-0.213458967798,0.0169999599457
56,81,0.276646837776,0.174313721833,0.0140001773834
57,81,0.311627564607,-0.0349807268308,0.0139999389648
58,81,0.216510513682,0.0951170509244,0.0130000114441
59,81,0.493464246208,-0.276953732526,0.0130000114441
60,81,0.319683310426,0.173780935782,0.0130000114441
61,81,0.338216993544,-0.0185336831175,0.0149998664856
62,81,0.34281076031,-0.00459376676583,0.0130000114441
63,81,0.638799832191,-0.295989071881,0.0130000114441
64,81,0.309845771319,0.328954060872,0.0120000839233
65,81,0.221638644183,0.0882071271355,0.0139999389648
66,81,0.278252024709,-0.0566133805263,0.0130000114441
67,81,0.459207087387,-0.180955062678,0.0139999389648
68,81,0.627195805679,-0.167988718292,0.0130000114441
69,81,0.422898563338,0.204297242341,0.0190000534058
70,81,0.386927074856,0.0359714884817,0.0169999599457
71,81,0.342363169164,0.0445639056924,0.0160000324249
72,81,0.441480565954,-0.0991173967903,0.0140001773834
73,81,0.457480018522,-0.0159994525674,0.0130000114441
74,81,0.274548165592,0.182931852929,0.0130000114441
75,81,0.39219573692,-0.117647571328,0.0130000114441
76,81,0.342106666094,0.0500890708264,0.0139999389648
77,81,0.26849132114,0.0736153449541,0.0130000114441
78,81,0.405166955642,-0.136675634502,0.0139999389648
79,81,0.335464383349,0.0697025722928,0.0130000114441
80,81,0.423364333165,-0.0878999498155,0.0130000114441
81,81,0.262654787228,0.160709545936,0.0139999389648
82,81,0.299703668665,-0.0370488814366,0.0130000114441
83,81,0.328783482681,-0.0290798140161,0.0130000114441
84,81,0.471804913179,-0.143021430498,0.0139999389648
85,81,0.3378821008,0.133922812379,0.0169999599457
86,81,0.649981557587,-0.312099456787,0.0140001773834
87,81,0.547250300278,0.102731257309,0.0130000114441
88,81,0.336042945768,0.21120735451,0.0130000114441
89,81,0.261601059525,0.0744418862425,0.0130000114441
90,81,0.39499793818,-0.133396878655,0.0130000114441
91,81,0.278637073658,0.116360864522,0.0129997730255
92,81,0.238557603624,0.040079470034,0.0130000114441
93,81,0.229382385442,0.00917521818185,0.0130000114441
94,81,0.241377842279,-0.0119954568368,0.0130000114441
95,81,0.244690859759,-0.00331301748017,0.0130000114441
96,81,0.560274006408,-0.315583146649,0.0140001773834
97,81,0.284960169851,0.275313836557,0.0119998455048
98,81,0.193661324772,0.0912988450792,0.0130000114441
99,81,0.331659599587,-0.137998274815,0.0130000114441
100,81,0.195372098758,0.136287500829,0.0130000114441
101,81,0.249264728876,-0.0538926301179,0.0150001049042
102,81,0.175492698764,0.0737720301122,0.0130000114441
103,81,0.197565172925,-0.0220724741618,0.0130000114441
104,81,0.458800657296,-0.26123548437,0.0129997730255
105,81,0.151979434637,0.306821222659,0.0120000839233
106,81,0.313868275395,-0.161888840758,0.0139999389648
107,81,0.490823863465,-0.17695558807,0.0130000114441
108,81,0.198884469491,0.291939393974,0.0130000114441
109,81,0.352548881813,-0.153664412322,0.0130000114441
110,81,0.506577338701,-0.154028456888,0.0120000839233
111,81,0.291205959556,0.215371379146,0.0130000114441
112,81,0.25383445363,0.0373715059257,0.0130000114441
113,81,0.254051608804,-0.000217155173973,0.0130000114441
114,81,0.237198864972,0.0168527438317,0.0130000114441
115,81,0.203442491131,0.0337563738411,0.0130000114441
116,81,0.155128667384,0.048313823747,0.0130000114441
117,81,0.257255130344,-0.10212646296,0.0130000114441
118,81,0.309391139466,-0.0521360091221,0.0130000114441
119,81,0.323786087978,-0.0143949485119,0.0119998455048
120,81,0.23448032803,0.089305759948,0.0130000114441
121,81,0.148990772389,0.0854895556415,0.0119998455048
122,81,0.107862425439,0.0411283469494,0.0130000114441
123,81,0.475350132695,-0.367487707256,0.0140001773834
124,81,0.169874097094,0.305476035601,0.0130000114441
125,81,0.137768933802,0.0321051632916,0.0129997730255
126,81,0.330072261669,-0.192303327867,0.0170001983643
127,81,0.267568682447,0.0625035792221,0.0139999389648
128,81,0.318206598729,-0.0506379162824,0.0130000114441
129,81,0.175322603296,0.142883995433,0.0130000114441
130,81,0.200752823441,-0.0254302201448,0.0130000114441
131,81,0.410386827257,-0.209634003816,0.0139999389648
132,81,0.265311559041,0.145075268216,0.0130000114441
133,81,0.208101837723,0.057209721318,0.0130000114441
134,81,0.217459972994,-0.00935813527048,0.0130000114441
135,81,0.243219422705,-0.0257594497116,0.0139999389648
136,81,0.315726551009,-0.0725071283034,0.0139999389648
137,81,0.214396912375,0.101329638634,0.0130000114441
138,81,0.259324485873,-0.0449275734984,0.0130000114441
139,81,0.197207215392,0.0621172704814,0.0140001773834
140,81,0.231476112648,-0.0342688972567,0.0129997730255
141,81,0.254826322014,-0.0233502093657,0.0140001773834
142,81,0.229707505968,0.0251188160461,0.0130000114441
143,81,0.379253340356,-0.149545834388,0.0130000114441
144,81,0.26594543457,0.113307905786,0.0139999389648
145,81,0.281548535382,-0.015603100812,0.0130000114441
146,81,0.344556596544,-0.0630080611617,0.0139999389648
147,81,0.209449367759,0.135107228785,0.0130000114441
148,81,0.436144134145,-0.226694766386,0.0130000114441
149,81,0.323748482598,0.112395651547,0.0130000114441
150,81,0.282141155667,0.0416073269314,0.0179998874664
151,81,0.170956058267,0.1111850974,0.0130000114441
152,81,0.177706659576,-0.00675060130932,0.0160000324249
153,81,0.245018617606,-0.0673119580304,0.0150001049042
154,81,0.110098120607,0.134920496999,0.0139999389648
155,81,0.254219290651,-0.144121170044,0.0139999389648
156,81,0.195130960441,0.05908833021,0.0130000114441
157,81,0.234039400831,-0.0389084403898,0.0140001773834
158,81,0.20555844719,0.0284809536404,0.0129997730255
159,81,0.136812739902,0.0687457072882,0.0140001773834
160,81,0.147538220441,-0.0107254805388,0.0139999389648
161,81,0.318674205262,-0.171135984821,0.0130000114441
162,81,0.328454359078,-0.00978015381613,0.0139999389648
163,81,0.38460138109,-0.0561470220118,0.0139999389648
164,81,0.517967742166,-0.133366361076,0.0160000324249
165,81,0.214489854412,0.303477887754,0.0150001049042
166,81,0.328027583935,-0.113537729522,0.0149998664856
167,81,0.198217156493,0.129810427442,0.0130000114441
168,81,0.2243361061,-0.0261189496076,0.0130000114441
169,81,0.0810943886086,0.143241717492,0.0130000114441
170,81,0.125258433966,-0.0441640453574,0.0140001773834
171,81,0.147405506652,-0.0221470726861,0.0129997730255
172,81,0.11291164822,0.0344938584316,0.0130000114441
173,81,0.214748052903,-0.101836404683,0.0130000114441
174,81,0.293990311799,-0.0792422588961,0.0130000114441
175,81,0.316798221918,-0.0228079101186,0.0140001773834
176,81,0.135113586614,0.181684635304,0.0130000114441
177,81,0.214192661238,-0.0790790746241,0.0169999599457
178,81,0.266231277843,-0.0520386166043,0.0149998664856
179,81,0.165194452545,0.101036825298,0.0130000114441
180,81,0.321071036068,-0.155876583523,0.0130000114441
181,81,0.370122391501,-0.0490513554326,0.0130000114441
182,81,0.118221871647,0.251900519854,0.0120000839233
183,81,0.176800504143,-0.058578632496,0.0130000114441
184,81,0.19283467752,-0.0160341733768,0.0139999389648
185,81,0.199950512545,-0.00711583502499,0.0120000839233
186,81,0.138829207715,0.0611213048299,0.0169999599457
187,81,0.150490454686,-0.0116612469708,0.0130000114441
188,81,0.237923892928,-0.0874334382422,0.0130000114441
189,81,0.173534746523,0.0643891464045,0.0130000114441
190,81,0.212142214363,-0.0386074678397,0.0130000114441
191,81,0.232353587209,-0.0202113728464,0.0130000114441
192,81,0.124820261826,0.107533325384,0.0130000114441
193,81,0.113322293317,0.0114979685089,0.0129997730255
194,81,0.101565431665,0.0117568616514,0.0130000114441
195,81,0.159212171296,-0.0576467396301,0.0130000114441
196,81,0.183269559601,-0.0240573883057,0.0120000839233
197,81,0.17806342796,0.00520613164078,0.0130000114441
198,81,0.202313270098,-0.0242498421375,0.0130000114441
199,81,0.0838385687934,0.118474701304,0.0130000114441
200,81,0.133434460487,-0.0495958916935,0.0130000114441
201,81,0.137395788122,-0.00396132763521,0.0130000114441
202,81,0.225012225869,-0.0876164377472,0.0130000114441
203,81,0.211499932372,0.0135122934977,0.0169999599457
204,81,0.074611292945,0.136888639427,0.0149998664856
205,81,0.0794464747111,-0.00483518176609,0.0130000114441
206,81,0.174317477662,-0.0948710029508,0.0130000114441
207,81,0.19496530368,-0.0206478260182,0.0140001773834
208,81,0.370540995657,-0.175575691977,0.0149998664856
209,81,0.0784450342626,0.292095961394,0.0130000114441
210,81,0.192539568301,-0.114094534038,0.0130000114441
211,81,0.180472456379,0.0120671119219,0.0130000114441
212,81,0.294800723041,-0.114328266662,0.0139999389648
213,81,0.177223970861,0.11757675218,0.0130000114441
214,81,0.0965216365861,0.0807023342745,0.0130000114441
215,81,0.118631998698,-0.0221103621118,0.0139999389648
216,81,0.155047475556,-0.0364154768579,0.0140001773834
217,81,0.178848266602,-0.0238007910458,0.0130000114441
218,81,0.113318466846,0.0655297997557,0.0130000114441
219,81,0.0798076994625,0.0335107673833,0.0130000114441
220,81,0.102384378881,-0.0225766794181,0.0139999389648
221,81,0.102793575805,-0.00040919692428,0.0139999389648
222,81,0.189199565369,-0.0864059895645,0.0130000114441
223,81,0.226288713055,-0.0370891476855,0.0130000114441
224,81,0.177976278611,0.0483124344437,0.0139999389648
225,81,0.155689168859,0.0222871097518,0.0130000114441
226,81,0.160800015485,-0.00511084662543,0.0139999389648
227,81,0.153077608273,0.00772240721149,0.0130000114441
228,81,0.168991206605,-0.0159135983314,0.0130000114441
229,81,0.1190001994,0.0499910072044,0.0130000114441
230,81,0.104541802112,0.0144583972884,0.0140001773834
231,81,0.116951094733,-0.0124092926214,0.0130000114441
232,81,0.132196049631,-0.015244954898,0.0129997730255
233,81,0.128218827424,0.00397722220715,0.0140001773834
234,81,0.242110617367,-0.113891789943,0.0190000534058
235,81,0.186906602648,0.0552040147193,0.0179998874664
236,81,0.137916588489,0.0489900141586,0.0160000324249
237,81,0.141707114231,-0.00379052574252,0.0149998664856
238,81,0.123499599504,0.0182075147276,0.0140001773834
239,81,0.168551021152,-0.0450514216482,0.0130000114441
240,81,0.174257325537,-0.00570630438534,0.0130000114441
241,81,0.186784438145,-0.0125271126076,0.0139999389648
242,81,0.176611405832,0.0101730323132,0.0160000324249
243,81,0.109991403274,0.0666200025582,0.0139999389648
244,81,0.0780881834619,0.0319032198117,0.0130000114441
245,81,0.121603836248,-0.0435156527861,0.0130000114441
246,81,0.119788829191,0.00181500705672,0.0149998664856
247,81,0.123152179483,-0.00336335029131,0.0130000114441
248,81,0.103916321272,0.0192358582108,0.0150001049042
249,81,0.134362750583,-0.0304464293115,0.0130000114441
250,81,0.212788193314,-0.0784254427309,0.0149998664856
251,81,0.165891247031,0.046896946283,0.0160000324249
252,81,0.286442886164,-0.120551639133,0.0150001049042
253,81,0.232249224627,0.0541936615367,0.0139999389648
254,81,0.207698280429,0.0245509441988,0.0130000114441
255,81,0.253901022452,-0.0462027420232,0.0139999389648
256,81,0.0757230240622,0.17817799839,0.0130000114441
257,81,0.209004225554,-0.133281201492,0.0130000114441
258,81,0.216029084759,-0.0070248592047,0.0130000114441
259,81,0.167557869428,0.0484712153305,0.0160000324249
260,81,0.10269127363,0.0648665957981,0.0139999389648
261,81,0.167237564369,-0.0645462907391,0.0130000114441
262,81,0.114949921031,0.0522876433384,0.0130000114441
263,81,0.280502719644,-0.165552798613,0.0130000114441
264,81,0.189069594866,0.0914331247777,0.0130000114441
265,81,0.185724482124,0.00334511274173,0.0130000114441
266,81,0.108675897857,0.0770485842669,0.0130000114441
267,81,0.158479407982,-0.0498035101243,0.0139999389648
268,81,0.224477344089,-0.0659979361075,0.0130000114441
269,81,0.153662410783,0.0708149333059,0.0130000114441
270,81,0.141565570125,0.0120968406583,0.0139999389648
271,81,0.20059484317,-0.0590292730449,0.0130000114441
272,81,0.190028579147,0.010566264023,0.0130000114441
273,81,0.276267746348,-0.0862391672017,0.0130000114441
274,81,0.192120575611,0.0841471707379,0.0130000114441
275,81,0.102897067129,0.0892235084816,0.0130000114441
276,81,0.087778220942,0.0151188461869,0.0139999389648
277,81,0.122984862622,-0.0352066416799,0.0150001049042
278,81,0.184151720118,-0.0611668574957,0.0130000114441
279,81,0.125680664439,0.0584710556784,0.0139999389648
280,81,0.13619508861,-0.010514424171,0.0150001049042
281,81,0.122358439881,0.0138366487291,0.0169999599457
282,81,0.275315531978,-0.152957092097,0.0179998874664
283,81,0.108187345811,0.167128186167,0.0199999809265
284,81,0.0794989915542,0.0286883542567,0.0150001049042
285,81,0.271658673699,-0.192159682144,0.0169999599457
286,81,0.247751942387,0.0239067313112,0.0150001049042
287,81,0.252548547439,-0.0047966050513,0.0130000114441
288,81,0.223014831543,0.0295337158957,0.0130000114441
289,81,0.134732423005,0.0882824085377,0.0130000114441
290,81,0.0933434992661,0.0413889237392,0.0139999389648
291,81,0.183011443527,-0.0896679442606,0.0139999389648
292,81,0.157649829064,0.0253616144628,0.0139999389648
293,81,0.212445576986,-0.0547957479218,0.0140001773834
294,81,0.152865880801,0.0595796961843,0.0189998149872
295,81,0.18273852784,-0.0298726470382,0.0190000534058
296,81,0.129788457611,0.0529500702281,0.0150001049042
297,81,0.112181463359,0.0176069942521,0.0139999389648
298,81,0.247418015092,-0.135236551732,0.0130000114441
299,81,0.340484006905,-0.0930659918138,0.0130000114441
300,81,0.167792355573,0.172691651333,0.0130000114441
301,81,0.119386602331,0.0484057532416,0.0130000114441
302,81,0.0737585903686,0.0456280119625,0.0130000114441
303,81,0.140650054555,-0.0668914641863,0.0139999389648
304,81,0.0989892394454,0.0416608151094,0.0130000114441
305,81,0.198774738076,-0.0997854986309,0.0130000114441
306,81,0.124559849869,0.0742148882077,0.0139999389648
307,81,0.175672660639,-0.0511128107707,0.0130000114441
308,81,0.0852990856877,0.0903735749515,0.0130000114441
309,81,0.20299892661,-0.117699840922,0.0130000114441
310,81,0.150777122121,0.0522218044893,0.0130000114441
311,81,0.163063331887,-0.0122862097658,0.0130000114441
312,81,0.0516816245185,0.111381707368,0.0130000114441
313,81,0.121978347684,-0.0702967231656,0.0139999389648
314,81,0.117075555119,0.00490279256562,0.0130000114441
315,81,0.119870103436,-0.00279454831724,0.0130000114441
316,81,0.0837659305996,0.0361041728361,0.0130000114441
317,81,0.0580612053106,0.0257047252891,0.0160000324249
318,81,0.0876317436312,-0.0295705383207,0.0160000324249
319,81,0.215501502708,-0.127869759077,0.0139999389648
320,81,0.107938130697,0.107563372012,0.0140001773834
321,81,0.0597236185898,0.0482145121068,0.0130000114441
322,81,0.0588513244817,0.000872294108073,0.0129997730255
323,81,0.114028318429,-0.055176993947,0.0130000114441
324,81,0.0465839056321,0.0674444127966,0.0130000114441
325,81,0.278901818358,-0.232317912726,0.0140001773834
326,81,0.248230427872,0.0306713904864,0.0169999599457
327,81,0.246510470355,0.00171995751652,0.0139999389648
328,81,0.223658361553,0.0228521088023,0.0139999389648
329,81,0.0803288648158,0.143329496737,0.0130000114441
330,81,0.128213835351,-0.0478849705355,0.0130000114441
331,81,0.159540529604,-0.0313266942531,0.0120000839233
332,81,0.0822259055244,0.07731462408,0.0130000114441
333,81,0.24353498294,-0.161309077416,0.0130000114441
334,81,0.0531176343376,0.190417348603,0.0149998664856
335,81,0.115289923585,-0.0621722892479,0.0130000114441
336,81,0.206260845985,-0.0909709223995,0.0130000114441
337,81,0.0719332224057,0.134327623579,0.0120000839233
338,81,0.102894830115,-0.0309616077093,0.0130000114441
339,81,0.122192830215,-0.0192980001002,0.0139999389648
340,81,0.0601537315934,0.0620390986219,0.0130000114441
341,81,0.0815980817065,-0.0214443501131,0.0169999599457
342,81,0.0537103723597,0.0278877093468,0.0199999809265
343,81,0.0677041889709,-0.0139938166112,0.0150001049042
344,81,0.0781866885998,-0.0104824996289,0.0160000324249
345,81,0.0665959016776,0.0115907869221,0.0130000114441
346,81,0.109289145764,-0.0426932440864,0.0139999389648
347,81,0.123046074385,-0.0137569286205,0.0130000114441
348,81,0.0874440463973,0.0356020279873,0.0130000114441
349,81,0.0722416771783,0.015202369219,0.0130000114441
350,81,0.0774837246648,-0.00524204748648,0.0130000114441
351,81,0.0746692139425,0.00281451072222,0.0130000114441
352,81,0.0764411467093,-0.00177193276676,0.0130000114441
353,81,0.0733819302217,0.00305921648755,0.0139999389648
354,81,0.0472977661792,0.0260841640425,0.0130000114441
355,81,0.0942261837147,-0.0469284175355,0.0149998664856
356,81,0.0346871423133,0.0595390414014,0.018000125885
357,81,0.107153916065,-0.0724667737513,0.0130000114441
358,81,0.168660693698,-0.0615067776339,0.0139999389648
359,81,0.118500250357,0.0501604433413,0.0120000839233
360,81,0.0473207838741,0.071179466483,0.0130000114441
361,81,0.0725958435624,-0.0252750596882,0.0130000114441
362,81,0.0603919676792,0.0122038758831,0.0130000114441
363,81,0.0953932809241,-0.0350013132449,0.0130000114441
364,81,0.172627013407,-0.0772337324825,0.0129997730255
365,81,0.154217249081,0.0184097643252,0.0130000114441
366,81,0.0984129140406,0.0558043350408,0.0130000114441
367,81,0.107117087753,-0.00870417371208,0.0130000114441
368,81,0.203643751733,-0.0965266639804,0.0130000114441
369,81,0.0684482550915,0.135195496642,0.0130000114441
370,81,0.106732392017,-0.0382841369252,0.0130000114441
371,81,0.0799850181297,0.0267473738871,0.0130000114441
372,81,0.125935283708,-0.0459502655783,0.0139999389648
373,81,0.0641347684978,0.0618005152102,0.0140001773834
374,81,0.155376693349,-0.091241924851,0.0199999809265
375,81,0.0997627399586,0.0556139533902,0.0190000534058
376,81,0.161909951104,-0.0621472111455,0.0149998664856
377,81,0.0966927916915,0.0652171594125,0.0139999389648
378,81,0.0611535531503,0.0355392385412,0.0140001773834
379,81,0.0884099183259,-0.0272563651756,0.0130000114441
380,81,0.0648754849846,0.0235344333413,0.0139999389648
381,81,0.0395719092569,0.0253035757277,0.0130000114441
382,81,0.0478457756984,-0.00827386644151,0.0130000114441
383,81,0.0801747875449,-0.0323290118465,0.0130000114441
384,81,0.0991935023555,-0.0190187148106,0.0130000114441
385,81,0.0574641168853,0.0417293854702,0.0130000114441
386,81,0.174866323118,-0.117402206233,0.0130000114441
387,81,0.17651447249,-0.00164814937262,0.0129997730255
388,81,0.129069752163,0.0474447203271,0.0140001773834
389,81,0.0678629875183,0.061206764645,0.0130000114441
390,81,0.0542263572599,0.0136366302584,0.0130000114441
391,81,0.157998873864,-0.103772516604,0.0139999389648
392,81,0.0737890667386,0.0842098071251,0.0139999389648
393,81,0.0251076133163,0.0486814534223,0.0190000534058
394,81,0.20250240373,-0.177394790414,0.0190000534058
395,81,0.0937234266305,0.1087789771,0.0179998874664
396,81,0.0944079940702,-0.000684567439703,0.0160000324249
397,81,0.101983670835,-0.00757567676497,0.0179998874664
398,81,0.116975984456,-0.0149923136205,0.0130000114441
399,81,0.115874631905,0.00110135255037,0.0150001049042
400,81,0.0563752445174,0.0594993873879,0.0130000114441
401,81,0.072247022464,-0.0158717779466,0.0139999389648
402,81,0.0479855890627,0.0242614334012,0.0130000114441
403,81,0.0390950691553,0.00889051990745,0.0139999389648
404,81,0.031512019075,0.00758305008029,0.0130000114441
405,81,0.136608323933,-0.105096304858,0.0140001773834
406,81,0.0860193688192,0.0505889551139,0.0130000114441
407,81,0.0967579947578,-0.0107386259385,0.0130000114441
408,81,0.149895244175,-0.0531372494168,0.0169999599457
409,81,0.146372229965,0.00352301420989,0.0139999389648
410,81,0.0990348156588,0.0473374143059,0.0130000114441
411,81,0.0341953936918,0.0648394219669,0.0130000114441
412,81,0.151813707234,-0.117618313542,0.0149998664856
413,81,0.116892461424,0.0349212458104,0.0160000324249
414,81,0.0646228142727,0.0522696471509,0.0199999809265
415,81,0.0947082189866,-0.0300854047139,0.0190000534058
416,81,0.0676638579663,0.0270443610203,0.0150001049042
417,81,0.0622943948816,0.00536946308466,0.0139999389648
418,81,0.112959002271,-0.0506646073895,0.0169999599457
419,81,0.102043505068,0.0109154972029,0.0130000114441
420,81,0.138154277095,-0.0361107720269,0.0139999389648
421,81,0.0443766617481,0.093777615347,0.0130000114441
422,81,0.0925909795879,-0.0482143178398,0.0130000114441
423,81,0.0685610594573,0.0240299201306,0.0130000114441
424,81,0.0621027416653,0.00645831779197,0.0130000114441
425,81,0.0905158784654,-0.0284131368001,0.0130000114441
426,81,0.10069822382,-0.010182345355,0.0130000114441
427,81,0.153690550062,-0.052992326242,0.0130000114441
428,81,0.190053751439,-0.0363632013768,0.0120000839233
429,81,0.127584634004,0.0624691174354,0.0139999389648
430,81,0.138543117194,-0.0109584831897,0.0139999389648
431,81,0.0918567563281,0.0466863608655,0.0170001983643
432,81,0.0720933513877,0.0197634049404,0.0139999389648
433,81,0.0916376231629,-0.0195442717752,0.0139999389648
434,81,0.0605278486087,0.0311097745542,0.0130000114441
435,81,0.0967313448588,-0.0362034962501,0.0130000114441
436,81,0.244339813421,-0.147608468562,0.0130000114441
437,81,0.111520484642,0.132819328779,0.0139999389648
438,81,0.145914890148,-0.0343944055063,0.0130000114441
439,81,0.0656308009301,0.080284089218,0.0130000114441
440,81,0.076571829525,-0.010941028595,0.0130000114441
441,81,0.0496945557771,0.026877273748,0.0139999389648
442,81,0.122379597322,-0.0726850415453,0.0130000114441
443,81,0.133166831217,-0.0107872338943,0.0130000114441
444,81,0.0697035200802,0.0634633111365,0.0130000114441
445,81,0.0821623978791,-0.012458877799,0.0139999389648
446,81,0.124421531771,-0.0422591338923,0.0130000114441
447,81,0.106686074057,0.0177354577147,0.0140001773834
448,81,0.174000127816,-0.0673140537592,0.0139999389648
449,81,0.131172062438,0.0428280653777,0.0130000114441
450,81,0.0267228668119,0.104449195626,0.0130000114441
451,81,0.085700382421,-0.0589775156092,0.0130000114441
452,81,0.0947683299029,-0.00906794748189,0.0130000114441
453,81,0.0545165627091,0.0402517671938,0.0139999389648
454,81,0.128104127484,-0.0735875647745,0.0130000114441
455,81,0.0930727852715,0.0350313422121,0.0130000114441
456,81,0.129662949362,-0.0365901640904,0.0139999389648
457,81,0.0645855503318,0.0650773990301,0.0130000114441
458,81,0.0664806836917,-0.00189513335993,0.0139999389648
459,81,0.109685026569,-0.0432043428774,0.0130000114441
460,81,0.0676929155986,0.0419921109706,0.0140001773834
461,81,0.0502730475532,0.0174198680454,0.0139999389648
462,81,0.107593277354,-0.0573202298011,0.0130000114441
463,81,0.0569321726575,0.0506611046968,0.0139999389648
464,81,0.0882353723785,-0.031303199721,0.0130000114441
465,81,0.1243478516,-0.0361124792217,0.0130000114441
466,81,0.0956716537476,0.0286761978526,0.0139999389648
467,81,0.179649164647,-0.0839775108997,0.0130000114441
468,81,0.0849596541605,0.0946895104867,0.0130000114441
469,81,0.0539973694601,0.0309622847004,0.018000125885
470,81,0.0478834752683,0.00611389419179,0.0130000114441
471,81,0.0522023660165,-0.0043188907482,0.0139999389648
472,81,0.123573644662,-0.0713712786451,0.0139999389648
473,81,0.0295452482906,0.094028396371,0.0120000839233
474,81,0.0540393723382,-0.0244941240476,0.0130000114441
475,81,0.0936142956769,-0.0395749233387,0.0130000114441
476,81,0.170341421057,-0.0767271253798,0.0130000114441
477,81,0.0456411926835,0.124700228373,0.0120000839233
478,81,0.0574345176603,-0.0117933249768,0.0129997730255
479,81,0.0812275615739,-0.0237930439137,0.0130000114441
480,81,0.111729233353,-0.0305016717793,0.0130000114441
481,81,0.0323372564198,0.0793919769334,0.0130000114441
482,81,0.145606794475,-0.113269538055,0.0160000324249
483,81,0.0633049482181,0.082301846257,0.0139999389648
484,81,0.119766517922,-0.0564615697037,0.0130000114441
485,81,0.186169541912,-0.0664030239906,0.0130000114441
486,81,0.082827385561,0.103342156351,0.0140001773834
487,81,0.121562263112,-0.038734877551,0.0169999599457
488,81,0.0843725616549,0.0371897014571,0.0199999809265
489,81,0.0584859848022,0.0258865768527,0.0179998874664
490,81,0.113440219267,-0.0549542344647,0.0130000114441
491,81,0.0975462654491,0.0158939538179,0.0150001049042
492,81,0.087936118797,0.00961014665203,0.0130000114441
493,81,0.0505304689761,0.037405649821,0.0130000114441
494,81,0.0509089540552,-0.000378485079165,0.0130000114441
495,81,0.0390917460124,0.0118172080429,0.0130000114441
496,81,0.0520641421094,-0.0129723960971,0.0130000114441
497,81,0.0419607162476,0.0101034258619,0.0139999389648
498,81,0.181905157772,-0.139944441525,0.0130000114441
499,81,0.139119866454,0.0427852913185,0.0130000114441
500,81,0.100771103376,0.0383487630773,0.0130000114441
501,81,0.0645027219513,0.0362683814249,0.0130000114441
502,81,0.0879921854278,-0.0234894634765,0.0139999389648
503,81,0.0520682629244,0.0359239225034,0.0130000114441
504,81,0.098732135914,-0.0466638729896,0.0130000114441
505,81,0.0838152685283,0.0149168673857,0.0130000114441
506,81,0.0781176178544,0.00569765067395,0.0139999389648
507,81,0.135431054198,-0.0573134363433,0.0160000324249
508,81,0.0729381832076,0.0624928709901,0.0149998664856
509,81,0.0650730721744,0.00786511103312,0.0160000324249
510,81,0.0571899767275,0.00788309544693,0.0120000839233
511,81,0.0873852835761,-0.0301953068486,0.0130000114441
512,81,0.0671704374714,0.0202148461048,0.0130000114441
513,81,0.0623650138761,0.00480542359529,0.0130000114441
514,81,0.104418813446,-0.0420537995703,0.0130000114441
515,81,0.0979548442511,0.00646396919533,0.0119998455048
516,81,0.113448201874,-0.0154933576231,0.0130000114441
517,81,0.0334296874058,0.0800185144683,0.0130000114441
518,81,0.0535226986732,-0.0200930112674,0.0130000114441
519,81,0.044437131764,0.00908556690922,0.0130000114441
520,81,0.0622790713369,-0.0178419395729,0.0130000114441
521,81,0.0958306524489,-0.033551581112,0.0139999389648
522,81,0.0384951520849,0.057335500364,0.0130000114441
523,81,0.116021250501,-0.0775260984162,0.0120000839233
524,81,0.0207153426276,0.0953059078735,0.0130000114441
525,81,0.0700647919266,-0.049349449299,0.0130000114441
526,81,0.03548408732,0.0345807046066,0.0130000114441
527,81,0.0601246563005,-0.0246405689805,0.0130000114441
528,81,0.0604974428813,-0.00037278658078,0.0160000324249
529,81,0.0664196308748,-0.00592218799356,0.0130000114441
530,81,0.0630519537278,0.00336767714701,0.0130000114441
531,81,0.0840008111648,-0.0209488574369,0.0130000114441
532,81,0.0572226018081,0.0267782093566,0.0130000114441
533,81,0.129552122987,-0.0723295211792,0.0129997730255
534,81,0.0477056621033,0.081846460884,0.0130000114441
535,81,0.0237395675094,0.0239660945939,0.0140001773834
536,81,0.110369835371,-0.0866302678614,0.0160000324249
537,81,0.0635669378587,0.0468028975122,0.0199999809265
538,81,0.0511756944068,0.0123912434519,0.0179998874664
539,81,0.150029841764,-0.0988541473577,0.0150001049042
540,81,0.112925329326,0.0371045124384,0.0139999389648
541,81,0.083732528451,0.0291928008751,0.0130000114441
542,81,0.100181426531,-0.01644889808,0.0139999389648
543,81,0.0933040925014,0.00687733402959,0.0130000114441
544,81,0.0526737283777,0.0406303641237,0.0139999389648
545,81,0.105043340612,-0.0523696122346,0.0140001773834
546,81,0.0295568748757,0.0754864657367,0.0169999599457
547,81,0.107394159576,-0.0778372847004,0.0149998664856
548,81,0.0951047826696,0.0122893769064,0.0130000114441
549,81,0.07092176249,0.0241830201797,0.0130000114441
550,81,0.0570195339344,0.0139022285556,0.0130000114441
551,81,0.090554996773,-0.0335354628386,0.0130000114441
552,81,0.0954517435144,-0.0048967467414,0.0130000114441
553,81,0.0410945680406,0.0543571754738,0.0120000839233
554,81,0.0502477987313,-0.00915323069066,0.0130000114441
555,81,0.104094752559,-0.0538469538277,0.0130000114441
556,81,0.0818082609294,0.0222864916295,0.0130000114441
557,81,0.119063012394,-0.0372547514645,0.0139999389648
558,81,0.0400623627651,0.0790006496288,0.0119998455048
559,81,0.0727648911653,-0.0327025284002,0.0130000114441
560,81,0.0577456038675,0.0150192872978,0.0140001773834
561,81,0.0915979926969,-0.0338523888294,0.0119998455048
562,81,0.0588415816978,0.0327564109991,0.0130000114441
563,81,0.077993169243,-0.0191515875451,0.0130000114441
564,81,0.0787721563269,-0.000778987083906,0.0130000114441
565,81,0.084359280857,-0.00558712453018,0.0130000114441
566,81,0.0839430196786,0.000416261178476,0.0130000114441
567,81,0.0453777725314,0.0385652471472,0.0130000114441
568,81,0.0305812741503,0.0147964983811,0.0130000114441
569,81,0.0340081615213,-0.00342688737092,0.0130000114441
570,81,0.0573760432962,-0.0233678817749,0.0139999389648
571,81,0.116228197828,-0.0588521545316,0.0139999389648
572,81,0.130023673729,-0.0137954759009,0.0130000114441
573,81,0.045955631468,0.0840680422606,0.0130000114441
574,81,0.0905867976907,-0.0446311662227,0.0130000114441
575,81,0.0711228170513,0.0194639806394,0.0120000839233
576,81,0.0928187429169,-0.0216959258656,0.0139999389648
577,81,0.0346607013985,0.0581580415184,0.0120000839233
578,81,0.0288528866238,0.00580781477469,0.0130000114441
579,81,0.0399646052608,-0.011111718637,0.0130000114441
580,81,0.0710280441944,-0.0310634389336,0.0139999389648
581,81,0.0303946542151,0.0406333899792,0.0130000114441
582,81,0.0931743515862,-0.0627796973711,0.0120000839233
583,81,0.0439768131868,0.0491975383994,0.0130000114441
584,81,0.0181464560238,0.025830357163,0.0139999389648
585,81,0.0400889125871,-0.0219424565633,0.0139999389648
586,81,0.029671251038,0.0104176615491,0.0160000324249
587,81,0.0346785827919,-0.00500733175395,0.0179998874664
588,81,0.108593246083,-0.0739146632913,0.0200002193451
589,81,0.103936489717,0.00465675636574,0.0159997940063
590,81,0.0373702873418,0.0665662023756,0.0140001773834
591,81,0.0626323723499,-0.025262085008,0.0160000324249
592,81,0.0370442926148,0.0255880797351,0.0129997730255
593,81,0.0382679274053,-0.00122363479049,0.0130000114441
594,81,0.0586821473675,-0.0204142199622,0.0130000114441
595,81,0.0395259091884,0.0191562381791,0.0140001773834
596,81,0.0209711569327,0.0185547522557,0.0130000114441
597,81,0.0705779687858,-0.0496068118531,0.0130000114441
598,81,0.0160868432787,0.0544911255071,0.0129997730255
599,81,0.022087626987,-0.00600078370836,0.0130000114441
600,81,0.0256891603823,-0.00360153339527,0.0130000114441
601,81,0.0287912568928,-0.00310209651052,0.0140001773834
602,81,0.0262180552071,0.00257320168578,0.0130000114441
603,81,0.0621672265324,-0.0359491713253,0.0130000114441
604,81,0.0355670923068,0.0266001342255,0.0139999389648
605,81,0.043263544271,-0.0076964519642,0.0130000114441
606,81,0.0243139796787,0.0189495645923,0.0139999389648
607,81,0.0500755368927,-0.0257615572141,0.0130000114441
608,81,0.036581946008,0.0134935908847,0.0130000114441
609,81,0.0588454317164,-0.0222634857084,0.0130000114441
610,81,0.0176023730525,0.0412430586638,0.0139999389648
611,81,0.0728316071593,-0.0552292341067,0.0130000114441
612,81,0.0183702515967,0.0544613555626,0.0130000114441
613,81,0.0532669079157,-0.0348966563189,0.0130000114441
614,81,0.0702824003902,-0.0170154924746,0.0130000114441
615,81,0.0190103907644,0.0512720096258,0.0139999389648
616,81,0.0278116979717,-0.00880130720727,0.0130000114441
617,81,0.0292645678108,-0.00145286983914,0.0130000114441
618,81,0.0356801527518,-0.00641558494097,0.0139999389648
619,81,0.0462963728257,-0.0106162200739,0.0140001773834
620,81,0.0717373659581,-0.0254409931324,0.0130000114441
621,81,0.0352179798079,0.0365193861502,0.0130000114441
622,81,0.0307181735098,0.00449980629815,0.0139999389648
623,81,0.101512320248,-0.0707941467379,0.0139999389648
624,81,0.0745095853452,0.0270027349025,0.0150001049042
625,81,0.0407597223918,0.0337498629535,0.0149998664856
626,81,0.0628456539578,-0.022085931566,0.0150001049042
627,81,0.0528757307265,0.00996992323134,0.0130000114441
628,81,0.0215220392486,0.0313536914778,0.0130000114441
629,81,0.0464819625572,-0.0249599233086,0.0130000114441
630,81,0.0653161060663,-0.0188341435091,0.0130000114441
631,81,0.064956617944,0.000359488122257,0.0129997730255
632,81,0.0312475746061,0.033709043338,0.0130000114441
633,81,0.0340341344292,-0.00278655982312,0.0130000114441
634,81,0.0414402838107,-0.00740614938147,0.0120000839233
635,81,0.109015817995,-0.0675755341848,0.0130000114441
636,81,0.0182969658463,0.0907188521491,0.0130000114441
637,81,0.0881459035991,-0.0698489377528,0.0130000114441
638,81,0.0477203322046,0.0404255713946,0.0130000114441
639,81,0.0387449676608,0.00897536454377,0.0130000114441
640,81,0.0291111734178,0.00963379424295,0.0130000114441
641,81,0.0411831537882,-0.0120719803704,0.0130000114441
642,81,0.0843054100319,-0.0431222562437,0.0119998455048
643,81,0.0274286858829,0.056876724149,0.0130000114441
644,81,0.0708130848261,-0.0433843989431,0.0130000114441
645,81,0.0328780810038,0.0379350038222,0.0130000114441
646,81,0.0136701913528,0.0192078896511,0.0130000114441
647,81,0.0734594839591,-0.0597892926063,0.0130000114441
