1,131,2.3066073119185355,Nan,0.00961756706237793
2,131,2.256863193657562,0.04974411826097347,0.002953767776489258
3,131,2.2725229044906965,-0.015659710833134444,0.0035474300384521484
4,131,2.238862481736045,0.03366042275465153,0.0030736923217773438
5,131,2.2804099512464218,-0.0415474695103768,0.002682924270629883
6,131,2.262193985567748,0.018215965678673562,0.003914356231689453
7,131,2.2550505427003817,0.007143442867366456,0.003021240234375
8,131,2.202406322683087,0.05264422001729496,0.003257274627685547
9,131,2.219396227188693,-0.016989904505606113,0.0033066272735595703
10,131,2.171392542715291,0.048003684473401975,0.0027921199798583984
11,131,2.1666523008856156,0.004740241829675362,0.0029497146606445312
12,131,2.1752498714068462,-0.008597570521230669,0.0030527114868164062
13,131,2.1269647729305823,0.04828509847626394,0.005446672439575195
14,131,2.1309048019292702,-0.00394002899868795,0.0029451847076416016
15,131,2.131756731572042,-0.0008519296427715872,0.0029060840606689453
16,131,2.142124321624523,-0.010367590052481113,0.0027587413787841797
17,131,2.118930263373688,0.02319405825083498,0.003120899200439453
18,131,2.147428556252982,-0.028498292879294063,0.010100364685058594
19,131,2.1050885615458017,0.042339994707180306,0.004377603530883789
20,131,2.1452874336533876,-0.04019887210758588,0.0040667057037353516
21,131,2.091513597328244,0.05377383632514343,0.0030438899993896484
22,131,2.1195702006798665,-0.0280566033516223,0.0031087398529052734
23,131,2.0309830294310594,0.0885871712488071,0.0032405853271484375
24,131,2.081448853470897,-0.05046582403983768,0.0029909610748291016
25,131,2.1299773936963264,-0.048528540225429406,0.003052234649658203
26,131,2.089408583313454,0.0405688103828723,0.0028913021087646484
27,131,2.0561891512106394,0.03321943210281475,0.0037674903869628906
28,131,2.0467687708730917,0.009420380337547662,0.002900362014770508
29,131,2.0729120851473044,-0.02614331427421268,0.003177642822265625
30,131,2.0118515364086353,0.06106054873866906,0.0027036666870117188
31,131,2.008523023765506,0.0033285126431295,0.003019094467163086
32,131,2.0135157927302005,-0.004992768964694694,0.0028171539306640625
33,131,2.011546826544609,0.001968966185591725,0.004569053649902344
34,131,2.0204346634959447,-0.008887836951335881,0.0048656463623046875
35,131,1.9716412493290791,0.048793414166865556,0.003236055374145508
36,131,1.9499984624731632,0.02164278685591592,0.003725767135620117
37,131,1.9887268998240697,-0.038728437350906475,0.003275156021118164
38,131,1.9704962577528626,0.01823064207120706,0.002834796905517578
39,131,1.9806248322697997,-0.01012857451693705,0.0028705596923828125
40,131,1.9708650312350906,0.009759801034709081,0.0028533935546875
41,131,1.9389280362893606,0.03193699494572999,0.0031218528747558594
42,131,1.8743860375790196,0.06454199871034105,0.004029989242553711
43,131,1.9479693929657682,-0.07358335538674865,0.0055658817291259766
44,131,1.9286741300393606,0.019295262926407597,0.0035135746002197266
45,131,1.971947822861999,-0.04327369282263849,0.003551483154296875
46,131,1.9139134064885497,0.058034416373449416,0.003320932388305664
47,131,1.9123707545622615,0.0015426519262882188,0.0032994747161865234
48,131,1.8648390442360447,0.047531710326216725,0.0027434825897216797
49,131,1.838076991889313,0.02676205234673179,0.002880573272705078
50,131,1.895128672359554,-0.057051680470241006,0.002844095230102539
51,131,1.8222748268651598,0.07285384549439411,0.0031096935272216797
52,131,1.8808665967169609,-0.058591769851801034,0.002834320068359375
53,131,1.8629480027060472,0.01791859401091367,0.003001689910888672
54,131,1.8873463404997615,-0.024398337793714253,0.0029668807983398438
55,131,1.8462512766131918,0.041095063886569694,0.0028541088104248047
56,131,1.8564860802570373,-0.010234803643845547,0.003459453582763672
57,131,1.8452303354976742,0.011255744759363084,0.0032868385314941406
58,131,1.7998512792223282,0.045379056275346,0.0032775402069091797
59,131,1.8224043518532322,-0.022553072630904003,0.0028700828552246094
60,131,1.7851100077155893,0.03729434413764299,0.0029871463775634766
61,131,1.8230652554344584,-0.037955247718869156,0.003022432327270508
62,131,1.7961044893919966,0.02696076604246178,0.004088878631591797
63,131,1.7340582927674737,0.06204619662452293,0.0028848648071289062
64,131,1.7392222863117248,-0.005163993544251122,0.00673985481262207
65,131,1.7790246628622972,-0.039802376550572394,0.0027971267700195312
66,131,1.729433831367784,0.049590831494513266,0.0028917789459228516
67,131,1.6943741427123091,0.03505968865547482,0.006192207336425781
68,131,1.6964901057818464,-0.002115963069537319,0.006922006607055664
69,131,1.7835421962592437,-0.08705209047739726,0.0026197433471679688
70,131,1.6865454520888001,0.09699674417044357,0.0028390884399414062
71,131,1.7181522282025286,-0.03160677611372842,0.002752542495727539
72,131,1.7042513548872853,0.013900873315243256,0.0029151439666748047
73,131,1.706720832649988,-0.0024694777627027875,0.003041982650756836
74,131,1.6973232822563813,0.00939755039360679,0.003047466278076172
75,131,1.6444207111387763,0.05290257111760499,0.0030291080474853516
76,131,1.6439987066137882,0.0004220045249880844,0.0034329891204833984
77,131,1.6847431677898377,-0.04074446117604946,0.003545045852661133
78,131,1.6928656192226263,-0.008122451432788669,0.0030515193939208984
79,131,1.6667002903596135,0.026165328863012816,0.0029211044311523438
80,131,1.6178249912407563,0.04887529911885724,0.00330352783203125
81,131,1.5880071043058206,0.0298178869349357,0.003287076950073242
82,131,1.7132182812872734,-0.1252111769814528,0.0033729076385498047
83,131,1.6629622364772185,0.050256044810054856,0.003385305404663086
84,131,1.567082878287512,0.09587935818970661,0.0029671192169189453
85,131,1.6191163973043894,-0.05203351901687747,0.002886056900024414
86,131,1.6066475205749047,0.012468876729484712,0.0037360191345214844
87,131,1.522928368954258,0.08371915162064658,0.0033140182495117188
88,131,1.5636515144173426,-0.04072314546308453,0.0028259754180908203
89,131,1.6191908275808087,-0.05553931316346605,0.003351449966430664
90,131,1.6114380814646947,0.007752746116113984,0.00296783447265625
91,131,1.5860596867918058,0.025378394672888938,0.004113912582397461
92,131,1.51827933042104,0.06778035637076574,0.005258083343505859
93,131,1.5497771983838264,-0.03149786796278642,0.003008127212524414
94,131,1.5375790195610688,0.012198178822757644,0.0032231807708740234
95,131,1.5799154034097687,-0.042336383848699866,0.0029463768005371094
96,131,1.4749987653193584,0.1049166380904103,0.003047943115234375
97,131,1.56031834260198,-0.08531957728262163,0.0027933120727539062
98,131,1.5114750752922232,0.048843267309756744,0.002852201461791992
99,131,1.4808736320670324,0.030601443225190872,0.007997989654541016
