1,91,2.313812423538376,Nan,0.016317129135131836
2,91,2.282977764423077,0.030834659115298813,0.003826618194580078
3,91,2.28268549992488,0.0002922644981970812,0.002936124801635742
4,91,2.262289529318338,0.02039597060654197,0.0030837059020996094
5,91,2.189546857561384,0.07274267175695392,0.0034210681915283203
6,91,2.1949432708404877,-0.005396413279103562,0.0030808448791503906
7,91,2.16929207267342,0.025651198167067513,0.003033876419067383
8,91,2.151125897418012,0.018166175255408312,0.0035920143127441406
9,91,2.178053971175309,-0.026928073757297,0.0031461715698242188
10,91,2.1280133593213426,0.050040611853966244,0.0036406517028808594
11,91,2.1404217730511674,-0.012408413729824819,0.0027985572814941406
12,91,2.1176355382898353,0.022786234761332125,0.002829313278198242
13,91,2.0925396929730424,0.025095845316792875,0.0027458667755126953
14,91,2.130260257930546,-0.037720564957503644,0.0038766860961914062
15,91,2.0798316368689904,0.050428621061555656,0.0029315948486328125
16,91,2.039972661615728,0.03985897525326232,0.003665924072265625
17,91,2.0909398676274895,-0.05096720601176141,0.014133214950561523
18,91,2.1090679797497422,-0.018128112122252737,0.0030727386474609375
19,91,2.072416536100618,0.036651443649124094,0.003045797348022461
20,91,1.95836429805546,0.11405223804515807,0.003345489501953125
21,91,2.0703220577030392,-0.11195775964757915,0.002827167510986328
22,91,2.086427793398008,-0.01610573569496898,0.0027866363525390625
23,91,2.0204399025047217,0.0659878908932865,0.002985239028930664
24,91,2.0117591606391656,0.008680741865556119,0.003133058547973633
25,91,1.988214346078726,0.023544814560439553,0.004259347915649414
26,91,1.958662598997682,0.029551747081044022,0.003072500228881836
27,91,1.9272722516741072,0.03139034732357482,0.003088712692260742
28,91,1.9939897138993818,-0.06671746222527464,0.0029222965240478516
29,91,1.9643578162560096,0.029631897643372263,0.002642393112182617
30,91,1.9775819883241759,-0.013224172068166284,0.0027990341186523438
31,91,1.9786930293827267,-0.0011110410585508657,0.0035796165466308594
32,91,1.8985010503412603,0.08019197904146647,0.002698659896850586
33,91,1.9769164703704498,-0.07841542002918955,0.003183603286743164
34,91,1.9110459547776442,0.06587051559280566,0.0029740333557128906
35,91,1.8574123172969608,0.053633637480683394,0.002827167510986328
36,91,1.7726316347226991,0.08478068257426163,0.0028231143951416016
37,91,1.7949252285800137,-0.022293593857314553,0.0029795169830322266
38,91,1.8564749916831216,-0.06154976310310789,0.0028684139251708984
39,91,1.8377432351583962,0.018731756524725363,0.0026273727416992188
40,91,1.8033589792775584,0.03438425588083782,0.002844572067260742
41,91,1.7281155429043613,0.07524343637319708,0.002999544143676758
42,91,1.722904582600017,0.005210960304344203,0.0027866363525390625
43,91,1.829125205239097,-0.10622062263907983,0.0032122135162353516
44,91,1.7286272992144573,0.1004979060246396,0.0028562545776367188
45,91,1.8457437033181663,-0.11711640410370894,0.0035445690155029297
46,91,1.7386459518264938,0.10709775149167244,0.003083467483520508
47,91,1.7112198714371567,0.027426080389337137,0.002734661102294922
48,91,1.715179443359375,-0.003959571922218297,0.0033469200134277344
49,91,1.7094247000558036,0.005754743303571397,0.0026998519897460938
50,91,1.7598254864032452,-0.050400786347441606,0.0034008026123046875
51,91,1.6969798999828296,0.0628455864204156,0.0030527114868164062
52,91,1.5706577510624142,0.12632214892041538,0.0061304569244384766
53,91,1.7163543701171875,-0.14569661905477327,0.004197835922241211
54,91,1.6724142556662087,0.043940114450978784,0.0029265880584716797
55,91,1.696085667872167,-0.023671412205958253,0.0027315616607666016
56,91,1.622386219737294,0.07369944813487295,0.002964496612548828
57,91,1.638541756095467,-0.016155536358172906,0.0029222965240478516
58,91,1.663791027697888,-0.025249271602421075,0.002866029739379883
59,91,1.6242095611907623,0.039581466507125684,0.0026171207427978516
60,91,1.5713081779060782,0.05290138328468408,0.002803802490234375
61,91,1.6187346741393371,-0.0474264962332589,0.0028328895568847656
62,91,1.4829202169900413,0.13581445714929585,0.002636432647705078
63,91,1.6398109184516656,-0.15689070146162432,0.0028259754180908203
64,91,1.5677778642256182,0.07203305422604744,0.0029556751251220703
65,91,1.4816636305588942,0.086114233666724,0.0029227733612060547
66,91,1.5756529084928743,-0.09398927793398015,0.003263235092163086
67,91,1.4884465814946772,0.08720632699819708,0.0034508705139160156
68,91,1.4726887797261332,0.015757801768544022,0.0032906532287597656
69,91,1.5470371455936642,-0.07434836586753102,0.003113269805908203
70,91,1.4471603225875687,0.09987682300609557,0.0030024051666259766
71,91,1.507348364526099,-0.060188041938530334,0.003057718276977539
72,91,1.4327322152944713,0.07461614923162774,0.003897428512573242
73,91,1.420033213856456,0.012699001438015278,0.0033042430877685547
74,91,1.5045181106735062,-0.08448489681705018,0.003462076187133789
75,91,1.5190525264530392,-0.014534415779533072,0.0030291080474853516
76,91,1.4455075106777988,0.07354501577524042,0.0029289722442626953
77,91,1.5350747580056663,-0.08956724732786747,0.002740621566772461
78,91,1.3871121249356113,0.14796263307005497,0.0030350685119628906
79,91,1.4485728504893545,-0.061460725553743156,0.002749919891357422
80,91,1.426209502167754,0.022363348321600363,0.002715587615966797
81,91,1.3097578614622682,0.11645164070548586,0.0025441646575927734
82,91,1.340481684758113,-0.030723823295844666,0.002782106399536133
83,91,1.423237559559581,-0.08275587480146807,0.0030934810638427734
84,91,1.3728187477195657,0.05041881184001529,0.002892017364501953
85,91,1.4835013924064218,-0.11068264468685607,0.002758502960205078
86,91,1.2967971131041809,0.18670427930224087,0.0026581287384033203
87,91,1.1875804859203296,0.10921662718385128,0.007754087448120117
88,91,1.2322703770228796,-0.04468989110254995,0.00434422492980957
89,91,1.3442540430760646,-0.111983666053185,0.0027315616607666016
90,91,1.291178944346669,0.05307509872939553,0.0031833648681640625
91,91,1.2192199203994247,0.0719590239472443,0.003173351287841797
92,91,1.3437555334070226,-0.12453561300759786,0.003103017807006836
93,91,1.3111050783932865,0.03265045501373609,0.0032188892364501953
94,91,1.1891736041058552,0.12193147428743134,0.004570484161376953
95,91,1.2572148082020518,-0.06804120409619663,0.0036110877990722656
96,91,1.388334756369119,-0.1311199481670673,0.003322601318359375
97,91,1.2433855664599074,0.14494918990921168,0.004961967468261719
98,91,1.1959105271559496,0.0474750393039578,0.002978086471557617
99,91,1.2085583026592548,-0.012647775503305203,0.002970457077026367
