0,481,2.29470032119,Nan,0.0339999198914
1,481,2.05979224699,0.234908074203,0.0169999599457
2,481,1.88589661533,0.173895631659,0.0169999599457
3,481,1.81568791316,0.0702087021667,0.0169999599457
4,481,1.99252642911,-0.17683851595,0.0170001983643
5,481,1.66497929627,0.327547132845,0.0189998149872
6,481,1.40149712513,0.263482171136,0.0169999599457
7,481,1.27863424384,0.122862881286,0.0279998779297
8,481,1.36658793428,-0.0879536904317,0.0220000743866
9,481,1.34607796461,0.0205099696677,0.0209999084473
10,481,1.08974160177,0.256336362843,0.0260000228882
11,481,0.926939331816,0.162802269949,0.018000125885
12,481,0.938065241379,-0.0111259095634,0.0160000324249
13,481,0.784765231634,0.153300009745,0.0160000324249
14,481,0.726670865953,0.058094365681,0.0159997940063
15,481,0.725598626722,0.00107223923142,0.018000125885
16,481,0.628656081995,0.096942544727,0.0169999599457
17,481,0.733239695337,-0.104583613342,0.0169999599457
18,481,0.805332746922,-0.0720930515852,0.0169999599457
19,481,0.993857084342,-0.18852433742,0.0160000324249
20,481,0.769421995801,0.22443508854,0.0160000324249
21,481,0.662553688097,0.106868307704,0.0160000324249
22,481,0.589246151105,0.0733075369916,0.0169999599457
23,481,0.54241492892,0.0468312221852,0.0170001983643
24,481,0.462698541907,0.0797163870131,0.0169999599457
25,481,0.457688329621,0.0050102122856,0.0160000324249
26,481,0.4769065048,-0.0192181751783,0.0169999599457
27,481,0.572903448727,-0.0959969439279,0.0179998874664
28,481,0.440810808273,0.132092640454,0.0160000324249
29,481,0.569188298406,-0.128377490133,0.0160000324249
30,481,0.531362585119,0.0378257132865,0.0169999599457
31,481,0.56288784606,-0.0315252609412,0.0160000324249
32,481,0.593650643394,-0.0307627973338,0.0160000324249
33,481,0.616684308915,-0.0230336655202,0.0199999809265
34,481,0.620524257731,-0.00383994881676,0.0160000324249
35,481,0.589789122901,0.0307351348306,0.0160000324249
36,481,0.557132966801,0.0326561560998,0.0189998149872
37,481,0.489195254637,0.0679377121638,0.018000125885
38,481,0.43501506972,0.0541801849175,0.0179998874664
39,481,0.429305046859,0.0057100228609,0.018000125885
40,481,0.35885379022,0.070451256639,0.0269999504089
41,481,0.348726300341,0.0101274898791,0.0209999084473
42,481,0.348850178867,-0.000123878526588,0.0190000534058
43,481,0.337329697956,0.0115204809114,0.018000125885
44,481,0.375019953801,-0.0376902558452,0.0249998569489
45,481,0.425370024049,-0.0503500702475,0.018000125885
46,481,0.361885213555,0.0634848104941,0.0169999599457
47,481,0.314027845736,0.0478573678189,0.0169999599457
48,481,0.329461809503,-0.0154339637677,0.0190000534058
49,481,0.302428057189,0.0270337523145,0.0190000534058
50,481,0.290974511922,0.011453545267,0.0179998874664
51,481,0.333562490102,-0.0425879781806,0.0169999599457
52,481,0.346282863815,-0.0127203737128,0.058000087738
53,481,0.436217944488,-0.089935080673,0.0250000953674
54,481,0.444893089501,-0.00867514501243,0.0239999294281
55,481,0.377434807855,0.0674582816459,0.0190000534058
56,481,0.375898301725,0.0015365061294,0.0199999809265
57,481,0.286580932363,0.0893173693619,0.0279998779297
58,481,0.299376172484,-0.0127952401207,0.0199999809265
59,481,0.294108622783,0.00526754970114,0.0169999599457
60,481,0.24790405781,0.0462045649729,0.0190000534058
61,481,0.32012876007,-0.0722247022601,0.0169999599457
62,481,0.302719845841,0.017408914229,0.0190000534058
63,481,0.283174225298,0.0195456205435,0.0420000553131
64,481,0.298896044059,-0.0157218187614,0.0659999847412
65,481,0.227519600406,0.0713764436527,0.0230000019073
66,481,0.315255718271,-0.0877361178646,0.0190000534058
67,481,0.342124352088,-0.0268686338175,0.0160000324249
68,481,0.265364474418,0.0767598776708,0.0189998149872
69,481,0.248396764426,0.0169677099914,0.0170001983643
70,481,0.251253774409,-0.00285700998286,0.0179998874664
71,481,0.317968991095,-0.0667152166862,0.018000125885
72,481,0.331820862705,-0.0138518716094,0.0479998588562
73,481,0.262279439121,0.0695414235835,0.0339999198914
74,481,0.278303879958,-0.0160244408368,0.0200002193451
75,481,0.205932886833,0.0723709931245,0.055999994278
76,481,0.24821202522,-0.0422791383866,0.0329999923706
77,481,0.235844840131,0.012367185089,0.0189998149872
78,481,0.240962149448,-0.00511730931653,0.0170001983643
79,481,0.24696042384,-0.00599827439274,0.0169999599457
80,481,0.270224398734,-0.0232639748936,0.0169999599457
81,481,0.25262172009,0.0176026786439,0.0239999294281
82,481,0.283989983636,-0.031368263546,0.0259997844696
83,481,0.250237907045,0.0337520765911,0.0270001888275
84,481,0.269799975992,-0.0195620689471,0.021999835968
85,481,0.287820669321,-0.0180206933289,0.0199999809265
86,481,0.278663270439,0.00915739888213,0.0160000324249
87,481,0.246542789832,0.0321204806068,0.0160000324249
88,481,0.213374972591,0.0331678172407,0.0160000324249
89,481,0.248477991306,-0.0351030187151,0.0160000324249
90,481,0.272429151,-0.0239511596933,0.0149998664856
91,481,0.226265921166,0.0461632298333,0.0160000324249
92,481,0.201262476043,0.0250034451237,0.0160000324249
93,481,0.220518258902,-0.019255782859,0.0169999599457
94,481,0.258441092319,-0.0379228334169,0.0150001049042
95,481,0.213996030685,0.0444450616341,0.0169999599457
96,481,0.233623131893,-0.0196271012082,0.0150001049042
97,481,0.235974539838,-0.00235140794528,0.0159997940063
98,481,0.196048078319,0.0399264615192,0.0160000324249
99,481,0.221738660658,-0.0256905823388,0.018000125885
100,481,0.182368907016,0.0393697536413,0.0169999599457
101,481,0.18778335032,-0.00541444330354,0.0199999809265
102,481,0.271701931706,-0.0839185813856,0.0160000324249
103,481,0.192581969834,0.0791199618714,0.0160000324249
104,481,0.250310616285,-0.0577286464509,0.0169999599457
105,481,0.244712924759,0.00559769152604,0.0169999599457
106,481,0.204923142019,0.0397897827402,0.0190000534058
107,481,0.201017193388,0.00390594863099,0.0190000534058
108,481,0.241417993875,-0.0404008004869,0.0299999713898
