1,331,2.280381493698074,Nan,0.01030421257019043
2,331,2.306879418133969,-0.026497924435894937,0.003553152084350586
3,331,2.2761495999339125,0.030729818200056602,0.0054874420166015625
4,331,2.286258017548622,-0.010108417614709264,0.0035195350646972656
5,331,2.2772082187618015,0.009049798786820329,0.0036008358001708984
6,331,2.2652549167414087,0.011953302020392798,0.0036368370056152344
7,331,2.2689102034554383,-0.003655286714029593,0.0033750534057617188
8,331,2.257442232345166,0.011467971110272313,0.0039288997650146484
9,331,2.25804760520912,-0.0006053728639541234,0.0032575130462646484
10,331,2.2635088687216767,-0.005461263512556602,0.0038671493530273438
11,331,2.226092658374245,0.03741621034743181,0.003633737564086914
12,331,2.268963678365748,-0.042871019991503,0.004813671112060547
13,331,2.2183391651718276,0.05062451319392025,0.003911256790161133
14,331,2.2166585778181647,0.0016805873536629434,0.003995180130004883
15,331,2.219210621813633,-0.002552043995468267,0.006266355514526367
16,331,2.226849236157005,-0.007638614343372208,0.004604339599609375
17,331,2.1942973986853285,0.03255183747167667,0.0040051937103271484
18,331,2.208059627844128,-0.013762229158799322,0.0038423538208007812
19,331,2.217423269035593,-0.009363641191465266,0.004224538803100586
20,331,2.198974609375,0.01844865966059306,0.004141569137573242
21,331,2.1825605778535686,0.016414031521431394,0.0036787986755371094
22,331,2.177838005688255,0.004722572165313466,0.0035419464111328125
23,331,2.1970201936013027,-0.0191821879130476,0.0037453174591064453
24,331,2.1822004519920695,0.014819741609233272,0.0034325122833251953
25,331,2.207196100240748,-0.024995648248678393,0.003805398941040039
26,331,2.1846031350311557,0.022592965209592197,0.003654956817626953
27,331,2.194803013182119,-0.010199878150963126,0.004197359085083008
28,331,2.171069188420506,0.023733824761612787,0.004278898239135742
29,331,2.172024545352625,-0.0009553569321187894,0.00430607795715332
30,331,2.1445423137745467,0.027482231578078054,0.00341796875
31,331,2.174081854229607,-0.029539540455060465,0.0035343170166015625
32,331,2.1681655007906913,0.0059163534389159445,0.003712892532348633
33,331,2.167605305006137,0.0005601957845544625,0.003575563430786133
34,331,2.166449878150963,0.001155426855173669,0.0039653778076171875
35,331,2.1665297217239425,-7.984357297941003e-05,0.003873586654663086
36,331,2.138538187724226,0.027991533999716545,0.0038509368896484375
37,331,2.1484823082869147,-0.009944120562688674,0.004445552825927734
38,331,2.137419455721299,0.011062852565615788,0.004895210266113281
39,331,2.128670775998395,0.00874867972290394,0.0051116943359375
40,331,2.1377572696374623,-0.009086493639067328,0.01597142219543457
41,331,2.1209384883638593,0.016818781273602923,0.004998922348022461
42,331,2.1341303799447697,-0.013191891580910386,0.004276752471923828
43,331,2.110150754991975,0.023979624952794598,0.003587961196899414
44,331,2.139406325233667,-0.029255570241691675,0.0035696029663085938
45,331,2.1134254478615935,0.02598087737207333,0.004247903823852539
46,331,2.089882104418429,0.023543343443164666,0.0037848949432373047
47,331,2.1190596750495656,-0.029177570631136795,0.0038475990295410156
48,331,2.083434689801265,0.0356249852483006,0.0037102699279785156
49,331,2.1227035291965635,-0.03926883939529846,0.003844022750854492
50,331,2.0879437311178246,0.03475979807873886,0.00504755973815918
51,331,2.0879686246105553,-2.4893492730715394e-05,0.004101753234863281
52,331,2.104626612360744,-0.016657987750188674,0.0037190914154052734
53,331,2.0865035964643126,0.018123015896431394,0.0038330554962158203
54,331,2.093884793653229,-0.0073811971889163885,0.003723621368408203
55,331,2.0638066317739803,0.03007816187924872,0.004233598709106445
56,331,2.094635839548716,-0.030829207774735856,0.004207134246826172
57,331,2.0735729943589503,0.021062845189765866,0.005260467529296875
58,331,2.0729301890577796,0.000642805301170668,0.003904581069946289
59,331,2.088821272835631,-0.0158910837778512,0.003911733627319336
60,331,2.0549414136258495,0.033879859209781316,0.006345033645629883
61,331,2.0616077065827985,-0.006666292956948983,0.003775358200073242
62,331,2.073821191701284,-0.012213485118485412,0.0035393238067626953
63,331,2.059793431953361,0.014027759747922808,0.003391265869140625
64,331,2.0347518690403135,0.0250415629130476,0.003757953643798828
65,331,2.076294314104985,-0.04154244506467153,0.004225015640258789
66,331,2.057503783810895,0.018790530294090058,0.00421452522277832
67,331,2.088674862219128,-0.031171078408232855,0.004483461380004883
68,331,2.042974466283516,0.045700395935611926,0.004231691360473633
69,331,2.0433795848281724,-0.0004051185446565242,0.004703044891357422
70,331,2.02933154149358,0.014048043334592197,0.0045413970947265625
71,331,2.0219470251722997,0.007384516321280454,0.0035920143127441406
72,331,2.0314935874362727,-0.00954656226397299,0.0040357112884521484
73,331,2.059909601586103,-0.028416014149830193,0.004370450973510742
74,331,2.0373636574183345,0.02254594416776845,0.0035097599029541016
75,331,2.0433755281108383,-0.006011870692503862,0.0038814544677734375
76,331,2.016491477943259,0.026884050167579332,0.003938913345336914
77,331,2.0248147555348375,-0.00832327759157847,0.0040798187255859375
78,331,2.0345139978875566,-0.009699242352719128,0.0040760040283203125
79,331,2.0240933974343847,0.010420600453171946,0.0036482810974121094
80,331,2.030337607392372,-0.006244209957987135,0.0035071372985839844
81,331,2.031558126121129,-0.0012205187287572805,0.0038776397705078125
82,331,2.067626584332515,-0.036068458211385934,0.0035812854766845703
83,331,2.0031812039746977,0.06444538035781733,0.0038323402404785156
84,331,2.006253982958837,-0.0030727789841393793,0.004024982452392578
85,331,2.0244859770345545,-0.018231994075717406,0.007531404495239258
86,331,2.004131029019543,0.020354948015011587,0.0042650699615478516
87,331,1.9975244804451473,0.0066065485743955765,0.004389524459838867
88,331,2.0201310909766805,-0.022606610531533233,0.008061885833740234
89,331,1.997021263099509,0.02310982787717153,0.020725011825561523
90,331,2.007214502985744,-0.010193239886234995,0.004050493240356445
91,331,1.9672259650561745,0.03998853792956947,0.003629922866821289
92,331,1.9648811824372168,0.0023447826189577636,0.003956317901611328
93,331,1.9584693562948452,0.006411826142371568,0.003958940505981445
94,331,1.9586996672016617,-0.0002303109068164666,0.0034532546997070312
95,331,1.9479561889279644,0.01074347827369726,0.0043544769287109375
96,331,1.9961433525892183,-0.04818716366125386,0.0034825801849365234
97,331,1.9689685095472997,0.02717484304191853,0.005440711975097656
