0,231,2.2773117792,Nan,0.0199999809265
1,231,2.07843744187,0.198874337333,0.0160000324249
2,231,1.9269228188,0.151514623072,0.0169999599457
3,231,1.87280247015,0.0541203486455,0.0179998874664
4,231,1.97230047581,-0.0994980056565,0.0169999599457
5,231,1.67030816677,0.301992309042,0.0170001983643
6,231,1.36099547019,0.309312696581,0.0169999599457
7,231,1.2203879088,0.140607561384,0.0150001049042
8,231,1.37385367521,-0.153465766411,0.0159997940063
9,231,1.31199375169,0.0618599235237,0.0150001049042
10,231,1.3011396664,0.0108540852865,0.0169999599457
11,231,1.12725684756,0.173882818841,0.0150001049042
12,231,0.940202655214,0.187054192349,0.0179998874664
13,231,0.786699963855,0.15350269136,0.0150001049042
14,231,0.805526403122,-0.0188264392671,0.0169999599457
15,231,0.900181097386,-0.0946546942641,0.0160000324249
16,231,0.940816045323,-0.0406349479378,0.0149998664856
17,231,0.930123333291,0.0106927120324,0.0150001049042
18,231,0.704991394307,0.225131938984,0.0160000324249
19,231,0.591921719638,0.113069674669,0.0169999599457
20,231,0.645228728587,-0.0533070089497,0.0160000324249
21,231,0.568221121123,0.0770076074642,0.0149998664856
22,231,0.448403791948,0.119817329176,0.0150001049042
23,231,0.526767086673,-0.0783632947253,0.0149998664856
24,231,0.598014402183,-0.07124731551,0.0150001049042
25,231,0.486799033689,0.111215368494,0.0160000324249
26,231,0.514878244111,-0.0280792104217,0.0149998664856
27,231,0.616794602695,-0.101916358584,0.0150001049042
28,231,0.681322964755,-0.0645283620595,0.0269999504089
29,231,0.68495059323,-0.00362762847504,0.0150001049042
30,231,0.755174975375,-0.0702243821445,0.0709998607635
31,231,0.63433005593,0.120844919444,0.0260000228882
32,231,0.605412404775,0.0289176511558,0.0160000324249
33,231,0.464542603596,0.140869801179,0.0169999599457
34,231,0.523262849618,-0.0587202460219,0.0210001468658
35,231,0.485299444818,0.0379634048,0.0209999084473
36,231,0.474768469344,0.0105309754739,0.0220000743866
37,231,0.420309884208,0.0544585851364,0.0150001049042
38,231,0.335455791259,0.0848540929489,0.0149998664856
39,231,0.43358549308,-0.0981297018208,0.0250000953674
40,231,0.368266018954,0.0653194741253,0.0160000324249
41,231,0.4568683905,-0.0886023715461,0.0299999713898
42,231,0.397321527654,0.0595468628458,0.0260000228882
43,231,0.412148215554,-0.0148266878995,0.0199999809265
44,231,0.305890335149,0.106257880405,0.0230000019073
45,231,0.292185828799,0.0137045063498,0.021999835968
46,231,0.355995607583,-0.0638097787832,0.029000043869
47,231,0.399783576206,-0.0437879686232,0.018000125885
48,231,0.449046378528,-0.0492628023222,0.0309998989105
49,231,0.351665414257,0.0973809642709,0.0299999713898
50,231,0.334750683277,0.0169147309803,0.018000125885
51,231,0.262823327795,0.0719273554814,0.0169999599457
52,231,0.350431731253,-0.0876084034577,0.0160000324249
53,231,0.372132239404,-0.0217005081507,0.0369999408722
54,231,0.319731708213,0.0524005311908,0.0250000953674
55,231,0.258778543183,0.0609531650296,0.021999835968
56,231,0.35356377936,-0.094785236177,0.0199999809265
57,231,0.386683344325,-0.0331195649647,0.0170001983643
58,231,0.492227364412,-0.105544020087,0.0169999599457
59,231,0.405682254147,0.0865451102649,0.0160000324249
60,231,0.297809617344,0.107872636803,0.0179998874664
61,231,0.373221195105,-0.0754115777614,0.0169999599457
62,231,0.340685361392,0.0325358337138,0.0410001277924
63,231,0.326430250556,0.0142551108356,0.0199999809265
64,231,0.311511514507,0.0149187360491,0.0169999599457
65,231,0.341826038443,-0.0303145239364,0.0199999809265
66,231,0.366728316138,-0.0249022776946,0.0199999809265
67,231,0.328971070129,0.0377572460092,0.0160000324249
68,231,0.259843570329,0.0691274997992,0.0160000324249
69,231,0.270200209184,-0.0103566388547,0.0190000534058
70,231,0.24954164183,0.0206585673543,0.0169999599457
71,231,0.224278355058,0.0252632867722,0.0160000324249
72,231,0.215215047201,0.0090633078571,0.0159997940063
73,231,0.249623814703,-0.034408767502,0.0160000324249
74,231,0.220056987944,0.0295668267584,0.0160000324249
75,231,0.270952695376,-0.0508957074318,0.0150001049042
76,231,0.256938075606,0.0140146197695,0.0160000324249
77,231,0.284915511226,-0.0279774356198,0.0159997940063
78,231,0.213996111057,0.0709194001697,0.0210001468658
79,231,0.27464381957,-0.060647708513,0.0160000324249
80,231,0.259527693579,0.0151161259903,0.0179998874664
81,231,0.295741060595,-0.0362133670163,0.0160000324249
82,231,0.314096954478,-0.0183558938823,0.0150001049042
83,231,0.296782522491,0.0173144319873,0.0279998779297
84,231,0.262706112552,0.0340764099385,0.0169999599457
85,231,0.265412813657,-0.00270670110529,0.0310001373291
86,231,0.306838031455,-0.0414252177977,0.0160000324249
87,231,0.256970095944,0.0498679355109,0.0179998874664
88,231,0.296986303288,-0.0400162073441,0.0169999599457
89,231,0.289374743705,0.007611559583,0.0169999599457
90,231,0.222810258081,0.0665644856242,0.0260000228882
91,231,0.187495409152,0.0353148489287,0.0190000534058
92,231,0.226744383445,-0.0392489742923,0.0190000534058
93,231,0.237659999302,-0.0109156158579,0.0209999084473
94,231,0.295679695162,-0.05801969586,0.0160000324249
95,231,0.328405206854,-0.0327255116913,0.018000125885
96,231,0.333016862085,-0.00461165523116,0.0299999713898
97,231,0.235708079813,0.097308782272,0.0160000324249
98,231,0.23014909158,0.00555898823263,0.0189998149872
99,231,0.156531940807,0.0736171507732,0.0170001983643
100,231,0.219235688577,-0.06270374777,0.0159997940063
101,231,0.21826150407,0.000974184506899,0.0160000324249
102,231,0.200170145406,0.0180913586637,0.0169999599457
103,231,0.218480758337,-0.0183106129304,0.0160000324249
104,231,0.161997097395,0.0564836609415,0.0160000324249
105,231,0.232891049736,-0.0708939523408,0.0150001049042
106,231,0.20549430682,0.0273967429157,0.0149998664856
107,231,0.236943744478,-0.0314494376575,0.0160000324249
108,231,0.317968591467,-0.0810248469894,0.0160000324249
109,231,0.220791655701,0.0971769357657,0.0150001049042
110,231,0.261380992411,-0.040589336709,0.0159997940063
111,231,0.237695702227,0.0236852901839,0.0150001049042
112,231,0.191605406922,0.0460902953045,0.0160000324249
113,231,0.289991865942,-0.0983864590203,0.0149998664856
114,231,0.265912803221,0.0240790627219,0.0149998664856
115,231,0.208099150554,0.0578136526661,0.0150001049042
116,231,0.152565894189,0.0555332563656,0.0209999084473
117,231,0.161659504944,-0.00909361075529,0.0169999599457
118,231,0.222851328003,-0.0611918230593,0.0140001773834
119,231,0.198175867915,0.0246754600888,0.0159997940063
120,231,0.245626903716,-0.047451035801,0.0150001049042
121,231,0.200617042971,0.0450098607447,0.0160000324249
122,231,0.21706296252,-0.0164459195488,0.0149998664856
123,231,0.217709446366,-0.000646483846557,0.0160000324249
124,231,0.199010675604,0.0186987707625,0.0190000534058
125,231,0.330822601979,-0.131811926375,0.0160000324249
126,231,0.232119060698,0.0987035412809,0.0179998874664
127,231,0.216635914592,0.015483146106,0.0170001983643
128,231,0.231294871409,-0.0146589568167,0.0159997940063
129,231,0.208449888023,0.0228449833858,0.0150001049042
130,231,0.267209007626,-0.0587591196035,0.0150001049042
131,231,0.170741754177,0.0964672534497,0.0159997940063
132,231,0.164653480827,0.00608827334978,0.0160000324249
133,231,0.223855386049,-0.0592019052217,0.0169999599457
134,231,0.157042664367,0.0668127216818,0.0170001983643
135,231,0.233903661951,-0.076860997584,0.0160000324249
136,231,0.218816237016,0.0150874249347,0.0159997940063
137,231,0.26692221175,-0.0481059747341,0.018000125885
138,231,0.204269310097,0.0626529016536,0.0160000324249
139,231,0.178247427011,0.0260218830852,0.0160000324249
140,231,0.164284330426,0.0139630965856,0.0149998664856
141,231,0.194179485371,-0.0298951549447,0.0150001049042
142,231,0.174894423712,0.0192850616587,0.0160000324249
143,231,0.161981111997,0.0129133117147,0.0149998664856
144,231,0.243314173314,-0.0813330613173,0.0150001049042
145,231,0.16298171865,0.0803324546649,0.0160000324249
146,231,0.119122856107,0.0438588625425,0.0149998664856
147,231,0.281890803085,-0.162767946978,0.0190000534058
148,231,0.238435373678,0.0434554294074,0.0149998664856
149,231,0.242625298438,-0.0041899247603,0.0150001049042
150,231,0.194609951663,0.0480153467748,0.0150001049042
151,231,0.246908460345,-0.0522985086813,0.0149998664856
152,231,0.188749668402,0.0581587919425,0.0160000324249
153,231,0.235267754757,-0.046518086355,0.0179998874664
154,231,0.26737459191,-0.0321068371529,0.0220000743866
155,231,0.171512686329,0.095861905581,0.0150001049042
156,231,0.148509863651,0.0230028226778,0.0379998683929
157,231,0.174766524014,-0.0262566603623,0.0199999809265
158,231,0.191409833503,-0.01664330949,0.0150001049042
159,231,0.186329267758,0.0050805657457,0.0169999599457
160,231,0.213410315576,-0.0270810478177,0.0169999599457
161,231,0.164238768739,0.049171546837,0.018000125885
162,231,0.100460655245,0.0637781134932,0.0309998989105
163,231,0.166328909077,-0.0658682538317,0.0400002002716
164,231,0.229066691873,-0.0627377827962,0.021999835968
165,231,0.178504679626,0.0505620122472,0.0270001888275
166,231,0.172478531346,0.00602614828002,0.0299999713898
167,231,0.253771051184,-0.0812925198377,0.0239999294281
168,231,0.149455644352,0.104315406832,0.0309998989105
169,231,0.142949058896,0.00650658545556,0.0170001983643
170,231,0.164301455279,-0.0213523963829,0.0159997940063
171,231,0.149759399943,0.0145420553364,0.0150001049042
172,231,0.203988013329,-0.0542286133869,0.0220000743866
173,231,0.161089034308,0.0428989790219,0.0149998664856
174,231,0.153944552203,0.00714448210481,0.0160000324249
175,231,0.149203147723,0.00474140447972,0.0369999408722
176,231,0.144623958703,0.0045791890198,0.0270001888275
177,231,0.0872527944061,0.0573711642971,0.0249998569489
178,231,0.143150346104,-0.0558975516976,0.0209999084473
179,231,0.159637963101,-0.0164876169973,0.018000125885
180,231,0.189966821051,-0.0303288579503,0.0190000534058
181,231,0.128387228235,0.0615795928162,0.0169999599457
182,231,0.184468884489,-0.0560816562537,0.0360000133514
183,231,0.193092197567,-0.00862331307812,0.0209999084473
184,231,0.171927414931,0.0211647826356,0.029000043869
185,231,0.148424619204,0.0235027957272,0.0220000743866
186,231,0.157444264466,-0.00901964526156,0.021999835968
187,231,0.155170027828,0.00227423663779,0.0220000743866
188,231,0.128074381775,0.0270956460532,0.0190000534058
189,231,0.247363664371,-0.119289282596,0.0190000534058
190,231,0.181616300112,0.0657473642589,0.0169999599457
191,231,0.14848074975,0.0331355503627,0.0160000324249
192,231,0.137479988528,0.011000761222,0.0160000324249
193,231,0.180260513768,-0.0427805252405,0.0159997940063
194,231,0.160014528217,0.0202459855513,0.0150001049042
195,231,0.103288708311,0.0567258199056,0.0150001049042
196,231,0.175303075221,-0.0720143669095,0.0149998664856
197,231,0.0947772930195,0.0805257822012,0.0160000324249
198,231,0.13152180296,-0.0367445099405,0.0139999389648
199,231,0.211287973247,-0.079766170287,0.0199999809265
200,231,0.0989646168498,0.112323356397,0.018000125885
201,231,0.179793172068,-0.0808285552186,0.0549998283386
202,231,0.162789381944,0.0170037901247,0.0170001983643
203,231,0.159067079618,0.00372230232536,0.0160000324249
204,231,0.165396405505,-0.00632932588652,0.0149998664856
205,231,0.121557252232,0.0438391532733,0.0160000324249
206,231,0.134423879318,-0.0128666270863,0.0150001049042
207,231,0.131324239623,0.00309963969441,0.0159997940063
208,231,0.159421912519,-0.028097672896,0.0220000743866
209,231,0.130195708502,0.0292262040175,0.0160000324249
210,231,0.166025962664,-0.0358302541625,0.0179998874664
211,231,0.150521447648,0.0155045150162,0.0150001049042
212,231,0.106983234356,0.0435382132922,0.0230000019073
213,231,0.157402484448,-0.0504192500919,0.0179998874664
214,231,0.16734697086,-0.00994448641162,0.0150001049042
215,231,0.174451852774,-0.00710488191415,0.0150001049042
216,231,0.167202293099,0.00724955967494,0.0159997940063
217,231,0.107202117061,0.0600001760375,0.0230000019073
218,231,0.175077628264,-0.0678755112025,0.018000125885
219,231,0.0918562092306,0.083221419033,0.0160000324249
220,231,0.160726241735,-0.0688700325045,0.0169999599457
221,231,0.117280316043,0.0434459256919,0.0149998664856
222,231,0.148851898325,-0.0315715822823,0.0170001983643
223,231,0.119232830031,0.0296190682944,0.0149998664856
224,231,0.138189191942,-0.018956361911,0.0260000228882
225,231,0.100862998467,0.0373261934751,0.0280001163483
226,231,0.122325583454,-0.0214625849868,0.0179998874664
