0,451,2.29316417077,Nan,0.0199999809265
1,451,2.05384762377,0.239316546996,0.0150001049042
2,451,1.89297113186,0.16087649191,0.0160000324249
3,451,1.74935324388,0.143617887983,0.0149998664856
4,451,1.71278059932,0.0365726445572,0.0160000324249
5,451,1.79409688539,-0.0813162860743,0.0150001049042
6,451,1.46969299993,0.324403885463,0.0159997940063
7,451,1.14841503473,0.321277965199,0.0150001049042
8,451,1.04534106878,0.103073965948,0.0160000324249
9,451,1.15363793891,-0.108296870128,0.0149998664856
10,451,1.1521946131,0.00144332581243,0.0160000324249
11,451,0.889116376044,0.263078237056,0.0199999809265
12,451,0.977538859501,-0.0884224834569,0.0220000743866
13,451,0.797785452358,0.179753407142,0.018000125885
14,451,0.821352195317,-0.0235667429584,0.0159997940063
15,451,0.832532658545,-0.0111804632284,0.0150001049042
16,451,0.731928451098,0.100604207447,0.0160000324249
17,451,0.727628923573,0.00429952752564,0.0160000324249
18,451,0.795990328567,-0.0683614049941,0.0160000324249
19,451,0.877310200964,-0.0813198723973,0.0149998664856
20,451,0.84536878497,0.031941415994,0.0160000324249
21,451,0.70285257479,0.14251621018,0.0150001049042
22,451,0.552326786016,0.150525788775,0.0149998664856
23,451,0.568510068229,-0.0161832822136,0.0160000324249
24,451,0.620707239121,-0.0521971708919,0.0160000324249
25,451,0.815596823682,-0.19488958456,0.0149998664856
26,451,0.594057544108,0.221539279574,0.0160000324249
27,451,0.549219338698,0.0448382054094,0.0150001049042
28,451,0.550686787607,-0.00146744890911,0.0149998664856
29,451,0.507550799926,0.0431359876815,0.0160000324249
30,451,0.517253799608,-0.0097029996817,0.0210001468658
31,451,0.471620039506,0.0456337601013,0.0160000324249
32,451,0.356965633824,0.114654405683,0.0149998664856
33,451,0.42442318394,-0.0674575501165,0.0160000324249
34,451,0.501078163705,-0.076654979765,0.0169999599457
35,451,0.43726553568,0.063812628025,0.0250000953674
36,451,0.404413328995,0.0328522066848,0.0220000743866
37,451,0.387719638596,0.0166936903994,0.0179998874664
38,451,0.368292290461,0.0194273481348,0.0169999599457
39,451,0.403606778502,-0.0353144880409,0.0160000324249
40,451,0.363187802604,0.0404189758977,0.0160000324249
41,451,0.333845218904,0.0293425837007,0.0150001049042
42,451,0.472216756275,-0.138371537371,0.0159997940063
43,451,0.474900408489,-0.00268365221383,0.0190000534058
44,451,0.423088462813,0.0518119456763,0.0169999599457
45,451,0.397309973605,0.025778489208,0.018000125885
46,451,0.315264378313,0.0820455952917,0.0160000324249
47,451,0.343341599018,-0.0280772207053,0.0169999599457
48,451,0.344039240327,-0.000697641309243,0.0249998569489
49,451,0.388230249781,-0.0441910094538,0.018000125885
50,451,0.293709867016,0.0945203827649,0.0179998874664
51,451,0.269385327257,0.0243245397597,0.0170001983643
52,451,0.293912561928,-0.0245272346716,0.0169999599457
53,451,0.360473903478,-0.06656134155,0.0160000324249
54,451,0.291557159762,0.0689167437162,0.0319998264313
55,451,0.382711913792,-0.0911547540297,0.0260000228882
56,451,0.354864995918,0.0278469178735,0.0269999504089
57,451,0.358274032694,-0.00340903677591,0.0220000743866
58,451,0.373757169939,-0.0154831372449,0.029000043869
59,451,0.374047188431,-0.000290018491893,0.0279998779297
60,451,0.314222686835,0.0598245015958,0.0200002193451
61,451,0.292767137752,0.0214555490836,0.0169999599457
62,451,0.332236482405,-0.0394693446529,0.0160000324249
63,451,0.29324212254,0.0389943598644,0.0179998874664
64,451,0.249601478323,0.0436406442173,0.018000125885
65,451,0.292438853871,-0.0428373755478,0.0159997940063
66,451,0.369707467022,-0.0772686131513,0.0170001983643
67,451,0.337149643317,0.0325578237056,0.0159997940063
68,451,0.311402686684,0.0257469566328,0.0160000324249
69,451,0.356938668735,-0.0455359820516,0.0169999599457
70,451,0.265051052999,0.0918876157367,0.0210001468658
71,451,0.250862493748,0.0141885592509,0.0179998874664
72,451,0.265291455051,-0.0144289613034,0.0150001049042
73,451,0.29299405726,-0.0277026022089,0.0160000324249
74,451,0.341802017652,-0.0488079603918,0.0169999599457
75,451,0.353959956878,-0.0121579392258,0.0149998664856
76,451,0.294429872094,0.0595300847834,0.0150001049042
77,451,0.242518118374,0.05191175372,0.0160000324249
78,451,0.282094308384,-0.0395761900096,0.0149998664856
79,451,0.256536564119,0.0255577442651,0.0160000324249
80,451,0.284008186831,-0.0274716227123,0.0150001049042
81,451,0.233638044471,0.0503701423594,0.0149998664856
82,451,0.19496675817,0.0386712863017,0.0150001049042
83,451,0.23816186943,-0.0431951112599,0.0150001049042
84,451,0.234181761477,0.00398010795238,0.0149998664856
85,451,0.189391413179,0.0447903482983,0.0150001049042
86,451,0.225079098721,-0.0356876855415,0.0149998664856
87,451,0.246156544484,-0.021077445764,0.0169999599457
88,451,0.238508964589,0.00764757989515,0.0149998664856
89,451,0.206862168407,0.0316467961821,0.0150001049042
90,451,0.206921376569,-5.92081615507e-05,0.0149998664856
91,451,0.260011169704,-0.0530897931355,0.0150001049042
92,451,0.258547493201,0.00146367650339,0.0160000324249
93,451,0.274107398056,-0.0155599048555,0.0149998664856
94,451,0.240538535784,0.0335688622722,0.0150001049042
95,451,0.309238205464,-0.0686996696794,0.0149998664856
96,451,0.290714373874,0.0185238315895,0.0150001049042
97,451,0.22421181757,0.0665025563039,0.0160000324249
98,451,0.268839326508,-0.0446275089374,0.0160000324249
99,451,0.170693475761,0.0981458507462,0.0160000324249
100,451,0.257938816384,-0.0872453406222,0.0160000324249
101,451,0.243186544685,0.0147522716987,0.0159997940063
102,451,0.239514454505,0.00367209017938,0.0150001049042
103,451,0.266935581114,-0.0274211266088,0.0160000324249
104,451,0.18617424468,0.0807613364344,0.0209999084473
105,451,0.244341120752,-0.0581668760718,0.018000125885
106,451,0.251114585183,-0.00677346443126,0.0169999599457
107,451,0.184532030194,0.0665825549885,0.0169999599457
108,451,0.215449398743,-0.0309173685484,0.0190000534058
109,451,0.218935795211,-0.00348639646814,0.0190000534058
110,451,0.182444654917,0.0364911402937,0.0159997940063
111,451,0.156953765125,0.0254908897924,0.0160000324249
112,451,0.221864061715,-0.0649102965903,0.0150001049042
113,451,0.228331149285,-0.00646708757016,0.0160000324249
114,451,0.205199873897,0.0231312753885,0.0169999599457
115,451,0.197798430787,0.00740144310928,0.0169999599457
