1,50,2.40825057983,Nan,0.0490000247955
2,50,2.26987625122,0.138374328613,0.0139999389648
3,50,2.14922653198,0.120649719238,0.0159997940063
4,50,2.21880584717,-0.0695793151855,0.0150001049042
5,50,2.20598327637,0.0128225708008,0.0140001773834
6,50,2.16558776855,0.0403955078125,0.0160000324249
7,50,2.12061859131,0.0449691772461,0.0139999389648
8,50,2.17220230103,-0.0515837097168,0.0150001049042
9,50,2.1139201355,0.0582821655273,0.0160000324249
10,50,2.13431747437,-0.0203973388672,0.0160000324249
11,50,1.94648590088,0.187831573486,0.0190000534058
12,50,2.02519668579,-0.0787107849121,0.0139999389648
13,50,1.97558731079,0.049609375,0.0149998664856
14,50,2.08644271851,-0.110855407715,0.0139999389648
15,50,1.97503952026,0.111403198242,0.0149998664856
16,50,2.06335723877,-0.0883177185059,0.0160000324249
17,50,1.94282058716,0.120536651611,0.0139999389648
18,50,1.82848449707,0.114336090088,0.0150001049042
19,50,1.92664352417,-0.0981590270996,0.0150001049042
20,50,1.86042907715,0.0662144470215,0.0139999389648
21,50,1.79044586182,0.069983215332,0.0150001049042
22,50,1.93698348999,-0.146537628174,0.0139999389648
23,50,1.86350402832,0.0734794616699,0.0139999389648
24,50,1.76777236938,0.0957316589355,0.0139999389648
25,50,1.76157791138,0.00619445800781,0.0140001773834
26,50,1.69266220093,0.0689157104492,0.0160000324249
27,50,1.72994766235,-0.0372854614258,0.0149998664856
28,50,1.69494995117,0.0349977111816,0.0150001049042
29,50,1.69482635498,0.000123596191406,0.0139999389648
30,50,1.66179779053,0.0330285644531,0.0139999389648
31,50,1.60366348267,0.0581343078613,0.0160000324249
32,50,1.71328155518,-0.10961807251,0.0150001049042
33,50,1.63888977051,0.074391784668,0.0139999389648
34,50,1.76686523437,-0.127975463867,0.0150001049042
35,50,1.60098403931,0.165881195068,0.0139999389648
36,50,1.45842163086,0.142562408447,0.0150001049042
37,50,1.49761291504,-0.0391912841797,0.0150001049042
38,50,1.54073776245,-0.0431248474121,0.0150001049042
39,50,1.32995773315,0.210780029297,0.0140001773834
40,50,1.51779510498,-0.187837371826,0.0150001049042
41,50,1.4155140686,0.102281036377,0.0160000324249
42,50,1.4458404541,-0.030326385498,0.0139999389648
43,50,1.26253486633,0.183305587769,0.0150001049042
44,50,1.37532455444,-0.11278968811,0.0159997940063
45,50,1.35916763306,0.0161569213867,0.0139999389648
46,50,1.33951919556,0.0196484375,0.0160000324249
47,50,1.30328598022,0.036233215332,0.0160000324249
48,50,1.21777038574,0.0855155944824,0.0140001773834
49,50,1.35772781372,-0.139957427979,0.0190000534058
50,50,1.35897567749,-0.00124786376953,0.0329999923706
51,50,1.2796686554,0.0793070220947,0.0179998874664
52,50,1.10809082031,0.171577835083,0.0169999599457
53,50,1.21437416077,-0.106283340454,0.0209999084473
54,50,1.18966300964,0.024711151123,0.0179998874664
55,50,1.1664553833,0.0232076263428,0.0240001678467
56,50,1.17140884399,-0.00495346069336,0.0169999599457
57,50,1.18102119446,-0.00961235046387,0.0169999599457
58,50,1.20832626343,-0.0273050689697,0.0139999389648
59,50,1.26863449097,-0.0603082275391,0.0149998664856
60,50,1.05119842529,0.217436065674,0.0169999599457
61,50,1.05538726807,-0.00418884277344,0.0159997940063
62,50,1.22509376526,-0.169706497192,0.0139999389648
63,50,1.03030609131,0.19478767395,0.0169999599457
64,50,1.05166122437,-0.0213551330566,0.0150001049042
65,50,1.08253204346,-0.0308708190918,0.0139999389648
66,50,0.977756118774,0.104775924683,0.0160000324249
67,50,1.01388679504,-0.0361306762695,0.0150001049042
68,50,1.03478790283,-0.0209011077881,0.0140001773834
69,50,0.944770812988,0.0900170898438,0.0150001049042
70,50,1.10175476074,-0.156983947754,0.0160000324249
71,50,1.06198616028,0.0397686004639,0.0190000534058
72,50,0.913778762817,0.148207397461,0.0149998664856
73,50,1.01480316162,-0.101024398804,0.0149998664856
74,50,0.893270111084,0.121533050537,0.0149998664856
75,50,1.03419586182,-0.140925750732,0.0139999389648
76,50,0.898734970093,0.135460891724,0.0160000324249
77,50,0.836947402954,0.0617875671387,0.0149998664856
78,50,0.948122940063,-0.111175537109,0.0150001049042
79,50,0.978895111084,-0.0307721710205,0.0139999389648
80,50,1.01564659119,-0.0367514801025,0.0139999389648
81,50,0.970004882812,0.045641708374,0.0159997940063
82,50,0.922938308716,0.0470665740967,0.0150001049042
83,50,0.848407745361,0.0745305633545,0.0139999389648
84,50,0.866049957275,-0.0176422119141,0.0139999389648
85,50,0.875693130493,-0.00964317321777,0.0160000324249
86,50,0.865608520508,0.0100846099854,0.0150001049042
87,50,0.840287399292,0.0253211212158,0.0150001049042
88,50,0.935128936768,-0.0948415374756,0.0149998664856
89,50,0.849867630005,0.0852613067627,0.0150001049042
90,50,0.845405731201,0.00446189880371,0.0149998664856
91,50,0.9742137146,-0.128807983398,0.0160000324249
92,50,0.778072509766,0.196141204834,0.0139999389648
93,50,0.828480224609,-0.0504077148437,0.0139999389648
94,50,0.794898071289,0.0335821533203,0.0139999389648
95,50,0.664308166504,0.130589904785,0.0139999389648
96,50,0.685779647827,-0.0214714813232,0.0160000324249
97,50,0.845660629272,-0.159880981445,0.0149998664856
98,50,0.870960693359,-0.0253000640869,0.0149998664856
99,50,0.722100143433,0.148860549927,0.0150001049042
100,50,0.80586555481,-0.083765411377,0.0150001049042
