0,351,2.2608510422231127,Nan,0.011379003524780273
1,351,2.333923861511752,-0.0730728192886394,0.005604982376098633
2,351,2.2804372412526708,0.05348662025908135,0.0056879520416259766
3,351,2.284763607883725,-0.004326366631054235,0.0047817230224609375
4,351,2.2644029057603277,0.020360702123397356,0.0045642852783203125
5,351,2.2996619243567484,-0.03525901859642078,0.004521369934082031
6,351,2.2717260811743234,0.027935843182425035,0.0045354366302490234
7,351,2.2828922108707266,-0.011166129696403182,0.00472569465637207
8,351,2.2601372265068553,0.022754984363871245,0.004498958587646484
9,351,2.293793333222044,-0.033656106715188816,0.00467228889465332
10,351,2.291827514300659,0.001965818921385143,0.004782438278198242
11,351,2.29935466190349,-0.007527147602830908,0.004499912261962891
12,351,2.297168003527867,0.0021866583756229296,0.005107402801513672
13,351,2.271949528968572,0.025218474559295156,0.004895687103271484
14,351,2.2667570195646367,0.005192509403935119,0.004865169525146484
15,351,2.30304042022792,-0.036283400663283505,0.0047452449798583984
16,351,2.2507296396456553,0.052310780582264904,0.004755258560180664
17,351,2.2518668758903133,-0.001137236244658002,0.004649639129638672
18,351,2.2911615181512643,-0.03929464226095103,0.004868030548095703
19,351,2.281502139534366,0.009659378616898362,0.004572391510009766
20,351,2.2864174693398325,-0.004915329805466495,0.004742860794067383
21,351,2.3194060149016202,-0.03298854556178776,0.004537105560302734
22,351,2.285797379974626,0.033608634926994174,0.004420280456542969
23,351,2.290832345641916,-0.005034965667289892,0.004244804382324219
24,351,2.274044373775819,0.016787971866096818,0.00417780876159668
25,351,2.290118877704327,-0.016074503928507955,0.004048585891723633
26,351,2.2692498970575143,0.02086898064681275,0.004385232925415039
27,351,2.28405848663417,-0.014808589576655873,0.0042896270751953125
28,351,2.3151154694733798,-0.031056982839209546,0.004459381103515625
29,351,2.2907620943509617,0.024353375122418086,0.0047223567962646484
30,351,2.2812856473134793,0.009476447037482405,0.005135297775268555
31,351,2.2758578656405803,0.005427781672898924,0.00500035285949707
32,351,2.2631058652176814,0.012752000422898924,0.004945039749145508
33,351,2.2680165000111288,-0.004910634793447333,0.004525899887084961
34,351,2.250832929910078,0.017183570101050538,0.004637241363525391
35,351,2.2787640780804845,-0.027931148170406317,0.004349946975708008
36,351,2.2560360465633904,0.022728031517094127,0.004240989685058594
37,351,2.2832493795628563,-0.027213332999465933,0.00457763671875
38,351,2.2646739992321048,0.018575380330751567,0.0042514801025390625
39,351,2.278355264256143,-0.013681265024038325,0.004400491714477539
40,351,2.2544240924367878,0.023931171819355335,0.0045816898345947266
41,351,2.2752490790820867,-0.02082498664529897,0.00438380241394043
42,351,2.292780775629897,-0.01753169654781006,0.004988670349121094
43,351,2.299572197460381,-0.00679142183048409,0.005015373229980469
44,351,2.267200611255787,0.03237158620459368,0.004809141159057617
45,351,2.2924030879963495,-0.025202476740562307,0.004575252532958984
46,351,2.3068039070846686,-0.014400819088319139,0.005170345306396484
47,351,2.252860653434384,0.05394325365028463,0.004792213439941406
48,351,2.249489460915242,0.0033711925191419745,0.005457401275634766
49,351,2.2887432391826925,-0.03925377826745047,0.004866838455200195
50,351,2.288524486400463,0.00021875278222971417,0.0052225589752197266
51,351,2.2588789632857016,0.029645523114761207,0.004834890365600586
52,351,2.2555371580640133,0.0033418052216882543,0.005060434341430664
53,351,2.239520907062411,0.0160162510016022,0.004920244216918945
54,351,2.2683614964498755,-0.028840589387464366,0.00460052490234375
55,351,2.25006016570958,0.018301330740295718,0.00446772575378418
56,351,2.2731262380920585,-0.02306607238247871,0.005327939987182617
57,351,2.2718455431468128,0.0012806949452457417,0.004742145538330078
58,351,2.2866348310073894,-0.01478928786057665,0.004845142364501953
59,351,2.2723583427929133,0.014276488214476135,0.0046083927154541016
60,351,2.271370999154202,0.0009873436387111134,0.004530668258666992
61,351,2.237125581485933,0.03424541766826916,0.004153728485107422
62,351,2.2587181156517095,-0.021592534165776556,0.004196643829345703
63,351,2.28642981548255,-0.02771169983084043,0.0042572021484375
64,351,2.255614886596332,0.030814928886218063,0.00420069694519043
65,351,2.2669481239427527,-0.011333237346420777,0.004268169403076172
66,351,2.26363361934651,0.0033145045962426067,0.005059480667114258
67,351,2.248648358206464,0.01498526114004628,0.0042057037353515625
68,351,2.2470450985465633,0.0016032596599004911,0.004279613494873047
69,351,2.2498874936008724,-0.002842395054309055,0.004372596740722656
70,351,2.2672666892027245,-0.017379195601852082,0.0043430328369140625
71,351,2.226192811275819,0.04107387792690531,0.00420069694519043
72,351,2.2794166847511574,-0.0532238734753383,0.004405975341796875
73,351,2.2742460854033117,0.005170599347845695,0.004101276397705078
74,351,2.270281756365741,0.003964329037570824,0.003994464874267578
75,351,2.251564656227742,0.018717100137998877,0.0040400028228759766
76,351,2.2545014731904383,-0.0029368169626962093,0.004126548767089844
77,351,2.2726003967459047,-0.018098923555466495,0.003935098648071289
78,351,2.23339113414797,0.03920926259793456,0.003947257995605469
79,351,2.250957956341257,-0.017566822193286757,0.003914833068847656
80,351,2.26351885238604,-0.012560896044782943,0.00403285026550293
81,351,2.228925308271011,0.034593544115028685,0.0040013790130615234
82,351,2.2493788672987893,-0.020453559027778123,0.004472255706787109
83,351,2.252009812922899,-0.002630945624109593,0.004244327545166016
84,351,2.2534678749888712,-0.001458062065972321,0.0044825077056884766
85,351,2.275700148014601,-0.022232273025729832,0.0043485164642333984
86,351,2.2510975894764957,0.024602558538105335,0.0046041011810302734
87,351,2.255244154536147,-0.004146565059651053,0.00474858283996582
88,351,2.241115820034277,0.014128334501869677,0.005183219909667969
89,351,2.2638050742298788,-0.022689254195601638,0.0050201416015625
90,351,2.2792871371972936,-0.015482062967414834,0.004986286163330078
91,351,2.256469031005164,0.02281810619212976,0.004545927047729492
92,351,2.2637951625378383,-0.007326131532674474,0.004848003387451172
93,351,2.25144206424724,0.012353098290598385,0.004851102828979492
94,351,2.239880510205217,0.011561554042022859,0.00507044792175293
95,351,2.2500020866720085,-0.01012157646679146,0.00464940071105957
96,351,2.2442536530671298,0.005748433604878755,0.0047910213470458984
97,351,2.250353864794783,-0.006100211727653182,0.004484415054321289
98,351,2.254238204738693,-0.003884339943910131,0.004488229751586914
99,351,2.252708152488426,0.0015300522502670333,0.004409313201904297
100,351,2.2530448022391383,-0.0003366497507122368,0.00510716438293457
101,351,2.2127139534366096,0.040330848802528685,0.004563808441162109
102,351,2.2211780167712787,-0.008464063334669092,0.004864692687988281
103,351,2.2375430897769766,-0.016365073005697894,0.004910469055175781
104,351,2.2246651934762287,0.01287789630074787,0.004934549331665039
105,351,2.211722958121884,0.012942235354344689,0.004746437072753906
106,351,2.2386843254763176,-0.026961367354433552,0.005150556564331055
107,351,2.2266489229990207,0.012035402477296842,0.004645824432373047
108,351,2.242611094417735,-0.015962171418714366,0.011118412017822266
109,351,2.2410300925925926,0.0015810018251425362,0.005606889724731445
110,351,2.261318804531695,-0.020288711939102644,0.005347013473510742
111,351,2.2089782888733085,0.05234051565838671,0.004984617233276367
112,351,2.2188099918202457,-0.009831702946937249,0.004994392395019531
113,351,2.2450420673076925,-0.02623207548744677,0.004760026931762695
114,351,2.249271403690349,-0.0042293363826564345,0.0050334930419921875
115,351,2.2329393696581197,0.01633203403222927,0.004963397979736328
116,351,2.2413956079727564,-0.00845623831463671,0.006183624267578125
117,351,2.260803048766916,-0.01940744079415957,0.005440950393676758
118,351,2.2442027034922543,0.0166003452746617,0.00556182861328125
119,351,2.2515425722823186,-0.007339868790064319,0.004859447479248047
120,351,2.206859795116631,0.04468277716568769,0.0047512054443359375
121,351,2.2417583411235755,-0.03489854600694464,0.00476384162902832
122,351,2.2408546382545405,0.0009037028690350724,0.005478620529174805
123,351,2.236820057926015,0.00403458032852555,0.005489826202392578
124,351,2.2401528209023325,-0.0033327629763175715,0.00589752197265625
125,351,2.245815527065527,-0.005662706163194642,0.004991292953491211
126,351,2.2147451547475963,0.03107037231793086,0.0050313472747802734
127,351,2.2363801179108798,-0.021634963163283505,0.004961490631103516
128,351,2.241093562199519,-0.004713444288639401,0.005055665969848633
129,351,2.215782230735844,0.025311331463675035,0.00459742546081543
130,351,2.2421970639133724,-0.02641483317752824,0.004675388336181641
131,351,2.2201251168536325,0.022071947059739916,0.004728555679321289
132,351,2.2265292871371973,-0.006404170283564881,0.005074739456176758
133,351,2.2382742944266383,-0.011745007289440945,0.005379676818847656
134,351,2.2392638986266915,-0.000989604200053229,0.004991769790649414
135,351,2.2409071528334223,-0.0016432542067308376,0.004670381546020508
136,351,2.2193937383146367,0.021513414518785634,0.0045604705810546875
137,351,2.245975505252849,-0.026581766938212237,0.009517192840576172
138,351,2.2298691795762107,0.016106325676638278,0.004815101623535156
139,351,2.246058450465189,-0.016189270888978147,0.008890390396118164
140,351,2.2320852252492878,0.013973225215901053,0.010273218154907227
141,351,2.2469498071915064,-0.014864581942218624,0.006554603576660156
142,351,2.2157533651063925,0.03119644208511385,0.013887405395507812
143,351,2.2210373403000356,-0.005283975193643098,0.014411211013793945
144,351,2.23504725616542,-0.014009915865384581,0.0058591365814208984
145,351,2.2240842292111824,0.010963026954237787,0.018645286560058594
146,351,2.2395294276397792,-0.015445198428596818,0.005629777908325195
147,351,2.231070407095798,0.0084590205439814,0.04509401321411133
148,351,2.228680124310007,0.002390282785790898,0.0382845401763916
149,351,2.223488658242076,0.005191466067930861,0.02772045135498047
150,351,2.1955199499755165,0.027968708266559617,0.03139352798461914
151,351,2.229527139256143,-0.034007189280626626,0.0074579715728759766
152,351,2.210410789207176,0.019116350048967057,0.005580425262451172
153,351,2.2267871650195867,-0.016376375812410693,0.0052411556243896484
154,351,2.2142928685897436,0.012494296429843121,0.004693031311035156
155,351,2.2201242474069622,-0.005831378817218624,0.004589557647705078
156,351,2.234341265469195,-0.014217018062232967,0.005258798599243164
157,351,2.2412272830974005,-0.006886017628205288,0.0045087337493896484
158,351,2.242016914563301,-0.0007896314659006087,0.004423379898071289
159,351,2.2365550505809293,0.005461863982371806,0.004323482513427734
160,351,2.1878801220842234,0.04867492849670585,0.004259586334228516
161,351,2.2312347325164708,-0.04335461043224731,0.0042726993560791016
162,351,2.2244354856659543,0.006799246850516472,0.009464263916015625
163,351,2.232068531873219,-0.007633046207264904,0.00576329231262207
164,351,2.2297917988225606,0.0022767330506585637,0.00467991828918457
165,351,2.2058927965300037,0.023899002292556926,0.0065457820892333984
166,351,2.235988866909277,-0.03009607037927342,0.010760784149169922
167,351,2.225939280626781,0.010049586282496303,0.006006002426147461
168,351,2.2017917904758724,0.024147490150908446,0.005204916000366211
169,351,2.195804954594017,0.005986835881855335,0.005254268646240234
170,351,2.2251346946781516,-0.02932974008413458,0.0045223236083984375
171,351,2.214294259704416,0.010840434973735658,0.004246950149536133
172,351,2.231537647736378,-0.017243388031962237,0.004133701324462891
173,351,2.200692288216702,0.03084535951967604,0.004124641418457031
174,351,2.2137254676927527,-0.013033179476050538,0.006693363189697266
175,351,2.2142742624310006,-0.0005487947382478708,0.004746437072753906
176,351,2.2290058190326745,-0.014731556601673912,0.0050046443939208984
177,351,2.2530383683337787,-0.02403254930110421,0.004829883575439453
178,351,2.214546920906784,0.03849144742699462,0.004878044128417969
179,351,2.206097985944177,0.008448934962606902,0.004625797271728516
180,351,2.2200333032852564,-0.013935317341079223,0.0048868656158447266
181,351,2.2326505394742697,-0.012617236189013337,0.004786491394042969
182,351,2.23610676387776,-0.00345622440349036,0.004837751388549805
183,351,2.2218292323272792,0.014277531550480838,0.005018711090087891
184,351,2.231157873430823,-0.009328641103543589,0.004464387893676758
185,351,2.2300315922142095,0.0011262812166132896,0.004378795623779297
186,351,2.2208382370125532,0.009193355201656317,0.004588603973388672
187,351,2.195591766270477,0.025246470742076088,0.004790067672729492
188,351,2.208758492755075,-0.013166726484597824,0.004761457443237305
189,351,2.20367431640625,0.005084176348824965,0.004532337188720703
190,351,2.2434843666533117,-0.039810050247061746,0.004611492156982422
191,351,2.22546473663417,0.01801963001914153,0.004390716552734375
192,351,2.189971662994124,0.03549307364004628,0.004563331604003906
193,351,2.2133693423366276,-0.023397679342503697,0.0043566226959228516
194,351,2.2112979725894766,0.002071369747151053,0.0045354366302490234
195,351,2.200992421207265,0.010305551382211675,0.0044918060302734375
196,351,2.2381195329193377,-0.037127111712072836,0.004559993743896484
197,351,2.2297156352942484,0.008403897625089307,0.004361867904663086
198,351,2.22512043575276,0.004595199541488348,0.0045185089111328125
199,351,2.187712840544872,0.03740759520788828,0.004697322845458984
200,351,2.2074569310897436,-0.019744090544871806,0.004873037338256836
201,351,2.1997885853476675,0.007668345742076088,0.00445103645324707
202,351,2.2289367849670585,-0.02914819961939097,0.004465579986572266
203,351,2.194644591067931,0.03429219389912763,0.004487752914428711
204,351,2.2054241647747506,-0.0107795737068197,0.004327535629272461
205,351,2.2027883502492878,0.0026358145254627985,0.004258632659912109
206,351,2.199968908587073,0.0028194416622149276,0.004086971282958984
207,351,2.188359013310185,0.011609895276887716,0.004368305206298828
208,351,2.197567496883903,-0.009208483573718063,0.004555702209472656
209,351,2.214260699062945,-0.01669320217904202,0.0044765472412109375
210,351,2.2302312171696936,-0.015970518106748433,0.0043468475341796875
211,351,2.175616924579327,0.05461429259036654,0.004289150238037109
212,351,2.2160976659878027,-0.04048074140847557,0.004331827163696289
213,351,2.2016707634993766,0.014426902488426041,0.005074739456176758
214,351,2.211337445468305,-0.00966668196892817,0.0045354366302490234
215,351,2.2204221198361824,-0.009084674367877632,0.004567623138427734
216,351,2.2127962030916133,0.007625916744569139,0.004479169845581055
217,351,2.2080097252826745,0.004786477808938816,0.004579305648803711
218,351,2.2230021158854165,-0.014992390602742045,0.005657672882080078
219,351,2.2086285974225426,0.014373518462873935,0.004494190216064453
220,351,2.191876098980591,0.01675249844195159,0.005208492279052734
221,351,2.2108448169849537,-0.018968718004362728,0.00471043586730957
222,351,2.223156703503383,-0.012311886518429294,0.00498652458190918
223,351,2.197544717381143,0.025611986122239916,0.004833698272705078
224,351,2.215693721064815,-0.018149003683671783,0.004983663558959961
225,351,2.193590995592949,0.02210272547186598,0.004801511764526367
226,351,2.2163600649928776,-0.022769069399928732,0.005028247833251953
227,351,2.217603025952635,-0.0012429609597575109,0.004832744598388672
228,351,2.2075490924367878,0.01005393351584738,0.0050106048583984375
229,351,2.1753564383569266,0.03219265407986116,0.004997730255126953
230,351,2.2007886229077633,-0.025432184550836734,0.0053555965423583984
231,351,2.196815947182158,0.003972675725605335,0.0053827762603759766
232,351,2.1815662003650287,0.015249746817129317,0.005081653594970703
233,351,2.1849577379362537,-0.0033915375712250118,0.004831552505493164
234,351,2.2090694068843484,-0.02411166894809469,0.0048449039459228516
235,351,2.192745719540153,0.016323687344195204,0.005170583724975586
236,351,2.2001887047053064,-0.007442985165153182,0.005358695983886719
237,351,2.199755198595531,0.00043350610977554993,0.004701852798461914
238,351,2.202354844139512,-0.0025996455439813992,0.004831552505493164
239,351,2.181484472378027,0.020870371761485096,0.005421638488769531
240,351,2.2347766843616452,-0.05329221198361811,0.004747629165649414
241,351,2.2068018899683937,0.027974794393251567,0.004935503005981445
242,351,2.1853740290019585,0.02142786096643512,0.005372762680053711
243,351,2.1948760377715457,-0.009502008769587178,0.004913330078125
244,351,2.1774742365562676,0.017401801215278123,0.004669904708862305
245,351,2.1989198342347755,-0.021445597678507955,0.004546403884887695
246,351,2.191105769230769,0.007814065004006387,0.004477262496948242
247,351,2.1929176960915244,-0.001811926860755264,0.004276275634765625
248,351,2.21962727169026,-0.026709575598735658,0.004027843475341797
249,351,2.2005338750333867,0.019093396656873374,0.0040128231048583984
250,351,2.215361940215456,-0.014828065182069139,0.004483461380004883
251,351,2.2051412468282585,0.010220693387197333,0.004256486892700195
252,351,2.167492814892717,0.03764843193554146,0.00420689582824707
253,351,2.187259163272347,-0.01976634837962976,0.004277944564819336
254,351,2.184531361289174,0.002727801983172906,0.004685878753662109
255,351,2.189502335681535,-0.0049709743923611605,0.005091667175292969
256,351,2.189563023059117,-6.068737758191389e-05,0.004404306411743164
257,351,2.1821482079660792,0.007414815093037763,0.004810333251953125
258,351,2.205395473034633,-0.02324726506855379,0.005243778228759766
259,351,2.155857705662393,0.049537767372239916,0.005220890045166016
260,351,2.188518991497507,-0.03266128583511385,0.005190849304199219
261,351,2.177520838897792,0.010998152599714928,0.004595041275024414
262,351,2.1896604010861824,-0.012139562188390407,0.005326509475708008
263,351,2.1718816077946936,0.017778793291488793,0.004993915557861328
264,351,2.20929042022792,-0.03740881243322658,0.0045928955078125
265,351,2.1807221415375713,0.028568278690348947,0.0046422481536865234
266,351,2.180341150006677,0.00038099153089410365,0.004917621612548828
267,351,2.1869713764245016,-0.006630226417824403,0.0048639774322509766
268,351,2.1706991603231836,0.016272216101318016,0.005225658416748047
269,351,2.1760732101918627,-0.005374049868679176,0.0047299861907958984
270,351,2.205453030404202,-0.029379820212339425,0.004904985427856445
271,351,2.156944340110844,0.048508690293358026,0.00497889518737793
272,351,2.165103401553597,-0.00815906144275269,0.0049092769622802734
273,351,2.2004686665331197,-0.03536526497952286,0.004536628723144531
274,351,2.167720262141649,0.03274840439147075,0.004781961441040039
275,351,2.2075350074007303,-0.03981474525908135,0.0049343109130859375
276,351,2.180097009381677,0.02743799801905311,0.005423069000244141
277,351,2.157466703670317,0.022630305711360155,0.004722118377685547
278,351,2.1807501377203526,-0.023283434050035634,0.008138895034790039
279,351,2.200962686131143,-0.020212548410790454,0.005060434341430664
280,351,2.163425195590723,0.037537490540420215,0.005185604095458984
281,351,2.1900768660412213,-0.026651670450498433,0.004804849624633789
282,351,2.2056874332264957,-0.015610567185274427,0.004744529724121094
283,351,2.1607304325810186,0.04495700064547714,0.0047168731689453125
284,351,2.165936853131677,-0.005206420550658564,0.00461268424987793
285,351,2.151867988782051,0.014068864349626065,0.004441738128662109
286,351,2.166934630130431,-0.015066641348379761,0.005075216293334961
287,351,2.1731763877759973,-0.006241757645566448,0.00451207160949707
288,351,2.191119506488159,-0.0179431187121617,0.006373405456542969
289,351,2.1618068075587606,0.029312698929398362,0.006275177001953125
290,351,2.175269667579238,-0.013462860020477141,0.012006282806396484
291,351,2.1775448356258904,-0.0022751680466526203,0.005135297775268555
292,351,2.1605554999109686,0.016989335714921783,0.009128093719482422
293,351,2.156123408564815,0.004432091346153744,0.005046844482421875
294,351,2.210425917579238,-0.054302509014422906,0.004843950271606445
295,351,2.193238000244836,0.017187917334401615,0.004676103591918945
296,351,2.1724147524928776,0.02082324775195854,0.004947662353515625
297,351,2.1739103746550037,-0.0014956221621260646,0.0046656131744384766
298,351,2.1495077888510505,0.02440258580395316,0.004680633544921875
299,351,2.1770313404224537,-0.027523551571403182,0.0045316219329833984
300,351,2.1672577165130877,0.00977362390936598,0.0046536922454833984
301,351,2.186829134949252,-0.01957141843616439,0.004160404205322266
302,351,2.17098955551104,0.015839579438212237,0.004455089569091797
303,351,2.164878214866008,0.006111340645031937,0.004261493682861328
304,351,2.1755536288617345,-0.01067541399572658,0.0043430328369140625
305,351,2.1487748453080484,0.026778783553686125,0.004275321960449219
306,351,2.1893105357460825,-0.04053569043803407,0.00499272346496582
307,351,2.1599011543469553,0.029409381399127188,0.004557371139526367
308,351,2.1614838950654383,-0.0015827407184829667,0.004736185073852539
309,351,2.1488628333110755,0.012621061754362728,0.004720211029052734
310,351,2.183441770722044,-0.034578937410968624,0.004654407501220703
311,351,2.1778402736044336,0.005601497117610599,0.004662275314331055
312,351,2.1566002131187676,0.021240060485665957,0.0046062469482421875
313,351,2.168734906405805,-0.012134693287037202,0.004525423049926758
314,351,2.1759878305288463,-0.00725292412304146,0.004940032958984375
315,351,2.1776328236289175,-0.001644993100071268,0.005115032196044922
316,351,2.1799782429665244,-0.002345419337606902,0.0053555965423583984
317,351,2.1564955317396723,0.023482711226852082,0.005055665969848633
318,351,2.183437597378027,-0.026942065638354773,0.0048830509185791016
319,351,2.1746153220152245,0.008822275362802667,0.004785299301147461
320,351,2.1513986614694622,0.023216660545762213,0.004673004150390625
321,351,2.1775721362513356,-0.026173474781873374,0.004805088043212891
322,351,2.181365879852208,-0.003793743600872368,0.005018711090087891
323,351,2.1706687296897256,0.010697150162482405,0.0050890445709228516
324,351,2.1818339899394585,-0.011165260249732967,0.004666805267333984
325,351,2.1544133808538106,0.027420609085647918,0.004609346389770508
326,351,2.1916258722288995,-0.03721249137508886,0.004688262939453125
327,351,2.1837563365273325,0.00786953570156701,0.004613637924194336
328,351,2.1480782446358617,0.03567809189147075,0.004590272903442383
329,351,2.1510463616786857,-0.002968117042823959,0.004589080810546875
330,351,2.155448544059384,-0.0044021823806983384,0.004484653472900391
331,351,2.1542725304932335,0.0011760135661504911,0.004364490509033203
332,351,2.15027585803953,0.00399667245370372,0.004469156265258789
333,351,2.189906976161859,-0.03963111812232922,0.004326581954956055
334,351,2.156719675091257,0.03318730107060208,0.004324197769165039
335,351,2.1724109269275287,-0.015691251836271736,0.00403904914855957
336,351,2.1803526267027245,-0.007941699775195765,0.004007101058959961
337,351,2.1790435877960292,0.0013090389066952035,0.004116058349609375
338,351,2.1774923210470085,0.00155126674902073,0.004453897476196289
339,351,2.1491231456441415,0.028369175402866986,0.005040168762207031
340,351,2.1602492807937144,-0.011126135149572836,0.004692792892456055
341,351,2.179901036102208,-0.019651755308493613,0.004744291305541992
342,351,2.141945167824074,0.03795586827813402,0.004595756530761719
343,351,2.1723617162459936,-0.030416548421919654,0.004454612731933594
344,351,2.1659025969328702,0.006459119313123374,0.004594326019287109
345,351,2.1627738061453883,0.003128790787481961,0.004398345947265625
346,351,2.158534558070691,0.004239248074697333,0.004493236541748047
347,351,2.1737530048076925,-0.015218446737001567,0.004364728927612305
348,351,2.151562291332799,0.022190713474893542,0.0044248104095458984
349,351,2.1569502523482016,-0.00538796101540262,0.00459599494934082
350,351,2.195600112958511,-0.038649860610309617,0.005017757415771484
351,351,2.1709652110042734,0.024634901954237787,0.0044863224029541016
352,351,2.1695087139423075,0.0014564970619659334,0.0045969486236572266
353,351,2.156062199519231,0.01344651442307665,0.004576921463012695
354,351,2.1461207724025106,0.009941427116720192,0.004404783248901367
355,351,2.162640606915509,-0.016519834512998433,0.0046024322509765625
356,351,2.1453194903512287,0.01732111656428037,0.004332304000854492
357,351,2.1755525855257303,-0.030233095174501567,0.0040531158447265625
358,351,2.143223776097311,0.03232880942841909,0.004019737243652344
359,351,2.1506662395944622,-0.007442463497151053,0.004082202911376953
360,351,2.128108793514067,0.022557446080395227,0.004473686218261719
361,351,2.140551270922365,-0.012442477408297847,0.004717826843261719
362,351,2.146296400629897,-0.005745129707531937,0.0046367645263671875
363,351,2.184237836093305,-0.037941435463408,0.00562596321105957
364,351,2.16024736801104,0.023990468082264904,0.004840850830078125
365,351,2.1473854695290244,0.012861898482015466,0.004605770111083984
366,351,2.179607510906339,-0.032222041377314437,0.0047740936279296875
367,351,2.152160296752582,0.02744721415375695,0.004759788513183594
368,351,2.1595970219017095,-0.007436725149127632,0.004798412322998047
369,351,2.1657878299724005,-0.006190808070690945,0.004636287689208984
370,351,2.1577786611355947,0.008009168836805802,0.004536867141723633
371,351,2.1631923577724357,-0.005413696636840992,0.004534006118774414
372,351,2.145081261963586,0.01811109580884951,0.004968404769897461
373,351,2.157401669059384,-0.012320407095797847,0.00466465950012207
374,351,2.141414631465901,0.015987037593482967,0.0055353641510009766
375,351,2.151257115551549,-0.009842484085647918,0.004993438720703125
376,351,2.169482630542201,-0.01822551499065206,0.0052068233489990234
377,351,2.1678913692463495,0.0015912612958515204,0.00468754768371582
378,351,2.158221035601407,0.00967033364494263,0.004820585250854492
379,351,2.1714934868011038,-0.013272451199696889,0.004593849182128906
380,351,2.139303962729256,0.03218952407184794,0.004571437835693359
381,351,2.147290178173967,-0.007986215444711231,0.004601955413818359
382,351,2.1560995857260505,-0.008809407552083481,0.004595279693603516
383,351,2.1551583227608617,0.000941262965188816,0.004481792449951172
384,351,2.175433297442575,-0.020274974681713243,0.004592180252075195
385,351,2.1309659691617697,0.04446732828080524,0.0044384002685546875
386,351,2.1457110891314994,-0.014745119969729714,0.0046710968017578125
387,351,2.134315077735488,0.011396011396011652,0.004789590835571289
388,351,2.1760537345864495,-0.041738656850961675,0.004696846008300781
389,351,2.1564344965834223,0.019619238003027117,0.004445075988769531
390,351,2.1203663709156872,0.036068125667735096,0.004586219787597656
391,351,2.1597044855101495,-0.03933811459446224,0.004575967788696289
392,351,2.134956555488782,0.024747930021367548,0.004679679870605469
393,351,2.1395903584624287,-0.0046338029736467945,0.004552125930786133
394,351,2.1544658954326925,-0.01487553697026378,0.0045926570892333984
395,351,2.1603369210180734,-0.005871025585380885,0.0043756961822509766
396,351,2.142254516949341,0.018082404068732405,0.004295825958251953
397,351,2.1448386863425926,-0.0025841693932515675,0.004296779632568359
398,351,2.177394247462607,-0.03255556112001434,0.005134105682373047
399,351,2.157793789507657,0.019600457954950024,0.004423618316650391
400,351,2.1763375219796117,-0.018543732471954844,0.004942655563354492
401,351,2.1239947457598825,0.05234277621972927,0.004622936248779297
402,351,2.146549757389601,-0.022555011629718624,0.0046977996826171875
403,351,2.151031581085292,-0.004481823695690945,0.00456690788269043
404,351,2.1597359594796117,-0.0087043783943197,0.00458216667175293
405,351,2.1322607491430734,0.027475210336538325,0.004401683807373047
406,351,2.1178352377693197,0.014425511373753697,0.004482269287109375
407,351,2.152569632244925,-0.034734394475605335,0.004346370697021484
408,351,2.1593960058315527,-0.006826373586627632,0.00448155403137207
409,351,2.1617565535412213,-0.002360547709668648,0.004849910736083984
410,351,2.136534948973914,0.025221604567307487,0.004502296447753906
411,351,2.1239797912771547,0.012555157696759078,0.004457712173461914
412,351,2.13546709457354,-0.011487303296385143,0.004607439041137695
413,351,2.1614536383213143,-0.025986543747774427,0.004575967788696289
414,351,2.1351306187121617,0.02632301960915262,0.004444599151611328
415,351,2.1447315705128207,-0.009600951800659008,0.004364013671875
416,351,2.1377493920828883,0.0069821784299324285,0.0042645931243896484
417,351,2.152416609630965,-0.01466721754807665,0.004359006881713867
418,351,2.1421962640224357,0.010220345608529247,0.004658222198486328
419,351,2.1329284841858085,0.009267779836627188,0.004680156707763672
420,351,2.1022403206241096,0.0306881635616989,0.004792451858520508
421,351,2.1600759131276708,-0.057835592503561184,0.0046274662017822266
422,351,2.162899006465901,-0.002823093338230276,0.004738330841064453
423,351,2.134826486266916,0.028072520198985096,0.00475001335144043
424,351,2.1229797537170585,0.011846732549857464,0.0046079158782958984
425,351,2.1420197663483798,-0.019040012631321268,0.0043871402740478516
426,351,2.1442712854456016,-0.002251519097221877,0.004392147064208984
427,351,2.15489992321047,-0.010628637764868554,0.004728078842163086
428,351,2.127788489360755,0.027111433849715372,0.0045337677001953125
429,351,2.124964700465189,0.002823788895566004,0.004708766937255859
430,351,2.164080410601407,-0.03911571013621806,0.004557371139526367
431,351,2.1443377111712074,0.019742699430199462,0.004580497741699219
432,351,2.129490865941061,0.014846845230146233,0.004509687423706055
433,351,2.0974534950365027,0.03203737090455849,0.004258155822753906
434,351,2.144787041210381,-0.047333546173878194,0.004277944564819336
435,351,2.127167530548878,0.01761951066150269,0.004208803176879883
436,351,2.130963186932425,-0.0037956563835468415,0.004488945007324219
437,351,2.1217096660211894,0.009253520911235658,0.00468754768371582
438,351,2.1461858070134436,-0.02447614099225426,0.004683494567871094
439,351,2.1367627440015133,0.0094230630119303,0.004461765289306641
440,351,2.142772707164797,-0.006009963163283505,0.004550933837890625
441,351,2.138115081352386,0.004657625812410693,0.004259347915649414
442,351,2.165457440237714,-0.027342358885327656,0.004601001739501953
443,351,2.1475591849737357,0.017898255263978147,0.004466056823730469
444,351,2.1571891762931803,-0.009629991319444642,0.004729747772216797
445,351,2.0990967492432335,0.05809242704994677,0.004426240921020508
446,351,2.1397736378205128,-0.04067688857727925,0.004608869552612305
447,351,2.1204694872907766,0.01930415052973622,0.0042684078216552734
448,351,2.1497086310318734,-0.029239143741096818,0.004285097122192383
449,351,2.162768067797365,-0.013059436765491483,0.004404306411743164
450,351,2.1284899589342947,0.034278108863070145,0.0046634674072265625
451,351,2.13028727909099,-0.0017973201566952035,0.004167318344116211
452,351,2.1236594871238426,0.006627791967147356,0.0042841434478759766
453,351,2.1174725046185006,0.006186982505341998,0.004030466079711914
454,351,2.1433773203792734,-0.02590481576077286,0.004334688186645508
455,351,2.1377624337829415,0.005614886596331914,0.004436492919921875
456,351,2.12809088291266,0.009671550870281376,0.004312038421630859
457,351,2.1364685232483085,-0.008377640335648362,0.0042934417724609375
458,351,2.1250452112268516,0.011423312021456855,0.0041353702545166016
459,351,2.132244925213675,-0.007199713986823397,0.004156827926635742
460,351,2.1431670881744123,-0.010922162960737225,0.004218339920043945
461,351,2.129997231681802,0.013169856492610155,0.004300355911254883
462,351,2.1403890321737,-0.010391800491897918,0.0042514801025390625
463,351,2.1085175516938213,0.031871480479878755,0.0042133331298828125
464,351,2.120853087161681,-0.012335535467859593,0.004251003265380859
465,351,2.1445023843705484,-0.023649297208867548,0.0042340755462646484
466,351,2.124506849848647,0.019995534521901615,0.00448918342590332
467,351,2.122088049212073,0.002418800636573959,0.004616975784301758
468,351,2.128661935485666,-0.006573886273593121,0.005138397216796875
469,351,2.1405131891582085,-0.011851253672542583,0.004673004150390625
470,351,2.142608555633458,-0.0020953664752494383,0.004858970642089844
471,351,2.1264744076633724,0.01613414797008561,0.004592418670654297
472,351,2.135632984998219,-0.009158577334846818,0.004990100860595703
473,351,2.1295616389000176,0.006071346098201591,0.004572153091430664
474,351,2.1419952479522792,-0.012433609052261652,0.004483938217163086
475,351,2.137133823840367,0.00486142411191226,0.004441738128662109
476,351,2.119464059161325,0.01766976467904202,0.004627704620361328
477,351,2.1299509771189458,-0.0104869179576208,0.004724979400634766
478,351,2.1229966209824607,0.006954356136485096,0.004907131195068359
479,351,2.133343905804843,-0.010347284822382452,0.0044994354248046875
480,351,2.1472534875244835,-0.013909581719640407,0.004575967788696289
481,351,2.126285042178597,0.02096844534588671,0.004372596740722656
482,351,2.1205607791911505,0.005724262987446327,0.005030155181884766
483,351,2.138767340244391,-0.018206561053240478,0.004681587219238281
484,351,2.1484689739694622,-0.009701633725071268,0.0046236515045166016
485,351,2.1373303187878383,0.011138655181623935,0.004642963409423828
486,351,2.1276403356481484,0.00968998313968994,0.004753589630126953
487,351,2.090624686999199,0.03701564864894946,0.004499912261962891
488,351,2.151598460314281,-0.060973773315081914,0.004687070846557617
489,351,2.0927362251825143,0.05886223513176647,0.0047566890716552734
490,351,2.1312834910857372,-0.03854726590322288,0.004415750503540039
491,351,2.1216103752114495,0.009673115874287763,0.0043163299560546875
492,351,2.1226048483128563,-0.0009944731014068786,0.004445075988769531
493,351,2.130099826388889,-0.007494978076032499,0.004611968994140625
494,351,2.1205282618856836,0.009571564503205288,0.004313468933105469
495,351,2.097564958099626,0.022963303786057487,0.004281282424926758
496,351,2.1202835995926814,-0.022718641493055358,0.004087209701538086
497,351,2.111972732761307,0.008310866831374497,0.004126310348510742
498,351,2.142566300525285,-0.030593567763978147,0.0043849945068359375
499,351,2.1173005280671298,0.02526577245815531,0.004446268081665039
500,351,2.1402876546919516,-0.02298712662482183,0.005033731460571289
501,351,2.10919189453125,0.03109576016070159,0.0044918060302734375
502,351,2.120055630675748,-0.01086373614449787,0.004213809967041016
503,351,2.126273913261218,-0.006218282585470192,0.004022836685180664
504,351,2.0949333169181803,0.03134059634303776,0.004075288772583008
505,351,2.1076607989449787,-0.012727482026798409,0.004456758499145508
506,351,2.1033377362112713,0.004323062733707417,0.004278898239135742
507,351,2.1153574886485043,-0.012019752437232967,0.004136085510253906
508,351,2.1466198347912213,-0.03126234614271706,0.009798526763916016
509,351,2.1210429743144585,0.025576860476762775,0.004606008529663086
510,351,2.08685302734375,0.03418994697070854,0.005178689956665039
511,351,2.1381625531405803,-0.051309525796830346,0.004472970962524414
512,351,2.1149848438056447,0.02317770933493568,0.0044858455657958984
513,351,2.0994820880074787,0.015502755798165957,0.004466056823730469
514,351,2.1365982446915064,-0.03711615668402768,0.004574298858642578
515,351,2.1045706115896547,0.03202763310185164,0.004781246185302734
516,351,2.113625898660078,-0.009055287070423468,0.005057811737060547
517,351,2.099627981158743,0.013997917501335166,0.0052525997161865234
518,351,2.115680748920495,-0.01605276776175213,0.0049092769622802734
519,351,2.094845328915153,0.020835420005341998,0.004803657531738281
520,351,2.1279507281094197,-0.03310539919426647,0.005049467086791992
521,351,2.0950148710158474,0.032935857093572274,0.004690885543823242
522,351,2.1009490184294872,-0.005934147413639845,0.00508570671081543
523,351,2.1307997309584223,-0.02985071252893512,0.004729270935058594
524,351,2.1272473457532053,0.003552385205217057,0.004827737808227539
525,351,2.116002096409811,0.011245249343394104,0.004633426666259766
526,351,2.114582116107995,0.001419980301816004,0.005097866058349609
527,351,2.1179256602230234,-0.0033435441150282408,0.004418134689331055
528,351,2.1012399352853453,0.01668572493767817,0.0046234130859375
529,351,2.108241937099359,-0.007002001814013781,0.004426002502441406
530,351,2.108939928886218,-0.0006979917868590313,0.004613399505615234
531,351,2.1162399770187856,-0.0073000481325675715,0.0044612884521484375
532,351,2.1309684036124468,-0.014728426593661137,0.0047168731689453125
533,351,2.109977874321136,0.020990529291310622,0.0047702789306640625
534,351,2.1218367791243766,-0.011858904803240478,0.004725217819213867
535,351,2.1046552956953346,0.01718148342904202,0.004668235778808594
536,351,2.1258790105836005,-0.02122371488826591,0.004792451858520508
537,351,2.1362713327435006,-0.010392322159900047,0.004489898681640625
538,351,2.120474877860132,0.01579645488336867,0.004545688629150391
539,351,2.133220966045673,-0.012746088185541016,0.00469517707824707
540,351,2.103435462017005,0.029785504028668086,0.004647493362426758
541,351,2.106166741786859,-0.0027312797698542113,0.0047266483306884766
542,351,2.098027155949519,0.008139585837339869,0.004750251770019531
543,351,2.1092692752849005,-0.011242119335381329,0.004886150360107422
544,351,2.1045333992721686,0.004735876012731843,0.0048961639404296875
545,351,2.113381758035078,-0.00884835876290957,0.004900693893432617
546,351,2.1001028729300213,0.013278885105056926,0.004904508590698242
547,351,2.0904248881543803,0.009677984775640969,0.004514455795288086
548,351,2.129019799735132,-0.03859491158075157,0.004532575607299805
549,351,2.0852753294159543,0.04374447031917761,0.004810333251953125
550,351,2.1322767469618054,-0.047001417545851076,0.005289793014526367
551,351,2.0951946725872506,0.037082074374554796,0.004607439041137695
552,351,2.071067353599092,0.024127318988158564,0.004883527755737305
553,351,2.074951171875,-0.003883818275908002,0.00487518310546875
554,351,2.0941868100071224,-0.019235638132122368,0.00491786003112793
555,351,2.1124778812767095,-0.018291071269587178,0.004730224609375
556,351,2.112323815326745,0.00015406594996436596,0.004581928253173828
557,351,2.1259287429331373,-0.013604927606392092,0.0057373046875
558,351,2.0671986636952457,0.05873007923789153,0.007678031921386719
559,351,2.116467076489049,-0.04926841279380323,0.005023956298828125
560,351,2.1017965550436255,0.014670521445423468,0.005124092102050781
561,351,2.0977110251402245,0.004085529903401053,0.005296945571899414
562,351,2.1052995556779734,-0.007588530537748994,0.005928754806518555
563,351,2.098872258112981,0.006427297564992607,0.005420684814453125
564,351,2.1131073606659543,-0.014235102552973444,0.006413936614990234
565,351,2.0986176841279383,0.014489676538016028,0.004863739013671875
566,351,2.1012887981882122,-0.0026711140602739825,0.004858493804931641
567,351,2.0752203525641026,0.026068445624109593,0.005017518997192383
568,351,2.1007179195045405,-0.02549756694043781,0.0049016475677490234
569,351,2.1131082301126245,-0.012390310608084043,0.004608869552612305
570,351,2.07721764545495,0.035890584657674474,0.009836196899414062
571,351,2.083996721142717,-0.006779075687767033,0.010120153427124023
572,351,2.094927578570157,-0.010930857427439822,0.009216070175170898
573,351,2.091378497262286,0.003549081307870683,0.005239009857177734
574,351,2.1103882531494835,-0.019009755887197333,0.013522863388061523
575,351,2.096133674991097,0.01425457815838671,0.0052318572998046875
576,351,2.1104901522992345,-0.014356477308137716,0.013289690017700195
577,351,2.0948896706953346,0.01560048160389993,0.005366086959838867
578,351,2.1230133143585292,-0.028123643663194642,0.013741016387939453
579,351,2.128131399127493,-0.005118084768963804,0.017380237579345703
580,351,2.0804645071002494,0.04766689202724361,0.005536317825317383
581,351,2.083304989371884,-0.0028404822716345812,0.014240503311157227
582,351,2.0820343800080128,0.0012706093638712446,0.02833390235900879
583,351,2.1138968182425213,-0.03186243823450852,0.02856278419494629
584,351,2.0823204279625176,0.0315763902800037,0.028723478317260742
585,351,2.0928746410924144,-0.010554213129896794,0.029343366622924805
586,351,2.095341087406517,-0.002466446314102644,0.00748753547668457
587,351,2.1109549584891383,-0.015613871082621245,0.0055196285247802734
588,351,2.101356788917824,0.009598169571314319,0.005200862884521484
589,351,2.1115640928263,-0.010207303908476018,0.004586935043334961
590,351,2.1034043358262107,0.008159757000089307,0.004574298858642578
591,351,2.096462151943109,0.006942183883101638,0.004561662673950195
592,351,2.0904709688279026,0.005991183115206411,0.00465846061706543
593,351,2.108136038494925,-0.017665069667022415,0.004651069641113281
594,351,2.106022587528935,0.002113450965989916,0.0046520233154296875
595,351,2.0907867518585292,0.015235835670405873,0.004854679107666016
596,351,2.1309908353365383,-0.04020408347800908,0.0048809051513671875
597,351,2.111903177027689,0.01908765830884951,0.0047261714935302734
598,351,2.08293947399172,0.028963703035968624,0.0049190521240234375
599,351,2.0722597127626425,0.010679761229077656,0.005762577056884766
600,351,2.087684392249822,-0.015424679487179294,0.005693197250366211
601,351,2.1141113976807335,-0.0264270054309117,0.0048449039459228516
602,351,2.0778792943709936,0.036232103309739916,0.004896640777587891
603,351,2.1016868308738426,-0.023807536502848947,0.004567384719848633
604,351,2.090370634682158,0.011316196191684558,0.0045833587646484375
605,351,2.0700711416043447,0.020299493077813313,0.004909038543701172
606,351,2.0985910790598292,-0.028519937455484534,0.004767417907714844
607,351,2.1089578394876245,-0.010366760427795274,0.0062487125396728516
608,351,2.094539109797899,0.014418729689725573,0.005245685577392578
609,351,2.132560708244302,-0.03802159844640318,0.004962444305419922
610,351,2.085239855991809,0.04732085225249305,0.005045413970947266
611,351,2.1172803569043803,-0.03204050091257127,0.0050656795501708984
612,351,2.0650836477252494,0.052196709179130885,0.005530834197998047
613,351,2.1042322229456016,-0.0391485752203522,0.005368471145629883
614,351,2.056805298199341,0.047426924746260646,0.005211591720581055
615,351,2.073521279881143,-0.016715981681802106,0.004959583282470703
616,351,2.082110021868323,-0.008588741987179738,0.005919456481933594
617,351,2.0861357338408117,-0.00402571197248891,0.004936933517456055
618,351,2.1089533183649394,-0.022817584524127632,0.005013227462768555
619,351,2.0848246082621085,0.024128710102830908,0.004705905914306641
620,351,2.0861957256610575,-0.0013711173989490177,0.004734039306640625
621,351,2.072261103877315,0.013934621783742607,0.004850864410400391
622,351,2.0984046696937324,-0.026143565816417524,0.0050623416900634766
623,351,2.102072865195424,-0.003668195501691507,0.005189657211303711
624,351,2.1009777101696048,0.001095155025819139,0.005179882049560547
625,351,2.0883853401553596,0.01259237001424518,0.004997730255126953
626,351,2.105713586182336,-0.01732824602697658,0.005431175231933594
627,351,2.1051839192708335,0.0005296669115026909,0.005495548248291016
628,351,2.1095490632233798,-0.00436514395254628,0.005244016647338867
629,351,2.090432365395744,0.019116697827635587,0.004907369613647461
630,351,2.061119144798344,0.029313220597400047,0.005052804946899414
631,351,2.091205651264245,-0.030086506465901053,0.006173849105834961
632,351,2.079245195089922,0.011960456174323397,0.005688190460205078
633,351,2.0610368951433404,0.018208299946581352,0.005377054214477539
634,351,2.081836320056535,-0.020799424913194642,0.005269050598144531
635,351,2.0730966421274037,0.008739677929131329,0.00513911247253418
636,351,2.072379174735132,0.0007174673922718533,0.006345510482788086
637,351,2.1266456886574074,-0.05426651392227555,0.00553131103515625
638,351,2.1042073567708335,0.02243833188657396,0.00593876838684082
639,351,2.1086357964409723,-0.0044284396701388395,0.007512331008911133
640,351,2.0981897424768516,0.010446053964120683,0.005747318267822266
641,351,2.059531013510506,0.03865872896634581,0.005295515060424805
642,351,2.0941788110977564,-0.03464779758725056,0.005213737487792969
643,351,2.0718249894275287,0.022353821670227703,0.005041837692260742
644,351,2.0818105844350963,-0.009985595007567571,0.006412029266357422
645,351,2.0863284032229346,-0.004517818787838301,0.005162954330444336
646,351,2.0860654825498575,0.0002629206730770939,0.005733013153076172
647,351,2.0790347889957266,0.007030693554130885,0.0054187774658203125
648,351,2.1011248205462074,-0.022090031550480838,0.005835533142089844
649,351,2.075268346020299,0.025856474525908446,0.005277395248413086
650,351,2.089622736656428,-0.0143543906361292,0.005805253982543945
651,351,2.058788332164797,0.03083440449163133,0.005087137222290039
652,351,2.010489178518964,0.04829915364583304,0.005480051040649414
653,351,2.0792700612646904,-0.06878088274572658,0.0052337646484375
654,351,2.0975327885728277,-0.018262727308137272,0.004968404769897461
655,351,2.073711862591257,0.023820925981570706,0.004792690277099609
656,351,2.0476329836071048,0.026078878984152176,0.005042076110839844
657,351,2.046161184283743,0.0014717993233617221,0.00495600700378418
658,351,2.084865820034277,-0.03870463575053407,0.005030155181884766
659,351,2.075927212706998,0.008938607327279247,0.004709005355834961
660,351,2.0721334691061255,0.003793743600872368,0.005883216857910156
661,351,2.0703980535523505,0.0017354155537749882,0.006178855895996094
662,351,2.0518350193643164,0.018563034188034067,0.005510568618774414
663,351,2.067709550558672,-0.015874531194355335,0.0050547122955322266
664,351,2.064273497317931,0.0034360532407409217,0.0059168338775634766
665,351,2.0566760984241452,0.007597398893785634,0.0054607391357421875
666,351,2.079571411480591,-0.022895313056445765,0.00871896743774414
667,351,2.0703053705373042,0.009266040943286757,0.00575566291809082
668,351,2.0677352861801106,0.002570084357193636,0.005968570709228516
669,351,2.040988672153223,0.026746614026887716,0.005032777786254883
670,351,2.0534417568108974,-0.012453084657674474,0.005118370056152344
671,351,2.0916153345352564,-0.03817357772435903,0.0057218074798583984
672,351,2.0874522499888712,0.004163084546385143,0.005245685577392578
673,351,2.072745037893964,0.01470721209490744,0.00479435920715332
674,351,2.076465052417201,-0.003720014523237225,0.005022764205932617
675,351,2.0548860816194803,0.021578970797720753,0.005742549896240234
676,351,2.078059617610399,-0.023173535990918648,0.005309104919433594
677,351,2.078449129718661,-0.0003895121082622133,0.00553441047668457
678,351,2.0886856470352564,-0.01023651731659525,0.005322694778442383
679,351,2.094199503928508,-0.0055138568932515675,0.004895448684692383
680,351,2.0576585731615027,0.036540930767005264,0.005034923553466797
681,351,2.0811106798655628,-0.02345210670406006,0.005188941955566406
682,351,2.0675565279447117,0.013554151920851076,0.005115509033203125
683,351,2.0904347998464208,-0.022878271901709102,0.004899263381958008
684,351,2.0483111520098825,0.042123647836538325,0.005087614059448242
685,351,2.0708214740807516,-0.022510322070869115,0.004931926727294922
686,351,2.0701017461271367,0.0007197279536148571,0.0052144527435302734
687,351,2.0789845349781872,-0.008882788851050538,0.005188703536987305
688,351,2.085514079471599,-0.006529544493411699,0.00501561164855957
689,351,2.0637062703102744,0.02180780916132452,0.005014657974243164
690,351,2.0758195752092234,-0.012113304898949018,0.005487918853759766
691,351,2.0818693590300037,-0.006049783820780252,0.005423307418823242
692,351,2.053210831775285,0.028658527254718624,0.0052411556243896484
693,351,2.0361839359642095,0.017026895811075526,0.0056078433990478516
694,351,2.069751011340367,-0.03356707537615744,0.005204916000366211
695,351,2.0535340920472755,0.016216919293091436,0.005174398422241211
696,351,2.0839485537971867,-0.030414461749911137,0.00507807731628418
697,351,2.089068725238159,-0.005120171440972321,0.0057260990142822266
698,351,2.0798094659788995,0.009259259259259522,0.005348920822143555
699,351,2.0565034263154383,0.02330603966346123,0.005234956741333008
700,351,2.071419131721866,-0.014915705406427726,0.0056803226470947266
701,351,2.0636697535501245,0.007749378171741483,0.0047762393951416016
702,351,2.0571149951032766,0.006554758446847941,0.005997180938720703
703,351,2.0359425775685542,0.02117241753472232,0.007898807525634766
704,351,2.0773635386062144,-0.04142096103766013,0.005223512649536133
705,351,2.0654152546852744,0.01194828392093994,0.005110025405883789
706,351,2.0582510141225963,0.00716424056267817,0.005105018615722656
707,351,2.0832917737824963,-0.025040759659900047,0.004778861999511719
708,351,2.027317666599893,0.055974107182603206,0.004839181900024414
709,351,2.0398458714498755,-0.012528204849982405,0.0047190189361572266
710,351,2.065242060908565,-0.025396189458689378,0.004871845245361328
711,351,2.062517910601407,0.002724150307158002,0.005160093307495117
712,351,2.0515720986912394,0.010945811910167524,0.004832267761230469
713,351,2.039799790776353,0.011772307914886149,0.0046236515045166016
714,351,2.07602789463141,-0.036228103855056926,0.0048410892486572266
715,351,2.0586862591257122,0.017341635505697894,0.00479578971862793
716,351,2.04763750472979,0.011048754395922344,0.004882335662841797
717,351,2.0433949527577457,0.004242551972044151,0.004877328872680664
718,351,2.0806792604277957,-0.037284307670049976,0.004910945892333984
719,351,2.0612645162816063,0.019414744146189378,0.00460052490234375
720,351,2.057884281517094,0.0033802347645122133,0.004721164703369141
721,351,2.055824736244658,0.002059545272436125,0.004703521728515625
722,351,2.0636434962606836,-0.00781876001602555,0.0047473907470703125
723,351,2.0594232021233974,0.004220294137286196,0.005190372467041016
724,351,2.0831284916978277,-0.0237052895744303,0.005761861801147461
725,351,2.035565759381677,0.04756273231615049,0.004619121551513672
726,351,2.043674392917557,-0.008108633535879761,0.0051195621490478516
727,351,2.0308726601451212,0.012801732772435681,0.004728555679321289
728,351,2.0535653921274037,-0.0226927319822825,0.004661083221435547
729,351,2.059444938290153,-0.005879546162749438,0.004328489303588867
730,351,2.0587239931112,0.0007209451789531585,0.00448918342590332
731,351,2.050061000378383,0.00866299273281701,0.004402637481689453
732,351,2.0405212576233085,0.00953974275507452,0.004450559616088867
733,351,2.0617620136663106,-0.02124075604300213,0.004315376281738281
734,351,2.052978515625,0.008783498041310622,0.004922389984130859
735,351,2.0361042946492165,0.016874220975783505,0.004496097564697266
736,351,2.0183155896656872,0.017788704983529247,0.0046846866607666016
737,351,2.048728138632924,-0.030412548967236663,0.00475621223449707
738,351,2.0591894948584404,-0.010461356225516472,0.004711151123046875
739,351,2.041339233050659,0.017850261807781376,0.0047261714935302734
740,351,2.0283457003427707,0.012993532707888278,0.005354642868041992
741,351,2.0499335394965277,-0.02158783915375695,0.005372524261474609
742,351,2.0241236673121437,0.02580987218438402,0.005401134490966797
743,351,2.0573180978454415,-0.03319443053329785,0.005013942718505859
744,351,2.072262321102653,-0.014944223257211675,0.005189657211303711
745,351,2.0293476506855415,0.04291467041711172,0.005101442337036133
746,351,2.0387027229678596,-0.009355072282318133,0.005280494689941406
747,351,2.02887693225828,0.009825790709579785,0.00492548942565918
748,351,2.0188920328080484,0.0099848994502314,0.005004405975341797
749,351,2.050568235565794,-0.03167620275774574,0.005037069320678711
750,351,2.063533598201567,-0.012965362635772859,0.005215883255004883
751,351,2.038979207008992,0.024554391192574965,0.004968166351318359
752,351,2.060138235064993,-0.021159028056001006,0.005072116851806641
753,351,2.065044696514423,-0.004906461449429855,0.004983425140380859
754,351,2.0454019834513,0.01964271306312293,0.004891157150268555
755,351,2.075156013510506,-0.02975403005920585,0.004828453063964844
756,351,2.0325037420984686,0.0426522714120372,0.0050106048583984375
757,351,2.0255222592258724,0.006981482872596256,0.004837989807128906
758,351,2.048959063668536,-0.023436804442663828,0.004827737808227539
759,351,2.0431995011462787,0.005759562522257511,0.005153656005859375
760,351,2.0441341563167734,-0.0009346551704947359,0.005141496658325195
761,351,2.0474526603676995,-0.003318504050926041,0.0060002803802490234
762,351,2.059435896044783,-0.011983235677083481,0.004701852798461914
763,351,2.065630877459491,-0.0061949814147079785,0.004172086715698242
764,351,2.0297030804843303,0.035927796975160575,0.004144430160522461
765,351,2.0187541385661505,0.010948941918179855,0.004258632659912109
766,351,2.0638876368856836,-0.04513349831953306,0.0042989253997802734
767,351,2.047542908932069,0.016344727953614413,0.004137516021728516
768,351,2.03820713836583,0.009335770566239354,0.004141807556152344
769,351,2.0561457359553064,-0.01793859758947658,0.004098176956176758
770,351,2.0494890783587074,0.006656657596598947,0.004270076751708984
771,351,2.0354548179865564,0.014034260372151053,0.0044443607330322266
772,351,2.031018031628383,0.00443678635817335,0.004487037658691406
773,351,2.0739690449163106,-0.04295101328792761,0.0045435428619384766
774,351,2.040898249699519,0.03307079521679146,0.004837989807128906
775,351,2.0446791254896723,-0.003780875790153182,0.0044596195220947266
776,351,2.0063000105724713,0.03837911491720103,0.004700660705566406
777,351,2.0301958828570155,-0.02389587228454415,0.0044841766357421875
778,351,2.0406647163238962,-0.010468833466880767,0.005135774612426758
779,351,2.060149537871706,-0.019484821547809617,0.004585981369018555
780,351,2.037769111133369,0.022380426738336734,0.004571676254272461
781,351,2.059680906116453,-0.021911794983084043,0.004551887512207031
782,351,2.0379842122395835,0.021696693876869677,0.005127906799316406
783,351,2.022911136985844,0.015073075253739354,0.004770517349243164
784,351,2.0062123703481127,0.0166987666377314,0.004668712615966797
785,351,2.0346585787259617,-0.028446208377848947,0.004515886306762695
786,351,2.0406139406383548,-0.005955361912393098,0.004625558853149414
787,351,2.0504623369613606,-0.009848396323005826,0.004336357116699219
788,351,1.9977789115362357,0.05268342542512494,0.00397181510925293
789,351,2.0398418719951925,-0.042062960458956855,0.0038154125213623047
790,351,2.0436255300146904,-0.003783658019497871,0.0039441585540771484
791,351,2.0340911778289708,0.00953435218571963,0.004120826721191406
792,351,2.0242201758925393,0.009871001936431423,0.004707813262939453
793,351,2.0333011985844016,-0.009081022691862284,0.004782199859619141
794,351,2.0277572588363606,0.005543939748041016,0.0058057308197021484
795,351,2.030120240996706,-0.0023629821603452505,0.004323720932006836
796,351,2.0291473301727208,0.0009729108239850959,0.004426479339599609
797,351,2.0366607405181623,-0.007513410345441507,0.004172563552856445
798,351,2.049835465912126,-0.013174725393963804,0.0044519901275634766
799,351,2.0502818398326212,-0.00044637392049518,0.004517316818237305
800,351,2.0445607068531872,0.005721132979433996,0.005151033401489258
801,351,2.045388593972578,-0.0008278871193909687,0.004599809646606445
802,351,2.0247298455306266,0.02065874844195159,0.004651546478271484
803,351,2.0366529154981303,-0.011923069967503697,0.004541873931884766
804,351,2.0445394923544336,-0.007886576856303229,0.004627704620361328
805,351,1.9943560738848825,0.0501834184695511,0.005335569381713867
806,351,2.0100850597066415,-0.01572898582175908,0.0050411224365234375
807,351,2.0518294549056266,-0.041744395198985096,0.00500798225402832
808,351,2.047833478009259,0.003995976896367548,0.004968404769897461
809,351,2.0223195654714208,0.0255139125378383,0.004920244216918945
810,351,2.040233992443465,-0.01791442697204415,0.004825115203857422
811,351,2.00701904296875,0.03321494947471493,0.004748106002807617
812,351,2.0360354344729346,-0.029016391504184558,0.005048036575317383
813,351,2.0264383082376245,0.00959712623531006,0.0047495365142822266
814,351,2.059459544994213,-0.0330212367565883,0.004538059234619141
815,351,2.0315386562945155,0.027920888699697333,0.004232645034790039
816,351,2.0210439133168627,0.010494742977652738,0.004346609115600586
817,351,2.059627695980235,-0.03858378266337237,0.004153728485107422
818,351,2.019344840633903,0.040282855346331914,0.0042188167572021484
819,351,2.0180775351673788,0.0012673054665244265,0.004258155822753906
820,351,2.024388152989227,-0.0063106178218483855,0.0039141178131103516
821,351,2.038189227764423,-0.013801074775195765,0.004308938980102539
822,351,2.043139335436699,-0.004950107672275994,0.004724740982055664
823,351,2.0108103521189458,0.032328983317753135,0.0042247772216796875
824,351,2.0173553727630877,-0.0065450206441419745,0.004216194152832031
825,351,2.048400531127582,-0.031045158364494174,0.004065752029418945
826,351,1.9984878583511396,0.04991267277644229,0.003999471664428711
827,351,2.0076648679553952,-0.009177009604255604,0.003962039947509766
828,351,2.0240061181223292,-0.016341250166933996,0.00421595573425293
829,351,2.0081493236400463,0.015856794482282943,0.004094600677490234
830,351,2.0560198400774574,-0.04787051643741114,0.0039670467376708984
831,351,2.0138010747751958,0.04221876530226165,0.003931760787963867
832,351,2.014159808471332,-0.0003587336961361487,0.00396418571472168
833,351,2.0176193367721686,-0.003459528300836734,0.0038776397705078125
834,351,2.028377522090901,-0.010758185318732405,0.003824472427368164
835,351,2.0436992590923255,-0.015321737001424474,0.00383758544921875
836,351,2.0560885263644053,-0.012389267272079785,0.004037141799926758
837,351,2.022777937755965,0.033310588608440383,0.003998279571533203
838,351,2.0292341009504096,-0.006456163194444642,0.0038323402404785156
839,351,2.0376861659210292,-0.008452064970619677,0.0038640499114990234
840,351,2.0202179389801462,0.017468226940883014,0.003768444061279297
841,351,2.0092331758591526,0.010984763120993613,0.003897428512573242
842,351,2.004603372340189,0.004629803518963804,0.0038557052612304688
843,351,2.042894847033031,-0.038291474692842,0.0037987232208251953
844,351,2.0149708283253207,0.027924018707710108,0.0037860870361328125
845,351,2.0167328489472043,-0.0017620206218835754,0.004145622253417969
846,351,2.0062671454883367,0.010465703458867548,0.004172325134277344
847,351,2.013545805232817,-0.007278659744480276,0.0037755966186523438
848,351,2.017852522369124,-0.004306717136306926,0.0038459300994873047
849,351,2.0010709844083867,0.016781537960737225,0.0038857460021972656
850,351,2.029156894086093,-0.02808590967770641,0.004183292388916016
851,351,2.0363569558515846,-0.007200061765491483,0.003945589065551758
852,351,2.0139714863225606,0.022385469529023982,0.003912925720214844
853,351,2.0458118406116452,-0.031840354289084605,0.0038292407989501953
854,351,2.0237270257411857,0.022084814870459546,0.003911018371582031
855,351,2.0318234870236824,-0.008096461282496747,0.003923177719116211
856,351,1.9915075927038817,0.04031589431980076,0.004251718521118164
857,351,2.0246300330528846,-0.03312244034900291,0.004303455352783203
858,351,2.01456462284099,0.010065410211894665,0.0045223236083984375
859,351,2.038783581508191,-0.02421895866720103,0.0044133663177490234
860,351,2.0537589309561968,-0.014975349448005826,0.004520416259765625
861,351,2.0183235885750532,0.03543534238114354,0.004309415817260742
862,351,2.0346514492632655,-0.016327860688212237,0.004289388656616211
863,351,2.0613613726406697,-0.026709923377404188,0.00406646728515625
864,351,2.0179165136440527,0.043444858996616986,0.004034280776977539
865,351,2.0223762533943197,-0.004459739750267033,0.00390625
866,351,2.0382554796006946,-0.01587922620637494,0.00409388542175293
867,351,2.0399759406717415,-0.0017204610710468415,0.003915309906005859
868,351,2.0503698278356484,-0.010393887163906879,0.004102230072021484
869,351,1.981586858417913,0.06878296941773532,0.0041046142578125
870,351,2.0033376318776708,-0.021750773459757733,0.004375457763671875
871,351,1.9796328639712428,0.023704767906427948,0.004145622253417969
872,351,2.0109717214209404,-0.031338857449697555,0.00417017936706543
873,351,1.983989313457087,0.026982407963853428,0.00428462028503418
874,351,2.044690080517717,-0.0607007670606301,0.004656791687011719
875,351,1.9881734386128918,0.056516641904825304,0.0046880245208740234
876,351,1.9751976426170763,0.012975795995815442,0.004477739334106445
877,351,1.9973010636462785,-0.022103421029202153,0.0043642520904541016
878,351,1.9886565031828705,0.008644560463408002,0.004427194595336914
879,351,2.0348185569132835,-0.046162053730413044,0.0041828155517578125
880,351,2.0111824752938032,0.023636081619480276,0.004270076751708984
881,351,2.0403548455306266,-0.029172370236823397,0.0044956207275390625
882,351,2.0216926944221867,0.01866215110843994,0.004451751708984375
883,351,2.005584108184206,0.016108586237980838,0.004404544830322266
884,351,1.9971518665976673,0.008432241586538547,0.004452228546142578
885,351,2.0065768423922723,-0.009424975794604995,0.0044133663177490234
886,351,2.009601647357995,-0.0030248049657228826,0.004579782485961914
887,351,2.006725169994213,0.0028764773637823815,0.004543781280517578
888,351,2.001727416644409,0.004997753349803791,0.0045773983001708984
889,351,2.0193676201366633,-0.01764020349225426,0.004535198211669922
890,351,2.002733888109865,0.01663373202679841,0.0043637752532958984
891,351,2.01629638671875,-0.013562498608885143,0.004048347473144531
892,351,1.997161952179042,0.01913443453970798,0.004060268402099609
893,351,2.0438512383702814,-0.046689286191239354,0.003859996795654297
894,351,1.9655314823161503,0.0783197560541311,0.004042148590087891
895,351,2.010944246906161,-0.04541276459001087,0.0038924217224121094
896,351,1.9849538775930378,0.025990369313123374,0.004113674163818359
897,351,1.9866727736600784,-0.001718896067040676,0.00409698486328125
898,351,2.024116885628116,-0.03744411196803754,0.004369258880615234
899,351,1.9975977188501604,0.026519166777955627,0.004431724548339844
900,351,2.0214395115518164,-0.023841792701656095,0.004696369171142578
901,351,1.9944856214387465,0.026953890113069923,0.004395246505737305
902,351,1.9974874730123753,-0.0030018515736287554,0.004427433013916016
903,351,2.0208888040308937,-0.02340133101851838,0.005003213882446289
904,351,1.9943004292979878,0.026588374732905873,0.005960226058959961
905,351,2.0098930858818553,-0.015592656583867548,0.004861116409301758
906,351,2.0106797612290777,-0.0007866753472223209,0.004129648208618164
907,351,1.9731760052194622,0.03750375600961542,0.00395512580871582
908,351,2.001919216579861,-0.028743211360398924,0.004096269607543945
909,351,2.0040298853165064,-0.002110668736645227,0.004074573516845703
910,351,1.9580278097734152,0.046002075543091214,0.003992319107055664
911,351,1.9947991439080306,-0.03677133413461542,0.003968715667724609
912,351,1.9765597177706553,0.01823942613737528,0.0043604373931884766
913,351,1.9794127200743412,-0.002853002303685903,0.004364728927612305
914,351,1.9904816456330128,-0.01106892555867156,0.00461888313293457
915,351,1.9712039262820513,0.019277719350961453,0.0047070980072021484
916,351,2.0040693581953346,-0.03286543191328328,0.004397392272949219
917,351,1.9958184831842058,0.008250875011128755,0.004286289215087891
918,351,2.044250314391916,-0.04843183120771011,0.004873037338256836
919,351,2.013432081608351,0.03081823278356488,0.004726886749267578
920,351,1.992706559662126,0.020725521946225012,0.004732370376586914
921,351,1.9955731253338675,-0.0028665656717414834,0.00439000129699707
922,351,1.9907322201633726,0.004840905170494958,0.0043866634368896484
923,351,2.038037422375801,-0.04730520221242851,0.005016326904296875
924,351,2.0070364319021547,0.03100099047364635,0.0052258968353271484
925,351,2.0008092809606484,0.0062271509415063875,0.005557537078857422
926,351,2.024226262019231,-0.023416981058582476,0.005364179611206055
927,351,1.9873370309161325,0.036889231103098385,0.004719972610473633
928,351,1.9872756479812144,6.138293491808611e-05,0.004468441009521484
929,351,1.9828769433871973,0.004398704594017033,0.004372358322143555
930,351,1.9868435329861112,-0.003966589598913828,0.004727363586425781
931,351,1.995090582431891,-0.008247049445779808,0.004788398742675781
932,351,2.0041434350516383,-0.00905285261974731,0.00486445426940918
933,351,2.001590739627849,0.0025526954237893307,0.004831075668334961
934,351,1.9842781436409367,0.01731259598691226,0.004418849945068359
935,351,2.0089479973513176,-0.024669853710380885,0.004239797592163086
936,351,2.020053265780805,-0.011105268429487225,0.004447460174560547
937,351,2.025962199241008,-0.0059089334602031585,0.005166053771972656
938,351,1.9658895204549502,0.06007267878605771,0.0050847530364990234
939,351,2.0151824516448538,-0.04929293118990352,0.004988431930541992
940,351,1.9888027441128027,0.0263797075320511,0.005225658416748047
941,351,1.9818984681045229,0.006904276008279808,0.004784822463989258
942,351,2.0083023462540064,-0.02640387814948353,0.0049440860748291016
943,351,1.9986424459691061,0.009659900284900269,0.004729032516479492
944,351,1.9871040192085114,0.011538426760594689,0.005381107330322266
945,351,1.968113043369391,0.01899097583912046,0.0052835941314697266
946,351,2.0221667167467947,-0.054053673377403744,0.0051021575927734375
947,351,1.9779616135817308,0.044205103165063875,0.005183219909667969
948,351,1.991848068019943,-0.013886454438212237,0.00504755973815918
949,351,1.9940349002849003,-0.0021868322649571947,0.004561185836791992
950,351,2.0057915581597223,-0.011756657874822052,0.004873514175415039
951,351,2.0170303735977564,-0.011238815438034067,0.0046923160552978516
952,351,1.9823681431957798,0.03466223040197658,0.0046727657318115234
953,351,2.0072730952857905,-0.024904952090010646,0.004548072814941406
954,351,1.9819158570379274,0.025357238247863068,0.004858970642089844
955,351,1.9891145276887465,-0.007198670650819139,0.004636049270629883
956,351,2.0069039282296117,-0.017789400540865197,0.0048656463623046875
957,351,2.0098633508057335,-0.0029594225761218063,0.004534244537353516
958,351,1.9936153053218484,0.016248045483885143,0.007017612457275391
959,351,1.9869812533386753,0.006634051983173128,0.01164698600769043
960,351,1.9779588313523861,0.009022421986289109,0.006283283233642578
961,351,1.965301600616542,0.012657230735844127,0.005306243896484375
962,351,1.9722889957264957,-0.00698739510995372,0.005300760269165039
963,351,1.995533478565705,-0.023244482839209324,0.005209684371948242
964,351,1.9693464404157763,0.026187038149928732,0.005880832672119141
965,351,2.0120946987402064,-0.04274825832443008,0.005233049392700195
966,351,1.9841553777711005,0.027939320969105896,0.0052564144134521484
967,351,1.9767816005608974,0.0073737772102031585,0.004942178726196289
968,351,2.0086880327969197,-0.0319064322360223,0.006183624267578125
969,351,1.9685983685007122,0.04008966429620742,0.004785776138305664
970,351,1.9690403951878561,-0.0004420266871438816,0.005423784255981445
971,351,1.9868350124087428,-0.01779461722088671,0.005067586898803711
972,351,2.006523110588052,-0.019688098179309277,0.005702495574951172
973,351,1.9881890886529558,0.018334021935096256,0.005281209945678711
974,351,1.9624654655782585,0.025723623074697333,0.005008697509765625
975,351,1.9990161341479702,-0.036550668569711675,0.005978822708129883
976,351,1.9972927169582444,0.0017234171897257955,0.005117893218994141
977,351,1.9917374744034901,0.005555242554754258,0.0053539276123046875
978,351,1.9870094234107907,0.004728050992699462,0.005582332611083984
979,351,2.018375581485933,-0.031366158075142314,0.004960060119628906
980,351,1.9792640446937322,0.03911153679220081,0.0051784515380859375
981,351,2.002855784533031,-0.02359173983929863,0.004892587661743164
982,351,1.9871627938034189,0.015692990729611944,0.004851341247558594
983,351,1.9989354494969729,-0.011772655693554013,0.0047185420989990234
984,351,1.9917216504740918,0.007213799022881107,0.0052182674407958984
985,351,1.9730688893896902,0.018652761084401615,0.004817962646484375
986,351,1.966243906917735,0.006824982471955066,0.0051996707916259766
987,351,1.981964024383458,-0.015720117465722883,0.004673004150390625
988,351,1.9784598065237713,0.003504217859686687,0.005013227462768555
989,351,1.968379963497151,0.010079843026620239,0.004431486129760742
990,351,1.9868419679821048,-0.01846200448495372,0.0045011043548583984
991,351,1.9877538436498396,-0.0009118756677348738,0.004709005355834961
992,351,1.9955701692151888,-0.00781632556534917,0.0047490596771240234
993,351,1.9651541424612713,0.030416026753917524,0.00511479377746582
994,351,1.9613266643295941,0.0038274781316771644,0.004625082015991211
995,351,1.985706470630787,-0.024379806301192852,0.004546642303466797
996,351,1.98672441879229,-0.001017948161502913,0.004245281219482422
