0,121,2.25677944215,Nan,0.0169999599457
1,121,2.09814982769,0.15862961446,0.0139999389648
2,121,1.80047102999,0.297678797698,0.0130000114441
3,121,1.71308634104,0.0873846889527,0.0139999389648
4,121,2.0930192175,-0.379932876461,0.0139999389648
5,121,1.76270439211,0.330314825389,0.0160000324249
6,121,1.63115698444,0.13154740767,0.0160000324249
7,121,1.52003062855,0.111126355888,0.0150001049042
8,121,1.23831996445,0.281710664103,0.0130000114441
9,121,1.2940205976,-0.0557006331515,0.0139999389648
10,121,1.00041980586,0.293600791742,0.0130000114441
11,121,0.820720136658,0.1796996692,0.0139999389648
12,121,0.715766843685,0.104953292973,0.0130000114441
13,121,0.86372589868,-0.147959054994,0.0130000114441
14,121,0.774823212427,0.0889026862531,0.0139999389648
15,121,0.858498376263,-0.0836751638365,0.0140001773834
16,121,0.729908903768,0.128589472495,0.0130000114441
17,121,0.607542242886,0.122366660883,0.0129997730255
18,121,0.82309735511,-0.215555112224,0.0140001773834
19,121,1.09821628539,-0.275118930281,0.0130000114441
20,121,1.1793265855,-0.0811103001114,0.0139999389648
21,121,1.04685179655,0.13247478895,0.0139999389648
22,121,0.802532353677,0.244319442875,0.0190000534058
23,121,0.82346539458,-0.0209330409026,0.0139999389648
24,121,0.685490001332,0.137975393248,0.0130000114441
25,121,0.466134094995,0.219355906337,0.0139999389648
26,121,0.599024685946,-0.132890590951,0.0130000114441
27,121,0.624522816051,-0.0254981301048,0.0130000114441
28,121,0.552152901642,0.0723699144095,0.0130000114441
29,121,0.683004395036,-0.130851493394,0.0140001773834
30,121,0.67245231187,0.0105520831652,0.0130000114441
31,121,0.430578688945,0.241873622926,0.0129997730255
32,121,0.471653552095,-0.0410748631501,0.0130000114441
33,121,0.343838305513,0.127815246582,0.0130000114441
34,121,0.36731505591,-0.0234767503975,0.0140001773834
35,121,0.344835360188,0.0224796957221,0.0139999389648
36,121,0.346098813144,-0.00126345295551,0.0130000114441
37,121,0.339406604609,0.00669220853443,0.0130000114441
38,121,0.296434134491,0.042972470118,0.0130000114441
39,121,0.469638792936,-0.173204658445,0.0130000114441
40,121,0.427515203303,0.0421235896339,0.0139999389648
41,121,0.409464497212,0.018050706091,0.0130000114441
42,121,0.683483155306,-0.274018658094,0.0130000114441
43,121,0.580220624435,0.103262530871,0.0139999389648
44,121,0.264823661363,0.315396963072,0.0139999389648
45,121,0.34895545392,-0.0841317925571,0.0170001983643
46,121,0.323174279583,0.0257811743366,0.0199999809265
47,121,0.327376058279,-0.0042017786956,0.0169999599457
48,121,0.377430813372,-0.0500547550927,0.0149998664856
49,121,0.515505357222,-0.13807454385,0.0140001773834
50,121,0.282744100271,0.232761256951,0.0130000114441
51,121,0.332116907293,-0.049372807022,0.0139999389648
52,121,0.326863753894,0.005253153399,0.0130000114441
53,121,0.408916694074,-0.0820529401795,0.0130000114441
54,121,0.376305004782,0.0326116892917,0.0139999389648
55,121,0.362640790703,0.013664214079,0.0130000114441
56,121,0.402649493257,-0.040008702554,0.0139999389648
57,121,0.372576437706,0.0300730555511,0.0130000114441
58,121,0.397413269547,-0.0248368318416,0.0139999389648
59,121,0.257183737006,0.140229532541,0.0140001773834
60,121,0.343409766836,-0.0862260298295,0.0130000114441
61,121,0.3209967495,0.022413017336,0.0139999389648
62,121,0.19004560108,0.130951148419,0.0130000114441
63,121,0.350169315811,-0.160123714731,0.0139999389648
64,121,0.418345553816,-0.0681762380048,0.0139999389648
65,121,0.338700255087,0.0796452987293,0.0130000114441
66,121,0.205582137935,0.133118117151,0.0140001773834
67,121,0.25637440642,-0.0507922684851,0.0129997730255
68,121,0.444611509969,-0.188237103549,0.0140001773834
69,121,0.34992460771,0.094686902259,0.0130000114441
70,121,0.363439733332,-0.0135151256214,0.0139999389648
71,121,0.2928701984,0.0705695349323,0.0169999599457
72,121,0.257803294284,0.0350669041153,0.0130000114441
73,121,0.345309864391,-0.0875065701067,0.0130000114441
74,121,0.44245942171,-0.0971495573186,0.0130000114441
75,121,0.308089264168,0.134370157541,0.0140001773834
76,121,0.275922759505,0.0321665046629,0.0139999389648
77,121,0.215082452317,0.0608403071884,0.0130000114441
78,121,0.223507384623,-0.00842493230646,0.0139999389648
79,121,0.359431842142,-0.135924457519,0.0130000114441
80,121,0.486841564336,-0.127409722194,0.0139999389648
81,121,0.279762047381,0.207079516955,0.0139999389648
82,121,0.28628461223,-0.00652256484859,0.0170001983643
83,121,0.289071831821,-0.00278721959138,0.0149998664856
84,121,0.274027611598,0.0150442202229,0.0150001049042
85,121,0.263173000872,0.0108546107269,0.0209999084473
86,121,0.366391016432,-0.10321801556,0.0169999599457
87,121,0.376380794304,-0.00998977787239,0.0230000019073
88,121,0.414448162741,-0.0380673684365,0.0169999599457
89,121,0.329626572034,0.0848215907073,0.0140001773834
90,121,0.33954878878,-0.00992221674643,0.0139999389648
91,121,0.335757799385,0.00379098939502,0.0150001049042
92,121,0.265070986157,0.0706868132284,0.0139999389648
93,121,0.252887095302,0.012183890855,0.0149998664856
94,121,0.278812376921,-0.0259252816192,0.0130000114441
95,121,0.280097929899,-0.00128555297852,0.0140001773834
96,121,0.196513120793,0.0835848091062,0.0149998664856
97,121,0.231450136043,-0.0349370152497,0.018000125885
98,121,0.349755058604,-0.118304922561,0.0139999389648
99,121,0.360839433906,-0.0110843753027,0.0149998664856
100,121,0.293563464456,0.0672759694501,0.0140001773834
101,121,0.334744760813,-0.0411812963565,0.0130000114441
102,121,0.293180512988,0.0415642478249,0.0130000114441
103,121,0.149299842267,0.143880670721,0.0130000114441
104,121,0.236414460111,-0.0871146178443,0.0129997730255
105,121,0.281544898167,-0.0451304380559,0.0140001773834
106,121,0.14291980838,0.138625089787,0.0130000114441
107,121,0.161457046004,-0.0185372376245,0.0139999389648
108,121,0.394976182417,-0.233519136413,0.0120000839233
109,121,0.215628553028,0.179347629389,0.0139999389648
110,121,0.25209412693,-0.036465573902,0.0130000114441
111,121,0.12878772641,0.12330640052,0.0130000114441
112,121,0.27837910928,-0.14959138287,0.0130000114441
113,121,0.403512339947,-0.125133230666,0.0130000114441
114,121,0.294401436798,0.109110903149,0.0130000114441
115,121,0.345671976893,-0.0512705400956,0.0139999389648
116,121,0.293735314992,0.0519366619016,0.0130000114441
117,121,0.19147972233,0.102255592661,0.0130000114441
118,121,0.209304935676,-0.0178252133456,0.0169999599457
119,121,0.249302935009,-0.0399979993332,0.0149998664856
120,121,0.170317925698,0.0789850093116,0.0140001773834
121,121,0.155736450321,0.0145814753761,0.0130000114441
122,121,0.198103140208,-0.0423666898869,0.0139999389648
123,121,0.173123887748,0.0249792524606,0.0130000114441
124,121,0.239041147153,-0.0659172594055,0.0130000114441
125,121,0.370997972725,-0.131956825572,0.0139999389648
126,121,0.279654668382,0.0913433043425,0.0130000114441
127,121,0.259492290907,0.0201623774757,0.0140001773834
128,121,0.253667926,0.0058243649065,0.0149998664856
129,121,0.343127069394,-0.0894591433943,0.0130000114441
130,121,0.263991348014,0.0791357213801,0.0130000114441
131,121,0.295910543647,-0.0319191956323,0.0140001773834
132,121,0.371199615731,-0.075289072084,0.0139999389648
133,121,0.301281731976,0.0699178837548,0.0130000114441
134,121,0.238725993259,0.0625557387171,0.0139999389648
135,121,0.25320653679,-0.0144805435307,0.0150001049042
136,121,0.298906342057,-0.0456998052676,0.0179998874664
137,121,0.181926380504,0.116979961553,0.0210001468658
138,121,0.297167123842,-0.115240743338,0.0149998664856
139,121,0.223344030459,0.0738230933828,0.0160000324249
140,121,0.203492251309,0.0198517791496,0.0179998874664
141,121,0.262585332571,-0.0590930812615,0.0130000114441
142,121,0.164486877189,0.0980984553818,0.0130000114441
143,121,0.209033004509,-0.0445461273193,0.0160000324249
144,121,0.188125168982,0.0209078355269,0.0130000114441
145,121,0.189307835476,-0.00118266649483,0.0130000114441
146,121,0.126043910823,0.0632639246539,0.0130000114441
147,121,0.179733591631,-0.0536896808088,0.0130000114441
148,121,0.265870117944,-0.0861365263127,0.0139999389648
149,121,0.156281810161,0.109588307783,0.0130000114441
150,121,0.17295791689,-0.0166761067288,0.0130000114441
151,121,0.195170993647,-0.022213076757,0.0130000114441
152,121,0.169740014825,0.0254309788223,0.0130000114441
153,121,0.165847273898,0.00389274092745,0.0130000114441
154,121,0.291027037565,-0.125179763668,0.0130000114441
155,121,0.191184682294,0.099842355271,0.0139999389648
156,121,0.157406594142,0.0337780881519,0.0169999599457
157,121,0.141534647666,0.0158719464767,0.0140001773834
158,121,0.112063053226,0.0294715944401,0.0139999389648
159,121,0.248807308102,-0.136744254877,0.0139999389648
160,121,0.172574650158,0.0762326579449,0.0130000114441
161,121,0.134292145406,0.0382825047517,0.0139999389648
162,121,0.230741485091,-0.0964493396854,0.0130000114441
163,121,0.185482907886,0.0452585772049,0.0130000114441
164,121,0.137355946312,0.0481269615741,0.0140001773834
165,121,0.284956404,-0.147600457688,0.0129997730255
166,121,0.146878707507,0.138077696493,0.0130000114441
167,121,0.129094462749,0.017784244758,0.0130000114441
168,121,0.114552616088,0.0145418466615,0.0139999389648
169,121,0.120733001015,-0.00618038492754,0.0130000114441
170,121,0.219384500803,-0.0986514997876,0.0139999389648
171,121,0.164146612498,0.0552378883047,0.0130000114441
172,121,0.158138937201,0.006007675297,0.0139999389648
173,121,0.244288231716,-0.0861492945143,0.0130000114441
174,121,0.221635944587,0.0226522871285,0.0130000114441
175,121,0.192881970366,0.028753974221,0.0140001773834
176,121,0.149285923351,0.0435960470152,0.0129997730255
177,121,0.314257850332,-0.164971926981,0.0140001773834
178,121,0.200723600782,0.11353424955,0.0130000114441
179,121,0.351977545368,-0.151253944586,0.0139999389648
180,121,0.357739472192,-0.0057619268244,0.0130000114441
181,121,0.142857890484,0.214881581708,0.0139999389648
182,121,0.195098388294,-0.0522404978098,0.0130000114441
183,121,0.213688479967,-0.0185900916738,0.0139999389648
184,121,0.169338368187,0.0443501117801,0.0130000114441
185,121,0.123846369341,0.0454919988459,0.0130000114441
186,121,0.201462595916,-0.0776162265746,0.0150001049042
187,121,0.140323433994,0.0611391619217,0.0130000114441
188,121,0.180894441841,-0.0405710078468,0.0139999389648
189,121,0.0662964592295,0.114597982612,0.0130000114441
190,121,0.24086370547,-0.17456724624,0.0130000114441
191,121,0.173888576917,0.0669751285521,0.0139999389648
192,121,0.134779338994,0.0391092379231,0.0130000114441
193,121,0.202055276918,-0.0672759379237,0.0139999389648
194,121,0.206614738654,-0.0045594617355,0.0130000114441
195,121,0.18568444055,0.0209302981038,0.0169999599457
196,121,0.218164239048,-0.0324797984982,0.0150001049042
197,121,0.22129996749,-0.00313572844198,0.0139999389648
198,121,0.206077181603,0.0152227858867,0.0140001773834
199,121,0.195436651056,0.0106405305468,0.0130000114441
200,121,0.131665284969,0.0637713660879,0.0139999389648
201,121,0.262435219505,-0.130769934536,0.0139999389648
202,121,0.258236798373,0.00419842113148,0.0130000114441
203,121,0.212820793972,0.0454160044016,0.0130000114441
204,121,0.0838090092683,0.129011784703,0.0139999389648
205,121,0.133797574634,-0.0499885653661,0.0130000114441
206,121,0.173667482108,-0.0398699074737,0.0130000114441
207,121,0.218843538899,-0.0451760567909,0.0139999389648
208,121,0.164188637221,0.0546549016779,0.0130000114441
209,121,0.215210402307,-0.0510217650863,0.0130000114441
210,121,0.194051411526,0.0211589907812,0.0130000114441
211,121,0.25318145752,-0.0591300459933,0.0130000114441
212,121,0.124362173159,0.12881928436,0.0139999389648
213,121,0.254526548149,-0.13016437499,0.0130000114441
214,121,0.170745156028,0.0837813921211,0.0130000114441
215,121,0.139260158066,0.0314849979621,0.0140001773834
216,121,0.123849498339,0.015410659727,0.0139999389648
217,121,0.167513114362,-0.0436636160228,0.0139999389648
218,121,0.137045206117,0.0304679082445,0.0130000114441
219,121,0.130538593639,0.00650661247821,0.0139999389648
220,121,0.106375008575,0.0241635850638,0.0130000114441
221,121,0.140219932745,-0.0338449241701,0.0140001773834
222,121,0.149290163655,-0.00907023090962,0.0139999389648
223,121,0.16681491442,-0.0175247507647,0.0139999389648
224,121,0.0995907586468,0.0672241557728,0.0130000114441
225,121,0.0574049713198,0.042185787327,0.0139999389648
226,121,0.068765955523,-0.0113609842032,0.0130000114441
227,121,0.209869873425,-0.141103917902,0.0130000114441
228,121,0.140285807208,0.0695840662176,0.0139999389648
229,121,0.16591835022,-0.0256325430121,0.0130000114441
230,121,0.10535419874,0.0605641514802,0.0130000114441
231,121,0.149822440029,-0.0444682412896,0.0140001773834
232,121,0.132637922429,0.0171845176003,0.0129997730255
233,121,0.147786747326,-0.0151488248967,0.0130000114441
234,121,0.20774308512,-0.0599563377948,0.0160000324249
235,121,0.152945888929,0.0547971961912,0.0160000324249
236,121,0.266103192794,-0.113157303865,0.0139999389648
237,121,0.116304082319,0.149799110476,0.0140001773834
238,121,0.187731340897,-0.0714272585782,0.0130000114441
239,121,0.145140986797,0.0425903540997,0.0130000114441
240,121,0.173062710723,-0.0279217239254,0.0130000114441
241,121,0.123677427118,0.0493852836041,0.0139999389648
242,121,0.14764826751,-0.023970840391,0.0130000114441
243,121,0.195989908266,-0.0483416407561,0.0149998664856
244,121,0.127025210168,0.0689646980979,0.0160000324249
245,121,0.155367039452,-0.0283418292842,0.0130000114441
246,121,0.146294349481,0.00907268997066,0.0139999389648
247,121,0.117255455206,0.029038894275,0.0130000114441
248,121,0.146664863776,-0.0294094085693,0.0140001773834
249,121,0.18827852927,-0.0416136654941,0.0130000114441
250,121,0.218562338963,-0.0302838096934,0.0159997940063
251,121,0.101620035723,0.11694230324,0.0140001773834
252,121,0.151425164593,-0.0498051288699,0.0130000114441
253,121,0.100294538766,0.0511306258273,0.0139999389648
254,121,0.168694393694,-0.068399854928,0.0130000114441
255,121,0.0866656263998,0.0820287672941,0.0139999389648
256,121,0.0881990322397,-0.0015334058399,0.0130000114441
257,121,0.171769890903,-0.0835708586638,0.0139999389648
258,121,0.0804321982644,0.0913376926391,0.0130000114441
259,121,0.124078017621,-0.0436458193566,0.0139999389648
260,121,0.0860181918814,0.0380598257396,0.0130000114441
261,121,0.140686807554,-0.0546686156722,0.0140001773834
262,121,0.0628081195611,0.0778786879926,0.0130000114441
263,121,0.118700791982,-0.0558926724205,0.0130000114441
264,121,0.160497807274,-0.0417970152926,0.0139999389648
265,121,0.113675038677,0.0468227685976,0.0130000114441
266,121,0.081212887094,0.0324621515826,0.0130000114441
267,121,0.18094685452,-0.0997339674264,0.0139999389648
268,121,0.154481761712,0.0264650928087,0.0130000114441
269,121,0.171172906545,-0.0166911448329,0.0130000114441
270,121,0.0861415941853,0.0850313123593,0.0130000114441
271,121,0.140378825921,-0.0542372317354,0.0139999389648
272,121,0.133892106616,0.00648671930487,0.0160000324249
273,121,0.139987977083,-0.00609587046726,0.0169999599457
274,121,0.173025210042,-0.0330372329586,0.0139999389648
275,121,0.207162998925,-0.0341377888829,0.0139999389648
276,121,0.109548702713,0.0976142962117,0.0130000114441
277,121,0.0957500205552,0.0137986821577,0.0139999389648
278,121,0.105053468184,-0.00930344762881,0.0130000114441
279,121,0.124271077558,-0.019217609374,0.0140001773834
280,121,0.198594589864,-0.0743235123059,0.0130000114441
281,121,0.0837685845115,0.114826005352,0.0130000114441
282,121,0.19123491965,-0.107466335139,0.0149998664856
283,121,0.101665102746,0.0895698169046,0.0130000114441
284,121,0.1347672959,-0.0331021931546,0.0140001773834
285,121,0.0946735981082,0.0400936977922,0.0130000114441
286,121,0.0676282378268,0.0270453602814,0.0179998874664
287,121,0.107664494475,-0.0400362566483,0.0130000114441
288,121,0.134520680451,-0.0268561859761,0.0130000114441
289,121,0.122649358324,0.0118713221274,0.0139999389648
290,121,0.056345864761,0.0663034935628,0.0140001773834
291,121,0.0844197864375,-0.0280739216765,0.0129997730255
292,121,0.212584976322,-0.128165189885,0.0140001773834
293,121,0.113146119866,0.0994388564559,0.0130000114441
294,121,0.122332360134,-0.00918624026716,0.0139999389648
295,121,0.0963194508198,0.0260129093139,0.0130000114441
296,121,0.108262519206,-0.0119430683861,0.0139999389648
297,121,0.145202510613,-0.0369399914072,0.0139999389648
298,121,0.0905523694251,0.0546501411879,0.0130000114441
299,121,0.0898124442613,0.000739925163837,0.0130000114441
300,121,0.124997367544,-0.0351849232823,0.0140001773834
301,121,0.0914831634395,0.0335142041041,0.0130000114441
302,121,0.0516757649824,0.0398073984572,0.0139999389648
303,121,0.0718663428441,-0.0201905778617,0.0130000114441
304,121,0.0870763999371,-0.0152100570931,0.0130000114441
305,121,0.110465026099,-0.0233886261617,0.0139999389648
306,121,0.103177716909,0.00728730918947,0.0130000114441
307,121,0.09446036126,0.00871735564933,0.0130000114441
308,121,0.0959725340536,-0.00151217279355,0.0139999389648
309,121,0.126078897271,-0.0301063632177,0.0130000114441
310,121,0.167981849229,-0.0419029519578,0.0139999389648
311,121,0.129839826221,0.0381420230077,0.0190000534058
312,121,0.175359662899,-0.045519836678,0.0150001049042
313,121,0.178623167936,-0.00326350503717,0.0130000114441
314,121,0.116848543656,0.0617746242807,0.0139999389648
315,121,0.0570689824002,0.0597795612556,0.0130000114441
316,121,0.137944229378,-0.080875246978,0.0130000114441
317,121,0.0769163872585,0.0610278421197,0.0130000114441
318,121,0.203522910757,-0.126606523498,0.0130000114441
319,121,0.0552353504275,0.148287560329,0.0139999389648
320,121,0.104568733657,-0.0493333832292,0.0130000114441
321,121,0.099254513575,0.00531422008168,0.0169999599457
322,121,0.120760870374,-0.0215063567989,0.0209999084473
323,121,0.0786383762833,0.0421224940907,0.018000125885
324,121,0.141892661733,-0.0632542854498,0.0139999389648
325,121,0.12865924047,0.0132334212626,0.0150001049042
326,121,0.0700656008129,0.0585936396575,0.0139999389648
327,121,0.134253872328,-0.0641882715146,0.0130000114441
328,121,0.0876751734206,0.046578698907,0.0139999389648
329,121,0.0500701321058,0.0376050413147,0.0130000114441
330,121,0.092767037636,-0.0426969055302,0.0130000114441
331,121,0.122985485171,-0.0302184475355,0.0139999389648
332,121,0.126291850382,-0.00330636521016,0.0160000324249
333,121,0.147100779636,-0.0208089292542,0.0130000114441
334,121,0.139783906543,0.00731687309328,0.0130000114441
335,121,0.112948323084,0.0268355834583,0.0139999389648
336,121,0.0805196604453,0.032428662639,0.0140001773834
337,121,0.0937969743713,-0.013277313926,0.0130000114441
338,121,0.0761530064354,0.0176439679359,0.0130000114441
339,121,0.119905582144,-0.0437525757088,0.0159997940063
340,121,0.136101604493,-0.016196022349,0.0140001773834
341,121,0.069749658758,0.0663519457352,0.0130000114441
342,121,0.111716625119,-0.0419669663611,0.0130000114441
343,121,0.0732131831902,0.0385034419288,0.0139999389648
344,121,0.055503742754,0.0177094404362,0.0130000114441
345,121,0.0800512171974,-0.0245474744434,0.0130000114441
346,121,0.0664846010445,0.0135666161529,0.0139999389648
347,121,0.130615644219,-0.0641310431741,0.0139999389648
348,121,0.126539317044,0.00407632717416,0.0150001049042
349,121,0.0946966912136,0.0318426258308,0.0160000324249
350,121,0.0887583109958,0.00593838021775,0.0149998664856
351,121,0.121199174361,-0.032440863365,0.0130000114441
352,121,0.109584571901,0.0116146024594,0.0139999389648
353,121,0.0751650865413,0.0344194853601,0.0130000114441
354,121,0.154432296753,-0.0792672102116,0.0150001049042
355,121,0.111450778551,0.0429815182016,0.0130000114441
356,121,0.111034606114,0.000416172437431,0.0139999389648
357,121,0.0955774606752,0.0154571454387,0.0130000114441
358,121,0.0826933758318,0.0128840848434,0.0130000114441
359,121,0.0876629805762,-0.0049696047444,0.0130000114441
360,121,0.0506884519719,0.0369745286043,0.0130000114441
361,121,0.100900460866,-0.050212008894,0.0130000114441
362,121,0.107498421157,-0.00659796029083,0.0139999389648
363,121,0.138413121878,-0.0309147007209,0.0139999389648
364,121,0.113608376054,0.0248047458239,0.0130000114441
365,121,0.112778892202,0.000829483851914,0.0150001049042
366,121,0.0764573861745,0.0363215060273,0.0130000114441
367,121,0.123366686923,-0.046909300749,0.0130000114441
368,121,0.117051605351,0.00631508157273,0.0130000114441
369,121,0.128219139477,-0.0111675341267,0.0130000114441
370,121,0.048185202701,0.0800339367764,0.0139999389648
371,121,0.0708991121655,-0.0227139094644,0.0130000114441
372,121,0.176565296394,-0.105666184228,0.0120000839233
373,121,0.050404489533,0.126160806861,0.0139999389648
374,121,0.082841352983,-0.03243686345,0.0130000114441
375,121,0.0669540531379,0.015887299845,0.0130000114441
376,121,0.0680488082003,-0.00109475506239,0.0130000114441
377,121,0.0682306132041,-0.000181805003773,0.0130000114441
378,121,0.0521122010286,0.0161184121755,0.0130000114441
379,121,0.0698301772441,-0.0177179762155,0.0130000114441
380,121,0.0545275979791,0.015302579265,0.0129997730255
381,121,0.0729353014103,-0.0184077034312,0.0140001773834
382,121,0.136114798302,-0.0631794968912,0.0130000114441
383,121,0.135394041203,0.000720757098237,0.0130000114441
384,121,0.0569328513027,0.0784611899005,0.0130000114441
385,121,0.0765321037986,-0.0195992524959,0.0130000114441
386,121,0.0427414563077,0.033790647491,0.0129997730255
387,121,0.0867655493996,-0.044024093092,0.0140001773834
388,121,0.100223202351,-0.0134576529511,0.0169999599457
389,121,0.0704937296465,0.0297294727042,0.0130000114441
390,121,0.0629482663367,0.0075454633098,0.0149998664856
391,121,0.0395756713615,0.0233725949752,0.0130000114441
392,121,0.0986998297951,-0.0591241584336,0.0140001773834
393,121,0.136110589524,-0.0374107597288,0.0130000114441
394,121,0.0518424412436,0.0842681482804,0.0139999389648
395,121,0.0713699041319,-0.0195274628884,0.0160000324249
396,121,0.0607015318122,0.0106683723197,0.0130000114441
397,121,0.0558162444879,0.00488528732426,0.0130000114441
398,121,0.0318343462038,0.0239818982842,0.0130000114441
399,121,0.057194366928,-0.0253600207242,0.0139999389648
400,121,0.0589025670832,-0.00170820015521,0.0130000114441
401,121,0.063508262319,-0.00460569523583,0.0130000114441
402,121,0.110353643244,-0.0468453809249,0.0139999389648
403,121,0.0548857933234,0.0554678499206,0.0130000114441
404,121,0.138844245721,-0.0839584523981,0.0130000114441
405,121,0.116924356823,0.0219198888984,0.0149998664856
406,121,0.0410734681059,0.0758508887173,0.0130000114441
407,121,0.0626442885596,-0.0215708204537,0.0130000114441
408,121,0.123242890539,-0.0605986019797,0.0140001773834
409,121,0.0653461503588,0.0578967401804,0.0130000114441
410,121,0.140097168851,-0.0747510184926,0.0139999389648
411,121,0.0960730639371,0.0440241049144,0.0139999389648
412,121,0.0526572416637,0.0434158222734,0.0130000114441
413,121,0.14000695599,-0.0873497143265,0.0130000114441
414,121,0.105292241435,0.0347147145547,0.0130000114441
415,121,0.0759682379478,0.0293240034876,0.0139999389648
416,121,0.0673558652894,0.00861237265847,0.0130000114441
417,121,0.0545317949342,0.0128240703551,0.018000125885
418,121,0.0471033616499,0.00742843328429,0.0130000114441
419,121,0.0386559470626,0.00844741458735,0.0139999389648
420,121,0.21350390852,-0.174847961457,0.0139999389648
421,121,0.112975798363,0.100528110157,0.0130000114441
422,121,0.137818438948,-0.0248426405852,0.0139999389648
423,121,0.0705400104365,0.0672784285112,0.0130000114441
424,121,0.118316114441,-0.0477761040049,0.0139999389648
425,121,0.0705416734554,0.0477744409861,0.0130000114441
426,121,0.160003835505,-0.0894621620493,0.0160000324249
427,121,0.0591107833484,0.100893052156,0.0169999599457
428,121,0.0718640887048,-0.0127533053564,0.0140001773834
429,121,0.0995409468974,-0.0276768581926,0.0130000114441
430,121,0.0834014593077,0.0161394875897,0.0130000114441
431,121,0.0314874649048,0.0519139944029,0.0139999389648
432,121,0.0670397577207,-0.0355522928159,0.0130000114441
