0,411,2.26660601762,Nan,0.018000125885
1,411,2.03567452906,0.230931488557,0.0149998664856
2,411,1.8803546098,0.155319919261,0.0140001773834
3,411,1.69276402234,0.187590587458,0.0169999599457
4,411,1.4442734173,0.248490605041,0.0139999389648
5,411,1.30442004424,0.139853373061,0.0139999389648
6,411,1.36833692119,-0.0639168769484,0.0150001049042
7,411,2.08999433309,-0.721657411896,0.0139999389648
8,411,1.73699253203,0.353001801057,0.0150001049042
9,411,1.62146129747,0.115531234556,0.0139999389648
10,411,1.35636630836,0.265094989118,0.0199999809265
11,411,1.07717657901,0.279189729342,0.0199999809265
12,411,0.972354712567,0.104821866446,0.0199999809265
13,411,0.819154317072,0.153200395496,0.0150001049042
14,411,1.01025056491,-0.191096247838,0.0169999599457
15,411,1.16761842899,-0.157367864084,0.018000125885
16,411,1.21894639658,-0.0513279675857,0.0179998874664
17,411,0.840694603839,0.378251792741,0.0150001049042
18,411,0.732310793986,0.108383809853,0.0149998664856
19,411,0.580303665495,0.15200712849,0.0150001049042
20,411,0.613715921295,-0.0334122558,0.0190000534058
21,411,0.620225484064,-0.0065095627685,0.0179998874664
22,411,0.624788678766,-0.00456319470185,0.0160000324249
23,411,0.635728970641,-0.0109402918758,0.0149998664856
24,411,0.652829283925,-0.0171003132841,0.0160000324249
25,411,0.620035510284,0.0327937736418,0.0160000324249
26,411,0.469150292612,0.150885217671,0.0150001049042
27,411,0.461218581002,0.00793171160993,0.0149998664856
28,411,0.405571447962,0.0556471330406,0.0150001049042
29,411,0.468226374791,-0.0626549268291,0.0149998664856
30,411,0.445478007741,0.0227483670497,0.0160000324249
31,411,0.396093772276,0.0493842354656,0.0140001773834
32,411,0.383744919677,0.0123488525985,0.0149998664856
33,411,0.401517213696,-0.017772294019,0.0150001049042
34,411,0.371869943438,0.0296472702583,0.0149998664856
35,411,0.41808888976,-0.0462189463223,0.0139999389648
36,411,0.464508687783,-0.0464197980226,0.0160000324249
37,411,0.52887014867,-0.0643614608876,0.0150001049042
38,411,0.679747718384,-0.150877569714,0.0139999389648
39,411,0.591115761267,0.0886319571168,0.0150001049042
40,411,0.454574584961,0.136541176306,0.0149998664856
41,411,0.436748383979,0.0178262009818,0.0139999389648
42,411,0.36822246171,0.0685259222694,0.0160000324249
43,411,0.333560618751,0.0346618429588,0.0150001049042
44,411,0.35921487553,-0.0256542567789,0.0190000534058
45,411,0.35190004966,0.00731482587011,0.021999835968
46,411,0.360206696819,-0.00830664715918,0.018000125885
47,411,0.357875851819,0.00233084499981,0.0160000324249
48,411,0.306271963746,0.0516038880731,0.0150001049042
49,411,0.25536355717,0.0509084065755,0.0189998149872
50,411,0.319270484349,-0.0639069271784,0.0160000324249
51,411,0.280554165805,0.0387163185435,0.0139999389648
52,411,0.347619161119,-0.0670649953132,0.0150001049042
53,411,0.386068822114,-0.038449660995,0.018000125885
54,411,0.363127696833,0.0229411252804,0.021999835968
55,411,0.299421844111,0.063705852722,0.018000125885
56,411,0.32719967139,-0.0277778272791,0.0169999599457
57,411,0.32893427271,-0.00173460132014,0.0149998664856
58,411,0.288599278805,0.0403349939054,0.0150001049042
59,411,0.380215981291,-0.0916167024858,0.0190000534058
60,411,0.274375451452,0.105840529839,0.0169999599457
61,411,0.251842099675,0.0225333517775,0.0149998664856
62,411,0.283564361053,-0.0317222613778,0.0230000019073
63,411,0.345717381387,-0.0621530203344,0.0210001468658
64,411,0.355922207055,-0.0102048256681,0.0169999599457
65,411,0.356275869402,-0.000353662346981,0.0150001049042
66,411,0.330040479228,0.0262353901735,0.0149998664856
67,411,0.30184062206,0.0281998571688,0.018000125885
68,411,0.282909012769,0.0189316092906,0.0169999599457
69,411,0.364312833243,-0.0814038204741,0.0160000324249
70,411,0.282421919551,0.0818909136918,0.0159997940063
71,411,0.306352508619,-0.023930589068,0.0200002193451
72,411,0.29585938094,0.010493127679,0.0159997940063
73,411,0.274793416044,0.021065964896,0.0150001049042
74,411,0.292357525976,-0.0175641099322,0.0150001049042
75,411,0.257333333185,0.0350241927915,0.0149998664856
76,411,0.272790356564,-0.0154570233793,0.0150001049042
77,411,0.299282435953,-0.0264920793891,0.0160000324249
78,411,0.297994794637,0.00128764131643,0.0149998664856
79,411,0.264784225872,0.0332105687645,0.0150001049042
80,411,0.263757803144,0.00102642272801,0.0189998149872
81,411,0.305847594918,-0.0420897917736,0.0200002193451
82,411,0.279206621676,0.0266409732419,0.0159997940063
83,411,0.288667572096,-0.00946095041985,0.0150001049042
84,411,0.326899767502,-0.0382321954064,0.0150001049042
85,411,0.265799455109,0.0611003123931,0.0149998664856
86,411,0.2782360179,-0.0124365627911,0.0150001049042
87,411,0.340935143241,-0.062699125341,0.0149998664856
88,411,0.245803870134,0.0951312731072,0.0139999389648
89,411,0.259275710206,-0.0134718400719,0.0190000534058
90,411,0.249431470885,0.00984423932078,0.0150001049042
91,411,0.277012084812,-0.0275806139275,0.0149998664856
92,411,0.232180073313,0.044832011499,0.0150001049042
93,411,0.288106356804,-0.0559262834906,0.0149998664856
94,411,0.173807074554,0.11429928225,0.0150001049042
95,411,0.290187436589,-0.116380362035,0.0150001049042
96,411,0.217804437716,0.0723829988726,0.0149998664856
97,411,0.232373332745,-0.014568895029,0.0139999389648
98,411,0.324835598614,-0.0924622658685,0.0139999389648
99,411,0.222595641793,0.102239956821,0.0150001049042
100,411,0.215890740536,0.0067049012567,0.0149998664856
101,411,0.235868170894,-0.0199774303576,0.0209999084473
102,411,0.258641041108,-0.0227728702146,0.0150001049042
103,411,0.233308184176,0.0253328569324,0.0150001049042
104,411,0.199241898066,0.0340662861102,0.0149998664856
105,411,0.204373027866,-0.00513112980084,0.0150001049042
106,411,0.215555437,-0.0111824091334,0.0149998664856
107,411,0.227842827493,-0.0122873904931,0.0150001049042
108,411,0.246545703452,-0.0187028759587,0.0149998664856
109,411,0.30355174118,-0.0570060377283,0.0150001049042
110,411,0.194529549629,0.109022191551,0.0149998664856
111,411,0.209920006077,-0.0153904564479,0.0140001773834
112,411,0.283495529435,-0.0735755233579,0.0149998664856
113,411,0.227913589663,0.0555819397715,0.0150001049042
114,411,0.171564273881,0.0563493157825,0.0149998664856
115,411,0.19961334377,-0.0280490698896,0.0190000534058
116,411,0.216297678704,-0.0166843349336,0.0160000324249
117,411,0.199268610228,0.0170290684758,0.0139999389648
118,411,0.1465014344,0.0527671758276,0.0150001049042
119,411,0.186253828434,-0.0397523940335,0.0160000324249
120,411,0.212200972286,-0.0259471438517,0.0139999389648
121,411,0.194298106098,0.0179028661872,0.0150001049042
122,411,0.244711864314,-0.0504137582152,0.0149998664856
123,411,0.229106596787,0.015605267527,0.0139999389648
124,411,0.205967515635,0.0231390811521,0.0150001049042
125,411,0.184360420617,0.0216070950176,0.0150001049042
126,411,0.174672723107,0.00968769751036,0.0139999389648
