0,111,2.2583680024,Nan,0.0179998874664
1,111,1.99722386266,0.261144139745,0.0130000114441
2,111,1.88336442827,0.113859434386,0.0130000114441
3,111,1.7453490936,0.138015334671,0.0130000114441
4,111,1.69626115679,0.0490879368138,0.0130000114441
5,111,1.81673163337,-0.12047047658,0.0139999389648
6,111,1.69268331442,0.124048318949,0.0120000839233
7,111,1.4930308574,0.199652457022,0.0120000839233
8,111,1.42378839716,0.0692424602337,0.0139999389648
9,111,1.42924994391,-0.00546154675183,0.0130000114441
10,111,1.24738428614,0.181865657772,0.0130000114441
11,111,1.10180258536,0.14558170078,0.0139999389648
12,111,0.843757560661,0.2580450247,0.0130000114441
13,111,0.820843189686,0.022914370975,0.0130000114441
14,111,0.79719124184,0.0236519478463,0.0130000114441
15,111,0.733755438177,0.0634358036625,0.0150001049042
16,111,1.08227360356,-0.348518165382,0.0130000114441
17,111,1.15365064466,-0.0713770411036,0.0130000114441
18,111,1.00031775397,0.153332890691,0.0139999389648
19,111,0.940710462965,0.0596072910068,0.0179998874664
20,111,0.736088864438,0.204621598527,0.0150001049042
21,111,0.780595178003,-0.0445063135645,0.0179998874664
22,111,1.07230947684,-0.291714298833,0.0140001773834
23,111,0.81755945704,0.254750019795,0.0139999389648
24,111,0.773184492781,0.0443749642587,0.0139999389648
25,111,0.704619192862,0.0685652999191,0.0130000114441
26,111,0.659988334587,0.0446308582753,0.0139999389648
27,111,0.797214817356,-0.137226482769,0.0130000114441
28,111,0.62876184137,0.168452975986,0.0140001773834
29,111,0.511412680686,0.117349160684,0.0149998664856
30,111,0.478157455857,0.0332552248293,0.0139999389648
31,111,0.384301744066,0.0938557117909,0.0130000114441
32,111,0.42758158091,-0.0432798368437,0.0140001773834
33,111,0.453115239874,-0.0255336589641,0.0130000114441
34,111,0.528227763133,-0.0751125232593,0.0130000114441
35,111,0.544829531833,-0.0166017686999,0.0139999389648
36,111,0.568586332304,-0.0237568004711,0.0130000114441
37,111,0.388505987219,0.180080345085,0.0139999389648
38,111,0.445823119567,-0.0573171323484,0.0130000114441
39,111,0.530972248799,-0.0851491292318,0.0130000114441
40,111,0.487186191318,0.0437860574808,0.0139999389648
41,111,0.731230589721,-0.244044398402,0.0130000114441
42,111,0.929441984709,-0.198211394989,0.0130000114441
43,111,0.995858819635,-0.0664168349257,0.0139999389648
44,111,0.854119515634,0.141739304001,0.0130000114441
45,111,0.72745032783,0.126669187804,0.0140001773834
46,111,0.415835956195,0.311614371635,0.0130000114441
47,111,0.279722316845,0.13611363935,0.0139999389648
48,111,0.370889440313,-0.0911671234681,0.0130000114441
49,111,0.523725836127,-0.152836395814,0.0139999389648
50,111,0.491543640962,0.0321821951651,0.0130000114441
51,111,0.477613947413,0.0139296935485,0.0130000114441
52,111,0.387298480884,0.0903154665285,0.0139999389648
53,111,0.58583034481,-0.198531863926,0.0130000114441
54,111,0.395743773864,0.190086570946,0.0130000114441
55,111,0.331653113838,0.0640906600265,0.0140001773834
56,111,0.32385164553,0.00780146830791,0.0130000114441
57,111,0.384195860442,-0.0603442149119,0.0139999389648
58,111,0.433350262341,-0.0491544018995,0.0179998874664
59,111,0.324351164672,0.108999097669,0.0140001773834
60,111,0.453531213709,-0.129180049037,0.0129997730255
61,111,0.434536014591,0.0189951991176,0.0130000114441
62,111,0.231814925735,0.202721088856,0.0150001049042
63,111,0.430224444415,-0.19840951868,0.0130000114441
64,111,0.211053367134,0.219171077282,0.0130000114441
65,111,0.374949721603,-0.163896354469,0.0130000114441
66,111,0.374608907614,0.000340813989038,0.0139999389648
67,111,0.271047506246,0.103561401367,0.0130000114441
68,111,0.382431545773,-0.111384039527,0.0130000114441
69,111,0.40967666351,-0.0272451177374,0.0139999389648
70,111,0.31620585811,0.0934708054001,0.0130000114441
71,111,0.301006798272,0.0151990598386,0.0130000114441
72,111,0.327420140172,-0.0264133419002,0.0139999389648
73,111,0.356120032233,-0.0286998920613,0.0130000114441
74,111,0.257321675618,0.0987983566147,0.0140001773834
75,111,0.366987657977,-0.109665982358,0.0130000114441
76,111,0.317267340583,0.0497203173938,0.0130000114441
77,111,0.263551883869,0.0537154567134,0.0129997730255
78,111,0.33059926076,-0.0670473768904,0.0130000114441
79,111,0.310640592833,0.019958667927,0.0130000114441
80,111,0.323842469636,-0.0132018768036,0.0130000114441
81,111,0.314038766397,0.00980370323937,0.0130000114441
82,111,0.20910125595,0.104937510447,0.0130000114441
83,111,0.304383080285,-0.0952818243353,0.0130000114441
84,111,0.356204677272,-0.0518215969876,0.0129997730255
85,111,0.293935139974,0.0622695372985,0.0140001773834
86,111,0.313693106711,-0.0197579667375,0.0130000114441
87,111,0.260349617348,0.0533434893634,0.0130000114441
88,111,0.299116048727,-0.0387664313789,0.0139999389648
89,111,0.249016375155,0.0500996735719,0.0130000114441
90,111,0.177239907754,0.0717764674006,0.0130000114441
91,111,0.175901223947,0.0013386838071,0.0139999389648
92,111,0.317660288768,-0.14175906482,0.0150001049042
93,111,0.479580234837,-0.161919946069,0.0149998664856
94,111,0.496813902984,-0.0172336681469,0.0130000114441
95,111,0.559550792247,-0.0627368892635,0.0139999389648
96,111,0.34750232181,0.212048470437,0.018000125885
97,111,0.281944893502,0.0655574283084,0.0160000324249
98,111,0.311700460073,-0.0297555665712,0.0179998874664
99,111,0.357956379384,-0.0462559193104,0.0150001049042
100,111,0.236650948052,0.121305431332,0.0139999389648
101,111,0.263174916173,-0.026523968121,0.0130000114441
102,111,0.205140294255,0.0580346219174,0.0130000114441
103,111,0.353819632315,-0.14867933806,0.0139999389648
104,111,0.28548113505,0.068338497265,0.0130000114441
105,111,0.308121414872,-0.0226402798214,0.0130000114441
106,111,0.191138516675,0.116982898197,0.0130000114441
107,111,0.32751605747,-0.136377540795,0.0139999389648
108,111,0.334360758464,-0.00684470099372,0.0120000839233
109,111,0.213402309933,0.12095844853,0.0130000114441
110,111,0.21132354049,0.00207876944327,0.0139999389648
111,111,0.219320400341,-0.00799685985118,0.0130000114441
112,111,0.250202591355,-0.0308821910136,0.0130000114441
113,111,0.251265104827,-0.00106251347172,0.0130000114441
114,111,0.261481534253,-0.0102164294269,0.0130000114441
115,111,0.13400518572,0.127476348533,0.0130000114441
116,111,0.281147415574,-0.147142229853,0.0130000114441
117,111,0.22578540149,0.0553620140832,0.0130000114441
118,111,0.323057020033,-0.0972716185424,0.0130000114441
119,111,0.210847098548,0.112209921485,0.0130000114441
120,111,0.293155841999,-0.0823087434511,0.0130000114441
121,111,0.388219025758,-0.0950631837587,0.0149998664856
122,111,0.239045512569,0.149173513189,0.0139999389648
123,111,0.254151490358,-0.0151059777887,0.0130000114441
124,111,0.309223003216,-0.0550715128581,0.0130000114441
125,111,0.222063734725,0.0871592684909,0.0130000114441
126,111,0.198551057695,0.0235126770294,0.0130000114441
127,111,0.21854572468,-0.0199946669845,0.0130000114441
128,111,0.216416951772,0.00212877290743,0.0130000114441
129,111,0.161150202021,0.0552667497515,0.0139999389648
130,111,0.196217064385,-0.0350668623641,0.0130000114441
131,111,0.259605304615,-0.06338824023,0.0130000114441
132,111,0.206595807462,0.0530094971528,0.0130000114441
133,111,0.186477850149,0.0201179573128,0.0130000114441
134,111,0.156095882794,0.0303819673555,0.0130000114441
135,111,0.191088856878,-0.0349929740837,0.0130000114441
136,111,0.219193896732,-0.0281050398543,0.0150001049042
137,111,0.12766456604,0.0915293306918,0.0179998874664
138,111,0.141444635821,-0.0137800697808,0.0139999389648
139,111,0.219673517588,-0.0782288817672,0.0140001773834
140,111,0.269300684199,-0.0496271666106,0.0130000114441
141,111,0.334520597716,-0.065219913517,0.0130000114441
142,111,0.158627638946,0.17589295877,0.0139999389648
143,111,0.20827236691,-0.0496447279647,0.0130000114441
144,111,0.259961721059,-0.0516893541491,0.0139999389648
145,111,0.185466525791,0.0744951952685,0.0130000114441
146,111,0.121000204,0.0644663217905,0.0130000114441
147,111,0.131141791473,-0.0101415874722,0.0139999389648
148,111,0.309684203552,-0.178542412079,0.0130000114441
149,111,0.180541717254,0.129142486297,0.0130000114441
150,111,0.181246559899,-0.000704842644769,0.0139999389648
151,111,0.170302485561,0.0109440743386,0.0130000114441
152,111,0.203950503925,-0.0336480183644,0.0140001773834
153,111,0.227639911411,-0.0236894074861,0.0130000114441
154,111,0.118284105181,0.10935580623,0.0129997730255
155,111,0.27006205997,-0.151777954789,0.0140001773834
156,111,0.358167940432,-0.0881058804624,0.0130000114441
157,111,0.255759264972,0.10240867546,0.0149998664856
158,111,0.184233141375,0.0715261235967,0.0210001468658
159,111,0.257180772386,-0.0729476310111,0.0169999599457
160,111,0.198523426915,0.0586573454711,0.0190000534058
161,111,0.186876864047,0.0116465628684,0.0130000114441
162,111,0.143569791639,0.0433070724075,0.0149998664856
163,111,0.210424818434,-0.066855026795,0.0130000114441
164,111,0.197329753154,0.0130950652801,0.0130000114441
165,111,0.165546709353,0.0317830438012,0.0130000114441
166,111,0.199110563811,-0.0335638544581,0.0130000114441
167,111,0.137058086223,0.0620524775875,0.0130000114441
168,111,0.223756858894,-0.086698772671,0.0130000114441
169,111,0.264958235595,-0.0412013767002,0.0130000114441
170,111,0.232959627031,0.0319986085634,0.0130000114441
171,111,0.209213583319,0.0237460437122,0.0130000114441
172,111,0.253661885992,-0.0444483026728,0.0130000114441
173,111,0.165935877207,0.0877260087847,0.0139999389648
174,111,0.109254166887,0.0566817103206,0.0139999389648
175,111,0.1432988794,-0.0340447125134,0.0169999599457
176,111,0.0938922950813,0.0494065843187,0.0140001773834
177,111,0.224782101743,-0.130889806662,0.0139999389648
178,111,0.186790088276,0.0379920134673,0.0130000114441
179,111,0.295426927171,-0.108636838896,0.0130000114441
180,111,0.256026310964,0.0394006162076,0.0139999389648
181,111,0.174917324169,0.0811089867944,0.0130000114441
182,111,0.119723070849,0.0551942533201,0.0130000114441
183,111,0.211510202906,-0.091787132057,0.0139999389648
184,111,0.16467133943,0.0468388634759,0.0130000114441
185,111,0.239896086959,-0.0752247475289,0.0139999389648
186,111,0.327266246349,-0.0873701593897,0.0130000114441
187,111,0.145771009428,0.181495236921,0.0130000114441
188,111,0.245102839427,-0.0993318299989,0.0139999389648
189,111,0.180879008663,0.0642238307644,0.0130000114441
190,111,0.183729910636,-0.00285090197314,0.0160000324249
191,111,0.134436117636,0.0492937929995,0.0130000114441
192,111,0.238296697806,-0.103860580169,0.0140001773834
193,111,0.118536889016,0.11975980879,0.0129997730255
194,111,0.127800786817,-0.0092638978013,0.0140001773834
195,111,0.119322957219,0.00847782959809,0.0139999389648
196,111,0.103458129608,0.0158648276114,0.0139999389648
197,111,0.131927782351,-0.028469652743,0.0130000114441
198,111,0.174593487301,-0.0426657049506,0.0130000114441
199,111,0.113846452387,0.0607470349149,0.0139999389648
200,111,0.103376577566,0.0104698748202,0.0130000114441
201,111,0.182132411647,-0.0787558340812,0.0140001773834
202,111,0.171913439089,0.0102189725584,0.0130000114441
203,111,0.174197325835,-0.00228388674624,0.0130000114441
204,111,0.124333416019,0.0498639098159,0.0139999389648
205,111,0.129297840703,-0.00496442468317,0.0139999389648
206,111,0.150204649917,-0.020906809214,0.0130000114441
207,111,0.103455010835,0.0467496390815,0.0130000114441
208,111,0.219599423108,-0.116144412273,0.0139999389648
209,111,0.0648802207397,0.154719202368,0.0130000114441
210,111,0.101379961581,-0.0364997408412,0.0139999389648
211,111,0.0801441433193,0.0212358182615,0.0130000114441
212,111,0.287886507876,-0.207742364557,0.0130000114441
213,111,0.120970236289,0.166916271588,0.0160000324249
214,111,0.131941915632,-0.0109716793438,0.0160000324249
215,111,0.0920164091093,0.0399255065231,0.0139999389648
216,111,0.137433481646,-0.0454170725367,0.0140001773834
217,111,0.0878212559331,0.049612225713,0.0129997730255
218,111,0.125170089103,-0.03734883317,0.0130000114441
219,111,0.129618369781,-0.00444828067814,0.0130000114441
220,111,0.227536072602,-0.0979177028209,0.0130000114441
221,111,0.129025897464,0.0985101751379,0.0130000114441
222,111,0.150125280157,-0.0210993826926,0.0130000114441
223,111,0.128487140209,0.0216381399481,0.0139999389648
224,111,0.181538418607,-0.0530512783978,0.0139999389648
225,111,0.0974486239322,0.0840897946744,0.0130000114441
226,111,0.13871099283,-0.0412623688981,0.0130000114441
227,111,0.104315568735,0.0343954240954,0.0130000114441
228,111,0.163043116664,-0.0587275479291,0.0139999389648
229,111,0.152962847873,0.0100802687911,0.0130000114441
230,111,0.157239157874,-0.00427631000141,0.0130000114441
231,111,0.138632413503,0.018606744371,0.0139999389648
232,111,0.171960607305,-0.033328193802,0.0140001773834
233,111,0.092515756418,0.0794448508873,0.0130000114441
234,111,0.20645428563,-0.113938529212,0.0129997730255
235,111,0.143509976499,0.0629443091315,0.0140001773834
236,111,0.166700913025,-0.0231909365267,0.0139999389648
237,111,0.146136378383,0.0205645346427,0.0130000114441
238,111,0.134653589747,0.0114827886358,0.0130000114441
239,111,0.0948821832468,0.0397714065002,0.0139999389648
240,111,0.236329843332,-0.141447660085,0.0130000114441
241,111,0.130540916512,0.10578892682,0.0139999389648
242,111,0.0905774949907,0.0399634215209,0.0140001773834
243,111,0.175047470643,-0.0844699756519,0.0139999389648
244,111,0.109896737176,0.0651507334666,0.0139999389648
245,111,0.174054738638,-0.0641580014615,0.0130000114441
246,111,0.10788961359,0.0661651250478,0.0139999389648
247,111,0.0708419095289,0.0370477040609,0.0130000114441
248,111,0.0864752863978,-0.015633376869,0.0140001773834
249,111,0.162051346925,-0.0755760605271,0.0130000114441
250,111,0.118783349389,0.0432679975355,0.0139999389648
251,111,0.127131444914,-0.00834809552442,0.0130000114441
252,111,0.141266427599,-0.0141349826847,0.0160000324249
253,111,0.0931080826768,0.0481583449218,0.0169999599457
254,111,0.105317072825,-0.0122089901486,0.0139999389648
255,111,0.121632464297,-0.0163153914718,0.0130000114441
256,111,0.172502741083,-0.0508702767862,0.0139999389648
257,111,0.179722382142,-0.00721964105829,0.0130000114441
258,111,0.207452344465,-0.0277299623232,0.0139999389648
259,111,0.180508158228,0.0269441862364,0.0130000114441
260,111,0.18103199177,-0.000523833541183,0.0130000114441
261,111,0.154906882896,0.0261251088735,0.0130000114441
262,111,0.138677940712,0.0162289421838,0.0130000114441
263,111,0.156449481174,-0.0177715404614,0.0130000114441
264,111,0.166765023996,-0.0103155428225,0.0130000114441
265,111,0.113153156933,0.0536118670627,0.0150001049042
266,111,0.0992493672414,0.0139037896921,0.0149998664856
267,111,0.104322055439,-0.00507268819723,0.0140001773834
268,111,0.212747505119,-0.108425449681,0.0139999389648
269,111,0.122133340921,0.0906141641978,0.0130000114441
270,111,0.0831535098789,0.0389798310426,0.0130000114441
271,111,0.123073474781,-0.039919964902,0.0139999389648
272,111,0.154468072427,-0.0313945976464,0.0130000114441
273,111,0.124560158532,0.0299079138953,0.0130000114441
274,111,0.137991458446,-0.0134312999141,0.0139999389648
275,111,0.153008400857,-0.0150169424109,0.0139999389648
276,111,0.103571024027,0.04943737683,0.0130000114441
277,111,0.126438415802,-0.0228673917753,0.0140001773834
278,111,0.076422571062,0.0500158447403,0.0209999084473
279,111,0.145082112905,-0.0686595418432,0.0190000534058
280,111,0.0777904063732,0.067291706532,0.0179998874664
281,111,0.132583515064,-0.054793108691,0.0169999599457
282,111,0.15169683233,-0.0191133172662,0.0140001773834
283,111,0.154070897145,-0.00237406481494,0.0139999389648
284,111,0.105390179265,0.0486807178807,0.0130000114441
285,111,0.0891991778537,0.016191001411,0.0139999389648
286,111,0.130061536222,-0.0408623583682,0.0130000114441
287,111,0.208780512079,-0.0787189758576,0.0139999389648
288,111,0.102057877962,0.106722634118,0.0130000114441
289,111,0.136814736031,-0.0347568580696,0.0150001049042
290,111,0.10062748677,0.036187249261,0.0169999599457
291,111,0.0641878918485,0.0364395949218,0.0139999389648
292,111,0.0575295783378,0.00665831351065,0.0139999389648
293,111,0.180549535665,-0.123019957328,0.0130000114441
294,111,0.101095921284,0.079453614381,0.0130000114441
295,111,0.0894220455273,0.0116738757572,0.0130000114441
296,111,0.122190123206,-0.0327680776785,0.0130000114441
297,111,0.26083071597,-0.138640592764,0.0130000114441
298,111,0.0656926180865,0.195138097883,0.0129997730255
299,111,0.096088177449,-0.0303955593625,0.0140001773834
300,111,0.067684551617,0.0284036258319,0.0130000114441
301,111,0.133810842359,-0.0661262907423,0.0139999389648
302,111,0.0499320073171,0.0838788350423,0.0139999389648
303,111,0.11201587024,-0.0620838629233,0.0130000114441
304,111,0.112470695564,-0.000454825323981,0.0139999389648
305,111,0.0936307047938,0.0188399907705,0.0130000114441
306,111,0.146032745774,-0.0524020409799,0.0130000114441
307,111,0.107256734693,0.0387760110804,0.0130000114441
308,111,0.0774936676025,0.0297630670908,0.0140001773834
309,111,0.0861766488702,-0.00868298126771,0.0129997730255
310,111,0.0829317419379,0.00324490693238,0.0130000114441
311,111,0.154890730574,-0.0719589886365,0.0140001773834
312,111,0.0764926274618,0.0783981031126,0.0130000114441
313,111,0.0849688160527,-0.00847618859093,0.0130000114441
314,111,0.138198508873,-0.05322969282,0.0139999389648
315,111,0.0718677838643,0.0663307250083,0.0130000114441
316,111,0.125118427448,-0.0532506435841,0.0130000114441
317,111,0.178058830467,-0.052940403019,0.0139999389648
318,111,0.0948311058251,0.0832277246424,0.0130000114441
319,111,0.140133548427,-0.0453024426022,0.0139999389648
320,111,0.110459594039,0.029673954388,0.0130000114441
321,111,0.112132923023,-0.00167332898389,0.0139999389648
322,111,0.0957195952132,0.0164133278099,0.0140001773834
323,111,0.112385827142,-0.0166662319286,0.0130000114441
324,111,0.0621927192619,0.0501931078799,0.0130000114441
325,111,0.101046295853,-0.0388535765914,0.0130000114441
326,111,0.111526643908,-0.0104803480544,0.0129997730255
327,111,0.0751331947945,0.0363934491132,0.0130000114441
328,111,0.0874893772709,-0.0123561824764,0.0140001773834
329,111,0.0546490609109,0.0328403163601,0.0160000324249
330,111,0.0656513351578,-0.0110022742469,0.0149998664856
331,111,0.100518338315,-0.0348670031573,0.0139999389648
332,111,0.129677428856,-0.0291590905404,0.0140001773834
333,111,0.0554287884686,0.0742486403869,0.0130000114441
334,111,0.127542805027,-0.0721140165587,0.0130000114441
335,111,0.0957051182652,0.0318376867621,0.0169999599457
336,111,0.094151831962,0.00155328630327,0.0139999389648
337,111,0.0755806226988,0.0185712092632,0.0130000114441
338,111,0.133050961537,-0.0574703388386,0.0130000114441
339,111,0.201021091358,-0.0679701298207,0.0130000114441
340,111,0.118526115074,0.0824949762843,0.0139999389648
341,111,0.0988069139085,0.0197192011653,0.0130000114441
342,111,0.0847790004971,0.0140279134115,0.0130000114441
343,111,0.0693353360838,0.0154436644133,0.0130000114441
344,111,0.0593612516249,0.00997408445891,0.0130000114441
345,111,0.0910025673944,-0.0316413157695,0.0130000114441
346,111,0.111116993535,-0.0201144261403,0.0130000114441
347,111,0.0470006444433,0.0641163490914,0.0130000114441
348,111,0.213852169277,-0.166851524834,0.0190000534058
349,111,0.0458861772005,0.167965992077,0.0199999809265
350,111,0.118143889281,-0.0722577120807,0.0159997940063
351,111,0.119155196456,-0.0010113071751,0.0160000324249
352,111,0.108325322469,0.0108298739871,0.0140001773834
353,111,0.0666371251012,0.0416881973679,0.0130000114441
354,111,0.0919970950565,-0.0253599699553,0.0139999389648
355,111,0.0580508343808,0.0339462606757,0.0139999389648
356,111,0.106635961447,-0.0485851270658,0.0139999389648
357,111,0.137116930506,-0.0304809690596,0.0130000114441
358,111,0.185229447511,-0.0481125170046,0.0130000114441
359,111,0.0686320270504,0.11659742046,0.0139999389648
360,111,0.0680395633251,0.000592463725322,0.0140001773834
361,111,0.0386824350099,0.0293571283151,0.0130000114441
362,111,0.0693174396549,-0.030635004645,0.0130000114441
363,111,0.19227617281,-0.122958733155,0.0139999389648
364,111,0.0685931798574,0.123682992952,0.0130000114441
365,111,0.117003097191,-0.0484099173331,0.0130000114441
366,111,0.0960143149436,0.0209887822469,0.0139999389648
367,111,0.0983595976958,-0.00234528275223,0.0160000324249
368,111,0.0346175185195,0.0637420791763,0.0149998664856
369,111,0.0907614939922,-0.0561439754727,0.0140001773834
370,111,0.15463567854,-0.0638741845483,0.0139999389648
371,111,0.0466988881429,0.107936790398,0.0130000114441
372,111,0.0603854033324,-0.0136865151895,0.0130000114441
373,111,0.0603149173496,7.0485982809e-05,0.0130000114441
374,111,0.0631345456785,-0.00281962832889,0.0130000114441
375,111,0.114773174664,-0.0516386289854,0.0139999389648
376,111,0.100168107866,0.0146050667978,0.0130000114441
377,111,0.0746319143622,0.025536193504,0.0130000114441
378,111,0.106832186381,-0.0322002720188,0.0139999389648
379,111,0.104965304469,0.00186688191182,0.0120000839233
380,111,0.0731376613583,0.0318276431109,0.0130000114441
381,111,0.0524001207438,0.0207375406145,0.0130000114441
382,111,0.0559508950861,-0.0035507743423,0.0130000114441
383,111,0.104903281272,-0.0489523861859,0.0130000114441
384,111,0.0828114844657,0.0220917968063,0.0130000114441
385,111,0.101659362381,-0.0188478779148,0.0139999389648
386,111,0.0643906292615,0.0372687331191,0.0130000114441
387,111,0.126728118003,-0.0623374887415,0.0130000114441
388,111,0.112816037358,0.0139120806445,0.0130000114441
389,111,0.108813053853,0.00400298350566,0.0130000114441
390,111,0.0758074339446,0.0330056199082,0.0130000114441
391,111,0.176158905029,-0.100351471085,0.0130000114441
392,111,0.0582394127373,0.117919492292,0.0130000114441
393,111,0.132909749005,-0.074670336268,0.0139999389648
394,111,0.123943371816,0.00896637718957,0.0130000114441
395,111,0.148868114025,-0.0249247422089,0.0130000114441
396,111,0.0893710883888,0.0594970256359,0.0130000114441
397,111,0.0848015621976,0.00456952619123,0.0130000114441
398,111,0.0708687155096,0.0139328466879,0.0130000114441
399,111,0.0753178467622,-0.00444913125253,0.0130000114441
400,111,0.0627966184874,0.0125212282748,0.0130000114441
401,111,0.154232523463,-0.0914359049754,0.0139999389648
402,111,0.141119372737,0.0131131507255,0.0130000114441
403,111,0.0739494100347,0.0671699627026,0.0130000114441
404,111,0.11438742629,-0.0404380162557,0.0139999389648
405,111,0.075812382741,0.0385750435494,0.0139999389648
406,111,0.0419887551316,0.0338236276094,0.0170001983643
407,111,0.0668401331515,-0.0248513780199,0.0189998149872
408,111,0.0497809315587,0.0170592015928,0.0210001468658
409,111,0.0449172999408,0.00486363161792,0.0190000534058
410,111,0.0378785133362,0.0070387866046,0.0149998664856
411,111,0.157374820194,-0.119496306858,0.0139999389648
412,111,0.0612768568434,0.0960979633503,0.0140001773834
413,111,0.0394683657466,0.0218084910968,0.0130000114441
414,111,0.0314742294518,0.0079941362948,0.0129997730255
415,111,0.0662262418249,-0.0347520123731,0.0130000114441
416,111,0.0466803731145,0.0195458687104,0.0140001773834
417,111,0.0418756545127,0.00480471860181,0.0169999599457
418,111,0.0330382811057,0.00883737340704,0.0190000534058
419,111,0.119996904253,-0.0869586231472,0.0169999599457
420,111,0.0727300128421,0.0472668914108,0.0150001049042
421,111,0.0837192105817,-0.0109891977396,0.0149998664856
422,111,0.0943795367404,-0.0106603261587,0.0169999599457
423,111,0.139407132123,-0.0450275953826,0.0220000743866
424,111,0.120661572293,0.0187455598298,0.0160000324249
425,111,0.121690526739,-0.00102895444578,0.0150001049042
426,111,0.0812337033383,0.0404568234005,0.0139999389648
427,111,0.0323469187762,0.0488867845621,0.0130000114441
428,111,0.0647298537933,-0.0323829350171,0.0139999389648
429,111,0.0954127612415,-0.0306829074482,0.0130000114441
430,111,0.0502660081193,0.0451467531221,0.0149998664856
431,111,0.0934684255102,-0.0432024173908,0.0150001049042
432,111,0.0484451130704,0.0450233124398,0.0139999389648
433,111,0.102599977373,-0.0541548643026,0.0210001468658
434,111,0.0449015213563,0.0576984560167,0.0199999809265
435,111,0.135055387342,-0.090153865986,0.0160000324249
436,111,0.0895464098131,0.0455089775292,0.0169999599457
437,111,0.0390102068583,0.0505362029548,0.0130000114441
438,111,0.197008047018,-0.15799784016,0.0130000114441
439,111,0.0933503073615,0.103657739656,0.0139999389648
440,111,0.0721183123889,0.0212319949726,0.0169999599457
441,111,0.0834545960297,-0.0113362836408,0.0139999389648
442,111,0.0819114822525,0.00154311377723,0.0140001773834
443,111,0.0967791359704,-0.0148676537179,0.0139999389648
444,111,0.070636611801,0.0261425241694,0.0149998664856
445,111,0.063519357561,0.00711725424002,0.0130000114441
446,111,0.117676786474,-0.0541574289133,0.0170001983643
447,111,0.0988424060581,0.0188343804162,0.0130000114441
448,111,0.0826930312423,0.0161493748158,0.0139999389648
449,111,0.065008545781,0.0176844854613,0.0130000114441
450,111,0.0976742409371,-0.0326656951561,0.0160000324249
451,111,0.124598202405,-0.0269239614676,0.0130000114441
452,111,0.0911540985107,0.0334441038939,0.0130000114441
453,111,0.0931418479026,-0.00198774939185,0.0129997730255
454,111,0.0463621036426,0.0467797442599,0.0130000114441
455,111,0.0642320787584,-0.0178699751158,0.0130000114441
456,111,0.0473353626492,0.0168967161093,0.0130000114441
457,111,0.129467010498,-0.0821316478489,0.0140001773834
458,111,0.0633148373784,0.0661521731196,0.0130000114441
459,111,0.142808484602,-0.0794936472231,0.0129997730255
460,111,0.0603298195848,0.0824786650168,0.0140001773834
461,111,0.1040739111,-0.0437440915151,0.0139999389648
462,111,0.0730699418901,0.0310039692097,0.0130000114441
463,111,0.100355199865,-0.0272852579753,0.0130000114441
464,111,0.0802777178653,0.0200774820001,0.0139999389648
465,111,0.0808376879305,-0.00055997006528,0.0160000324249
466,111,0.0460213927535,0.034816295177,0.0130000114441
467,111,0.0588999610763,-0.0128785683228,0.0130000114441
468,111,0.190358926584,-0.131458965508,0.0139999389648
469,111,0.0957898320378,0.0945690945462,0.0130000114441
470,111,0.126505576812,-0.0307157447746,0.0130000114441
471,111,0.240605466001,-0.114099889188,0.0139999389648
