1,171,2.2932148537440606,Nan,0.010111331939697266
2,171,2.2779938993398208,0.015220954404239873,0.004148721694946289
3,171,2.2579988178453947,0.01999508149442608,0.004099130630493164
4,171,2.254522669385051,0.003476148460343609,0.0037336349487304688
5,171,2.244406716865406,0.010115952519645255,0.004446983337402344
6,171,2.261701260393823,-0.017294543528417083,0.0042765140533447266
7,171,2.2708097759046053,-0.0091085155107824,0.003482341766357422
8,171,2.2227376302083335,0.04807214569627183,0.013149261474609375
9,171,2.2373418082967835,-0.014604178088450048,0.019849061965942383
10,171,2.1835441366273756,0.053797671669407965,0.00341796875
11,171,2.163339536789565,0.020204599837810644,0.00390934944152832
12,171,2.163515682108918,-0.00017614531935317146,0.003378629684448242
13,171,2.1710164031090096,-0.00750072100009147,0.004432201385498047
14,171,2.1862730505870798,-0.015256647478070207,0.0035066604614257812
15,171,2.1849500868055554,0.001322963781524411,0.005068302154541016
16,171,2.2049612301832053,-0.020011143377649976,0.003974199295043945
17,171,2.180595710263615,0.02436551991959046,0.0035185813903808594
18,171,2.153186463473136,0.027409246790478736,0.0035085678100585938
19,171,2.1488957990679824,0.004290664405153688,0.0036835670471191406
20,171,2.139453374851517,0.009442424216465461,0.0035212039947509766
21,171,2.106899685329861,0.032553689521655826,0.0038492679595947266
22,171,2.147875155621802,-0.04097547029194093,0.003852367401123047
23,171,2.11658767789428,0.03128747772752227,0.0032825469970703125
24,171,2.1155975520262245,0.0009901258680553582,0.006022214889526367
25,171,2.0783450478001644,0.03725250422606008,0.003894805908203125
26,171,2.1011127672697367,-0.022767719469572345,0.004287004470825195
27,171,2.115073220771656,-0.013960453501919101,0.004116058349609375
28,171,2.0899242378814877,0.025148982890168092,0.006646156311035156
29,171,2.0605568690606724,0.029367368820815365,0.004824638366699219
30,171,2.1079624466031617,-0.04740557754248931,0.004717111587524414
31,171,2.0932256687454314,0.01473677785773031,0.004691600799560547
32,171,2.0950358429847404,-0.0018101742393090703,0.003001689910888672
33,171,2.048268992998447,0.04676684998629366,0.01249837875366211
34,171,2.0630275436312133,-0.014758550632766543,0.0031168460845947266
35,171,2.0931028845714548,-0.030075340940241446,0.0032815933227539062
36,171,2.034956725717288,0.05814615885416696,0.0033278465270996094
37,171,2.0564619811654787,-0.02150525544819093,0.0034122467041015625
38,171,2.002133731953582,0.05432824921189683,0.0039141178131103516
39,171,2.00014527081049,0.001988461143092035,0.0040853023529052734
40,171,2.0086909065469665,-0.008545635736476598,0.0032498836517333984
41,171,2.0244597496345027,-0.015768843087536233,0.003678560256958008
42,171,2.0170587907757676,0.007400958858735152,0.003362894058227539
43,171,1.9942312854075293,0.0228275053682383,0.003299236297607422
44,171,1.960933930692617,0.03329735471491224,0.0031974315643310547
45,171,1.974587066828856,-0.013653136136239086,0.003924369812011719
46,171,1.9702714172720213,0.004315649556834833,0.003492593765258789
47,171,1.9697952716671236,0.00047614560489761537,0.004123687744140625
48,171,1.9607786658214548,0.009016605845668879,0.0040242671966552734
49,171,1.9650434527480811,-0.004264786926626352,0.003625154495239258
50,171,1.9024522569444444,0.0625911958036367,0.003840208053588867
51,171,1.9021069264551351,0.00034533048930929233,0.004183530807495117
52,171,1.9750019988121346,-0.07289507235699944,0.0037584304809570312
53,171,1.8820431357935856,0.09295886301854894,0.0043337345123291016
54,171,1.947641116136696,-0.06559798034311037,0.007272005081176758
55,171,1.952526248686495,-0.004885132549798943,0.00619196891784668
56,171,1.9423489040798612,0.010177344606633776,0.003834962844848633
57,171,1.9625834860996894,-0.020234582019828196,0.004532575607299805
58,171,1.9285678082739401,0.03401567782574921,0.003210306167602539
59,171,1.8925850851493968,0.035982723124543314,0.008490324020385742
60,171,1.9421945315355447,-0.04960944638614784,0.0045354366302490234
61,171,1.9392377172994335,0.0029568142361111605,0.0052127838134765625
62,171,1.8641757184301901,0.07506199886924336,0.004488945007324219
63,171,1.892534757915296,-0.028359039485105875,0.004641056060791016
64,171,1.8791364703262061,0.013398287589089897,0.003468036651611328
65,171,1.851988675301535,0.027147795024671018,0.003942966461181641
66,171,1.8652816683228253,-0.013292993021290167,0.0046880245208740234
67,171,1.8691891675804093,-0.003907499257584046,0.012931346893310547
68,171,1.8476887306971856,0.021500436883223673,0.003628969192504883
69,171,1.828857421875,0.018831308822185644,0.003949403762817383
70,171,1.8118930392795138,0.01696438259548616,0.003310680389404297
71,171,1.8608029014185856,-0.04890986213907178,0.0036661624908447266
72,171,1.8537510208219115,0.007051880596674165,0.003360271453857422
73,171,1.8547204447071455,-0.000969423885234022,0.0045125484466552734
74,171,1.8213251125045686,0.033395332202576844,0.0032432079315185547
75,171,1.814144379911367,0.007180732593201622,0.003913402557373047
76,171,1.8042102836028875,0.009934096308479523,0.0036830902099609375
77,171,1.7967902289496527,0.007420054653234809,0.0032966136932373047
78,171,1.7851657086645651,0.011624520285087536,0.004153728485107422
79,171,1.7800740916826572,0.005091616981907965,0.003670215606689453
80,171,1.7677897849278144,0.012284306754842822,0.0032417774200439453
81,171,1.7444650750411184,0.023324709886695993,0.003775358200073242
82,171,1.7860558939258955,-0.041590818884777114,0.003756284713745117
83,171,1.8133337902046784,-0.027277896278782965,0.0037415027618408203
84,171,1.7241110996893274,0.08922269051535103,0.003970146179199219
85,171,1.7271087824949745,-0.0029976828056470506,0.0036439895629882812
86,171,1.7505007738258407,-0.023391991330866224,0.008066892623901367
87,171,1.7164610031752559,0.03403977065058483,0.009677410125732422
88,171,1.781657079507036,-0.06519607633178004,0.0033910274505615234
89,171,1.7675845497532894,0.01407252975374651,0.004128694534301758
90,171,1.7267077708104899,0.04087677894279951,0.00475311279296875
91,171,1.7215613649602521,0.005146405850237734,0.004124164581298828
92,171,1.7480441980194628,-0.02648283305921062,0.0041866302490234375
93,171,1.6846042209201388,0.06343997709932392,0.0053539276123046875
94,171,1.6483420210275037,0.03626219989263513,0.004731893539428711
95,171,1.6896810252764072,-0.041339004248903466,0.0038688182830810547
96,171,1.724873682211714,-0.03519265693530693,0.0044171810150146484
97,171,1.7551055372807018,-0.030231855068987734,0.00411677360534668
98,171,1.6722786886650218,0.08282684861568002,0.0037059783935546875
