1,491,2.2903115453156824,Nan,0.010924100875854492
2,491,2.273272667785769,0.01703887752991351,0.004639863967895508
3,491,2.2831200873536153,-0.009847419567846405,0.005898952484130859
4,491,2.265293098030168,0.017826989323447062,0.005724191665649414
5,491,2.2505847441446027,0.014708353885565462,0.0050640106201171875
6,491,2.2746460209553208,-0.024061276810718013,0.004982948303222656
7,491,2.2490246805785388,0.025621340376781987,0.005938291549682617
8,491,2.2538239582007384,-0.004799277622199671,0.0044422149658203125
9,491,2.251338795586176,0.0024851626145623307,0.004611492156982422
10,491,2.255995616407841,-0.004656820821665075,0.004501819610595703
11,491,2.261048233436227,-0.005052617028385775,0.004601955413818359
12,491,2.2442813414905802,0.016766891945646734,0.0043408870697021484
13,491,2.254025585539715,-0.009744244049134654,0.00451207160949707
14,491,2.2451171875,0.008908398039714882,0.004377841949462891
15,491,2.2467931059858706,-0.0016759184858705645,0.004380464553833008
16,491,2.217684681692337,0.029108424293533552,0.004462480545043945
17,491,2.2395825046143076,-0.021897822921970622,0.004869699478149414
18,491,2.233708709903259,0.005873794711048763,0.005301952362060547
19,491,2.2235830893584523,0.01012562054480659,0.004637956619262695
20,491,2.2457213236698066,-0.02213823431135431,0.00495457649230957
21,491,2.2125393310049644,0.03318199266484223,0.0047206878662109375
22,491,2.224016923768457,-0.011477592763492694,0.005024909973144531
23,491,2.218603316732434,0.005413607036023116,0.004663705825805664
24,491,2.21793951279277,0.0006638039396640316,0.005430698394775391
25,491,2.2027485958184827,0.015190916974287205,0.0052187442779541016
26,491,2.226215432471996,-0.023466836653513123,0.004847288131713867
27,491,2.2030272940268585,0.02318813844513734,0.004434347152709961
28,491,2.2028726550566446,0.00015463897021383843,0.004505634307861328
29,491,2.203436515481797,-0.0005638604251525514,0.004406452178955078
30,491,2.2140603619049135,-0.010623846423116312,0.00414586067199707
31,491,2.2015060145112018,0.012554347393711751,0.0052111148834228516
32,491,2.172261100194119,0.02924491431708276,0.00496983528137207
33,491,2.1904533059922353,-0.018192205798116312,0.00784921646118164
34,491,2.193570201120163,-0.003116895127927677,0.010175466537475586
35,491,2.192813663521512,0.0007565375986509082,0.005758523941040039
36,491,2.1817748774821792,0.011038786039332837,0.005548715591430664
37,491,2.198857262760947,-0.01708238527876782,0.006836891174316406
38,491,2.1770101574433554,0.02184710531759171,0.004235744476318359
39,491,2.173955913473778,0.0030542439695775414,0.004332065582275391
40,491,2.1775653163187374,-0.003609402844959586,0.00441288948059082
41,491,2.1517900828188647,0.025775233499872652,0.004599809646606445
42,491,2.2030882048752547,-0.05129812205638995,0.004308938980102539
43,491,2.1333500071601326,0.06973819771512213,0.004093170166015625
44,491,2.1620029674770875,-0.028652960316954967,0.0043926239013671875
45,491,2.144152608277113,0.017850359199974353,0.004324436187744141
46,491,2.1469075189345723,-0.002754910657459142,0.005235433578491211
47,491,2.1574423609343176,-0.010534841999745304,0.004895687103271484
48,491,2.146545534464104,0.010896826470213838,0.005669355392456055
49,491,2.1424157789428464,0.004129755521257383,0.00611424446105957
50,491,2.119562277240326,0.02285350170252043,0.0057752132415771484
51,491,2.147145195551171,-0.027582918310844917,0.005976676940917969
52,491,2.1498978686672605,-0.002752673116089621,0.0062711238861083984
53,491,2.149360858738544,0.0005370099287165253,0.005445003509521484
54,491,2.1377989852501273,0.01156187348841664,0.008600473403930664
55,491,2.1288294277463087,0.00896955750381867,0.0053288936614990234
56,491,2.1189949361952647,0.009834491551043989,0.0067861080169677734
57,491,2.1248301954716142,-0.005835259276349536,0.0055353641510009766
58,491,2.1217210074306263,0.0031091880409879202,0.00552821159362793
59,491,2.123569465217668,-0.0018484577870419017,0.006039857864379883
60,491,2.1056112068005346,0.01795825841713361,0.006039857864379883
61,491,2.11972238575611,-0.014111178955575454,0.004533290863037109
62,491,2.1049926509196792,0.014729734836430808,0.0047452449798583984
63,491,2.099081066621054,0.005911584298625261,0.004930257797241211
64,491,2.087702671524949,0.011378395096104832,0.004999637603759766
65,491,2.086417079700229,0.0012855918247201004,0.00445246696472168
66,491,2.1155456418660896,-0.029128562165860572,0.004282712936401367
67,491,2.1043857799770875,0.011159861889002087,0.0044002532958984375
68,491,2.1067269940968685,-0.0023412141197809433,0.004244327545166016
69,491,2.1094160215917768,-0.0026890274949082915,0.004364967346191406
70,491,2.108337278035896,0.001078743555880557,0.004547595977783203
71,491,2.0947544074592668,0.013582870576629436,0.0042192935943603516
72,491,2.1001478766229633,-0.00539346916369654,0.0052225589752197266
73,491,2.0976231841108706,0.002524692512092752,0.004713535308837891
74,491,2.096200107799771,0.0014230763110996136,0.004337787628173828
75,491,2.084668316811991,0.0115317909877799,0.004507541656494141
76,491,2.1144338324210796,-0.029765515609088578,0.0051648616790771484
77,491,2.086398184906441,0.02803564751463883,0.004149436950683594
78,491,2.104749753373218,-0.018351568466777213,0.004395723342895508
79,491,2.0857920598109727,0.018957693562245304,0.004168987274169922
80,491,2.0871184246117616,-0.0013263648007888484,0.004513263702392578
81,491,2.0860399296715886,0.0010784949401729804,0.004363298416137695
82,491,2.0707633645859853,0.015276565085603266,0.00420069694519043
83,491,2.07647705078125,-0.005713686195264689,0.004237174987792969
84,491,2.0606865970277495,0.015790453753500522,0.004217624664306641
85,491,2.0597368850241855,0.0009497120035639739,0.004221439361572266
86,491,2.0817600102628564,-0.022023125238670893,0.004279136657714844
87,491,2.0651717487032206,0.016588261559635775,0.00438380241394043
88,491,2.063607210054417,0.0015645386488034596,0.008050680160522461
89,491,2.0485065405820393,0.01510066947237787,0.010553836822509766
