0,391,2.295316340063539,Nan,0.010536909103393555
1,391,2.2688436288662883,0.026472711197250476,0.005286216735839844
2,391,2.3001760497422477,-0.03133242087595933,0.004999399185180664
3,391,2.2606569568214514,0.03951909292079625,0.004750967025756836
4,391,2.274277162673833,-0.013620205852381773,0.0047550201416015625
5,391,2.246647593310422,0.02762956936341121,0.004824161529541016
6,391,2.269361569143622,-0.022713975833200006,0.0049457550048828125
7,391,2.274182565986653,-0.004820996843030834,0.005530834197998047
8,391,2.276064197120764,-0.0018816311341112169,0.0045244693756103516
9,391,2.2779025885150257,-0.0018383913942616736,0.004261016845703125
10,391,2.2828687584918477,-0.004966169976821977,0.0040018558502197266
11,391,2.290162381613651,-0.007293623121803261,0.003950834274291992
12,391,2.2936199998001916,-0.0034576181865406674,0.00495457649230957
13,391,2.2851286202745364,0.008491379525655152,0.004433631896972656
14,391,2.278567106827446,0.006561513447090661,0.004565715789794922
15,391,2.278092094089674,0.0004750127377719515,0.00509190559387207
16,391,2.2717697260629794,0.006322368026694392,0.0047414302825927734
17,391,2.2642525675351663,0.007517158527813095,0.004644155502319336
18,391,2.281909835308104,-0.017657267772937857,0.004992246627807617
19,391,2.308166191705962,-0.02625635639785795,0.0051670074462890625
20,391,2.2999938808743607,0.008172310831601415,0.004963397979736328
21,391,2.283825964574009,0.01616791630035186,0.004988908767700195
22,391,2.2737600028972187,0.010065961676790192,0.0046842098236083984
23,391,2.2662662593909846,0.007493743506234107,0.004995107650756836
24,391,2.276925245514306,-0.010658986123321501,0.00505828857421875
25,391,2.2804788652893224,-0.0035536197750163367,0.005156993865966797
26,391,2.2905457635669757,-0.01006689827765328,0.0046193599700927734
27,391,2.3008783442894822,-0.010332580722506535,0.004525423049926758
28,391,2.279980905830403,0.02089743845907943,0.004664421081542969
29,391,2.2827471564797794,-0.0027662506493766337,0.004621267318725586
30,391,2.2761374080882355,0.006609748391543935,0.004906654357910156
31,391,2.259512430566656,0.01662497752157943,0.004991054534912109
32,391,2.286744256763507,-0.02723182619685094,0.00519108772277832
33,391,2.2656854107556748,0.021058846007832255,0.005036592483520508
34,391,2.2692366890285327,-0.0035512782728579495,0.00472259521484375
35,391,2.259577992627078,0.00965869640145467,0.004779815673828125
36,391,2.2904713037983537,-0.030893311171275695,0.004381418228149414
37,391,2.24491831591672,0.045552987881633644,0.005113124847412109
38,391,2.26928227027054,-0.024363954353820105,0.004544258117675781
39,391,2.2763934123241687,-0.007111142053628505,0.004593849182128906
40,391,2.28138580712516,-0.004992394800991118,0.004782199859619141
41,391,2.2874431171075766,-0.006057309982416825,0.0049457550048828125
42,391,2.293329341332321,-0.005886224224744385,0.004548549652099609
43,391,2.282068276954124,0.011261064378197183,0.004454135894775391
44,391,2.2771734447430467,0.004894832211077116,0.004662990570068359
45,391,2.2656752642463234,0.011498180496723354,0.004816770553588867
46,391,2.2779380232476822,-0.01226275900135887,0.00478053092956543
47,391,2.2742662356637626,0.003671787583919617,0.005013942718505859
48,391,2.275156786984495,-0.0008905513207322358,0.004834890365600586
49,391,2.25829391284367,0.01686287414082477,0.004981517791748047
50,391,2.2624461766703963,-0.004152263826726177,0.004996538162231445
51,391,2.2582391216931748,0.004207054977221514,0.0049591064453125
52,391,2.267396892732976,-0.009157771039801421,0.004492759704589844
53,391,2.261097939727861,0.00629895300511496,0.004476308822631836
54,391,2.2647360096807065,-0.003638069952845324,0.00509333610534668
55,391,2.2629909661724743,0.0017450435082322358,0.0053272247314453125
56,391,2.253482125909127,0.009508840263347196,0.004536151885986328
57,391,2.254779942505195,-0.001297816596067758,0.0050656795501708984
58,391,2.279827147188699,-0.025047204683504187,0.004929780960083008
59,391,2.2574041420236575,0.022423005165041587,0.004946231842041016
60,391,2.268070933154172,-0.010666791130514497,0.004434823989868164
61,391,2.2838638969089673,-0.01579296375479533,0.004404544830322266
62,391,2.2621208639705883,0.02174303293837898,0.004395008087158203
63,391,2.2508268624620364,0.011294001508551865,0.004536628723144531
64,391,2.263779271898977,-0.012952409436940648,0.005453348159790039
65,391,2.2652097736173276,-0.0014305017183504631,0.005026817321777344
66,391,2.2535782835977463,0.011631490019581303,0.00469517707824707
67,391,2.2669343680067136,-0.013356084408967295,0.0058825016021728516
68,391,2.260193963794757,0.006740404211956541,0.004998683929443359
69,391,2.248702339504076,0.011491624290680846,0.011084556579589844
70,391,2.281112319673114,-0.032409980169037844,0.005646944046020508
71,391,2.26911977002078,0.011992549652334095,0.005544900894165039
72,391,2.2365934952445654,0.0325262747762145,0.0059392452239990234
73,391,2.2695883826526533,-0.03299488740808787,0.00536036491394043
74,391,2.2709082093690056,-0.0013198267163523347,0.005231618881225586
75,391,2.2350977436660804,0.03581046570292523,0.00555109977722168
76,391,2.215957212326167,0.019140531339913558,0.005233287811279297
77,391,2.24501088330203,-0.02905367097586309,0.004658937454223633
78,391,2.2804251668398337,-0.03541428353780374,0.004538774490356445
79,391,2.243139242577126,0.03728592426270749,0.00500941276550293
80,391,2.245218964793798,-0.0020797222166719642,0.006630420684814453
81,391,2.2580174594888907,-0.012798494695092533,0.005769014358520508
82,391,2.251721472386509,0.006295987102381773,0.005017995834350586
83,391,2.2329480885849584,0.01877338380155047,0.005166053771972656
84,391,2.2579757807504794,-0.02502769216552103,0.005370140075683594
85,391,2.2655393010210196,-0.007563520270540192,0.005410194396972656
86,391,2.2581615399216752,0.007377761099344404,0.005442619323730469
87,391,2.2543773602341752,0.0037841796875,0.006170749664306641
88,391,2.2619931740529093,-0.007615813818734107,0.006561756134033203
89,391,2.2084761129315855,0.05351706112132382,0.005205631256103516
90,391,2.2572995549272696,-0.048823441995684114,0.0048694610595703125
91,391,2.245428919487292,0.011870635439977573,0.004981279373168945
92,391,2.2172405116088556,0.02818840787843646,0.004464626312255859
93,391,2.2502591262388107,-0.033018614629955145,0.004597663879394531
94,391,2.2348773302629477,0.015381795975863088,0.0046024322509765625
95,391,2.2525514568514224,-0.01767412658847478,0.004673957824707031
96,391,2.2507745689138425,0.0017768879375799074,0.006295680999755859
97,391,2.2674543375859173,-0.01667976867207477,0.006472349166870117
98,391,2.238032894671116,0.02942144291480142,0.005368471145629883
99,391,2.241718262967551,-0.0036853682964350654,0.0051691532135009766
100,391,2.251915817065617,-0.010197554098065886,0.004769802093505859
101,391,2.2647408487851663,-0.012825031719549518,0.004614591598510742
102,391,2.229738669627158,0.035002179158008406,0.004765987396240234
103,391,2.26296208764586,-0.03322341801870188,0.0047206878662109375
104,391,2.2296350191316336,0.03332706851422618,0.0047681331634521484
105,391,2.255680796435422,-0.02604577730378832,0.004880428314208984
106,391,2.2428314130934304,0.012849383341991594,0.005260467529296875
107,391,2.227716392263427,0.015115020830003267,0.004979610443115234
108,391,2.2440393160066336,-0.01632292374320654,0.004971027374267578
109,391,2.2614947462935584,-0.017455430286924756,0.005089759826660156
110,391,2.2376417077105977,0.02385303858296073,0.004839658737182617
111,391,2.2541079313858696,-0.01646622367527195,0.006317615509033203
112,391,2.2285839968630117,0.02552393452285795,0.0052433013916015625
113,391,2.2228045451366687,0.005779451726342977,0.0053789615631103516
114,391,2.218078925481538,0.004725619655130853,0.0049555301666259766
115,391,2.231792167019661,-0.013713241538123366,0.0050122737884521484
116,391,2.243963919637148,-0.01217175261748693,0.004887819290161133
117,391,2.2800580193014706,-0.03609409966432242,0.005364418029785156
118,391,2.261223444243526,0.01883457505794439,0.0059051513671875
119,391,2.2608203936720748,0.0004030505714514021,0.005136013031005859
120,391,2.234637248241688,0.02618314543038691,0.005068540573120117
121,391,2.2347608795556266,-0.0001236313139387768,0.004993915557861328
122,391,2.219045185372043,0.01571569418358365,0.00469207763671875
123,391,2.255490198159767,-0.03644501278772383,0.0045413970947265625
124,391,2.228390588784767,0.027099609375,0.004172086715698242
125,391,2.2228819708080243,0.005508617976742514,0.004103422164916992
126,391,2.222286917059623,0.0005950537484014085,0.0042192935943603516
127,391,2.2487039005055145,-0.026416983445891606,0.004532814025878906
128,391,2.257689180886349,-0.00898528038083457,0.004082441329956055
129,391,2.2442923543398337,0.013396826546515417,0.004247188568115234
130,391,2.2304962236253196,0.013796130714514021,0.004151105880737305
131,391,2.2400876408647696,-0.009591417239450006,0.004230976104736328
132,391,2.2685406384870523,-0.028452997622282705,0.004137277603149414
133,391,2.220535629545636,0.04800500894141635,0.004316091537475586
134,391,2.2392348657788523,-0.018699236233216343,0.004518270492553711
135,391,2.241768215013587,-0.002533349234734583,0.004831552505493164
136,391,2.214613033987372,0.027155181026214947,0.004575014114379883
137,391,2.2386626026514547,-0.0240495686640827,0.005053281784057617
138,391,2.216447678978181,0.022214923673273823,0.004834890365600586
139,391,2.2525728425711318,-0.036125163592950926,0.00514531135559082
140,391,2.222768486003437,0.029804356567694867,0.004549264907836914
141,391,2.221917428019102,0.0008510579843350463,0.004502773284912109
142,391,2.2496703164961636,-0.0277528884770617,0.004173994064331055
143,391,2.2154217888327206,0.034248527663442996,0.004426717758178711
144,391,2.2414976934642743,-0.026075904631553737,0.004430294036865234
145,391,2.235363894411365,0.006133799052909339,0.004667758941650391
146,391,2.2003066119025734,0.03505728250879159,0.004559040069580078
147,391,2.2079633239589995,-0.0076567120564261515,0.00484013557434082
148,391,2.222037937330163,-0.014074613371163558,0.004666328430175781
149,391,2.2331369697590313,-0.011099032428868227,0.0048334598541259766
150,391,2.2197880659566818,0.013348903802349543,0.0048370361328125
151,391,2.228575879655531,-0.008787813698849067,0.004842519760131836
152,391,2.230717417529172,-0.0021415378736411306,0.004704713821411133
153,391,2.2516092363830724,-0.020891818853900457,0.004912853240966797
154,391,2.2168132655151056,0.03479597086796682,0.004950046539306641
155,391,2.21708628466672,-0.0002730191516144842,0.004830360412597656
156,391,2.238400822710198,-0.02131453804347805,0.004828929901123047
157,391,2.234072477921196,0.004328344789002347,0.004770517349243164
158,391,2.2209658415421196,0.013106636379076164,0.004621744155883789
159,391,2.2469682230059145,-0.026002381463794855,0.004847288131713867
160,391,2.2269571211636827,0.02001110184223176,0.0045092105865478516
161,391,2.228326743825927,-0.0013696226622443852,0.004542827606201172
162,391,2.2018971162683822,0.026429627557544855,0.0042285919189453125
163,391,2.2211185074828164,-0.019221391214434114,0.0043392181396484375
164,391,2.241156614649936,-0.020038107167119623,0.004180192947387695
165,391,2.2193295998341593,0.021827014815776646,0.004464149475097656
166,391,2.216419424852142,0.0029101749820172884,0.004794597625732422
167,391,2.258053518622123,-0.04163409376998084,0.005097389221191406
168,391,2.2399941368785967,0.01805938174352617,0.00460362434387207
169,391,2.231732224564418,0.008261912314178499,0.004504680633544922
170,391,2.2104645165640986,0.02126770800031963,0.0044002532958984375
171,391,2.2348370564258313,-0.02437253986173271,0.004758358001708984
172,391,2.1966399756234014,0.038197080802429895,0.004559755325317383
173,391,2.2356316061580883,-0.038991630534686905,0.00455927848815918
174,391,2.2215833737112374,0.014048232446850939,0.004525184631347656
175,391,2.2113967466232416,0.010186627087995781,0.004567146301269531
176,391,2.1971636916060584,0.014233055017183194,0.004442691802978516
177,391,2.216664970378437,-0.019501278772378505,0.00437164306640625
178,391,2.207766637777733,0.008898332600703718,0.004492521286010742
179,391,2.2069784881513748,0.0007881496263584253,0.004564523696899414
180,391,2.2044763589454126,0.002502129205962156,0.010282754898071289
181,391,2.2136041587575925,-0.009127799812179926,0.005112171173095703
182,391,2.2201263349684304,-0.006522176210837838,0.0048830509185791016
183,391,2.220398261419038,-0.00027192645060747367,0.00464940071105957
184,391,2.2034025460557864,0.016995715363251396,0.004630327224731445
185,391,2.2100630269940855,-0.006660480938299074,0.004628181457519531
186,391,2.2353646749120846,-0.02530164791799905,0.004393339157104492
187,391,2.1983942290401215,0.036970445871963076,0.004391670227050781
188,391,2.2056597541360294,-0.007265525095907943,0.004431724548339844
189,391,2.2286027288802748,-0.022942974744245337,0.004480838775634766
190,391,2.189202428168958,0.03940030071131684,0.004342555999755859
191,391,2.2113944051210837,-0.022191976952125714,0.004128694534301758
192,391,2.2139628768881874,-0.0025684717671037305,0.003976106643676758
193,391,2.203734414961637,0.01022846192655047,0.0039026737213134766
194,391,2.195786107836477,0.007948307125159815,0.003926277160644531
195,391,2.2128200677349743,-0.01703395989849721,0.003878355026245117
196,391,2.2087190047554346,0.004101062979539716,0.004099845886230469
197,391,2.2250642508192136,-0.016345246063778962,0.004174709320068359
198,391,2.216982478071052,0.008081772748161686,0.00423884391784668
199,391,2.2043736450507514,0.01260883302030047,0.0044481754302978516
200,391,2.2027817357836477,0.0015919092671037305,0.004495859146118164
201,391,2.2071767353340794,-0.004394999550431766,0.00435185432434082
202,391,2.21595814892703,-0.008781413592950482,0.004422664642333984
203,391,2.220291801120924,-0.004333652193893922,0.0042459964752197266
204,391,2.213856884890505,0.006434916230418697,0.004088878631591797
205,391,2.1929416510150257,0.020915233875479444,0.004635810852050781
206,391,2.2037661032908407,-0.010824452275814966,0.004490375518798828
207,391,2.1749106794976822,0.02885542379315842,0.004479646682739258
208,391,2.206779304367807,-0.03186862487012476,0.004237174987792969
209,391,2.216793128596547,-0.010013824228740198,0.0044672489166259766
210,391,2.1970118061660804,0.01978132243046682,0.004411458969116211
211,391,2.210676500559463,-0.013664694393382693,0.004799604415893555
212,391,2.195189493086637,0.015487007472826164,0.004609584808349609
213,391,2.200084793598146,-0.004895300511508882,0.004541635513305664
214,391,2.1857076581481776,0.014377135449968215,0.004780292510986328
215,391,2.210860854829364,-0.02515319668118643,0.004782915115356445
216,391,2.1858214551530533,0.025039399676310747,0.0045702457427978516
217,391,2.2104117547154734,-0.024590299562420093,0.004934549331665039
218,391,2.191520203105019,0.018891551610454194,0.0048122406005859375
219,391,2.1989511943534206,-0.0074309912484014085,0.005490541458129883
220,391,2.210238951856218,-0.011287757502797646,0.005268573760986328
221,391,2.1854287071910967,0.024810244665121495,0.005326986312866211
222,391,2.21239828514626,-0.026969577955163082,0.004995822906494141
223,391,2.2149642593110612,-0.002565974164801421,0.005052328109741211
224,391,2.2120784359514865,0.0028858233595747684,0.00495147705078125
225,391,2.2143109802089995,-0.0022325442575130694,0.004945993423461914
226,391,2.193766171974904,0.020544808234095324,0.004475593566894531
227,391,2.2087767618086636,-0.015010589833759358,0.004638671875
228,391,2.185052661944533,0.023724099864130377,0.004609346389770508
229,391,2.184702373221707,0.0003502887228261642,0.004644155502319336
230,391,2.1842148724724266,0.00048750074928038956,0.0047876834869384766
231,391,2.180285207450847,0.0039296650215794315,0.004822731018066406
232,391,2.2264616593070654,-0.046176451856218215,0.004806041717529297
233,391,2.2082377480119084,0.01822391129515699,0.0050084590911865234
234,391,2.1843211766703963,0.02391657134151215,0.005438566207885742
235,391,2.2194408992367327,-0.03511972256633644,0.005312681198120117
236,391,2.180112248491448,0.03932865074528458,0.00508880615234375
237,391,2.1983940729399776,-0.018281824448529438,0.004980325698852539
238,391,2.194586478230898,0.0038075947090794315,0.004782676696777344
239,391,2.2032612754255916,-0.00867479719469344,0.004896879196166992
240,391,2.209056805466752,-0.005795530041160291,0.004862785339355469
241,391,2.1887300691336318,0.0203267363331201,0.005081653594970703
242,391,2.1957391216931748,-0.007009052559542983,0.0049555301666259766
243,391,2.161509482147139,0.03422963954603597,0.005174398422241211
244,391,2.1953913305726505,-0.033881848425511674,0.00509190559387207
245,391,2.194696216632033,0.0006951139406172757,0.005111217498779297
246,391,2.2211492592111575,-0.026453042579124286,0.005101919174194336
247,391,2.2054198282149136,0.01572943099624391,0.004955291748046875
248,391,2.179687812200288,0.025732016014625714,0.0051631927490234375
249,391,2.2033042029651533,-0.023616390764865436,0.004786491394042969
250,391,2.193063409127238,0.01024079383791543,0.0046062469482421875
251,391,2.1831430888846706,0.009920320242567282,0.004568576812744141
252,391,2.169508053518622,0.013635035366048598,0.004553556442260742
253,391,2.2029173868086636,-0.03340933329004159,0.004607677459716797
254,391,2.1958068691556107,0.007110517653052817,0.004586696624755859
255,391,2.1891495102201888,0.006657358935421964,0.004563570022583008
256,391,2.1918859457420874,-0.002736435521898617,0.004587650299072266
257,391,2.173526071221627,0.018359874520460284,0.00478816032409668
258,391,2.1979020452865248,-0.024375974064897665,0.004762887954711914
259,391,2.1968680379335837,0.0010340073529411242,0.005032062530517578
260,391,2.19703725048953,-0.00016921255594626317,0.004994392395019531
261,391,2.1658718567675033,0.031165393722026646,0.005009174346923828
262,391,2.1771480628596547,-0.011276206092151408,0.005038022994995117
263,391,2.212275590433184,-0.03512752757352944,0.0053098201751708984
264,391,2.1970324113850705,0.015243179048113564,0.0046999454498291016
265,391,2.1769100101402654,0.020122401244805133,0.004589080810546875
266,391,2.1851698931525734,-0.008259883012307956,0.0051038265228271484
267,391,2.1982574853140986,-0.013087592161525219,0.00503087043762207
268,391,2.1991130702026056,-0.0008555848885070105,0.004548549652099609
269,391,2.1735371543318416,0.02557591587076402,0.004851102828979492
270,391,2.1939456871403453,-0.020408532808503743,0.004460811614990234
271,391,2.195757697610294,-0.0018120104699486106,0.004596710205078125
272,391,2.169065509610774,0.02669218799952011,0.00525665283203125
273,391,2.1939499018442294,-0.02488439223345562,0.005032539367675781
274,391,2.1895313311720748,0.004418570672154676,0.004713773727416992
275,391,2.175845875459559,0.013685455712515893,0.004558086395263672
276,391,2.18718592651055,-0.011340051050991118,0.004607677459716797
277,391,2.202127051780291,-0.014941125269741118,0.004541635513305664
278,391,2.1843672262128355,0.01775982556745559,0.0043487548828125
279,391,2.1842567073109813,0.00011051890185420632,0.004742145538330078
280,391,2.180743205272938,0.003513502038043459,0.004612922668457031
281,391,2.179141305596627,0.0016018996763107474,0.0049593448638916016
282,391,2.179311298653293,-0.0001699930566658736,0.004776477813720703
283,391,2.1873941641024617,-0.008082865449168697,0.00483393669128418
284,391,2.181004360813619,0.006389803288842533,0.004505634307861328
285,391,2.1728610846087757,0.008143276204843453,0.0044667720794677734
286,391,2.200248698749201,-0.02738761414042523,0.0062255859375
287,391,2.181090996393462,0.01915770235573877,0.0047760009765625
288,391,2.2059842863351182,-0.02489328994165607,0.0059967041015625
289,391,2.155204909536845,0.05077937679827338,0.006208658218383789
290,391,2.1785083195132673,-0.02330340997642244,0.004834413528442383
291,391,2.2010658830023178,-0.02255756348905047,0.005549907684326172
292,391,2.1875914746843033,0.013474408318014497,0.0050618648529052734
293,391,2.1877933121703164,-0.00020183748601310114,0.005133152008056641
294,391,2.180325012987532,0.007468299182784577,0.00501561164855957
295,391,2.154971227621483,0.025353785366048598,0.0054874420166015625
296,391,2.1737293136089355,-0.018758085987452322,0.005632638931274414
297,391,2.1746003524116846,-0.0008710388027490801,0.005637168884277344
298,391,2.1800732234554827,-0.005472871043798122,0.005040884017944336
299,391,2.155531002737372,0.02454222071811074,0.0050733089447021484
300,391,2.1770987352141944,-0.02156773247682242,0.00516963005065918
301,391,2.184207223565377,-0.007108488351182718,0.008434772491455078
302,391,2.1546276512048435,0.029579572360533657,0.006607770919799805
303,391,2.158487851662404,-0.0038602004575607474,0.00606536865234375
304,391,2.178697512887628,-0.02020966122522383,0.006571054458618164
305,391,2.1804058728620523,-0.0017083599744243116,0.006616115570068359
306,391,2.1827558044277495,-0.002349931565697183,0.006484508514404297
307,391,2.1789951958619724,0.0037606085657770905,0.005302906036376953
308,391,2.16205520825008,0.016939987611892526,0.005087614059448242
309,391,2.185426990089514,-0.023371781839434114,0.0051767826080322266
310,391,2.1636258878976182,0.021801102191895794,0.005167961120605469
311,391,2.179875912873641,-0.016250024976022903,0.005106449127197266
312,391,2.156301825247762,0.02357408762587898,0.0049512386322021484
313,391,2.1542611280670556,0.002040697180706541,0.005172014236450195
314,391,2.169749852641464,-0.015488724574408419,0.005148172378540039
315,391,2.1949764163902654,-0.02522656374880139,0.005147695541381836
316,391,2.19030964648937,0.004666769900895318,0.0047664642333984375
317,391,2.164797887777733,0.02551175871163691,0.0052928924560546875
318,391,2.1578518996763107,0.00694598810142244,0.004954814910888672
319,391,2.165709668718031,-0.007857769041720086,0.005295991897583008
320,391,2.155283740109495,0.010425928608535973,0.005132913589477539
321,391,2.1878983675671355,-0.032614627457640655,0.005080699920654297
322,391,2.1555553543598145,0.032343013207321025,0.00468897819519043
323,391,2.1552487736772696,0.0003065806825448547,0.005251407623291016
324,391,2.1756245254555626,-0.020375751778292983,0.004994392395019531
325,391,2.201576642673034,-0.025952117217471482,0.005327701568603516
326,391,2.1546910278632514,0.046885614809782705,0.005013942718505859
327,391,2.2015062415081523,-0.04681521364490093,0.005218029022216797
328,391,2.1497356287963556,0.051770612711796726,0.00484919548034668
329,391,2.166740554068095,-0.017004925271739246,0.0050008296966552734
330,391,2.182504170995844,-0.01576361692774908,0.004890918731689453
331,391,2.1635149006953327,0.01898927030051123,0.004811286926269531
332,391,2.164123222955962,-0.0006083222606294569,0.004724025726318359
333,391,2.1676370371942935,-0.003513814238331303,0.01204371452331543
334,391,2.156540502367727,0.011096534826566362,0.0056154727935791016
335,391,2.16441294482297,-0.00787244245524299,0.00963282585144043
336,391,2.161995109694693,0.0024178351282770905,0.012196063995361328
337,391,2.1719041907269023,-0.009909081032209333,0.010124683380126953
338,391,2.1503537853660486,0.02155040536085373,0.01818251609802246
339,391,2.168206334418958,-0.01785254905290934,0.005945682525634766
340,391,2.1704978845308505,-0.0022915501118925263,0.01027059555053711
341,391,2.149051129665521,0.02144675486532943,0.008098602294921875
342,391,2.1554851092950766,-0.006433979629555608,0.008053302764892578
343,391,2.1562334533847505,-0.0007483440896738358,0.00790095329284668
344,391,2.154051329473705,0.0021821239110453305,0.00863790512084961
345,391,2.1451776606957322,0.00887366877797291,0.0073337554931640625
346,391,2.184732032249041,-0.039554371553308876,0.008139371871948242
347,391,2.165738703344789,0.018993328904252316,0.007891416549682617
348,391,2.1573194420855977,0.008419261259191124,0.007775306701660156
349,391,2.1598696501358696,-0.0025502080502719515,0.008191108703613281
350,391,2.161316698469469,-0.0014470483335995432,0.008136987686157227
351,391,2.1403780495724103,0.020938648897058876,0.019298553466796875
352,391,2.174058997112772,-0.03368094754036166,0.00885915756225586
353,391,2.154263001268782,0.019795995843990166,0.0076487064361572266
354,391,2.1528081479279892,0.001454853340792539,0.008142232894897461
355,391,2.1825865918718033,-0.029778443943814015,0.007848739624023438
356,391,2.1941105288922635,-0.011523937020460284,0.007952451705932617
357,391,2.188371351003037,0.005739177889226621,0.008235931396484375
358,391,2.1530212246243607,0.03535012637867618,0.009326934814453125
359,391,2.171136021918958,-0.018114797294597196,0.013682842254638672
360,391,2.1591625164841752,0.011973505434782705,0.009562015533447266
361,391,2.1671306483276056,-0.00796813184343037,0.013904571533203125
362,391,2.178033931176071,-0.010903282848465423,0.015880346298217773
363,391,2.1754971477381715,0.002536783437899537,0.013969659805297852
364,391,2.1590402900715313,0.01645685766664018,0.015445947647094727
365,391,2.1645871525835196,-0.005546862511988326,0.00610041618347168
366,391,2.1507142205982257,0.013872931985293935,0.009323835372924805
367,391,2.1689290780850383,-0.01821485748681262,0.00942230224609375
368,391,2.146542132053229,0.02238694603180935,0.009569168090820312
369,391,2.141239097965953,0.0053030340872761705,0.005767345428466797
370,391,2.154308270310502,-0.013069172344549074,0.005467653274536133
371,391,2.1552545493825925,-0.0009462790720906611,0.00545191764831543
372,391,2.164546410445972,-0.009291861063379425,0.005254983901977539
373,391,2.1401891683983374,0.024357242047634564,0.005218505859375
374,391,2.1676866770400416,-0.027497508641704194,0.004811763763427734
375,391,2.1577377904711477,0.009948886568893922,0.004999637603759766
376,391,2.145324394830962,0.01241339564018551,0.004990339279174805
377,391,2.141192424022938,0.004131970808024299,0.005446672439575195
378,391,2.149102330512708,-0.00790990648977008,0.004921436309814453
379,391,2.1619696653712435,-0.012867334858535528,0.0049419403076171875
380,391,2.144161760959479,0.017807904411764497,0.00480341911315918
381,391,2.155153708689658,-0.010991947730178975,0.005147218704223633
382,391,2.146491087306186,0.008662621383471958,0.004937171936035156
383,391,2.146862137348146,-0.0003710500419598084,0.005100727081298828
384,391,2.165614291530131,-0.01875215418198506,0.004847526550292969
385,391,2.169567059373002,-0.003952767842871019,0.004727602005004883
386,391,2.134891441715953,0.034675617657049074,0.004762172698974609
387,391,2.159051060981458,-0.02415961926550514,0.004940986633300781
388,391,2.142649150565457,0.01640191041600092,0.0050623416900634766
389,391,2.1566045034267103,-0.013955352861253267,0.005390644073486328
390,391,2.11267292773937,0.043931575687340185,0.005300760269165039
391,391,2.1183117332360935,-0.005638805496723354,0.00522923469543457
392,391,2.1397586442015664,-0.02144691096547291,0.005008220672607422
393,391,2.1273425948589355,0.012416049342630853,0.004995584487915039
394,391,2.1671170676150897,-0.0397744727561542,0.005388736724853516
395,391,2.177067359085278,-0.009950291470188333,0.005231142044067383
396,391,2.131825947090793,0.04524141199448506,0.004867076873779297
397,391,2.1880112279711477,-0.05618528088035468,0.004963397979736328
398,391,2.1518548443494248,0.03615638362172291,0.00534367561340332
399,391,2.171689553029092,-0.0198347086796673,0.005342960357666016
400,391,2.146298771928948,0.025390781100143922,0.005474090576171875
401,391,2.1269421979899295,0.019356573939018684,0.005143404006958008
402,391,2.143429182984335,-0.016486984994405596,0.005345344543457031
403,391,2.137729186231218,0.005699996753116832,0.005175590515136719
404,391,2.1481071920955883,-0.010378005864370099,0.0051119327545166016
405,391,2.156844741548114,-0.008737549452525695,0.005683183670043945
406,391,2.1404309675211795,0.016413774026934558,0.0049397945404052734
407,391,2.1446289686900575,-0.004198001168878029,0.006154537200927734
408,391,2.159186243706042,-0.014557275015984583,0.005109310150146484
409,391,2.1349537256733537,0.024232518032688333,0.005171537399291992
410,391,2.1447847566336318,-0.009831030960278042,0.004971742630004883
411,391,2.1413368166560103,0.0034479399776214947,0.005085945129394531
412,391,2.140134221147698,0.0012025955083121431,0.0049381256103515625
413,391,2.168887867647059,-0.02875364649936074,0.0049860477447509766
414,391,2.1549977646459397,0.013890103001119147,0.004709005355834961
415,391,2.150139459868526,0.004858304777413558,0.004896879196166992
416,391,2.1493233683164163,0.0008160915521098211,0.006197214126586914
417,391,2.1449366420736093,0.004386726242807004,0.00570368766784668
418,391,2.155822441705962,-0.01088579963235281,0.005074024200439453
419,391,2.133467184003357,0.022355257702605158,0.005033254623413086
420,391,2.1481677589514065,-0.01470057494804955,0.006303071975708008
421,391,2.1078019788503037,0.04036578010110281,0.005536556243896484
422,391,2.139518718280451,-0.03171673943014719,0.005083322525024414
423,391,2.15104827490609,-0.011529556625639259,0.005015850067138672
424,391,2.1379216577085995,0.013126617197490642,0.006001710891723633
425,391,2.1631763194832963,-0.025254661774696707,0.00557398796081543
426,391,2.150458216362292,0.012718103121004187,0.005356788635253906
427,391,2.1279403023097827,0.022517914052509358,0.00508427619934082
428,391,2.1406084533847505,-0.01266815107496777,0.00520634651184082
429,391,2.1221541382772537,0.018454315107496733,0.0049207210540771484
430,391,2.1170968058164163,0.005057332460837394,0.004834413528442383
431,391,2.1476126668398337,-0.0305158610234173,0.0054051876068115234
432,391,2.132499831411845,0.015112835427988802,0.004799365997314453
433,391,2.130182368676071,0.002317462735773823,0.0050830841064453125
434,391,2.1412603275855178,-0.011077958909446739,0.004918098449707031
435,391,2.132147669487292,0.009112658098225701,0.00477290153503418
436,391,2.156739061750719,-0.024591392263427103,0.0047969818115234375
437,391,2.1207743691056584,0.03596469264506075,0.004850149154663086
438,391,2.1320391798873084,-0.011264810781649981,0.005146980285644531
439,391,2.15123824878117,-0.019199068893861693,0.005004405975341797
440,391,2.1235111168278453,0.02772713195332477,0.0049321651458740234
441,391,2.132503109514866,-0.008991992687020556,0.005121707916259766
442,391,2.1342679777413682,-0.0017648682265023474,0.005076885223388672
443,391,2.1262586354599584,0.008009342281409815,0.0049479007720947266
444,391,2.1211702390704925,0.005088396389465899,0.0048406124114990234
445,391,2.119831212036445,0.0013390270340476462,0.0047702789306640625
446,391,2.172342988231298,-0.052511776194853255,0.004524707794189453
447,391,2.1498892313379154,0.022453756893382693,0.00520634651184082
448,391,2.1251618758491846,0.02472735548873084,0.004738330841064453
449,391,2.1346630672054827,-0.009501191356298122,0.005086421966552734
450,391,2.1134161205242967,0.021246946681185985,0.0055789947509765625
451,391,2.1280117961756715,-0.014595675651374762,0.005036592483520508
452,391,2.143611039651934,-0.015599243476262625,0.004829883575439453
453,391,2.138503442944773,0.0051075967071612105,0.005108833312988281
454,391,2.1144718257972346,0.02403161714753832,0.005335569381713867
455,391,2.133679480199009,-0.0192076544017743,0.0050716400146484375
456,391,2.1230350113890664,0.01064446880994252,0.004913330078125
457,391,2.134030861622842,-0.010995850233775695,0.005067348480224609
458,391,2.118400242017663,0.015630619605178975,0.004636049270629883
459,391,2.1260391586576888,-0.007638916640025695,0.004629611968994141
460,391,2.128590927709399,-0.0025517690517102842,0.004518270492553711
461,391,2.1421098245684145,-0.013518896859015417,0.005270957946777344
462,391,2.1457969099664322,-0.0036870853980177642,0.004812717437744141
463,391,2.1152437410086318,0.03055316895780047,0.005003690719604492
464,391,2.1182038680366846,-0.002960127028052817,0.0049207210540771484
465,391,2.125500769261509,-0.007296901224824293,0.004892826080322266
466,391,2.1360390899736252,-0.010538320712116356,0.004741191864013672
467,391,2.1221660018881874,0.013873088085437857,0.004858732223510742
468,391,2.1513283185641785,-0.029162316675991118,0.004736185073852539
469,391,2.105098324358616,0.04622999420556262,0.00556492805480957
470,391,2.1214783807544757,-0.01638005639585982,0.005207538604736328
471,391,2.1252032423873084,-0.003724861632832699,0.0052411556243896484
472,391,2.133810604319853,-0.00860736193254441,0.005165576934814453
473,391,2.1286355723505435,0.005175031969309352,0.0050106048583984375
474,391,2.1299683553788364,-0.0013327830282929831,0.0048999786376953125
475,391,2.1283981440317294,0.0015702113471069978,0.0050296783447265625
476,391,2.126520103200927,0.001878040830802341,0.004940986633300781
477,391,2.114875656869405,0.011644446331521952,0.005250215530395508
478,391,2.142154313109415,-0.027278656240009802,0.00482630729675293
479,391,2.1257058848505435,0.016448428258871495,0.005671024322509766
480,391,2.1078970438379154,0.01780884101262803,0.005039691925048828
481,391,2.1416985006893383,-0.033801456851422884,0.005088329315185547
482,391,2.0938545870963874,0.047843913592950926,0.004870176315307617
483,391,2.1331306320931906,-0.03927604499680326,0.00472712516784668
484,391,2.1308376770800033,0.002292955013187381,0.004671812057495117
485,391,2.132140176680387,-0.0013024996003836442,0.005736827850341797
486,391,2.1255883414422154,0.006551835238171488,0.0052950382232666016
487,391,2.120455144311461,0.005133197130754219,0.005383014678955078
488,391,2.1389359964434145,-0.018480852131953274,0.004862785339355469
489,391,2.1193605701027014,0.019575426340713076,0.004660129547119141
490,391,2.1358647261129318,-0.016504156010230364,0.0044786930084228516
491,391,2.125116450707321,0.010748275405610741,0.004620790481567383
492,391,2.125532613690857,-0.0004161629835359726,0.004738569259643555
493,391,2.100047860304108,0.02548475338674905,0.004838228225708008
494,391,2.0743209955942294,0.025726864709878505,0.004891157150268555
495,391,2.12101897803109,-0.04669798243686074,0.004774332046508789
496,391,2.129338179098066,-0.008319201066975701,0.004549503326416016
497,391,2.1416866370784047,-0.01234845798033879,0.004923820495605469
498,391,2.0827287054427748,0.0589579316356299,0.004893779754638672
499,391,2.1204590468150575,-0.037730341372282705,0.004799365997314453
500,391,2.102047659247123,0.01841138756793459,0.004785299301147461
501,391,2.111670608715633,-0.009622949468510278,0.004673480987548828
502,391,2.1195211971507355,-0.007850588435102335,0.0047414302825927734
503,391,2.1170432634670715,0.002477933683664002,0.004858255386352539
504,391,2.114814933913443,0.0022283295536285053,0.004759550094604492
505,391,2.1208692779931266,-0.006054344079683638,0.004551887512207031
506,391,2.1285531514745846,-0.007683873481457937,0.004425764083862305
507,391,2.0934112626878196,0.03514188878676494,0.004507780075073242
508,391,2.1310012700307706,-0.037590007342950926,0.004533290863037109
509,391,2.1225151979100065,0.008486072120764021,0.004593610763549805
510,391,2.1199201891184463,0.0025950087915602715,0.004708051681518555
511,391,2.119616730438779,0.0003034586796673011,0.004691123962402344
512,391,2.1241345808024295,-0.0045178503636504885,0.00432586669921875
513,391,2.130470685641784,-0.00633610483935465,0.004393815994262695
514,391,2.1098985598825126,0.020572125759271476,0.004218578338623047
515,391,2.1061201559003355,0.003778403982177103,0.004282951354980469
516,391,2.1257001091452206,-0.01957995324488504,0.0043833255767822266
517,391,2.1219056268482257,0.003794482296994861,0.004544258117675781
518,391,2.1141590011089355,0.007746625739290192,0.004560232162475586
519,391,2.088663632912404,0.02549536819653131,0.00462651252746582
520,391,2.1335132335457963,-0.04484960063339205,0.004567146301269531
521,391,2.1127662756253995,0.020746957920396714,0.004660367965698242
522,391,2.125913029741448,-0.013146754116048598,0.004526615142822266
523,391,2.130224203514626,-0.004311173773178023,0.004737377166748047
524,391,2.1225946528832322,0.007629550631393922,0.004915952682495117
525,391,2.109361575387628,0.013233077495604206,0.005187273025512695
526,391,2.118365275585438,-0.009003700197809827,0.005098819732666016
527,391,2.110424773467471,0.007940502117966819,0.005342245101928711
528,391,2.0949722641264388,0.015452509341032261,0.004946708679199219
529,391,2.1620787793718033,-0.06710651524536448,0.004923582077026367
530,391,2.1017719863930626,0.06030679297874064,0.0051479339599609375
531,391,2.1214348288143383,-0.019662842421275695,0.005277395248413086
532,391,2.1088500352161925,0.012584793598145794,0.005027294158935547
533,391,2.102363605938299,0.006486429277893446,0.005141496658325195
534,391,2.1183232846467392,-0.015959678708440173,0.004925727844238281
535,391,2.087107158377957,0.03121612626878223,0.005216360092163086
536,391,2.1047808166660005,-0.01767365828804346,0.004769802093505859
537,391,2.1001867894321453,0.004594027233855158,0.005030393600463867
538,391,2.1008408490349266,-0.0006540596027813095,0.016336441040039062
539,391,2.082808784816576,0.018032064218350463,0.005555868148803711
540,391,2.1122779943753995,-0.029469209558823373,0.005279541015625
541,391,2.122176772798114,-0.009898778422714472,0.00889444351196289
542,391,2.061461153542599,0.06071561925551494,0.004572629928588867
543,391,2.127566130264946,-0.06610497672234672,0.00463104248046875
544,391,2.1097104592091593,0.01785567105578645,0.00423121452331543
545,391,2.1132634545835995,-0.0035529953744402043,0.006858348846435547
546,391,2.1106298890565056,0.0026335655270939284,0.004486560821533203
547,391,2.107354908038283,0.0032749810182224337,0.006448507308959961
548,391,2.1136148360074327,-0.006259927969149537,0.0045778751373291016
549,391,2.104545417649057,0.009069418358375714,0.004644870758056641
550,391,2.1059887195792037,-0.0014433019301467453,0.00469660758972168
551,391,2.0969099352121963,0.009078784367007486,0.004435062408447266
552,391,2.1334550081921355,-0.03654507297993925,0.0045812129974365234
553,391,2.1158373898557383,0.01761761833639719,0.0046536922454833984
554,391,2.10811589623961,0.007721493616128505,0.004180431365966797
555,391,2.0980430661564897,0.010072830083120099,0.005262613296508789
556,391,2.12334315307305,-0.02530008691656027,0.004564762115478516
557,391,2.1088692355338874,0.014473917539162606,0.0049762725830078125
558,391,2.088076696371483,0.0207925391624042,0.004453182220458984
559,391,2.109739962136349,-0.02166326576486588,0.004351377487182617
560,391,2.0929709041819855,0.016769057954363564,0.004263639450073242
561,391,2.114602481617647,-0.021631577435661686,0.0042040348052978516
562,391,2.090324538443095,0.02427794317455234,0.00397038459777832
563,391,2.1065979784406967,-0.01627343999760189,0.00420069694519043
564,391,2.0889421155690537,0.017655862871643002,0.004392385482788086
565,391,2.121890329034127,-0.03294821346507337,0.004006385803222656
566,391,2.106921261838635,0.01496906719549207,0.003988027572631836
567,391,2.0922924929567617,0.014628768881873366,0.0041675567626953125
568,391,2.0834458295036766,0.008846663453085046,0.004511117935180664
569,391,2.0843156195052748,-0.0008697900015981475,0.004640340805053711
570,391,2.1007473450487533,-0.016431725543478493,0.0047533512115478516
571,391,2.0803445879455724,0.020402757103180846,0.004850864410400391
572,391,2.073498816136509,0.006845771809063539,0.00462031364440918
573,391,2.0720548898057864,0.0014439263307224337,0.004990100860595703
574,391,2.0950618656090154,-0.02300697580322897,0.0049664974212646484
575,391,2.0900593242986734,0.005002541310342057,0.005073070526123047
576,391,2.10384343530211,-0.013784111003436461,0.005087137222290039
577,391,2.1083233533308023,-0.00447991802869252,0.0052280426025390625
578,391,2.1120252682424874,-0.0037019149116850336,0.0049097537994384766
579,391,2.1030743298933023,0.008950938349185034,0.004893064498901367
580,391,2.1006948954004154,0.0023794344928869116,0.004869937896728516
581,391,2.1052409998901056,-0.0045461044896901726,0.004798412322998047
582,391,2.077597069313459,0.027643930576646714,0.0049169063568115234
583,391,2.108790561061381,-0.031193491747921964,0.005426168441772461
584,391,2.0865651786784687,0.022225382382912162,0.004427433013916016
585,391,2.086959175441576,-0.00039399676310747367,0.004603862762451172
586,391,2.0778260682245047,0.009133107217071501,0.0041561126708984375
587,391,2.091504343330403,-0.013678275105898141,0.00408482551574707
588,391,2.0667502947170715,0.024754048613331303,0.0041196346282958984
589,391,2.119800772508392,-0.05305047779132055,0.00399017333984375
590,391,2.0974530076126916,0.02234776489570045,0.0039288997650146484
591,391,2.1096275700327687,-0.012174562420077084,0.003945589065551758
592,391,2.0834686201246804,0.026158949908088314,0.004061222076416016
593,391,2.0923635185222187,-0.00889489839753832,0.004182338714599609
594,391,2.0868681690577047,0.005495349464514021,0.004169940948486328
595,391,2.0747407488810743,0.012127420176630377,0.00408172607421875
596,391,2.076302686920556,-0.0015619380394817917,0.003956317901611328
597,391,2.106863816985694,-0.03056113006513783,0.00412440299987793
598,391,2.0959794222546355,0.0108843947310584,0.0042650699615478516
599,391,2.0854115986153294,0.010567823639306084,0.004212379455566406
600,391,2.110241667998721,-0.024830069383391606,0.004662752151489258
601,391,2.112847291600064,-0.0026056236013429768,0.004720211029052734
602,391,2.1081930097106776,0.004654281889386436,0.0046656131744384766
603,391,2.077341845578245,0.030851164132432718,0.004776477813720703
604,391,2.107717840872762,-0.03037599529451729,0.0047414302825927734
605,391,2.1124509533347986,-0.004733112462036448,0.0048084259033203125
606,391,2.062004694243526,0.05044625909127243,0.00461268424987793
607,391,2.0770155962775734,-0.015010902034047202,0.004802703857421875
608,391,2.0964870599224743,-0.019471463644900933,0.004610300064086914
609,391,2.086038184592791,0.010448875329683194,0.004392147064208984
610,391,2.0911573327105977,-0.00511914811780656,0.004133462905883789
611,391,2.0762015340273337,0.014955798683264021,0.003995418548583984
612,391,2.0678726547514388,0.008328879275894874,0.004212617874145508
613,391,2.131118189038523,-0.06324553428708413,0.004731655120849609
614,391,2.085763448339594,0.045354740698928975,0.004294157028198242
615,391,2.093576104439738,-0.007812656100143922,0.004337787628173828
616,391,2.095089027034047,-0.0015129225943093516,0.004195213317871094
617,391,2.0761440891743925,0.018944937859654676,0.004140377044677734
618,391,2.1056612214773818,-0.029517132302989246,0.004020214080810547
619,391,2.0807131403852304,0.02494808109215141,0.004447221755981445
620,391,2.065509922973945,0.015203217411285497,0.004651784896850586
621,391,2.058931706811461,0.006578216162483663,0.004645109176635742
622,391,2.0706518617127556,-0.01172015490129441,0.0044155120849609375
623,391,2.06597010619805,0.004681755514705621,0.00454258918762207
624,391,2.0923174689797794,-0.026347362781729444,0.00457310676574707
625,391,2.0872952590513107,0.0050222099284686905,0.004584312438964844
626,391,2.113034767872842,-0.02573950882153131,0.0045680999755859375
627,391,2.1015234749640346,0.01151129290880748,0.004642009735107422
628,391,2.076426006034207,0.02509746892982756,0.0045697689056396484
629,391,2.061238554737452,0.015187451296755139,0.004569053649902344
630,391,2.087672396998881,-0.026433842261428975,0.00442051887512207
631,391,2.064750807974345,0.022921589024536004,0.0046672821044921875
632,391,2.0673618950807224,-0.0026110871063775853,0.004515647888183594
633,391,2.065783410425991,0.0015784846547313158,0.00457453727722168
634,391,2.101174903342791,-0.035391492916799994,0.0045125484466552734
635,391,2.0907972096787084,0.010377693664082699,0.004455089569091797
636,391,2.073176781539722,0.017620428138986455,0.004460334777832031
637,391,2.069768959299073,0.003407822240649061,0.0043849945068359375
638,391,2.0948675209299075,-0.02509856163083457,0.004149913787841797
639,391,2.0855630157548752,0.00930450517503223,0.004481077194213867
640,391,2.108349734255115,-0.022786718500239722,0.004378080368041992
641,391,2.059902649706282,0.048447084548833175,0.004469394683837891
642,391,2.086269837206282,-0.0263671875,0.004446744918823242
643,391,2.064107363181346,0.022162474024935985,0.00473332405090332
644,391,2.0713251216332322,-0.007217758451886436,0.00432896614074707
645,391,2.081617272418478,-0.010292150785245813,0.004348278045654297
646,391,2.0642491021119724,0.017368170306505615,0.004282474517822266
647,391,2.076457694363411,-0.012208592251438777,0.004178047180175781
648,391,2.0613151999080883,0.015142494455322897,0.004079341888427734
649,391,2.056277536065377,0.005037663842711204,0.004156827926635742
650,391,2.069591473435502,-0.013313937370124762,0.004444122314453125
651,391,2.08453166210438,-0.01494018866887803,0.004210948944091797
652,391,2.077978109764626,0.006553552339753743,0.004047870635986328
653,391,2.0686470675651374,0.00933104219948877,0.004131793975830078
654,391,2.065571114230339,0.003075953334798598,0.004166364669799805
655,391,2.071179480199009,-0.005608365968670093,0.004241466522216797
656,391,2.06866455078125,0.002514929417758882,0.004317522048950195
657,391,2.0614880027673435,0.007176548013906547,0.004463911056518555
658,391,2.0794933738610935,-0.01800537109375,0.0057222843170166016
659,391,2.085529454223945,-0.006036080362851415,0.004456281661987305
660,391,2.0791744612671836,0.0063549929567612296,0.004675865173339844
661,391,2.0755431036205243,0.003631357646659339,0.005561351776123047
662,391,2.102531257492807,-0.026988153872282705,0.004979133605957031
663,391,2.0740894990808822,0.028441758411924756,0.004828214645385742
664,391,2.08050131249001,-0.006411813409127554,0.0050334930419921875
665,391,2.0482466519641145,0.03225466052589532,0.004594564437866211
666,391,2.0635680371843033,-0.015321385220188777,0.0047969818115234375
667,391,2.0691127142942776,-0.005544677109974305,0.00479435920715332
668,391,2.0860870439378196,-0.016974329643542063,0.0044896602630615234
669,391,2.093187415081522,-0.007100371143702322,0.004529476165771484
670,391,2.064280478240889,0.02890693684063317,0.0043523311614990234
671,391,2.0879477576526533,-0.023667279411764497,0.004746198654174805
672,391,2.0729009525855178,0.015046805067135516,0.0047588348388671875
673,391,2.0627880047654252,0.010112947820092533,0.004599094390869141
674,391,2.0835374602881234,-0.020749455522698135,0.004630088806152344
675,391,2.064507760050352,0.019029700237771507,0.00485539436340332
676,391,2.0605730998241687,0.003934660226183162,0.004728555679321289
677,391,2.060243104120045,0.00032999570412384216,0.004796028137207031
678,391,2.0482995699128836,0.01194353420716121,0.004580497741699219
679,391,2.0763812052929187,-0.028081635380035053,0.0047664642333984375
680,391,2.0762711546914963,0.00011005060142244005,0.004375457763671875
681,391,2.0835045231577687,-0.007233368466272427,0.004513740539550781
682,391,2.0578797479419757,0.025624775215792983,0.0042035579681396484
683,391,2.0552680364350224,0.0026117115069532737,0.003983259201049805
684,391,2.077615333030291,-0.022347296595268684,0.004121541976928711
685,391,2.0766283118206523,0.0009870212096387831,0.00398564338684082
686,391,2.062179994705083,0.014448317115569154,0.00418853759765625
687,391,2.073460415501119,-0.011280420796035973,0.0042994022369384766
688,391,2.046633513077446,0.02682690242367336,0.004493236541748047
689,391,2.0614210358056266,-0.014787522728180846,0.004487276077270508
690,391,2.074516432974345,-0.013095397168718215,0.004589080810546875
691,391,2.073572183204124,0.0009442497702210062,0.004601240158081055
692,391,2.0673437874640346,0.006228395740089265,0.004546165466308594
693,391,2.037485732446851,0.029858055017183638,0.004670143127441406
694,391,2.0616544055207,-0.024168673073849067,0.004678010940551758
695,391,2.083186547164722,-0.02153214164402195,0.00455474853515625
696,391,2.07906316186461,0.004123385300112137,0.004607677459716797
697,391,2.053463362671835,0.025599799192774775,0.004694223403930664
698,391,2.0730803116508154,-0.019616948978980364,0.004438161849975586
699,391,2.0851865022078804,-0.012106190557064966,0.004468202590942383
700,391,2.073907018012708,0.01127948419517244,0.00518345832824707
701,391,2.0658055766464196,0.00810144136628832,0.004362583160400391
702,391,2.04927800561461,0.016527571031809796,0.004087924957275391
703,391,2.0834233510829603,-0.03414534546835046,0.004011631011962891
704,391,2.074017380814418,0.009405970268542063,0.007534980773925781
705,391,2.065265626248801,0.008751754565617276,0.005219459533691406
706,391,2.031508814038523,0.03375681221027804,0.004714488983154297
707,391,2.0879170059243126,-0.056408191885789716,0.004706144332885742
708,391,2.0562227449148818,0.031694261009430846,0.004782199859619141
709,391,2.0641904084578804,-0.007967663542998604,0.004632472991943359
710,391,2.0692388432105178,-0.005048434752637387,0.004487276077270508
711,391,2.043808412673833,0.02543043053668459,0.004673004150390625
712,391,2.055537777483616,-0.011729364809782705,0.004617929458618164
713,391,2.051709265355259,0.003828512128356998,0.004660129547119141
714,391,2.0694575395120682,-0.01774827415680935,0.004462480545043945
715,391,2.074048913043478,-0.004591373531409815,0.0044934749603271484
716,391,2.065849909087276,0.008199003956201878,0.004505157470703125
717,391,2.0432364617467234,0.022613447340552817,0.004404306411743164
718,391,2.0561086357097187,-0.012872173962995337,0.004364490509033203
719,391,2.0457690304807383,0.010339605228980364,0.004376888275146484
720,391,2.0532785401015023,-0.007509509620764021,0.004507541656494141
721,391,2.0689926732836477,-0.015714133182145318,0.004572868347167969
722,391,2.079412045686141,-0.010419372402493465,0.004355192184448242
723,391,2.039462584668718,0.039949461017422916,0.004685163497924805
724,391,2.051752036794677,-0.012289452125958888,0.0044765472412109375
725,391,2.0396634855538682,0.012088551240808876,0.004598855972290039
726,391,2.09240316795876,-0.052739682404891575,0.0045375823974609375
727,391,2.059754822870045,0.03264834508871495,0.00456690788269043
728,391,2.048168914092471,0.011585908777573817,0.004648923873901367
729,391,2.057543664332241,-0.00937475023977008,0.004698276519775391
730,391,2.074397640764866,-0.016853976432624762,0.004601478576660156
731,391,2.0591956721547313,0.015201968610134564,0.004595279693603516
732,391,2.0556520427889224,0.0035436293658088758,0.004397869110107422
733,391,2.073483050021979,-0.01783100723305653,0.004708766937255859
734,391,2.046188003266864,0.02729504675511496,0.004499197006225586
735,391,2.055917413033488,-0.009729409766623842,0.004650115966796875
736,391,2.056039015045556,-0.00012160201206823373,0.0046160221099853516
737,391,2.074572472925991,-0.018533457880435034,0.0045833587646484375
738,391,2.043211485723705,0.03136098720228597,0.004796028137207031
739,391,2.0482931698069855,-0.005081684083280358,0.004621028900146484
740,391,2.06599477002078,-0.01770160021379441,0.004567861557006836
741,391,2.0605768462276215,0.005417923793158419,0.004727840423583984
742,391,2.04773355079124,0.012843295436381297,0.004902362823486328
743,391,2.062076032009271,-0.014342481218030834,0.00503230094909668
744,391,2.040901359694693,0.021174672314578036,0.005261659622192383
745,391,2.069012654102062,-0.028111294407369147,0.005015850067138672
746,391,2.039780092361333,0.02923256174072897,0.004789590835571289
747,391,2.0313026057484813,0.008477486612851859,0.004918813705444336
748,391,2.050436424782209,-0.019133819033727573,0.0047149658203125
749,391,2.047617880584639,0.0028185441975701053,0.00501251220703125
750,391,2.0334202603001117,0.01419762028452709,0.005123615264892578
751,391,2.0623410900535486,-0.028920829753436905,0.004866838455200195
752,391,2.0522626403652495,0.010078449688299074,0.0046079158782958984
753,391,2.036978563079444,0.015284077285805608,0.004612922668457031
754,391,2.0310197522878037,0.005958810791640179,0.004510164260864258
755,391,2.0385851457600705,-0.007565393472266813,0.004548549652099609
756,391,2.037530064887708,0.0010550808723626126,0.0045680999755859375
757,391,2.0585355246463397,-0.021005459758631773,0.0046749114990234375
758,391,2.0596090253356776,-0.0010735006893378696,0.004628419876098633
759,391,2.0425784996403453,0.017030525695332255,0.0045888423919677734
760,391,2.029290474894102,0.013288024746243465,0.004637002944946289
761,391,2.0436771324528453,-0.014386657558743465,0.004788398742675781
762,391,2.0377033360473944,0.005973796405450926,0.005130290985107422
763,391,2.025149450277733,0.01255388576966121,0.004820108413696289
764,391,2.0399919202565537,-0.01484246997882055,0.004515409469604492
765,391,2.0471399019441336,-0.007147981687579907,0.0066699981689453125
766,391,2.04892756079164,-0.0017876588475065347,0.006749153137207031
767,391,2.0331169577205883,0.015810603071051865,0.004427671432495117
768,391,2.053419342431266,-0.02030238471067758,0.006956815719604492
769,391,2.049265517603101,0.004153824828164954,0.011568546295166016
770,391,2.0369356355398818,0.012329882063219166,0.00529170036315918
771,391,2.0329218325407608,0.004013802999121019,0.005091667175292969
772,391,2.0280672741668,0.00485455837396076,0.00471949577331543
773,391,2.0443561680786444,-0.016288893911844404,0.004561185836791992
774,391,2.032717809652733,0.01163835842591121,0.0045130252838134766
775,391,2.009212874390585,0.02350493526214814,0.004441022872924805
776,391,2.0433209119245523,-0.034108037533967295,0.00439143180847168
777,391,2.029354788153373,0.01396612377117945,0.004747152328491211
778,391,2.0288271696671196,0.0005276184862532673,0.00455927848815918
779,391,2.0551559565317294,-0.02632878686460982,0.004666328430175781
780,391,2.067686115079524,-0.012530158547794379,0.0045011043548583984
781,391,2.02947795116688,0.03820816391264392,0.004605531692504883
782,391,2.0354439425651374,-0.005965991398257486,0.00999593734741211
783,391,2.0597841696970907,-0.024340227131953274,0.008501291275024414
784,391,2.042664666919757,0.01711950277733365,0.007987499237060547
785,391,2.038584365259351,0.0040803016604060716,0.010962247848510742
786,391,2.019610392772938,0.018973972486413082,0.00905156135559082
787,391,2.028854799392583,-0.009244406619645318,0.008939504623413086
788,391,2.0445892255934304,-0.015734426200847196,0.008084297180175781
789,391,2.0523356952325766,-0.0077464696391462695,0.008206844329833984
790,391,2.0386713130394822,0.013664382193094404,0.00810694694519043
791,391,2.0494843700047953,-0.010813056965313095,0.0075550079345703125
792,391,2.0276100568454285,0.02187431315936683,0.007008790969848633
793,391,2.0295844114649935,-0.0019743546195649664,0.005210161209106445
794,391,2.049259117497203,-0.019674706032209333,0.007761478424072266
795,391,2.036585971217631,0.012673146279571945,0.007975101470947266
796,391,2.0557945622202687,-0.01920859100263783,0.024843692779541016
797,391,2.0334627195392425,0.02233184268102617,0.030042409896850586
798,391,2.0633992929287883,-0.029936573389545806,0.030431032180786133
799,391,2.0336412981038205,0.02975799482496777,0.03129434585571289
800,391,2.0398127172914005,-0.006171419187579907,0.006722450256347656
801,391,2.0535665448669276,-0.013753827575527122,0.005621433258056641
802,391,2.0493335772658248,0.0042329676011028106,0.004946470260620117
803,391,2.042975306206042,0.006358271059782705,0.004732370376586914
804,391,2.0199995504315855,0.02297575577445654,0.004352092742919922
805,391,2.051309024586397,-0.03130947415481167,0.00447392463684082
806,391,2.0412839611472986,0.010025063439098592,0.00449061393737793
807,391,2.0725917182005276,-0.03130775705322897,0.004672527313232422
808,391,2.046725768262468,0.02586594993805935,0.004534006118774414
809,391,2.028783773827126,0.017941994435342057,0.0047283172607421875
810,391,2.050549441286365,-0.021765667459238802,0.004473209381103516
811,391,2.0021579283887467,0.04839151289761823,0.004248857498168945
812,391,2.027281466042599,-0.025123537653852335,0.004108905792236328
813,391,2.036258473115809,-0.008977007073209808,0.0040798187255859375
814,391,2.0307203522118766,0.005538120903932242,0.00390934944152832
815,391,2.037156829443734,-0.006436477231857474,0.0040438175201416016
816,391,2.0309874395580243,0.006169389885709808,0.0038988590240478516
817,391,2.0154763926630435,0.01551104689498084,0.003940105438232422
818,391,2.0232796827545556,-0.0078032900915121495,0.00404810905456543
819,391,2.0228187190297313,0.0004609637248242926,0.0039484500885009766
820,391,2.0303597608795556,-0.007541041849824293,0.004151582717895508
821,391,2.0475627772338556,-0.017203016354299994,0.004115104675292969
822,391,2.0307340890245364,0.016828688209319154,0.004160165786743164
823,391,2.0445144536245206,-0.013780364599984107,0.004243135452270508
824,391,1.9886577635469949,0.055856690077525695,0.004562854766845703
825,391,2.012565124980019,-0.0239073614330243,0.005132198333740234
826,391,2.005698747951966,0.006866377028053261,0.005024433135986328
827,391,2.020026087456042,-0.014327339504076164,0.005009889602661133
828,391,2.0151538897658248,0.004872197690217295,0.004306793212890625
829,391,2.0111914437140346,0.003962446051790192,0.0041866302490234375
830,391,2.0524569850443575,-0.0412655413303229,0.00428462028503418
831,391,2.03431549462516,0.01814149041919766,0.0042536258697509766
832,391,2.012658004565617,0.021657490059542983,0.004377126693725586
833,391,2.051701304247922,-0.03904329968230513,0.004304170608520508
834,391,2.054573390794837,-0.0028720865469149537,0.004267692565917969
835,391,2.0293652468630117,0.025208143931825244,0.004224538803100586
836,391,2.0055410868066654,0.023824160056346244,0.004190921783447266
837,391,2.0658179085577846,-0.06027682175111915,0.004009246826171875
838,391,2.000949401074968,0.06486850748281636,0.004086971282958984
839,391,2.0002151059982416,0.000734295076726621,0.004073619842529297
840,391,2.019824874370604,-0.019609768372362613,0.0041484832763671875
841,391,2.005581360643782,0.014243513726822421,0.004019737243652344
842,391,2.0185122282608696,-0.012930867617087838,0.004172325134277344
843,391,2.012895120684143,0.005617107576726621,0.0044460296630859375
844,391,2.011119481547714,0.0017756391364289748,0.0048770904541015625
845,391,2.0317571693674075,-0.02063768781969344,0.0053522586822509766
846,391,2.0268820057744565,0.004875163592950926,0.005374908447265625
847,391,2.0336197562839673,-0.006737750509510754,0.005463838577270508
848,391,2.0204372552349743,0.01318250104899299,0.005293607711791992
849,391,2.0536072870044757,-0.033170031769501396,0.0047147274017333984
850,391,2.0180447083300033,0.035562578674472434,0.004947662353515625
851,391,2.013652518582161,0.004392189747842057,0.004288434982299805
852,391,2.0220158959898495,-0.008363377407688333,0.0041882991790771484
853,391,2.036765642483216,-0.014749746493366356,0.004169940948486328
854,391,2.0196617497202687,0.017103892762947215,0.004057407379150391
855,391,2.016738150125879,0.002923599594389703,0.004129171371459961
856,391,1.9992544657129157,0.01748368441296333,0.003975391387939453
857,391,2.033812383861493,-0.03455791814857734,0.004112958908081055
858,391,1.9966518080143063,0.03716057584718668,0.00424957275390625
859,391,2.029948905300911,-0.033297097286604904,0.004479408264160156
860,391,2.0201063229299874,0.009842582370923836,0.004454135894775391
861,391,2.0155622477421673,0.004544075187820074,0.004364728927612305
862,391,2.0327763472066818,-0.017214099464514465,0.007386445999145508
863,391,2.0001746760609813,0.03260167114570045,0.004687786102294922
864,391,2.032999570412404,-0.032824894351422884,0.005222320556640625
865,391,2.0296819740549075,0.0033175963574967327,0.004912137985229492
866,391,1.9811747909506874,0.048507183104220086,0.006221771240234375
867,391,2.006061524686301,-0.024886733735613564,0.005728721618652344
868,391,1.993802824288683,0.012258700397618005,0.007058143615722656
869,391,2.029549132832481,-0.0357463085437979,0.005380153656005859
870,391,1.9970700002997124,0.03247913253276846,0.006269693374633789
871,391,2.0054639733355977,-0.008393973035885294,0.005464076995849609
872,391,2.023177749360614,-0.017713776025016337,0.005761146545410156
873,391,2.007517782928389,0.015659966432225225,0.006176471710205078
874,391,2.0165455225483537,-0.009027739619964947,0.005347013473510742
875,391,2.01434732032249,0.0021982022258635325,0.005415916442871094
876,391,1.9986127380214993,0.015734582300990896,0.00526118278503418
877,391,2.019150365648977,-0.020537627627477795,0.0053615570068359375
878,391,2.013180315646979,0.005970050001998128,0.0049707889556884766
879,391,2.034103042329364,-0.02092272668238504,0.0051441192626953125
880,391,2.0420682082700607,-0.007965165940696739,0.004765987396240234
881,391,2.0133421914961636,0.02872601677389719,0.004877567291259766
882,391,2.025961327125959,-0.01261913562979533,0.004938364028930664
883,391,1.9875015297814098,0.038459797344549074,0.006746530532836914
884,391,2.0332802384710678,-0.04577870868965794,0.005415678024291992
885,391,2.0049140325287724,0.02836620594229533,0.005685329437255859
886,391,2.0040479889306266,0.0008660435981457937,0.005126953125
887,391,2.004448854100064,-0.00040086516943738104,0.005014181137084961
888,391,2.04627151684383,-0.04182266274376589,0.00519251823425293
889,391,2.048268505984255,-0.0019969891404252316,0.005448818206787109
890,391,2.011830673803149,0.03643783218110608,0.005124807357788086
891,391,2.011350197560342,0.0004804762428070042,0.005052804946899414
892,391,1.9956343472766145,0.015715850283727573,0.004929304122924805
893,391,2.0262104629555626,-0.030576115678948135,0.0050313472747802734
894,391,1.9982508978880276,0.027959565067535053,0.005040168762207031
