0,461,2.2844789054026573,Nan,0.012203216552734375
1,461,2.272676480307755,0.011802425094902258,0.0064084529876708984
2,461,2.277258750932077,-0.004582270624322149,0.006009817123413086
3,461,2.274056324989832,0.0032024259422454016,0.00548863410949707
4,461,2.3017027352223427,-0.02764641023251091,0.005192995071411133
5,461,2.2985590936822127,0.0031436415401300266,0.005450010299682617
6,461,2.271853233883541,0.026705859798671572,0.005382061004638672
7,461,2.2782384909673263,-0.006385257083785234,0.005851268768310547
8,461,2.2834811593343276,-0.005242668367001269,0.005203962326049805
9,461,2.2718974545824295,0.011583704751898072,0.006639003753662109
10,461,2.2928556827040403,-0.020958228121610745,0.005709171295166016
11,461,2.2911186301010034,0.0017370526030369149,0.00619196891784668
12,461,2.299390019149946,-0.008271389048942535,0.005914449691772461
13,461,2.2847323138388016,0.014657705311144298,0.006741523742675781
14,461,2.2722178560534165,0.01251445778538507,0.0056610107421875
15,461,2.2684516823989966,0.003766173654419891,0.006194591522216797
16,461,2.2609365467394253,0.007515135659571293,0.007836103439331055
17,461,2.2753562017014644,-0.014419654962039008,0.007022857666015625
18,461,2.2626201108324295,0.012736090869034822,0.006373405456542969
19,461,2.251833967428145,0.01078614340428441,0.005733489990234375
20,461,2.296765639828498,-0.044931672400352785,0.006072044372558594
21,461,2.2612974617848427,0.03546817804365521,0.006192207336425781
22,461,2.2793365941906183,-0.018039132405775593,0.007050514221191406
23,461,2.2861238094834597,-0.006787215292841431,0.007241249084472656
24,461,2.274983370898861,0.011140438584598567,0.005422115325927734
25,461,2.2714070549755965,0.0035763159232646835,0.00510716438293457
26,461,2.2888866763828633,-0.017479621407266777,0.004939556121826172
27,461,2.280772310534165,0.008114365848698402,0.005471706390380859
28,461,2.2451685576531997,0.03560375288096518,0.00496363639831543
29,461,2.278348380728037,-0.033179823074837245,0.005194902420043945
30,461,2.2756887837242408,0.0026595970037961436,0.0061299800872802734
31,461,2.266486112052603,0.009202671671637574,0.008948802947998047
32,461,2.2867182733697127,-0.020232161317109476,0.006416797637939453
33,461,2.29653897564737,-0.0098207022776573,0.005857944488525391
34,461,2.288779434568194,0.007759541079175758,0.0053255558013916016
35,461,2.27968109197058,0.009098342597614106,0.00532078742980957
36,461,2.2775804763760847,0.0021006155944953697,0.004955768585205078
37,461,2.269624987289859,0.007955489086225676,0.00500178337097168
38,461,2.268073290909707,0.0015516963801518457,0.0055849552154541016
39,461,2.26331016557077,0.00476312533893708,0.00545954704284668
40,461,2.277703076277793,-0.014392910707022644,0.007314920425415039
41,461,2.268185563821855,0.009517512455937904,0.009610414505004883
42,461,2.2762024852562366,-0.008016921434381707,0.006036043167114258
43,461,2.2880827599647504,-0.011880274708513827,0.006384849548339844
44,461,2.266092892065483,0.0219898678992676,0.00560307502746582
45,461,2.245371390319957,0.020721501745526005,0.006623506546020508
46,461,2.2815926442177332,-0.03622125389777642,0.005597829818725586
47,461,2.2419287956717735,0.03966384854595972,0.00818777084350586
48,461,2.2762281703328364,-0.03429937466106292,0.005466461181640625
49,461,2.2763449447532538,-0.00011677442041735375,0.006707668304443359
50,461,2.257367645065076,0.01897729968817785,0.005715847015380859
51,461,2.2497495043045013,0.007618140760574654,0.005841255187988281
52,461,2.289687944854935,-0.03993844055043372,0.012664794921875
53,461,2.2326903767285793,0.0569975681263557,0.0063018798828125
54,461,2.2640190207260034,-0.03132864399742408,0.0065801143646240234
55,461,2.258799389489561,0.005219631236442535,0.005800724029541016
56,461,2.277834679196041,-0.019035289706480274,0.006062984466552734
57,461,2.2726325244034706,0.005202154792570468,0.005583047866821289
58,461,2.2421453976579446,0.030487126745526005,0.005490541458129883
59,461,2.2765440702955533,-0.03439867263760865,0.0061054229736328125
60,461,2.261594031741459,0.01495003855409438,0.009229898452758789
61,461,2.269572293163639,-0.007978261422179944,0.009315967559814453
62,461,2.2362206183907265,0.03335167477291234,0.006720781326293945
63,461,2.2568888964208242,-0.020668278030097742,0.0059659481048583984
64,461,2.262105350122017,-0.005216453701192947,0.005364418029785156
65,461,2.2450200078802873,0.01708534224172986,0.005469083786010742
66,461,2.2694947083446313,-0.024474700464343968,0.005388498306274414
67,461,2.265154195193872,0.004340513150759229,0.0053555965423583984
68,461,2.2743865238611716,-0.009232328667299505,0.005351543426513672
69,461,2.236400149132321,0.03798637472885069,0.005400896072387695
70,461,2.25983500118628,-0.0234348520539589,0.005391836166381836
71,461,2.251224939838666,0.008610061347613662,0.005433320999145508
72,461,2.2483709835954446,0.0028539562432214893,0.006521463394165039
73,461,2.259053062720309,-0.010682079124864519,0.0059850215911865234
74,461,2.271174565313178,-0.012121502592868705,0.00556182861328125
75,461,2.2724860929873913,-0.0013115276742134974,0.005233049392700195
76,461,2.279220614154013,-0.006734521166621654,0.004992961883544922
77,461,2.269524365340293,0.00969624881372022,0.006192445755004883
78,461,2.2495670608222613,0.01995730451803146,0.0051457881927490234
79,461,2.266194308398861,-0.016627247576599835,0.005068063735961914
80,461,2.2188577714038775,0.047336536994983636,0.004996299743652344
81,461,2.2344655597546095,-0.015607788350731955,0.005335330963134766
82,461,2.2757298268878796,-0.04126426713327014,0.00557398796081543
83,461,2.26588714665808,0.009842680229799505,0.005838155746459961
84,461,2.2332856349986443,0.03260151165943581,0.005178928375244141
85,461,2.2630082997220717,-0.02972266472342744,0.005652427673339844
86,461,2.2561718326328633,0.006836467089208487,0.005686521530151367
87,461,2.246634460581616,0.00953737205124705,0.005687236785888672
88,461,2.2489479710378255,-0.002313510456209311,0.00641632080078125
89,461,2.2663613937940617,-0.01741342275623614,0.0056269168853759766
90,461,2.2444626152386116,0.021898778555450082,0.00541377067565918
91,461,2.2423156605883947,0.002146954650216859,0.005511283874511719
92,461,2.241773361239154,0.0005422993492407713,0.005480766296386719
93,461,2.2600587526267626,-0.01828539138760865,0.005368471145629883
94,461,2.2534844321956347,0.0065743204311279335,0.0051572322845458984
95,461,2.2424430267929774,0.0110414054026573,0.005137443542480469
96,461,2.2487623500203364,-0.006319323227359064,0.005948066711425781
97,461,2.2684495640421636,-0.01968721402182716,0.008247137069702148
98,461,2.230198659503796,0.038250904538367436,0.0062906742095947266
99,461,2.247718000101681,-0.01751934059788507,0.005644083023071289
100,461,2.2600849672925705,-0.012366967190889255,0.005537271499633789
101,461,2.250012445346394,0.010072521946176582,0.005361080169677734
102,461,2.2463233269217735,0.0036891184246203856,0.005172252655029297
103,461,2.2343209819007592,0.012002345021014271,0.0052111148834228516
104,461,2.2564964708175164,-0.022175488916757136,0.0052337646484375
105,461,2.249679068939805,0.006817401877711404,0.005254507064819336
106,461,2.2236542608629337,0.026024808076871242,0.005224704742431641
107,461,2.237899416180857,-0.014245155317923253,0.005231618881225586
108,461,2.2220170358256506,0.015882380355206394,0.0054378509521484375
109,461,2.2567075121170013,-0.03469047629135069,0.005738973617553711
110,461,2.2496989285351137,0.007008583581887606,0.008025169372558594
111,461,2.2448852274267894,0.004813701108324242,0.0056743621826171875
112,461,2.236086367526437,0.00879885990035234,0.005337953567504883
113,461,2.246762885964615,-0.010676518438177851,0.005232095718383789
114,461,2.233062677941974,0.013700208022640936,0.0061566829681396484
115,461,2.248336295502305,-0.015273617560330965,0.005351543426513672
116,461,2.25127657478647,-0.0029402792841648484,0.0052947998046875
117,461,2.220151690236917,0.031124884549552867,0.005179643630981445
118,461,2.2429667905199295,-0.02281510028301259,0.004754066467285156
119,461,2.2320188576125273,0.010947932907402258,0.00462651252746582
120,461,2.2271437241560466,0.004875133456480718,0.0057010650634765625
121,461,2.2121570115492815,0.014986712606765096,0.0048313140869140625
122,461,2.2249329540062366,-0.012775942456955125,0.004982948303222656
123,461,2.2426389748000273,-0.01770602079379069,0.004968404769897461
124,461,2.2205596063245663,0.022079368475460992,0.0047490596771240234
125,461,2.2425619195702278,-0.022002313245661487,0.004790782928466797
126,461,2.2460926908215835,-0.003530771251355702,0.004930019378662109
127,461,2.2275504486679774,0.018542242153606114,0.005281686782836914
128,461,2.245882179111307,-0.018331730443329697,0.005122661590576172
129,461,2.2183955724223834,0.027486606688923665,0.005316019058227539
130,461,2.2616345453158893,-0.04323897289350587,0.006033658981323242
131,461,2.2216095169299077,0.04002502838598154,0.005115509033203125
132,461,2.25264635727359,-0.03103684034368248,0.005600929260253906
133,461,2.230809540655504,0.021836816618086008,0.005776405334472656
134,461,2.2300013875237257,0.0008081531317785107,0.005989551544189453
135,461,2.228823051535385,0.0011783359883406064,0.005655050277709961
136,461,2.2297024344156724,-0.0008793828802873271,0.008930683135986328
137,461,2.225354771810602,0.004347662605070468,0.005736112594604492
138,461,2.241259394912554,-0.015904623101952176,0.005396127700805664
139,461,2.2426058754745117,-0.0013464805619576303,0.005905628204345703
140,461,2.2302741259659706,0.012331749508541101,0.0055027008056640625
141,461,2.214522951337107,0.015751174628863662,0.005456447601318359
142,461,2.2346352930958515,-0.020112341758744545,0.005320072174072266
143,461,2.2224698345986984,0.012165458497153114,0.0055255889892578125
144,461,2.227106917706074,-0.004637083107375428,0.0054454803466796875
145,461,2.250493047552874,-0.02338612984680033,0.007793903350830078
146,461,2.2448521281012743,0.005640919451599835,0.005944490432739258
147,461,2.233339917892489,0.011512210208785234,0.00662541389465332
148,461,2.219885968851681,0.013453949040807878,0.005589962005615234
149,461,2.2404692478138557,-0.02058327896217449,0.0055408477783203125
150,461,2.251820198108731,-0.011350950294875428,0.005770444869995117
151,461,2.2238952239526846,0.027924974156046556,0.0056002140045166016
152,461,2.2221912706751628,0.0017039532775218191,0.005666255950927734
153,461,2.2239691016472345,-0.0017778309720717367,0.006326913833618164
154,461,2.2316142514574295,-0.00764514981019504,0.005791187286376953
155,461,2.250002383151437,-0.018388131694007548,0.00643157958984375
156,461,2.2118899661910247,0.03811241696041234,0.0052068233489990234
157,461,2.2437797099545826,-0.03188974376355791,0.00853419303894043
158,461,2.2176401134168247,0.026139596537757992,0.005390644073486328
159,461,2.230489139184517,-0.012849025767692535,0.005625486373901367
160,461,2.2218817257829446,0.008607413401572561,0.0054168701171875
161,461,2.251933530199295,-0.030051804416350247,0.005605459213256836
162,461,2.214839116094428,0.037094414104867024,0.005130767822265625
163,461,2.2185357811652655,-0.003696665070837657,0.005271196365356445
164,461,2.2155368498762877,0.0029989312889777686,0.004929304122924805
165,461,2.2172032023200243,-0.001666352443736585,0.004895687103271484
166,461,2.2143999542434925,0.0028032480765318724,0.004879474639892578
167,461,2.2412297379168926,-0.026829783673400165,0.00476384162902832
168,461,2.2207506556314396,0.020479082285453032,0.0046727657318115234
169,461,2.2229371970749727,-0.002186541443533141,0.004645824432373047
170,461,2.2175155275555856,0.005421669519387162,0.0046617984771728516
171,461,2.2082426853138557,0.009272842241729862,0.004789590835571289
172,461,2.2219166786706888,-0.013673993356833058,0.0047376155853271484
173,461,2.242987709293655,-0.021071030622966447,0.0047495365142822266
174,461,2.209775581277115,0.03321212801654028,0.004433393478393555
175,461,2.214423256168655,-0.004647674891540277,0.0044820308685302734
176,461,2.220833933534436,-0.006410677365780604,0.0044367313385009766
177,461,2.2203841798993356,0.00044975363510024735,0.004721641540527344
178,461,2.218139913232104,0.0022442666672315426,0.007346391677856445
179,461,2.234868047552874,-0.01672813432077014,0.005240678787231445
180,461,2.2167455048468003,0.01812254270607383,0.005008697509765625
181,461,2.2076794671908893,0.009066037655911074,0.004904985427856445
182,461,2.198268402165808,0.009411065025081378,0.005458831787109375
183,461,2.2297281194922722,-0.031459717326464354,0.005159139633178711
184,461,2.227017417129881,0.0027107023623913484,0.0050241947174072266
185,461,2.2088256306348293,0.0181917864950516,0.005567789077758789
186,461,2.2164090833022643,-0.007583452667434987,0.005278348922729492
187,461,2.203292879779013,0.013116203523251269,0.0054018497467041016
188,461,2.2155138127457294,-0.012220932966716447,0.0053157806396484375
189,461,2.2122332723952685,0.003280540350460992,0.005294322967529297
190,461,2.206700521539452,0.005532750855816282,0.005350828170776367
191,461,2.199479969876966,0.007220551662486141,0.005306243896484375
192,461,2.2103301935754476,-0.010850223698481543,0.0052945613861083984
193,461,2.219606478147031,-0.00927628457158347,0.004937410354614258
194,461,2.219787730053552,-0.0001812519065209628,0.0048427581787109375
195,461,2.2354638354121477,-0.01567610535859565,0.004894733428955078
196,461,2.236605629745119,-0.0011417943329714575,0.005650758743286133
197,461,2.2127802056500814,0.02382542409503774,0.0054454803466796875
198,461,2.2010795940804635,0.01170061156961788,0.004970073699951172
199,461,2.199719741390998,0.0013598526894655905,0.005565166473388672
200,461,2.2273161054433297,-0.02759636405233179,0.005827903747558594
201,461,2.202797713869306,0.024518391574023912,0.00522923469543457
202,461,2.222551391336768,-0.01975367746746226,0.005376338958740234
203,461,2.214858446100529,0.0076929452362390904,0.005333423614501953
204,461,2.2141257594309245,0.0007326866696044654,0.00497889518737793
205,461,2.215578422629135,-0.0014526631982105798,0.005432844161987305
206,461,2.2180694778674077,-0.0024910552382726436,0.005143880844116211
207,461,2.2116912378406317,0.006378240026776005,0.005421161651611328
208,461,2.222411579785792,-0.01072034194516025,0.004904508590698242
209,461,2.2267822795214207,-0.004370699735628758,0.011074304580688477
210,461,2.20785555560263,0.01892672391879069,0.0059850215911865234
211,461,2.180988965479257,0.02686659012337289,0.011286735534667969
212,461,2.189736322829108,-0.00874735734985066,0.0056154727935791016
213,461,2.22285219800705,-0.03311587517794212,0.005503654479980469
214,461,2.211888642218004,0.010963555789045731,0.005517005920410156
215,461,2.2019228324972886,0.00996580972071559,0.005765199661254883
216,461,2.177252581217801,0.02467025127948741,0.0052487850189208984
217,461,2.199070729816296,-0.021818148598494957,0.005258321762084961
218,461,2.2195359103850327,-0.020465180568736585,0.007168292999267578
219,461,2.212204409783419,0.007331500601613694,0.005125284194946289
220,461,2.2167623193041623,-0.0045579095207433085,0.004917621612548828
221,461,2.209239504601071,0.007522814703091463,0.0052607059478759766
222,461,2.217814348266337,-0.008574843665265952,0.004908084869384766
223,461,2.19251004630728,0.02530430195905664,0.005009651184082031
224,461,2.1931671341174077,-0.0006570878101275213,0.004976749420166016
225,461,2.2024681769844765,-0.009301042867068787,0.0059125423431396484
226,461,2.2113477992390864,-0.00887962225460992,0.0049974918365478516
227,461,2.1903669311788234,0.020980868060263003,0.005217552185058594
228,461,2.183619567473902,0.006747363704921572,0.004881620407104492
229,461,2.2159995784469904,-0.03238001097308851,0.005143642425537109
230,461,2.190646024691567,0.025353553755423253,0.005180835723876953
231,461,2.1968571793231426,-0.006211154631575511,0.005001068115234375
232,461,2.201570523276505,-0.0047133439533624255,0.004921674728393555
233,461,2.198684394488883,0.0028861287876220665,0.005278587341308594
234,461,2.2052649375932076,-0.006580543104324654,0.0057125091552734375
235,461,2.2043164433212445,0.0009484942719630851,0.005317211151123047
236,461,2.200929587937229,0.003386855384015508,0.005228757858276367
237,461,2.1797086835683297,0.02122090436889934,0.005990743637084961
238,461,2.2055454874762743,-0.025836803907944628,0.006119966506958008
239,461,2.187321925628728,0.018223561847546144,0.005423307418823242
240,461,2.185755533148048,0.0015663924806803564,0.007143497467041016
241,461,2.19918406190686,-0.013428528758812064,0.006005525588989258
242,461,2.182129171044604,0.017054890862255867,0.005541086196899414
243,461,2.192949605350122,-0.010820434305518045,0.005832195281982422
244,461,2.1921550891404555,0.0007945162096665292,0.005443572998046875
245,461,2.184661401843818,0.0074936872966375745,0.007035255432128906
246,461,2.1732115507643033,0.011449851079514684,0.005572319030761719
247,461,2.2052846647912148,-0.03207311402691149,0.00549626350402832
248,461,2.2063609224596665,-0.0010762576684517633,0.0054187774658203125
249,461,2.1937813252016674,0.012579597257999175,0.005592823028564453
250,461,2.184117646124254,0.009663679077413168,0.00558161735534668
251,461,2.1870650748627303,-0.0029474287384760878,0.005402326583862305
252,461,2.188803848630694,-0.0017387737679639415,0.005680084228515625
253,461,2.202272626169333,-0.013468777538638843,0.005624532699584961
254,461,2.192500248906928,0.009772377262405207,0.005793333053588867
255,461,2.172125892887405,0.020374356019522644,0.0055658817291259766
256,461,2.191864477062432,-0.01973858417502683,0.0052258968353271484
257,461,2.1869949042926384,0.004869572769793606,0.005335092544555664
258,461,2.1887068014082836,-0.0017118971156451224,0.005201578140258789
259,461,2.1848176306602496,0.0038891707480339655,0.00533747673034668
260,461,2.2081002258168385,-0.023282595156588926,0.005585670471191406
261,461,2.1940622722766405,0.01403795354019799,0.0052945613861083984
262,461,2.185152993026369,0.008909279250271407,0.0050907135009765625
263,461,2.1747790024234,0.010373990602968952,0.005244016647338867
264,461,2.190495621356426,-0.015716618933026005,0.005060911178588867
265,461,2.176320107019387,0.014175514337039008,0.005217313766479492
266,461,2.1891667496356426,-0.012846642616255455,0.005910396575927734
267,461,2.185984183288707,0.003182566346935811,0.0049533843994140625
268,461,2.210078771098834,-0.024094587810127077,0.004820585250854492
269,461,2.1986298468004337,0.011448924298400165,0.010172367095947266
270,461,2.205283340818194,-0.006653494017760497,0.005070209503173828
271,461,2.1698832149877982,0.03540012583039598,0.00694727897644043
272,461,2.17192319261795,-0.0020399776301518457,0.0048296451568603516
273,461,2.177536043841513,-0.00561285122356292,0.0070950984954833984
274,461,2.1835973247271556,-0.006061280885642617,0.006410360336303711
275,461,2.191579293273793,-0.007981968546637574,0.005658626556396484
276,461,2.1821254639201464,0.009453829353646803,0.00522923469543457
277,461,2.201395494043181,-0.01927003012303441,0.013314247131347656
278,461,2.159358159063178,0.04203733498000295,0.0053310394287109375
279,461,2.1906897158012475,-0.031331556738069644,0.020166635513305664
280,461,2.185973988696448,0.004715727104799505,0.011928558349609375
281,461,2.1908475333853037,-0.004873544688855702,0.00585484504699707
282,461,2.1783308248457836,0.012516708539520138,0.02777266502380371
283,461,2.175974814855613,0.0023560099901707154,0.00796198844909668
284,461,2.1762507308331074,-0.0002759159774945452,0.014066696166992188
285,461,2.175181093029759,0.0010696378033485665,0.0059833526611328125
286,461,2.197163017090903,-0.021981924061144298,0.016994237899780273
287,461,2.1843051207039723,0.0128578963869308,0.006569385528564453
288,461,2.1792658145929367,0.005039306111035646,0.010231494903564453
289,461,2.1834028330904283,-0.004137018497491596,0.014688730239868164
290,461,2.1714660247339346,0.011936808356493689,0.01442718505859375
291,461,2.1857685080836498,-0.014302483349715178,0.006043910980224609
292,461,2.1846042062093276,0.001164301874322149,0.0096893310546875
293,461,2.1720353331327957,0.012568873076531872,0.01398468017578125
294,461,2.1781544716394388,-0.006119138506643029,0.005865335464477539
295,461,2.1757541085530776,0.002400363086361157,0.011745214462280273
296,461,2.1819420936567924,-0.006187985103714766,0.011486053466796875
297,461,2.1833260426552332,-0.0013839489984408537,0.007450580596923828
298,461,2.184016759380084,-0.0006907167248506596,0.005597352981567383
299,461,2.1817089420078633,0.002307817372220633,0.007456779479980469
300,461,2.1882967669638016,-0.006587824955938348,0.008297920227050781
301,461,2.1962954175704987,-0.007998650606697133,0.03575730323791504
302,461,2.155899411944143,0.0403960056263557,0.006682634353637695
303,461,2.1650581277114966,-0.009158715767353609,0.006204366683959961
304,461,2.172596565296231,-0.007538437584734492,0.005560874938964844
305,461,2.176812360188449,-0.0042157948922176836,0.005415678024291992
306,461,2.1689025481714346,0.00790981201701424,0.005347728729248047
307,461,2.179947131109341,-0.011044582937906444,0.008032560348510742
308,461,2.168502708319211,0.011444422790130027,0.005394697189331055
309,461,2.1765273087971124,-0.008024600477901433,0.005496978759765625
310,461,2.1843643022979933,-0.007836993500880851,0.00516819953918457
311,461,2.1792617102765726,0.0051025920214207154,0.005289793014526367
312,461,2.1613062529656997,0.01795545731087289,0.005135059356689453
313,461,2.161436134719021,-0.0001298817533212926,0.005563497543334961
314,461,2.1815610542214614,-0.02012491950244044,0.007490396499633789
315,461,2.148076187762676,0.033484866458785234,0.005770444869995117
316,461,2.1472567808602223,0.0008194069024538564,0.005426168441772461
317,461,2.1750719976528607,-0.02781521679263843,0.0059702396392822266
318,461,2.183135787732172,-0.00806379007931124,0.00565791130065918
319,461,2.173753850113544,0.009381937618627934,0.005549907684326172
320,461,2.177969909800366,-0.004216059686822149,0.005554676055908203
321,461,2.1530037505507726,0.024966159249593556,0.005358219146728516
322,461,2.167622266260507,-0.014618515709734492,0.0052030086517333984
323,461,2.166072291045282,0.0015499752152252633,0.005338907241821289
324,461,2.159642416070702,0.006429874974579697,0.005002498626708984
325,461,2.1708293261083242,-0.011186910037622066,0.005266666412353516
326,461,2.1359195998847613,0.03490972622356292,0.005412101745605469
327,461,2.1700469904504476,-0.034127390565686255,0.005890846252441406
328,461,2.176218690686009,-0.006171700235561239,0.005499839782714844
329,461,2.145301007914181,0.030917682771827604,0.005442142486572266
330,461,2.15818127944516,-0.012880271530978593,0.005329132080078125
331,461,2.1714858843292433,-0.01330460488408347,0.005544424057006836
332,461,2.1733929350681263,-0.001907050738882976,0.005232572555541992
333,461,2.1579399191635034,0.015453015904622891,0.00516200065612793
334,461,2.1698947335530776,-0.011954814389574242,0.0055539608001708984
335,461,2.162652071541147,0.0072426620119308005,0.00562596321105957
336,461,2.1894385612967735,-0.026786489755626697,0.00537419319152832
337,461,2.1962362359764778,-0.006797674679704269,0.0062007904052734375
338,461,2.1523576517167164,0.04387858425976132,0.00582122802734375
339,461,2.1801810771420826,-0.0278234254253662,0.006075620651245117
340,461,2.168040112145811,0.012140964996271819,0.005920886993408203
341,461,2.1733129670976816,-0.005272854951870798,0.0060384273529052734
342,461,2.1585902547112257,0.01472271238645595,0.005532264709472656
343,461,2.158373255533148,0.00021699917807760372,0.0055637359619140625
344,461,2.1555729201972613,0.00280033533588675,0.0051424503326416016
345,461,2.158343333742882,-0.002770413545620798,0.005986690521240234
346,461,2.1644930560263016,-0.006149722283419479,0.00499725341796875
347,461,2.1667722755812773,-0.0022792195549756755,0.01021265983581543
348,461,2.155312362306806,0.01145991327447149,0.005673408508300781
349,461,2.1555907938330394,-0.00027843152623363565,0.0063893795013427734
350,461,2.175364860485019,-0.01977406665197945,0.00583195686340332
351,461,2.178456205090835,-0.003091344605816282,0.00545954704284668
352,461,2.150599547942652,0.027856657148183306,0.006166934967041016
353,461,2.1651988660435872,-0.014599318100935399,0.00536036491394043
354,461,2.153760930721258,0.011437935322329285,0.0054264068603515625
355,461,2.163184176298129,-0.009423245576871242,0.0060803890228271484
356,461,2.1695618867356967,-0.006377710437567519,0.00603795051574707
357,461,2.1562552958920826,0.013306590843614075,0.006604909896850586
358,461,2.1675630846664857,-0.011307788774403082,0.005445003509521484
359,461,2.1475953207615914,0.019967763904894298,0.0062563419342041016
360,461,2.1737399483968276,-0.026144627635236173,0.005430459976196289
361,461,2.1729111412859274,0.0008288071109001649,0.005993843078613281
362,461,2.1464883469190617,0.026422794366865787,0.006888866424560547
363,461,2.1699053253372425,-0.0234169784181808,0.006251811981201172
364,461,2.156208824439059,0.013696500898183306,0.0058748722076416016
365,461,2.1792697865119983,-0.023060962072939173,0.005921602249145508
366,461,2.141616258600529,0.037653527911469364,0.006085872650146484
367,461,2.1604994238069413,-0.01888316520641231,0.0056095123291015625
368,461,2.1452120369271963,0.015287386879744957,0.0052335262298583984
369,461,2.1680663268116187,-0.022854289884422396,0.005194664001464844
370,461,2.137584231163571,0.030482095648047824,0.004971504211425781
371,461,2.1645585926908217,-0.026974361527250856,0.005114316940307617
372,461,2.1372305979697668,0.02732799472105496,0.006131410598754883
373,461,2.1368218874983054,0.00040871047146140427,0.006639242172241211
374,461,2.1468626340919874,-0.010040746593682037,0.00589442253112793
375,461,2.1577439711564534,-0.010881337064466035,0.006115913391113281
376,461,2.1508293896590294,0.006914581497424077,0.005822896957397461
377,461,2.14828908262439,0.0025403070346392553,0.0058786869049072266
378,461,2.152711814499729,-0.0044227318753389255,0.005520820617675781
379,461,2.164644121347953,-0.011932306848223995,0.005789756774902344
380,461,2.1560225414350596,0.008621579912893473,0.005281209945678711
381,461,2.146453791223224,0.009568750211835564,0.0062541961669921875
382,461,2.1803529288401573,-0.033899137616933306,0.005513191223144531
383,461,2.1550134091987525,0.025339519641404795,0.0061266422271728516
384,461,2.1390821742390864,0.015931234959666085,0.006039619445800781
385,461,2.1555600776589614,-0.016477903419874984,0.006171226501464844
386,461,2.158128982510846,-0.002568904851884657,0.005956411361694336
387,461,2.128791064347207,0.029337918163638843,0.006783723831176758
388,461,2.1598198284554635,-0.03102876410825628,0.005963563919067383
389,461,2.163752557915876,-0.003932729460412343,0.00608372688293457
390,461,2.1399594387625407,0.02379311915333515,0.0055084228515625
391,461,2.156018834310602,-0.01605939554806124,0.0064945220947265625
392,461,2.1649011045112525,-0.008882270200650577,0.006127834320068359
393,461,2.1573931183059925,0.007507986205260053,0.006682634353637695
394,461,2.1616356574532265,-0.004242539147234048,0.010473012924194336
395,461,2.131922922527454,0.029712734925772644,0.005936622619628906
396,461,2.138778719622763,-0.006855797095309146,0.0059697628021240234
397,461,2.1487434701650625,-0.009964750542299505,0.0058062076568603516
398,461,2.168195016989222,-0.019451546824159394,0.005503654479980469
399,461,2.135365517175637,0.03282949981358474,0.0054280757904052734
400,461,2.132341959988476,0.0030235571871610745,0.00751495361328125
401,461,2.143589640387744,-0.011247680399268045,0.00732111930847168
402,461,2.155754966487595,-0.01216532609985066,0.005473136901855469
403,461,2.15182462017862,0.003930346308974819,0.005731821060180664
404,461,2.146233482112595,0.005591138066025181,0.006400346755981445
405,461,2.140971748534097,0.005261733578497907,0.00619959831237793
406,461,2.1345904633693737,0.006381285164723138,0.005866527557373047
407,461,2.150266171536063,-0.015675708166689173,0.006598234176635742
408,461,2.1323908145929367,0.017875356943126253,0.0061337947845458984
409,461,2.156758670434517,-0.02436785584158052,0.006002664566040039
410,461,2.148783454150285,0.007975216284232367,0.005158185958862305
411,461,2.161662666502847,-0.012879212352562064,0.0061991214752197266
412,461,2.1382234453379203,0.023439221164926582,0.0063512325286865234
413,461,2.12439481193228,0.013828633405640112,0.0063397884368896484
414,461,2.134706443405979,-0.010311631473698846,0.00599980354309082
415,461,2.1380627150132185,-0.0033562716072395027,0.0059697628021240234
416,461,2.1240748076531997,0.01398790736001887,0.0056879520416259766
417,461,2.1418974704701057,-0.017822662816906032,0.0068511962890625
418,461,2.13123074943228,0.01066672103782551,0.006138801574707031
419,461,2.1340010305805994,-0.0027702811483192313,0.0071947574615478516
420,461,2.1301109330514505,0.003890097529148928,0.005811929702758789
421,461,2.1572186186618763,-0.027107685610425758,0.006403923034667969
422,461,2.126282267870458,0.03093635079141821,0.005662441253662109
423,461,2.13639556818567,-0.010113300315211848,0.005779743194580078
424,461,2.1665460085920554,-0.03015044040638548,0.006818532943725586
425,461,2.130020373296841,0.036525635295214354,0.005671501159667969
426,461,2.106931607790469,0.023088765506372066,0.007074117660522461
427,461,2.1289479551501493,-0.022016347359680388,0.005601406097412109
428,461,2.1414567198515457,-0.012508764701396391,0.0051610469818115234
429,461,2.1268232432466783,0.014633476604867468,0.00529932975769043
430,461,2.1193810585005424,0.007442184746135894,0.005216121673583984
431,461,2.1532946274234,-0.033913568922857795,0.005181074142456055
432,461,2.150475624067923,0.0028190033554773564,0.005078315734863281
433,461,2.1483519713428687,0.0021236527250541037,0.005445003509521484
434,461,2.116745557805721,0.03160641353714766,0.005320072174072266
435,461,2.1208811199328905,-0.004135562127169479,0.0056972503662109375
436,461,2.1303308449701737,-0.009449725037283141,0.006621122360229492
437,461,2.1293929424823754,0.0009379024877982367,0.008572578430175781
438,461,2.1513024452192924,-0.02190950273691694,0.007662534713745117
439,461,2.1388457126576057,0.012456732561686668,0.007942914962768555
440,461,2.1471850215225055,-0.008339308864899753,0.008251428604125977
441,461,2.1317742403572395,0.015410781165265952,0.007552385330200195
442,461,2.1486656205514505,-0.016891380194210992,0.005833864212036133
443,461,2.1400243134405503,0.008641307110900165,0.0056421756744384766
444,461,2.126140073168045,0.013884240272505455,0.005305051803588867
445,461,2.1319946818651707,-0.00585460869712584,0.005373954772949219
446,461,2.1410428458853037,-0.009048164020132976,0.0052111148834228516
447,461,2.1304811159080126,0.010561729977291101,0.00518798828125
448,461,2.1451325985459597,-0.014651482637947133,0.005975008010864258
449,461,2.121085011778064,0.024047586767895535,0.005839824676513672
450,461,2.1583854360849375,-0.0373004243068733,0.007582902908325195
451,461,2.1332995896742815,0.025085846410656032,0.005866050720214844
452,461,2.1362295419688855,-0.0029299522946040213,0.0063686370849609375
453,461,2.117865638981155,0.018363902987730274,0.005298137664794922
454,461,2.136082183771692,-0.018216544790536915,0.0062601566314697266
455,461,2.1303567948413775,0.005725388930314601,0.0054438114166259766
456,461,2.1207540185229123,0.009602776318465178,0.0051860809326171875
457,461,2.1350436593343276,-0.01428964081141526,0.005584239959716797
458,461,2.135030022412215,1.3636922112425509e-05,0.0052967071533203125
459,461,2.1445238357510847,-0.009493813338869561,0.005262851715087891
460,461,2.1226385617204446,0.02188527403064011,0.005043983459472656
461,461,2.1554527034469904,-0.03281414172654573,0.005196571350097656
462,461,2.137189554806128,0.018263148640862426,0.005802154541015625
463,461,2.145565934915605,-0.008376380109476944,0.006140232086181641
464,461,2.1255708971664857,0.01999503774911915,0.005857229232788086
465,461,2.1060731436839073,0.019497753482578428,0.005654573440551758
466,461,2.127260948727291,-0.0211878050433838,0.0058612823486328125
467,461,2.1395278235578226,-0.01226687483053146,0.005276203155517578
468,461,2.108494690338598,0.031033133219224407,0.005078554153442383
469,461,2.1333472527030235,-0.024852562364425346,0.005212306976318359
470,461,2.1113800247424077,0.021967227960615787,0.005749702453613281
471,461,2.1287326771369983,-0.017352652394590606,0.006872415542602539
472,461,2.105837608883541,0.022895068253457218,0.00528717041015625
473,461,2.1299561606053414,-0.02411855172180033,0.0049591064453125
474,461,2.1334435055416217,-0.0034873449362802234,0.004787445068359375
475,461,2.123160471885168,0.010283033656453444,0.0048863887786865234
476,461,2.1322998576464207,-0.009139385761252505,0.005135297775268555
477,461,2.144659807780301,-0.01235995013388047,0.005495786666870117
478,461,2.1241594095292164,0.02050039825108474,0.005490303039550781
479,461,2.1124479413808297,0.01171146814838675,0.005631208419799805
480,461,2.1313206472003796,-0.018872705819549918,0.005782365798950195
481,461,2.123890378211429,0.007430268988950495,0.0056116580963134766
482,461,2.1167871305585684,0.007103247652860745,0.005376577377319336
483,461,2.114268271886863,0.0025188586717055372,0.005248546600341797
484,461,2.1294417970868356,-0.015173525199972726,0.005575418472290039
485,461,2.11849942486612,0.01094237222071559,0.0053555965423583984
486,461,2.1511920258693737,-0.032692601003253774,0.00555419921875
487,461,2.122048334547858,0.029143691321515952,0.005176544189453125
488,461,2.116579266794333,0.005469067753524737,0.00501704216003418
489,461,2.1075121699600055,0.009067096834327604,0.005024433135986328
490,461,2.15137235099478,-0.04386018103477474,0.004963874816894531
491,461,2.130430275344021,0.02094207565075923,0.005042552947998047
492,461,2.1227796972444413,0.007650578099579697,0.004990816116333008
493,461,2.1023824364916623,0.020397260752778923,0.004946470260620117
494,461,2.113237294095716,-0.010854857604053691,0.004795074462890625
495,461,2.1295007138862525,-0.01626341979053647,0.00511622428894043
496,461,2.124718523335819,0.004782190550433718,0.005872011184692383
497,461,2.105662976842123,0.019055546493695896,0.005375385284423828
498,461,2.12234080018811,-0.016677823345986997,0.005142927169799805
499,461,2.1251598035435872,-0.0028190033554773564,0.005279541015625
500,461,2.133817263125339,-0.00865745958175168,0.005518913269042969
501,461,2.0956362643624593,0.038180998762879614,0.006537199020385742
502,461,2.1191528055517894,-0.02351654118933011,0.00532221794128418
503,461,2.1418492778521556,-0.0226964723003662,0.0056192874908447266
504,461,2.1300394385083377,0.011809839343817963,0.005845069885253906
505,461,2.1220688561296774,0.007970582378660218,0.005509853363037109
506,461,2.1279609332632865,-0.005892077133609064,0.005115985870361328
507,461,2.1407199288655776,-0.012758995602291101,0.005029201507568359
508,461,2.107803708819143,0.032916220046434574,0.00500178337097168
509,461,2.1108262068278876,-0.0030224980087445452,0.005297183990478516
510,461,2.1195625752016674,-0.00873636837377978,0.0049784183502197266
511,461,2.115236625754135,0.004325949447532285,0.005205392837524414
512,461,2.12820917820465,-0.012972552450515096,0.005400896072387695
513,461,2.110822234908826,0.017386943295824242,0.005067110061645508
514,461,2.1252151456158486,-0.014392910707022644,0.0047245025634765625
515,461,2.117574232519319,0.007640913096529367,0.0052220821380615234
516,461,2.1007048302772504,0.016869402242068787,0.004836082458496094
517,461,2.086243205370458,0.01446162490679237,0.005626678466796875
518,461,2.1047248095597206,-0.01848160418926259,0.005204677581787109
519,461,2.10687255859375,-0.002147749034029367,0.005848407745361328
520,461,2.108075123288368,-0.0012025646946178803,0.009218454360961914
521,461,2.122957639218411,-0.014882515930043194,0.005496025085449219
522,461,2.0983512034385168,0.024606435779894298,0.005723714828491211
523,461,2.127543087377983,-0.029191883939466035,0.005407810211181641
524,461,2.1205261627660654,0.007016924611917386,0.005070209503173828
525,461,2.102223030139981,0.018303132626084295,0.004928112030029297
526,461,2.096339426433704,0.005883603706277274,0.004635810852050781
527,461,2.089049763379542,0.007289663054161899,0.0047075748443603516
528,461,2.1194288539265864,-0.030379090547044463,0.005560159683227539
529,461,2.1142616520217596,0.005167201904826779,0.005038261413574219
530,461,2.136912976842123,-0.02265132482036325,0.005276203155517578
531,461,2.1128465896573347,0.02406638718478815,0.009485006332397461
532,461,2.112500900301654,0.0003456893556808005,0.006547451019287109
533,461,2.1141626188398184,-0.0016617185381644362,0.006433248519897461
534,461,2.1030084109358054,0.011154207904013003,0.005999088287353516
535,461,2.124849464267557,-0.02184105333175168,0.005831718444824219
536,461,2.0813376205345038,0.04351184373305328,0.005349397659301758
537,461,2.10317125961734,-0.02183363908283642,0.0061817169189453125
538,461,2.115953689542096,-0.012782429924755867,0.005575656890869141
539,461,2.1134764036232374,0.0024772859188586516,0.005686521530151367
540,461,2.1042185222766405,0.009257881346596886,0.005499124526977539
541,461,2.0975741636727223,0.00664435860391821,0.00548100471496582
542,461,2.1129231152979258,-0.015348951625203444,0.006163597106933594
543,461,2.1134267546349648,-0.000503639337039008,0.005528926849365234
544,461,2.109201956726207,0.00422479790875796,0.005854368209838867
545,461,2.117790966902793,-0.008589010176585976,0.006303071975708008
546,461,2.0919201368882185,0.025870830014574242,0.005568027496337891
547,461,2.1154227763608326,-0.023502639472614106,0.006383180618286133
548,461,2.1236993289045554,-0.008276552543722726,0.005296230316162109
549,461,2.100992926806535,0.02270640209802055,0.005087375640869141
550,461,2.100843317855206,0.0001496089513288723,0.005492687225341797
551,461,2.093813947896895,0.007029369958310827,0.005484104156494141
552,461,2.1012688427840294,-0.007454894887134245,0.0051422119140625
553,461,2.0853630281063587,0.015905814677670715,0.005179166793823242
554,461,2.0884975342326464,-0.0031345061262877394,0.0054035186767578125
555,461,2.125768169146556,-0.037270634913909806,0.004946708679199219
556,461,2.112278870026098,0.013489299120458043,0.0052661895751953125
557,461,2.1023976621813993,0.009881207844698814,0.005764961242675781
558,461,2.1271150469004203,-0.024717384719020963,0.005509614944458008
559,461,2.1163082495170147,0.01080679738340562,0.005323886871337891
560,461,2.09323153216513,0.023076717351884657,0.005273103713989258
561,461,2.072965212344089,0.0202663198210411,0.007372140884399414
562,461,2.090968200286402,-0.01800298794231292,0.008021116256713867
563,461,2.099838554729867,-0.008870354443465178,0.005933046340942383
564,461,2.0976931888472747,0.0021453658825922872,0.005484342575073242
565,461,2.0774526865001355,0.020240502347139255,0.005458354949951172
566,461,2.1116825525776166,-0.03422986607748113,0.005215167999267578
567,461,2.0898201832802332,0.02186236929738339,0.007577419281005859
568,461,2.091171430145065,-0.00135124686483179,0.005398750305175781
569,461,2.103993446863137,-0.012822016718072149,0.006047964096069336
570,461,2.1116629577769115,-0.0076695109137743245,0.005434513092041016
571,461,2.1003147878253796,0.011348169951531872,0.0055332183837890625
572,461,2.112193208971665,-0.011878421146285234,0.005132198333740234
573,461,2.1038786584022504,0.008314550569414436,0.005163669586181641
574,461,2.0948110319787148,0.009067626423535646,0.0048465728759765625
575,461,2.0952768056873645,-0.00046577370864975265,0.0049517154693603516
576,461,2.1104245134134354,-0.01514770772607088,0.00457763671875
577,461,2.090332428441906,0.020092084971529367,0.00462031364440918
578,461,2.1003947557958242,-0.01006232735391821,0.00467991828918457
579,461,2.107774978604596,-0.007380222808771819,0.004695415496826172
580,461,2.087229565270811,0.020545413333785234,0.0046977996826171875
581,461,2.105924329116391,-0.01869476384558011,0.004935741424560547
582,461,2.075511344860019,0.030412984256372066,0.0049457550048828125
583,461,2.108882349639032,-0.033371004779013,0.004975318908691406
584,461,2.097628578963869,0.011253770675162755,0.00478363037109375
585,461,2.0946252785639237,0.003003300399945452,0.005048990249633789
586,461,2.0864853600359274,0.008139918527996226,0.005591392517089844
587,461,2.109174682881982,-0.022689322846054516,0.005301237106323242
588,461,2.1032217029894253,0.005952979892556609,0.005021572113037109
589,461,2.0898669195278607,0.013354783461564601,0.0053806304931640625
590,461,2.110809789562432,-0.020942870034571293,0.005522489547729492
591,461,2.100255473834056,0.01055431572837584,0.0054438114166259766
592,461,2.103915200057619,-0.00365972622356292,0.005357980728149414
593,461,2.099197222198685,0.00471797785893413,0.00546574592590332
594,461,2.0918466563855747,0.007350565813110332,0.005626201629638672
595,461,2.0951466591394388,-0.0033000027538641064,0.005611419677734375
596,461,2.0778361090869035,0.017310550052535234,0.005337715148925781
597,461,2.0792531574108595,-0.0014170483239559495,0.005510091781616211
598,461,2.087890625,-0.008637467589140524,0.005348682403564453
599,461,2.114502350316906,-0.026611725316906032,0.005518198013305664
600,461,2.0979402422129203,0.01656210810398573,0.005487918853759766
601,461,2.0995116657910793,-0.0015714235781589814,0.007508277893066406
602,461,2.0992644800281317,0.0002471857629475771,0.005692481994628906
603,461,2.1059410111764505,-0.006676531148318787,0.0054895877838134766
604,461,2.101026423323956,0.004914587852494545,0.005075216293334961
605,461,2.07589688580362,0.025129537520335976,0.0050008296966552734
606,461,2.094102971207294,-0.018206085403674077,0.004993915557861328
607,461,2.079053899471258,0.01504907173603609,0.005117177963256836
608,461,2.096392385354528,-0.01733848588327014,0.004839181900024414
609,461,2.083698661622153,0.012693723732374984,0.0052947998046875
610,461,2.060984977672519,0.022713683949634245,0.006033897399902344
611,461,2.0864905235307076,-0.02550554585818876,0.0053958892822265625
612,461,2.0716413717207836,0.014849151809924077,0.005268096923828125
613,461,2.0959222425349107,-0.02428087081412711,0.005414009094238281
614,461,2.0722015447058024,0.02372069782910824,0.0052831172943115234
615,461,2.090447481697397,-0.01824593699159438,0.0052721500396728516
616,461,2.057335710835819,0.033111770861578016,0.005449533462524414
617,461,2.0785329160876493,-0.021197205251830553,0.005537986755371094
618,461,2.093418741950244,-0.014885825862594793,0.004971027374267578
619,461,2.0873048993356833,0.006113842614560827,0.005234956741333008
620,461,2.0862285092699295,0.001076390065753774,0.005090475082397461
621,461,2.0618279512947395,0.02440055797519003,0.005275726318359375
622,461,2.0925254573532404,-0.030697506058500856,0.005223512649536133
623,461,2.0755342495932756,0.016991207759964766,0.005112409591674805
624,461,2.0796258558161607,-0.004091606222885069,0.0052471160888671875
625,461,2.0982985093122966,-0.018672653496135894,0.012641429901123047
626,461,2.074381466284233,0.023917043028063745,0.005660295486450195
627,461,2.099201856104257,-0.024820389820024324,0.005874156951904297
628,461,2.0886809044960004,0.010520951608256723,0.005442619323730469
629,461,2.0935479617170554,-0.00486705722105496,0.005345582962036133
630,461,2.0792199256880424,0.014328036029013003,0.007395267486572266
631,461,2.080431361001898,-0.0012114353138557021,0.0060579776763916016
632,461,2.084454915011524,-0.00402355400962584,0.005654335021972656
633,461,2.0850463337598293,-0.0005914187483053723,0.0056040287017822266
634,461,2.0788870788706615,0.006159254889167798,0.006217479705810547
635,461,2.0763104949752575,0.002576583895403939,0.009205341339111328
636,461,2.065246317236646,0.01106417773861157,0.005852937698364258
637,461,2.068235053933365,-0.002988736696718952,0.00574183464050293
638,461,2.059559588318533,0.00867546561483179,0.006516218185424805
639,461,2.1037933945397236,-0.04423380622119044,0.005853414535522461
640,461,2.087018523971326,0.01677487056839766,0.0055201053619384766
641,461,2.0854002317482374,0.0016182922230885133,0.005426168441772461
642,461,2.058879066185941,0.026521165562296556,0.005498647689819336
643,461,2.0632596957192244,-0.004380629533283553,0.0051500797271728516
644,461,2.0947730339530235,-0.03151333823379909,0.006784200668334961
645,461,2.0840238293960143,0.010749204557009229,0.00564122200012207
646,461,2.075703585742611,0.008320243653403114,0.006124973297119141
647,461,2.0701910916740105,0.00551249406860066,0.005915403366088867
648,461,2.09545382088022,-0.02526272920620931,0.0058858394622802734
649,461,2.0740847639303146,0.021369056949905207,0.0058095455169677734
650,461,2.087625962793181,-0.0135411988628662,0.014643192291259766
651,461,2.0727221308975055,0.014903831895675346,0.01197504997253418
652,461,2.0923902797078364,-0.019668148810330965,0.010700225830078125
653,461,2.0908715502558977,0.0015187294519387606,0.011279821395874023
654,461,2.0731109817736577,0.017760568482239947,0.014078378677368164
655,461,2.055147051035453,0.01796393073820468,0.00635218620300293
656,461,2.0763185712106833,-0.021171520175230274,0.014174699783325195
657,461,2.097346175518574,-0.021027604307890524,0.00634455680847168
658,461,2.0675056771963125,0.029840498322261322,0.010256290435791016
659,461,2.0664729782402387,0.0010326989560738298,0.014521598815917969
660,461,2.0535042653114832,0.012968712928755455,0.012436389923095703
661,461,2.059522384676654,-0.0060181193651707154,0.011050939559936523
662,461,2.067286824456006,-0.007764439779351928,0.014485359191894531
663,461,2.09459999067923,-0.027313166223223995,0.01026606559753418
664,461,2.072049287808433,0.022550702870796968,0.020817995071411133
665,461,2.0707609296620797,0.0012883581463531968,0.014542102813720703
666,461,2.0754259486001896,-0.004665018938109888,0.009680032730102539
667,461,2.074371139294672,0.001054809305517601,0.01868748664855957
668,461,2.110842756490645,-0.03647161719597314,0.010161399841308594
669,461,2.055609779606155,0.055232976884489915,0.032907962799072266
670,461,2.0819565779216376,-0.026346798315482367,0.03778958320617676
671,461,2.070973294934585,0.010983282987052423,0.011981725692749023
672,461,2.0919701830683977,-0.020996888133812508,0.009280681610107422
673,461,2.07842183475122,0.013548348317177439,0.006327390670776367
674,461,2.049540290087785,0.0288815446634354,0.00562596321105957
675,461,2.0831657624813587,-0.03362547239357383,0.005226850509643555
676,461,2.0697990632626087,0.01336669921875,0.004957437515258789
677,461,2.0451390065753796,0.024660056687229037,0.004790067672729492
678,461,2.0386206902030235,0.006518316372356114,0.004863262176513672
679,461,2.060078718139913,-0.021458027936889668,0.004765033721923828
680,461,2.073837048578159,-0.013758330438245814,0.004793405532836914
681,461,2.057329090970716,0.016507957607442947,0.0047299861907958984
682,461,2.066569628270743,-0.00924053730002683,0.004961252212524414
683,461,2.0679480165824975,-0.0013783883117546303,0.0053234100341796875
684,461,2.0807612950786334,-0.012813278496135894,0.005189657211303711
685,461,2.050763111569618,0.029998183509015508,0.0053713321685791016
686,461,2.06903526322702,-0.018272151657402258,0.0051805973052978516
687,461,2.0577119839682756,0.011323279258744545,0.005113363265991211
688,461,2.035171475689737,0.022540508278538596,0.005839824676513672
689,461,2.0740130045925977,-0.038841528902860745,0.005862712860107422
690,461,2.0819342027775893,-0.007921198184991596,0.005270242691040039
691,461,2.058434608442923,0.02349959433466653,0.005418539047241211
692,461,2.064414200193194,-0.005979591750271407,0.008486509323120117
693,461,2.046193286291689,0.018220913901505043,0.0058443546295166016
694,461,2.0747736270929367,-0.028580340801247495,0.006787300109863281
695,461,2.044005818067042,0.03076780902589471,0.005636453628540039
696,461,2.0567131787215294,-0.01270736065448741,0.0051271915435791016
697,461,2.074452696032741,-0.017739517311211817,0.005069732666015625
698,461,2.068839050425366,0.005613645607374984,0.0052297115325927734
699,461,2.080367942694211,-0.011528892268844793,0.005762815475463867
700,461,2.0634298262523725,0.016938116441838513,0.005730390548706055
701,461,2.0533002410690075,0.01012958518336493,0.0054645538330078125
702,461,2.043590222935873,0.009710018133134657,0.0055730342864990234
703,461,2.0605610415113205,-0.016970818575447577,0.0058383941650390625
704,461,2.0653000705412827,-0.004739029029962261,0.005483150482177734
705,461,2.0667249303060604,-0.0014248597647776862,0.005896568298339844
706,461,2.081809219724444,-0.0150842894183838,0.0058095455169677734
707,461,2.052959053221597,0.02885016650284733,0.0057506561279296875
708,461,2.0513594290180994,0.0015996242034974628,0.006685495376586914
709,461,2.0652655148454446,-0.013906085827345205,0.0056438446044921875
710,461,2.0732100149555994,-0.007944500110154795,0.005347251892089844
711,461,2.077436004440076,-0.0042259894844765,0.005129337310791016
712,461,2.080965186923807,-0.0035291824837311303,0.005251407623291016
713,461,2.0774291197803687,0.0035360671434383484,0.0058019161224365234
714,461,2.062380710030843,0.015048409749525593,0.0059375762939453125
715,461,2.0399861035791758,0.022394606451667354,0.0058536529541015625
716,461,2.0661123279894253,-0.026126224410249588,0.006031513214111328
717,461,2.0929924226376087,-0.026880094648183306,0.00618743896484375
718,461,2.0981067980189128,-0.005114375381304104,0.005840301513671875
719,461,2.0642819352884354,0.033824862730477356,0.005791664123535156
720,461,2.064732218512744,-0.000450283224308734,0.005969524383544922
721,461,2.070246698540876,-0.0055144800281317075,0.0055196285247802734
722,461,2.061708926120187,0.00853777242068876,0.005240678787231445
723,461,2.0547194077497966,0.006989518370390524,0.005301713943481445
724,461,2.0659669557517626,-0.011247548001966035,0.00508570671081543
725,461,2.0779453368611036,-0.011978381109341019,0.005742549896240234
726,461,2.0681182795129476,0.009827057348156032,0.005227088928222656
727,461,2.0579254084191976,0.01019287109375,0.00601506233215332
728,461,2.065034746347953,-0.007109337928755455,0.005728960037231445
729,461,2.065682566346936,-0.0006478199989827793,0.006559133529663086
730,461,2.023574266413029,0.042108299933906856,0.005130767822265625
731,461,2.065993964801383,-0.04241969838835402,0.0051441192626953125
732,461,2.0471965930467055,0.01879737175467744,0.005045175552368164
733,461,2.0541977623796774,-0.007001169332971902,0.005088329315185547
734,461,2.057398467156996,-0.003200704777318375,0.005269050598144531
735,461,2.093197770853105,-0.035799303696109064,0.005278110504150391
736,461,2.041017478562229,0.05218029229087584,0.00494694709777832
737,461,2.0466549556839753,-0.005637477121746226,0.006018161773681641
738,461,2.0621431892709463,-0.015488233586971045,0.005397319793701172
739,461,2.0603755528911334,0.0017676363798129202,0.005486011505126953
740,461,2.0543808678484274,0.0059946850427059495,0.005204677581787109
741,461,2.039355098037554,0.015025769810873335,0.0052394866943359375
742,461,2.057996505770404,-0.018641407732849835,0.0054891109466552734
743,461,2.055404166596055,0.0025923391743489788,0.005503654479980469
744,461,2.052485865264032,0.0029183013320230877,0.0054891109466552734
745,461,2.079908391658758,-0.027422526394726088,0.0055005550384521484
746,461,2.0519063622729123,0.028002029385845617,0.005851030349731445
747,461,2.0278182619305856,0.02408810034232678,0.009512186050415039
748,461,2.040856351045621,-0.013038089115035234,0.007050275802612305
749,461,2.044980262210209,-0.004123911164588101,0.007016420364379883
750,461,2.0547805753033486,-0.009800313093139668,0.005900859832763672
751,461,2.06554725630423,-0.010766681000881295,0.005468606948852539
752,461,2.047745115069143,0.017802141235086832,0.0053708553314208984
753,461,2.0163563626965835,0.03138875237255956,0.006482839584350586
754,461,2.041887593631372,-0.025531230934788596,0.0060918331146240234
755,461,2.068041489077752,-0.026153895446380027,0.005986928939819336
756,461,2.0514274812313587,0.01661400784639344,0.005350589752197266
757,461,2.035021469546502,0.01640601168485656,0.0052947998046875
758,461,2.038815446634355,-0.0037939770878527845,0.005510807037353516
