0,281,2.289151554854315,Nan,0.011476993560791016
1,281,2.332539297083519,-0.04338774222920394,0.0054454803466796875
2,281,2.270377488322954,0.062161808760564874,0.006513118743896484
3,281,2.279046652580071,-0.008669164257117057,0.007940292358398438
4,281,2.2631266855260233,0.015919967054047746,0.015568256378173828
5,281,2.290093147033474,-0.026966461507450745,0.008466720581054688
6,281,2.292635554520685,-0.002542407487211129,0.008247613906860352
7,281,2.2832891389568504,0.009346415563834753,0.007813692092895508
8,281,2.2954099390430382,-0.012120800086187877,0.0053615570068359375
9,281,2.2703388254837633,0.025071113559274938,0.0070612430572509766
10,281,2.2682034638428603,0.0021353616409029996,0.00760340690612793
11,281,2.2860856785893016,-0.01788221474644125,0.00783395767211914
12,281,2.259488251709853,0.026597426879448438,0.007983207702636719
13,281,2.3150326331739324,-0.05554438146407925,0.0124664306640625
14,281,2.2555350850061164,0.05949754816781594,0.01461338996887207
15,281,2.29770711987044,-0.04217203486432375,0.008864879608154297
16,281,2.2820467151356763,0.015660404734763933,0.008012533187866211
17,281,2.257099843958519,0.024946871177157437,0.007638454437255859
18,281,2.3061095539785366,-0.04900971002001775,0.007410526275634766
19,281,2.2731308037700177,0.032978750208518814,0.004948139190673828
20,281,2.3076491169233764,-0.034518313153358626,0.004972219467163086
21,281,2.238179597141904,0.06946951978147231,0.014647245407104492
22,281,2.2845895570368104,-0.04640995989490637,0.007632255554199219
23,281,2.2535276582656807,0.031061898771129748,0.004857778549194336
24,281,2.2652987551434607,-0.011771096877779996,0.004417896270751953
25,281,2.2908735716470194,-0.02557481650355875,0.012769937515258789
26,281,2.2880718190474867,0.0028017525995327475,0.014192342758178711
27,281,2.27787438660754,0.010197432439946752,0.005495786666870117
28,281,2.2965700414257118,-0.018695654818171814,0.009207725524902344
29,281,2.250097743132785,0.04647229829292687,0.017333984375
30,281,2.272237214329404,-0.022139471196619187,0.005291938781738281
31,281,2.2418690745940837,0.030368139735320376,0.026337862014770508
32,281,2.2615488941559163,-0.019679819561832623,0.02585458755493164
33,281,2.2692934083768908,-0.007744514220974441,0.00577545166015625
34,281,2.2931748794066946,-0.02388147102980387,0.0051991939544677734
35,281,2.2589706475200177,0.03420423188667687,0.006109952926635742
36,281,2.2539479537366547,0.005022693783363064,0.005094289779663086
37,281,2.292158133618772,-0.0382101798821175,0.004732847213745117
38,281,2.3003331520379224,-0.008175018419150248,0.0045740604400634766
39,281,2.2855910983374113,0.014742053700511182,0.004624843597412109
40,281,2.2759879441447954,0.009603154192615815,0.0047626495361328125
41,281,2.256141092429382,0.01984685171541356,0.004832029342651367
42,281,2.2707287119800936,-0.01458761955071175,0.0050356388092041016
43,281,2.2591420238128337,0.01158668816725994,0.004527091979980469
44,281,2.257108966650912,0.002033057161921814,0.005238056182861328
45,281,2.2551866850394795,0.0019222816114323749,0.0047338008880615234
46,281,2.2723078065919706,-0.017121121552491125,0.0045359134674072266
47,281,2.286359142154137,-0.014051335562166312,0.004891872406005859
48,281,2.2215098316559163,0.06484931049822062,0.00469970703125
49,281,2.2602308823120554,-0.03872105065613907,0.004989147186279297
50,281,2.27199502856706,-0.011764146255004437,0.0051610469818115234
51,281,2.2828336559580737,-0.010838627391013933,0.004828929901123047
52,281,2.276643474755338,0.006190181202735623,0.004387617111206055
53,281,2.263905155276913,0.012738319478425186,0.0042574405670166016
54,281,2.2934305320006674,-0.029525376723754437,0.005349874496459961
55,281,2.2586450542843637,0.03478547771630369,0.005147457122802734
56,281,2.2657509800378115,-0.007105925753447817,0.007456064224243164
57,281,2.26424486696508,0.0015061130727316296,0.005140542984008789
58,281,2.2767972572842528,-0.01255239031917288,0.004790067672729492
59,281,2.2626149459241547,0.014182311360098065,0.004929304122924805
60,281,2.2358606956183276,0.02675425030582712,0.004782438278198242
61,281,2.234604804965525,0.001255890652802627,0.004796266555786133
62,281,2.253587607387122,-0.018982802421597,0.0043599605560302734
63,281,2.2315056960353647,0.02208191135175719,0.004359722137451172
64,281,2.2428799557940393,-0.011374259758674565,0.004454374313354492
65,281,2.2543219841247777,-0.011442028330738374,0.0050563812255859375
66,281,2.2800340754281585,-0.025712091303380813,0.007366180419921875
67,281,2.250907056272242,0.02912701915591631,0.006060123443603516
68,281,2.2780757374610765,-0.02716868118883431,0.005776882171630859
69,281,2.2510134876834966,0.027062249777579872,0.005264997482299805
70,281,2.2579995151940615,-0.006986027510564874,0.00502467155456543
71,281,2.2907690950984207,-0.03276957990435925,0.005177736282348633
72,281,2.2894867051962855,0.0012823899021352503,0.004586219787597656
73,281,2.2373177199177046,0.05216898527858094,0.0048296451568603516
74,281,2.239707213703848,-0.002389493786143504,0.004601478576660156
75,281,2.256331365727869,-0.01662415202402112,0.004642486572265625
76,281,2.2513360400216857,0.00499532570618344,0.004808902740478516
77,281,2.262049121788812,-0.010713081767126376,0.00457453727722168
78,281,2.273992898201179,-0.01194377641236688,0.004594087600708008
79,281,2.2298651318533143,0.04412776634786475,0.004436969757080078
80,281,2.2345381224282694,-0.0046729905749551826,0.00433349609375
81,281,2.2460655130949734,-0.01152739066670394,0.0043182373046875
82,281,2.2628858030054495,-0.016820289910476127,0.00407099723815918
83,281,2.259173084408363,0.0037127185970864396,0.004094839096069336
84,281,2.2670841963689945,-0.007911111960631434,0.004106998443603516
85,281,2.260810173279026,0.0062740230899684946,0.003962993621826172
86,281,2.2673641761426824,-0.006554002863656372,0.004248142242431641
87,281,2.2507776009230427,0.016586575219639688,0.004323720932006836
88,281,2.2271248488239546,0.023652752099088126,0.005796194076538086
89,281,2.2162243174488436,0.010900531375110933,0.005134105682373047
90,281,2.2541886190502667,-0.037964301601423056,0.005234479904174805
91,281,2.2442520521713747,0.009936566878891995,0.004630327224731445
92,281,2.245759034071953,-0.001506981900578186,0.005587577819824219
93,281,2.2295139081961746,0.01624512587577831,0.005116701126098633
94,281,2.2462731629504002,-0.016759254754225683,0.004981517791748047
95,281,2.220493954695841,0.02577920825455937,0.00501251220703125
96,281,2.2444633945451513,-0.023969439849310437,0.004647493362426758
97,281,2.228503895824066,0.015959498721085374,0.004619598388671875
98,281,2.220790224991659,0.007713670832406816,0.00551915168762207
99,281,2.2231330192810277,-0.002342794289368566,0.0046977996826171875
100,281,2.2364873377029584,-0.013354318421930689,0.004565715789794922
101,281,2.224325485501001,0.012161852201957313,0.0046176910400390625
102,281,2.2634518443477534,-0.03912635884675231,0.004559516906738281
103,281,2.214695614852091,0.048756229495662495,0.004649162292480469
104,281,2.277819216039257,-0.06312360118716631,0.004600048065185547
105,281,2.23137428582351,0.04644493021574725,0.004530668258666992
106,281,2.236148494842638,-0.004774209019128062,0.004198789596557617
107,281,2.249708291050378,-0.01355979620774006,0.004981517791748047
108,281,2.230377088662144,0.019331202388233937,0.004137754440307617
109,281,2.2213818967554495,0.008995191906694622,0.0042018890380859375
110,281,2.2750096439891014,-0.053627747233651935,0.0041522979736328125
111,281,2.237276667801935,0.03773297618716631,0.004568338394165039
112,281,2.239903134383341,-0.002626466581405751,0.004384756088256836
113,281,2.2345011972447733,0.005401937138567625,0.004617214202880859
114,281,2.241367109305494,-0.006865912060720625,0.0047190189361572266
115,281,2.258383102688501,-0.01701599338300719,0.004685401916503906
116,281,2.2356930118438614,0.022690090844639688,0.004503726959228516
117,281,2.229946584463968,0.005746427379893504,0.0047643184661865234
118,281,2.226455851381784,0.003490733082184061,0.0044710636138916016
119,281,2.237066628669929,-0.01061077728814519,0.004379987716674805
120,281,2.2425135276495776,-0.005446898979648562,0.004363536834716797
121,281,2.2324844306049823,0.010029097044595314,0.004724740982055664
122,281,2.215835516987322,0.016648913617660188,0.0046885013580322266
123,281,2.200574338648243,0.015261178339079251,0.004759311676025391
124,281,2.2471020247164146,-0.046527686068171814,0.0051615238189697266
125,281,2.2403017091581408,0.006800315558273873,0.004511594772338867
126,281,2.254622381352869,-0.014320672194728434,0.004509449005126953
127,281,2.204516862210854,0.050105519142015,0.00469207763671875
128,281,2.256611562708519,-0.052094700497664626,0.004613161087036133
129,281,2.223912575066726,0.03269898764179269,0.004954338073730469
130,281,2.2198140969055826,0.004098478161143504,0.00453495979309082
131,281,2.2393761902941502,-0.019562093388567625,0.004530906677246094
132,281,2.2494724042899246,-0.010096213995774317,0.004431962966918945
133,281,2.224654119634119,0.024818284655805378,0.004531383514404297
134,281,2.221915574260454,0.0027385453736652465,0.004194974899291992
135,281,2.2559716709992217,-0.03405609673876775,0.00394892692565918
136,281,2.22020115971141,0.0357705112878115,0.0037355422973632812
137,281,2.217529296875,0.002671862836410188,0.007890701293945312
138,281,2.192216649174266,0.025312647700733937,0.0045375823974609375
139,281,2.2246727994328293,-0.03245615025856319,0.0046939849853515625
140,281,2.2465774699038032,-0.021904670470973997,0.004677295684814453
141,281,2.237178273048265,0.00939919685553825,0.004093170166015625
142,281,2.253871279679159,-0.016693006630894125,0.0038657188415527344
143,281,2.2413121559441724,0.012559123734986688,0.004148721694946289
144,281,2.229528678269573,0.011783477674599308,0.0043752193450927734
145,281,2.2078099369578514,0.02171874131172169,0.004318952560424805
146,281,2.2244857842387677,-0.01667584728091631,0.004567146301269531
147,281,2.191169059997776,0.033316724240991746,0.004637241363525391
148,281,2.239023011774355,-0.04785395177657881,0.004346370697021484
149,281,2.2557162356122107,-0.016693223837855875,0.004591226577758789
150,281,2.232104970042816,0.023611265569394746,0.004639387130737305
151,281,2.2394871830516014,-0.007382213008785499,0.004787921905517578
152,281,2.2309820100506004,0.008505173001001065,0.004548311233520508
153,281,2.211307186248888,0.01967482380171237,0.004601240158081055
154,281,2.2241816944923265,-0.012874508243438498,0.0045871734619140625
155,281,2.229403349852647,-0.005221655360320376,0.004528522491455078
156,281,2.203683656305605,0.025719693547042066,0.004465818405151367
157,281,2.211407970279137,-0.0077243139735321265,0.004517555236816406
158,281,2.210555215747331,0.0008527545318059992,0.004364967346191406
159,281,2.2227581200650577,-0.012202904317726748,0.004439353942871094
160,281,2.239275623470863,-0.016517503405805378,0.004350185394287109
161,281,2.2480034336076513,-0.00872781013678825,0.007036924362182617
162,281,2.239170712508341,0.008832721099310437,0.004744529724121094
163,281,2.215540332726312,0.023630379782028754,0.004627227783203125
164,281,2.237346825650578,-0.021806492924266063,0.004294872283935547
165,281,2.2256669556967306,0.011679869953847621,0.004448890686035156
166,281,2.2228862721724867,0.0027806835242438765,0.005663394927978516
167,281,2.228475007298154,-0.005588735125667377,0.008031129837036133
168,281,2.198678773493105,0.029796233805049255,0.004924774169921875
169,281,2.225724081127669,-0.027045307634564253,0.004858493804931641
170,281,2.2391403035336968,-0.013416222406027689,0.0066585540771484375
171,281,2.207597725756228,0.03154257777746894,0.007451772689819336
172,281,2.2155409843471974,-0.00794325859096956,0.00638127326965332
173,281,2.2298664350950843,-0.014325450747886936,0.004697322845458984
174,281,2.2379476201067616,-0.008081185011677317,0.004169940948486328
175,281,2.207155926796041,0.030791693310720625,0.0043413639068603516
176,281,2.1990378166008675,0.0081181101951735,0.004599094390869141
177,281,2.2131749489129224,-0.014137132312054934,0.0048732757568359375
178,281,2.229659871274466,-0.016484922361543752,0.005117177963256836
179,281,2.2128317619133675,0.016828109361098686,0.004784345626831055
180,281,2.1931308732762456,0.01970088863712194,0.006737470626831055
181,281,2.215192149966637,-0.022061276690391374,0.004914283752441406
182,281,2.200687069061388,0.014505080905248935,0.004511833190917969
183,281,2.2071266038562056,-0.006439534794817625,0.0042572021484375
184,281,2.200480722447731,0.006645881408474441,0.004190206527709961
185,281,2.227349875236321,-0.026869152788589812,0.00466609001159668
186,281,2.2280972843916813,-0.0007474091553603124,0.004606485366821289
187,281,2.226406545401468,0.0016907389902134362,0.009701013565063477
188,281,2.2093755647381004,0.0170309806633675,0.005357265472412109
189,281,2.2192980131644795,-0.009922448426379127,0.004591941833496094
190,281,2.2177371639373886,0.001560849227090877,0.0048711299896240234
191,281,2.2185555997692394,-0.0008184358318508167,0.004878520965576172
192,281,2.228064920554382,-0.009509320785142439,0.004630565643310547
193,281,2.224829188445285,0.0032357321090970004,0.004442691802978516
194,281,2.1582639429492882,0.06656524549599663,0.004277706146240234
195,281,2.1989087956655915,-0.04064485271630325,0.004347562789916992
196,281,2.208263899507896,-0.009355103842304313,0.004154205322265625
197,281,2.1728205019044706,0.035443397603425186,0.004527091979980469
198,281,2.2253567841553603,-0.05253628225088969,0.004113674163818359
199,281,2.204438884911588,0.020917899243772187,0.004311561584472656
200,281,2.238755195590525,-0.03431631067893681,0.004440784454345703
201,281,2.214978635523243,0.023776560067282126,0.00438237190246582
202,281,2.1996685856177716,0.015310049905471246,0.004282474517822266
203,281,2.207737607039591,-0.008069021421819311,0.004687786102294922
204,281,2.2085369286588077,-0.0007993216192168084,0.0044291019439697266
205,281,2.206884852507785,0.0016520761510228077,0.004268169403076172
206,281,2.190659275258563,0.01622557724922169,0.003914356231689453
207,281,2.198349704946063,-0.0076904296875,0.0040340423583984375
208,281,2.196700235278581,0.0016494696674822507,0.004136562347412109
209,281,2.223089577888679,-0.026389342610098065,0.004150390625
210,281,2.236590076595863,-0.013500498707184061,0.004198312759399414
211,281,2.2173051392904806,0.0192849373053825,0.0042612552642822266
212,281,2.223889768335743,-0.006584629045262247,0.0037992000579833984
213,281,2.208420505727313,0.015469262608429624,0.0038580894470214844
214,281,2.2053370356983986,0.0030834700289146255,0.003716707229614258
215,281,2.2123993028525355,-0.007062267154136936,0.003977537155151367
216,281,2.198350790980872,0.01404851187166356,0.004008293151855469
217,281,2.2297469712661253,-0.03139618028525337,0.00406956672668457
218,281,2.2083870558552046,0.02135991541092075,0.003979682922363281
219,281,2.1974713199927716,0.010915735862432996,0.004012107849121094
220,281,2.1849638915146796,0.012507428478091942,0.003892660140991211
221,281,2.186268219319951,-0.0013043278052715657,0.003922462463378906
222,281,2.207620098073287,-0.021351878753335995,0.0038712024688720703
223,281,2.20443910211855,0.003180995954737309,0.003721475601196289
224,281,2.17916055591081,0.02527854620774006,0.0035314559936523438
225,281,2.195187823203959,-0.016027267293149183,0.0035991668701171875
226,281,2.201572839051379,-0.006385015847420128,0.0035216808319091797
227,281,2.2108139092387677,-0.009241070187388623,0.0036933422088623047
228,281,2.1779224762288703,0.0328914330098975,0.003608226776123047
229,281,2.1930724446035366,-0.015149968374666312,0.003709077835083008
230,281,2.212598047222531,-0.019525602618994498,0.003607511520385742
231,281,2.191145818852869,0.021452228369661874,0.0037393569946289062
232,281,2.189657516751001,0.001488302101868122,0.0038492679595947266
233,281,2.2239347301768237,-0.034277213425822683,0.0038025379180908203
234,281,2.2023287192782472,0.0216060108985765,0.003680706024169922
235,281,2.2239421152135233,-0.021613395935276003,0.0036001205444335938
236,281,2.18344300836855,0.040499106844973376,0.003523588180541992
237,281,2.2263485511426824,-0.0429055427741325,0.0035932064056396484
238,281,2.1905693515764013,0.03577919956628106,0.004082679748535156
239,281,2.1974133257339856,-0.006843974157584309,0.0037860870361328125
240,281,2.1929256126973975,0.004487713036588126,0.003802061080932617
241,281,2.1916482185553825,0.0012773941420149981,0.0037927627563476562
242,281,2.194815964885454,-0.0031677463300714415,0.003626585006713867
243,281,2.197719804757006,-0.002903839871552183,0.0037987232208251953
244,281,2.2179876035642794,-0.020267798807273252,0.003958225250244141
245,281,2.1903121785336968,0.027675425030582623,0.004220724105834961
246,281,2.191131483193394,-0.000819304659697373,0.004023551940917969
247,281,2.182396505226868,0.008734977966526003,0.007439374923706055
248,281,2.187685711952291,-0.005289206725422879,0.004330873489379883
249,281,2.190892555535476,-0.003206843583185126,0.004294395446777344
250,281,2.1962651697342084,-0.005372614198732251,0.004469156265258789
251,281,2.1941159068477534,0.0021492628864550056,0.004242420196533203
252,281,2.166552995023354,0.027562911824399183,0.00393986701965332
253,281,2.1919425339885454,-0.02538953896519125,0.0038444995880126953
254,281,2.1922637830849645,-0.00032124909641906285,0.003742218017578125
255,281,2.1755077864351646,0.016755996649799876,0.0037584304809570312
256,281,2.1806429934247107,-0.0051352069895460595,0.003692626953125
257,281,2.2031649660809607,-0.02252197265625,0.0037653446197509766
258,281,2.1848218381616995,0.018343127919261182,0.0038597583770751953
259,281,2.1686082072953736,0.01621363086632588,0.004034519195556641
260,281,2.186536904331628,-0.017928697036254437,0.0039179325103759766
261,281,2.20222315669484,-0.01568625236321175,0.0037271976470947266
262,281,2.1893325751362323,0.012890581558607561,0.0037195682525634766
263,281,2.1851991266542483,0.004133448481983937,0.003679990768432617
264,281,2.195436307968194,-0.010237181313945687,0.0037369728088378906
265,281,2.1964007068783364,-0.0009643989101424388,0.0038340091705322266
266,281,2.193346776996219,0.003053929882117501,0.003844022750854492
267,281,2.1842234329820953,0.009123344014123624,0.003979921340942383
268,281,2.1518352685025577,0.03238816447953763,0.004290103912353516
269,281,2.173794892334853,-0.02195962383229544,0.0046961307525634766
270,281,2.200597145379226,-0.026802253044373003,0.004409313201904297
271,281,2.2054008945451513,-0.004803749165925186,0.004617452621459961
272,281,2.1960394917009562,0.009361402844195066,0.004218101501464844
273,281,2.183670858471419,0.012368633229537185,0.004264116287231445
274,281,2.196479118591526,-0.01280826012010694,0.004218101501464844
275,281,2.1748516042037367,0.021627514387789315,0.0042803287506103516
276,281,2.188304317379337,-0.013452713175600373,0.004118680953979492
277,281,2.1761455060748442,0.012158811304492811,0.0042917728424072266
278,281,2.1868349122831408,-0.010689406208296504,0.00574493408203125
279,281,2.1963110004031363,-0.009476088119995563,0.004007577896118164
280,281,2.205029036226646,-0.008718035823509496,0.0042111873626708984
281,281,2.1757136986348975,0.029315337591748314,0.004052162170410156
282,281,2.1707850554659696,0.0049286431689279375,0.003931283950805664
283,281,2.1579539886148797,0.012831066851089812,0.004163980484008789
284,281,2.177926603161143,-0.019972614546263312,0.004182100296020508
285,281,2.1511371653275133,0.026789437833629748,0.004032135009765625
286,281,2.188760451998999,-0.03762328667148562,0.003664731979370117
287,281,2.1876477007339856,0.001112751265013312,0.0035715103149414062
288,281,2.1552299961076513,0.03241770462633431,0.0035734176635742188
289,281,2.1644834470918592,-0.009253450984207934,0.003655672073364258
290,281,2.194897851910031,-0.030414404818171814,0.003850221633911133
291,281,2.1671199051935055,0.02777794671652556,0.003827333450317383
292,281,2.1904994109347196,-0.023379505741214057,0.004334688186645508
293,281,2.1582313619050266,0.032268049029692936,0.004659891128540039
294,281,2.1970286522047378,-0.03879729029971113,0.004548788070678711
295,281,2.181418639485098,0.015610012719639688,0.0043528079986572266
296,281,2.1869823958101646,-0.00556375632506656,0.004138469696044922
297,281,2.1480615147492217,0.038920881060942936,0.004532814025878906
298,281,2.1797678665758453,-0.031706351826623624,0.0041692256927490234
299,281,2.1881110031833853,-0.008343136607539936,0.00414729118347168
300,281,2.195047073092749,-0.006936069909363685,0.004510641098022461
301,281,2.1429195743438614,0.05212749874888756,0.004469871520996094
302,281,2.174530137900356,-0.0316105635564945,0.00448298454284668
303,281,2.177445489740881,-0.002915351840524938,0.004499197006225586
304,281,2.21525231629504,-0.03780682655415912,0.0040721893310546875
305,281,2.1833459168566502,0.03190639943838969,0.004014730453491211
306,281,2.1557460798487544,0.02759983700789581,0.0038156509399414062
307,281,2.1716940666008675,-0.015947986752113064,0.0037832260131835938
308,281,2.16374733269851,0.007946733902357561,0.0035848617553710938
309,281,2.1878605635564945,-0.024113230857984558,0.0037746429443359375
310,281,2.2104854923126114,-0.02262492875611688,0.004021883010864258
311,281,2.1934145455682827,0.01707094674432863,0.004195213317871094
312,281,2.1701325657528914,0.023281979815391374,0.0042607784271240234
313,281,2.1906853400939723,-0.020552774341080937,0.004063606262207031
314,281,2.1460284575873,0.044656882506672435,0.003839731216430664
315,281,2.175149394948287,-0.02912093736098731,0.003767728805541992
316,281,2.172747303158363,0.002402091789924121,0.0036253929138183594
317,281,2.1676427223504224,0.0051045808079406285,0.004168510437011719
318,281,2.1822014533752223,-0.014558731024799876,0.004068613052368164
319,281,2.174222355635565,0.007979097739657437,0.004357814788818359
320,281,2.1497915681995106,0.024430787436054313,0.004389524459838867
321,281,2.1652549662199734,-0.015463398020462815,0.00448298454284668
322,281,2.1540651151718193,0.011189851048154065,0.004174232482910156
323,281,2.1769415695896353,-0.02287645441781594,0.0042340755462646484
324,281,2.1941760731761564,-0.01723450358652112,0.00421595573425293
325,281,2.1766157591470194,0.017560314029136936,0.004102468490600586
326,281,2.174335303255672,0.0022804558913476214,0.003896474838256836
327,281,2.1482285469028026,0.026106756352869187,0.0038275718688964844
328,281,2.1641189738100532,-0.01589042690725062,0.0037031173706054688
329,281,2.1629176021046486,0.0012013717054046857,0.0035021305084228516
330,281,2.1719167037366547,-0.008999101632006123,0.003571033477783203
331,281,2.1631804225283586,0.00873628120829606,0.003517627716064453
332,281,2.1592005393683276,0.003979883160031061,0.0035130977630615234
333,281,2.1585680326957295,0.0006325066725980655,0.003956794738769531
334,281,2.166081873123332,-0.007513840427602503,0.003793954849243164
335,281,2.1577235320284696,0.008358341094862443,0.004948616027832031
336,281,2.192998377029582,-0.03527484500111244,0.00979757308959961
337,281,2.15077551573621,0.04222286129337194,0.004947185516357422
338,281,2.180638649285476,-0.029863133549266063,0.0053975582122802734
339,281,2.1713584818449734,0.009280167440502751,0.004134654998779297
340,281,2.1985119585464856,-0.027153476701512247,0.003786802291870117
341,281,2.16489831238879,0.03361364615769569,0.0037276744842529297
342,281,2.1453692344584074,0.0195290779303825,0.003769397735595703
343,281,2.118016796179938,0.02735243827846956,0.0038928985595703125
344,281,2.128204237099644,-0.010187440919706248,0.0038843154907226562
345,281,2.1455012962911475,-0.017297059191503372,0.006052255630493164
346,281,2.167403143071619,-0.02190184678047169,0.004240274429321289
347,281,2.1492205310970864,0.018182611974532747,0.004303455352783203
348,281,2.1612229533891236,-0.012002422292037185,0.0040814876556396484
349,281,2.1874222399076957,-0.026199286518572062,0.004117250442504883
350,281,2.1396608182968193,0.047761421610876376,0.004170656204223633
351,281,2.1646632944561834,-0.02500247615936413,0.004194498062133789
352,281,2.187810388748332,-0.023147094292148562,0.004171609878540039
353,281,2.1503317619133675,0.0374786268349645,0.004430055618286133
354,281,2.133148953583741,0.017182808329626376,0.0041162967681884766
355,281,2.1690534815669484,-0.03590452798320731,0.004075050354003906
356,281,2.168397733749444,0.0006557478175044373,0.003974437713623047
357,281,2.17335852354871,-0.004960789799266063,0.004102468490600586
358,281,2.135302995023354,0.038055528525355875,0.003911733627319336
359,281,2.172320057064613,-0.037017062041258875,0.004093170166015625
360,281,2.164426104453959,0.007893952610654065,0.003996610641479492
361,281,2.190507882006228,-0.026081777552268814,0.004170417785644531
362,281,2.1717872483874556,0.018720633618772187,0.0038232803344726562
363,281,2.147477228022131,0.024310020365324814,0.0037908554077148438
364,281,2.158215723003781,-0.010738494981650248,0.0040967464447021484
365,281,2.1606043479620776,-0.0023886249582965036,0.0042572021484375
366,281,2.1545151679965526,0.006089179965524938,0.004454374313354492
367,281,2.1765860017932606,-0.022070833796707934,0.004252195358276367
368,281,2.1531408995495998,0.02344510224366081,0.004199504852294922
369,281,2.1580113312527804,-0.004870431703180689,0.004044532775878906
370,281,2.1510691795484878,0.006942151704292687,0.003778219223022461
371,281,2.1577315686860543,-0.00666238913756656,0.0038483142852783203
372,281,2.1870697130087855,-0.029338144322731186,0.004084587097167969
373,281,2.145565372344862,0.0415043406639235,0.003804445266723633
374,281,2.1570721283502,-0.011506756005338126,0.003834247589111328
375,281,2.1653049238211746,-0.008232795470974441,0.004005908966064453
376,281,2.160317851979537,0.0049870718416373805,0.003839254379272461
377,281,2.1926299940224645,-0.032312142042927317,0.004058361053466797
378,281,2.149346076720974,0.043283917301490504,0.00449371337890625
379,281,2.1564987019711968,-0.007152625250222755,0.004305124282836914
380,281,2.1376714197342084,0.018827282236988374,0.0042591094970703125
381,281,2.1267750152913703,0.010896404442838126,0.004319429397583008
382,281,2.142419563917927,-0.01564454862655662,0.004199504852294922
383,281,2.1619301792565615,-0.01951061533863463,0.0042459964752197266
384,281,2.1542071685248,0.007723010731761626,0.003962039947509766
385,281,2.1335955310970864,0.020611637427713436,0.0037462711334228516
386,281,2.1439050423292927,-0.010309511232206248,0.0038106441497802734
387,281,2.1485771640764013,-0.004672121747108626,0.003679513931274414
388,281,2.1517288370913032,-0.0031516730149019345,0.003600597381591797
389,281,2.123805361710409,0.027923475380894125,0.0036170482635498047
390,281,2.148084755894128,-0.02427939418371894,0.003576040267944336
391,281,2.1538140239240438,-0.005729268029915691,0.0036296844482421875
392,281,2.1550653532306496,-0.001251329306605875,0.003547191619873047
393,281,2.1167767616353426,0.038288591595307064,0.0037009716033935547
394,281,2.1429134925489324,-0.026136730913589812,0.0036766529083251953
395,281,2.1471555445117882,-0.004242051962855875,0.0037097930908203125
396,281,2.1359194283807827,0.011236116131005502,0.003583192825317383
397,281,2.188541072967638,-0.052621644586855254,0.0036046504974365234
398,281,2.170266582448287,0.018274490519350817,0.0036623477935791016
399,281,2.142469521519128,0.027797060929159123,0.003918647766113281
400,281,2.130701682745774,0.011767838773354189,0.004777431488037109
401,281,2.132882657848643,-0.002180975102869187,0.004288196563720703
402,281,2.148546755101757,-0.01566409725311413,0.0041921138763427734
403,281,2.1587502693366325,-0.01020351423487531,0.004072427749633789
404,281,2.132716494522909,0.026033774813723376,0.0039937496185302734
405,281,2.1534408623637677,-0.020724367840858626,0.00397491455078125
406,281,2.1286829612433276,0.024757901120440184,0.00421142578125
407,281,2.1668027830293592,-0.03811982178603168,0.0040357112884521484
408,281,2.1459328865241325,0.020869896505226748,0.0038831233978271484
409,281,2.1810085527413254,-0.035075666217192936,0.011786937713623047
410,281,2.1130987961521353,0.06790975658919018,0.004252433776855469
411,281,2.1514805695340304,-0.03838177338189519,0.009259462356567383
412,281,2.1678325612349867,-0.016351991700956248,0.0076446533203125
413,281,2.135199821716526,0.032632739518460685,0.004590511322021484
414,281,2.1230488298626558,0.012150991853870252,0.0040662288665771484
415,281,2.161035938195062,-0.03798710833240637,0.004233121871948242
416,281,2.13845010669206,0.022585831503002307,0.003858804702758789
417,281,2.1344089711688166,0.0040411355232432555,0.004024505615234375
418,281,2.1469018467804717,-0.01249287561165513,0.0040400028228759766
419,281,2.1470104502613436,-0.00010860348087193827,0.0042226314544677734
420,281,2.140524215969751,0.006486234291592563,0.003843069076538086
421,281,2.0991610598309607,0.04136315613879038,0.003690958023071289
422,281,2.150638240936388,-0.051477181105427317,0.003611326217651367
423,281,2.1272172486654806,0.023420992270907437,0.0038657188415527344
424,281,2.12781760870774,-0.0006003600422594957,0.003771066665649414
425,281,2.107817843291259,0.019999765416481186,0.003777742385864258
426,281,2.1472257023604313,-0.039407859069172435,0.0040950775146484375
427,281,2.143770808426935,0.0034548939334961837,0.0041332244873046875
428,281,2.1291493045901912,0.014621503836743877,0.004164934158325195
429,281,2.127652314209853,0.0014969903803381257,0.004247426986694336
430,281,2.143798828125,-0.016146513915146876,0.004103899002075195
431,281,2.1677013682300936,-0.023902540105093628,0.004218101501464844
432,281,2.1568490568004894,0.010852311429604189,0.003935575485229492
433,281,2.149147766764902,0.007701290035587505,0.0038590431213378906
434,281,2.14774243772242,0.0014053290424818066,0.0037415027618408203
435,281,2.1514718812555604,-0.0037294435331403086,0.004136562347412109
436,281,2.147416844486766,0.004055036768794373,0.003955841064453125
437,281,2.1497474751862766,-0.002330630699510561,0.004169940948486328
438,281,2.114767597239213,0.03497987794706381,0.004155397415161133
439,281,2.139954482109097,-0.025186884869884185,0.004126310348510742
440,281,2.1342013213133897,0.005753160795707313,0.003937959671020508
441,281,2.146515870009453,-0.012314548696063188,0.00407862663269043
442,281,2.15923073113601,-0.012714861126557064,0.003957271575927734
443,281,2.128995304854315,0.030235426281695066,0.00470423698425293
444,281,2.104567775522687,0.02442752933162806,0.0046656131744384766
445,281,2.142617005046152,-0.03804922952346512,0.004762887954711914
446,281,2.1343116624499556,0.008305342596196308,0.004278898239135742
447,281,2.1205259710020017,0.01378569144795394,0.004703998565673828
448,281,2.133261032376001,-0.012735061373999379,0.0042836666107177734
449,281,2.1429008945451513,-0.009639862169150248,0.004271268844604492
450,281,2.155411581127669,-0.01251068658251775,0.004326581954956055
451,281,2.1461713797681274,0.009240201359541622,0.0042765140533447266
452,281,2.103302110556606,0.042869269211521566,0.004601955413818359
453,281,2.1089266848309607,-0.00562457427435481,0.00463414192199707
454,281,2.1515570263845643,-0.04263034155360357,0.004494428634643555
455,281,2.1402996239713077,0.011257402413256568,0.004577159881591797
456,281,2.101061403539257,0.0392382204320505,0.004400968551635742
457,281,2.1370906083185055,-0.036029204779248314,0.004464149475097656
458,281,2.1218967641375666,0.015193844180938942,0.004281520843505859
459,281,2.1160578065919706,0.005838957545595935,0.004654645919799805
460,281,2.155907247414368,-0.0398494408223975,0.004768848419189453
461,281,2.123870089385009,0.03203715802935925,0.0050928592681884766
462,281,2.133450654053603,-0.00958056466859425,0.00469660758972168
463,281,2.1309827485542705,0.0024679054993326233,0.004328489303588867
464,281,2.111374607289813,0.019608141264457313,0.00413823127746582
465,281,2.1051724797041813,0.006202127585631878,0.0041239261627197266
466,281,2.1357715104398354,-0.030599030735654065,0.004254817962646484
467,281,2.143022530443728,-0.007251020003892439,0.0041065216064453125
468,281,2.1180619752279806,0.02496055521574725,0.004268169403076172
469,281,2.1510318199510676,-0.03296984472308706,0.004639625549316406
470,281,2.128693604384453,0.02233821556661475,0.005194187164306641
471,281,2.1210613861627,0.007632218221752751,0.004058361053466797
472,281,2.1177300829904357,0.003331303172264377,0.003762483596801758
473,281,2.152543797611766,-0.034813714621330316,0.003798246383666992
474,281,2.1460369286588077,0.006506868952958378,0.0036394596099853516
475,281,2.132541425711744,0.013495502947063809,0.0036115646362304688
476,281,2.1488228251501336,-0.016281399438389688,0.003763914108276367
477,281,2.1326324354287145,0.016190389721419063,0.004024505615234375
478,281,2.1228652899799823,0.00976714544873225,0.0038928985595703125
479,281,2.0907056272241995,0.03215966275578275,0.004374504089355469
480,281,2.1297073092749113,-0.03900168205071175,0.003930807113647461
481,281,2.1176846867354313,0.012022622539479944,0.00413823127746582
482,281,2.083269981302825,0.034414705432606496,0.003980159759521484
483,281,2.1085782848643237,-0.025308303561498935,0.0040950775146484375
484,281,2.1266251424877667,-0.018046857623442936,0.003894329071044922
485,281,2.1355621229287145,-0.008936980440947817,0.0038356781005859375
486,281,2.116711165132896,0.01885095779581869,0.009355783462524414
487,281,2.0931088050489324,0.023602360083963436,0.004230976104736328
488,281,2.1219558444311613,-0.02884703938222888,0.012201309204101562
489,281,2.104424201720974,0.017531642710187256,0.0043065547943115234
490,281,2.1260167457879224,-0.021592544066948438,0.004184722900390625
491,281,2.0883819471474645,0.037634798640457934,0.008044719696044922
492,281,2.097115404665258,-0.008733457517793308,0.004152059555053711
493,281,2.1437136829959966,-0.04659827833073882,0.012250423431396484
494,281,2.1164807085464856,0.027232974449511005,0.004305124282836914
495,281,2.166003678617104,-0.049522970070618566,0.008683204650878906
496,281,2.1400420165146796,0.025961662102424565,0.00863337516784668
497,281,2.1137521546930604,0.026289861821619187,0.008718252182006836
498,281,2.1289820552296486,-0.015229900536588126,0.008692264556884766
499,281,2.127267640680605,0.0017144145490437523,0.00451207160949707
500,281,2.117802195701735,0.009465444978869808,0.008857250213623047
501,281,2.0997877019155915,0.018014493786143504,0.01085352897644043
502,281,2.124835791536922,-0.025048089621330316,0.012066125869750977
503,281,2.105327131060943,0.01950866047597888,0.005035400390625
504,281,2.1119660618466414,-0.006638930785698438,0.013170242309570312
505,281,2.1246835294567394,-0.012717467610098065,0.009139776229858398
506,281,2.1245440825873,0.00013944686943956341,0.005128622055053711
507,281,2.1059585516987323,0.018585530888567625,0.005510807037353516
508,281,2.1406000211993996,-0.03464146950066738,0.0048885345458984375
509,281,2.103024737266459,0.03757528393294063,0.01591205596923828
510,281,2.1275636937694618,-0.02453895650300275,0.00923466682434082
511,281,2.094818875458741,0.032744818310720625,0.010996341705322266
512,281,2.1069644371385676,-0.0121455616798265,0.005576372146606445
513,281,2.114688533905138,-0.007724096766570376,0.007443904876708984
514,281,2.150116944228203,-0.035428410323064874,0.008096456527709961
515,281,2.133245827888679,0.016871116339523873,0.00457310676574707
516,281,2.113754326762678,0.019491501126001065,0.011356592178344727
517,281,2.0739320368104983,0.039822289952179624,0.004308223724365234
518,281,2.118837186874444,-0.04490515006394569,0.0041921138763427734
519,281,2.1292692028330737,-0.010432015958629748,0.0074672698974609375
520,281,2.1117136673570953,0.017555535475978434,0.012537240982055664
521,281,2.1289049467582295,-0.017191279401134185,0.00507664680480957
522,281,2.132922623929604,-0.0040176771713746895,0.010363578796386719
523,281,2.1295984885870776,0.003324135342526624,0.011979341506958008
524,281,2.1004254215552716,0.029173067031806,0.011985540390014648
525,281,2.136094062778025,-0.03566864122275337,0.00795888900756836
526,281,2.114654649619106,0.021439413158919063,0.016222715377807617
527,281,2.109523135147909,0.005131514471196752,0.006295204162597656
528,281,2.117452926907251,-0.007929791759341942,0.007448434829711914
529,281,2.1167133372025133,0.0007395897047377531,0.013796567916870117
530,281,2.102794280680049,0.013919056522464501,0.005822658538818359
531,281,2.0868145817115216,0.015979698968527245,0.0054090023040771484
532,281,2.1290350537283143,-0.04222047201679269,0.004699230194091797
533,281,2.1310044692504446,-0.001969415522130369,0.004283905029296875
534,281,2.114926592735209,0.016077876515235623,0.0046465396881103516
535,281,2.113015823092749,0.001910769642460064,0.0040128231048583984
536,281,2.1152202565474867,-0.002204433454737753,0.003849506378173828
537,281,2.12758215636121,-0.012361899813723376,0.004045248031616211
538,281,2.0967070555771796,0.03087510078403044,0.004052639007568359
539,281,2.112216501473532,-0.015509445896352503,0.004387378692626953
540,281,2.1026726447814723,0.009543856692059816,0.004292488098144531
541,281,2.112735408905138,-0.01006276412366569,0.004728078842163086
542,281,2.1187689838884562,-0.006033574983318246,0.004536151885986328
543,281,2.097176439821508,0.021592544066948438,0.0044803619384765625
544,281,2.1103411365658364,-0.01316469674432863,0.00407719612121582
545,281,2.1058721033279584,0.004469033237878062,0.004099130630493164
546,281,2.1120014665814058,-0.006129363253447373,0.003843545913696289
547,281,2.09970776975367,0.012293696827735623,0.003915071487426758
548,281,2.0968514982067394,0.0028562715469306887,0.004023075103759766
549,281,2.1256075278719972,-0.02875602966525781,0.00411224365234375
550,281,2.117524822411588,0.008082705460409123,0.004314422607421875
551,281,2.1032897297597866,0.014235092651801562,0.004054546356201172
552,281,2.111372218013234,-0.008082488253447373,0.004061222076416016
553,281,2.092250403136121,0.019121814877113064,0.004140377044677734
554,281,2.112696963272909,-0.02044656013678825,0.004309177398681641
555,281,2.095763291328403,0.016933671944506123,0.004589080810546875
556,281,2.103829923473643,-0.00806663214524006,0.0042226314544677734
557,281,2.0869585899271574,0.016871333546485623,0.00426173210144043
558,281,2.083830158057162,0.0031284318699955627,0.004194974899291992
559,281,2.1063191152552267,-0.022488957198064874,0.004817962646484375
560,281,2.1013088022686834,0.005010312986543308,0.005179882049560547
561,281,2.1164978678964634,-0.015189065627779996,0.004369020462036133
562,281,2.1127673383285144,0.003730529567949059,0.0043697357177734375
563,281,2.0907308232317616,0.02203651509675275,0.004518747329711914
564,281,2.1046679079320505,-0.013937084700288871,0.0045969486236572266
565,281,2.0870296166036475,0.017638291328403,0.004804372787475586
566,281,2.080191724240992,0.006837892362655307,0.004707813262939453
567,281,2.102194137844751,-0.022002413603758875,0.004721879959106445
568,281,2.092260611863323,0.009933525981427938,0.006149768829345703
569,281,2.100162166717638,-0.007901554854314874,0.005312442779541016
570,281,2.1230084293677716,-0.022846262650133564,0.004897594451904297
571,281,2.099702556786588,0.02330587258118344,0.004818439483642578
572,281,2.0920190777218637,0.007683479064724441,0.004899740219116211
573,281,2.0905316444478426,0.0014874332740211216,0.004769802093505859
574,281,2.1244178853425266,-0.03388624089468406,0.004503011703491211
575,281,2.1287164111154357,-0.004298525772909123,0.0049669742584228516
576,281,2.0913092453708853,0.0374071657445505,0.004525184631347656
577,281,2.1233457517793592,-0.032036506408474,0.004969120025634766
578,281,2.0956653309886564,0.027680420790702875,0.0045166015625
579,281,2.1139548087883675,-0.01828947779971113,0.004518032073974609
580,281,2.076355849296597,0.0375989594917705,0.004426479339599609
581,281,2.0911052880338077,-0.014749438737210685,0.004396915435791016
582,281,2.11803200066726,-0.026926712633452254,0.004111051559448242
583,281,2.0617356487016236,0.056296351965636315,0.004275321960449219
584,281,2.0770817549627445,-0.015346106261120873,0.0044400691986083984
585,281,2.0814814991798265,-0.004399744217082002,0.004761219024658203
586,281,2.089613945034475,-0.008132445854648562,0.004538297653198242
587,281,2.097260281708741,-0.007646336674266063,0.004590034484863281
588,281,2.0620686269739767,0.03519165473476438,0.004379749298095703
589,281,2.085787627196397,-0.023719000222420128,0.004470109939575195
590,281,2.107425350311388,-0.021637723114991125,0.0045468807220458984
591,281,2.0885615773048265,0.0188637730065615,0.0046558380126953125
592,281,2.066202727076846,0.022358850227980565,0.004297971725463867
593,281,2.1107540470001114,-0.04455131992326544,0.004954814910888672
594,281,2.1252749840135676,-0.014520937013456248,0.0046231746673583984
595,281,2.0862958914868774,0.038979092526690184,0.004258871078491211
596,281,2.098526815502669,-0.012230924015791622,0.004174232482910156
597,281,2.1137914691531363,-0.015264653650467253,0.004306316375732422
598,281,2.106329323982429,0.007462145170707313,0.004257917404174805
599,281,2.0770537352646796,0.02927558871774938,0.004389524459838867
600,281,2.0858623463912367,-0.008808611126557064,0.005954265594482422
601,281,2.098746628947954,-0.012884282556717253,0.004464864730834961
602,281,2.0818081784502893,0.016938450497664626,0.004718303680419922
603,281,2.0804345616242217,0.0013736168260676251,0.004219770431518555
604,281,2.0621791853175044,0.018255376306717253,0.004360675811767578
605,281,2.1032412926073176,-0.04106210728981319,0.004403352737426758
606,281,2.109025948412478,-0.005784655805160188,0.004236698150634766
607,281,2.106892107220307,0.002133841192170749,0.004403829574584961
608,281,2.1026843739574064,0.0042077332629006925,0.004233837127685547
609,281,2.061243674933274,0.0414406990241325,0.004287004470825195
610,281,2.089068321146575,-0.02782464621330094,0.004163980484008789
611,281,2.0892955196285588,-0.00022719848198393677,0.0041925907135009766
612,281,2.077406913784475,0.011888605844083688,0.004615068435668945
613,281,2.0776810289701957,-0.00027411518572062477,0.004739284515380859
614,281,2.117080634174822,-0.039399605204626376,0.004266023635864258
615,281,2.122025567865881,-0.0049449336910587505,0.004755735397338867
616,281,2.081111378517015,0.040914189348865815,0.004355430603027344
617,281,2.083796056564168,-0.0026846780471529996,0.004571437835693359
618,281,2.0717345539785366,0.012061502585631434,0.0046215057373046875
619,281,2.0743538527302046,-0.0026192987516679977,0.004779338836669922
620,281,2.1186106400133453,-0.04425678728314075,0.004682302474975586
621,281,2.0672325052824734,0.05137813473087194,0.004656553268432617
622,281,2.1029246048570953,-0.03569209957462194,0.004384279251098633
623,281,2.07405801684831,0.0288665880087855,0.004491329193115234
624,281,2.0889601520796264,-0.01490213523131656,0.004457950592041016
625,281,2.065146666828848,0.02381348525077831,0.004398822784423828
626,281,2.0762292176379002,-0.011082550809052183,0.004459857940673828
627,281,2.0824489389874334,-0.0062197213495331916,0.004538059234619141
628,281,2.113215001876668,-0.030766062889234558,0.004263877868652344
629,281,2.0826455112878115,0.030569490588856496,0.0041882991790771484
630,281,2.0815927091442394,0.0010528021435720625,0.00393366813659668
631,281,2.114549521449622,-0.0329568123053825,0.0043487548828125
632,281,2.066003331085965,0.048546190363656816,0.004553556442260742
633,281,2.0869360004031363,-0.020932669317171193,0.004664897918701172
634,281,2.078002060859653,0.008933939543483316,0.004552602767944336
635,281,2.0936435685887456,-0.015641507729092563,0.004990100860595703
636,281,2.0579784026773797,0.035665165911365815,0.0049016475677490234
637,281,2.0541918337133005,0.003786568964079251,0.004903316497802734
638,281,2.0881921082629002,-0.03400027454959975,0.004782438278198242
639,281,2.1001743303074956,-0.011982222044595314,0.005202054977416992
640,281,2.0859666057328736,0.014207724574621938,0.004991054534912109
641,281,2.096884079251001,-0.01091747351812744,0.004651069641113281
642,281,2.0455244071118774,0.051359672139123624,0.0037870407104492188
643,281,2.094272165536032,-0.048747758424154686,0.004035472869873047
644,281,2.093542350144573,0.0007298153914589989,0.003910541534423828
645,281,2.1123042530860765,-0.018761902941503372,0.003847837448120117
646,281,2.069411308315725,0.04289294477035144,0.003507852554321289
647,281,2.0768080741909474,-0.007396765875222311,0.003780841827392578
648,281,2.085371024243772,-0.008562950052824814,0.0035028457641601562
649,281,2.073099482526134,0.012271541717638002,0.0038416385650634766
650,281,2.0918887535448176,-0.01878927101868344,0.003782033920288086
651,281,2.0802017157612323,0.011687037783585374,0.0037648677825927734
652,281,2.1086610407167483,-0.028459324955516063,0.003939628601074219
653,281,2.0799004497052938,0.02876059101145456,0.00412440299987793
654,281,2.0869468607512234,-0.007046411045929624,0.003794431686401367
655,281,2.0713081767126336,0.015638684038589812,0.0037682056427001953
656,281,2.072710030443728,-0.0014018537310942492,0.0036246776580810547
657,281,2.079557697119662,-0.006847666675934061,0.0037207603454589844
658,281,2.0658530238684385,0.013704673251223376,0.003797769546508789
659,281,2.0635604043872333,0.0022926194812051826,0.0036749839782714844
660,281,2.052480025647798,0.011080378739435126,0.003541231155395508
661,281,2.0556438622525577,-0.0031638366047594957,0.0035321712493896484
662,281,2.072655294289368,-0.017011432036810437,0.0035390853881835938
663,281,2.0782162269239324,-0.005560932634564253,0.003515958786010742
664,281,2.077164510815169,0.001051716108763312,0.003481626510620117
665,281,2.0684938261093193,0.008670684705849752,0.0036537647247314453
666,281,2.091055113225645,-0.02256128711632588,0.0036325454711914062
667,281,2.07025146484375,0.02080364838189519,0.0036826133728027344
668,281,2.0543036952985987,0.015947769545151314,0.00362396240234375
669,281,2.093914208463078,-0.0396105131644795,0.0039033889770507812
670,281,2.0986567052657916,-0.004742496802713436,0.003930807113647461
671,281,2.122466280791259,-0.023809575525467253,0.003926515579223633
672,281,2.0702779640930826,0.05218831669817625,0.003981351852416992
673,281,2.054645361849422,0.01563260224366081,0.0036177635192871094
674,281,2.063523261996775,-0.008877900147353124,0.0036704540252685547
675,281,2.0741294779387234,-0.010606215941948438,0.003548860549926758
676,281,2.0574801299071397,0.01664934803158369,0.0036759376525878906
677,281,2.0902080060748442,-0.03272787616770456,0.003959178924560547
678,281,2.0654852924822062,0.024722713592638,0.003945827484130859
679,281,2.0873489108374113,-0.021863618355205006,0.003702402114868164
680,281,2.059909589774244,0.027439321063167377,0.0036237239837646484
681,281,2.0626277176935055,-0.002718127919261626,0.003597736358642578
682,281,2.0725514693616547,-0.009923751668149183,0.0035004615783691406
683,281,2.0560344003697733,0.016517068991881434,0.003568410873413086
684,281,2.056292442240325,-0.0002580418705515619,0.003563404083251953
685,281,2.068095468541481,-0.011803026301156372,0.0034956932067871094
686,281,2.075001129476201,-0.006905660934720004,0.0035076141357421875
687,281,2.0524939268933498,0.022507202582851438,0.003555774688720703
688,281,2.0515975137622333,0.0008964131311164358,0.00359344482421875
689,281,2.0523670780276912,-0.0007695642654579338,0.0037047863006591797
690,281,2.0336781566253337,0.01868892140235756,0.0038132667541503906
691,281,2.0950395577318726,-0.06136140110653887,0.0040149688720703125
692,281,2.081344658793928,0.013694898937944622,0.003983974456787109
693,281,2.065717921138234,0.015626737655694,0.003961086273193359
694,281,2.0871792722002893,-0.021461351062055378,0.0037946701049804688
695,281,2.071956105079515,0.015223167120774317,0.003821134567260742
696,281,2.0456115071035366,0.026344597975978434,0.0038378238677978516
697,281,2.0570737356817173,-0.011462228578180689,0.0037841796875
698,281,2.070615069297709,-0.013541333615991746,0.003812074661254883
699,281,2.0398151221224423,0.030799947175266684,0.003920316696166992
700,281,2.06041481316726,-0.020599691044817625,0.004065275192260742
701,281,2.064276101326179,-0.003861288158919063,0.00397491455078125
702,281,2.034107574788701,0.030168526537477813,0.0039479732513427734
703,281,2.0528796864574064,-0.018772111668705183,0.004144430160522461
704,281,2.0362520591219972,0.016627627335409123,0.0038614273071289062
705,281,2.0873410913867882,-0.051089032264791,0.003712177276611328
706,281,2.053606678158363,0.033734413228425186,0.0036344528198242188
707,281,2.038845293038256,0.01476138512010694,0.0034825801849365234
708,281,2.084882742993772,-0.04603744995551606,0.0034372806549072266
709,281,2.0368096293927938,0.048073113600978434,0.0033833980560302734
710,281,2.0292803672709074,0.007529262121886315,0.0036628246307373047
711,281,2.0418772850172378,-0.012596917746330316,0.003580808639526367
712,281,2.0918483530499334,-0.04997106803269569,0.003477811813354492
713,281,2.044119078069395,0.04772927498053825,0.003358602523803711
714,281,2.0416033870384784,0.0025156910309167557,0.0034570693969726562
715,281,2.062813429645796,-0.021210042607317625,0.003581523895263672
716,281,2.1006339402385454,-0.03782051059274938,0.003792285919189453
717,281,2.042933779679159,0.057700160559386315,0.0040857791900634766
718,281,2.0719821699149246,-0.029048390235765442,0.004137277603149414
719,281,2.032670750736766,0.0393114191781585,0.00456547737121582
720,281,2.0611050968916813,-0.028434346154915247,0.004277706146240234
721,281,2.0660480757200843,-0.004942978828403,0.004353046417236328
722,281,2.1088582646380116,-0.042810188917927317,0.004136562347412109
723,281,2.0913609406277804,0.017497324010231186,0.004131317138671875
724,281,2.0076459022603426,0.08371503836743788,0.0039920806884765625
725,281,2.05129820256895,-0.04365230030860756,0.004876852035522461
726,281,2.073745021616437,-0.022446819047486688,0.003990888595581055
727,281,2.075422510981984,-0.0016774893655471246,0.0038030147552490234
728,281,2.0482851075956408,0.027137403386343184,0.0035178661346435547
729,281,2.0618516372191946,-0.013566529623553869,0.003448486328125
730,281,2.0468211326734878,0.015030504545706869,0.0035758018493652344
731,281,2.0365120558552046,0.010309076818283192,0.0036797523498535156
732,281,2.0848627599532916,-0.04835070409808706,0.0036249160766601562
733,281,2.073521298445841,0.011341461507450745,0.003557920455932617
734,281,2.0577937767598975,0.01572752168594338,0.003592967987060547
735,281,2.0362518419150355,0.021541934844862,0.0036499500274658203
736,281,2.043236348976868,-0.006984507061832623,0.0039141178131103516
737,281,2.0407541078180604,0.0024822411588076854,0.0038003921508789062
738,281,2.0726116356900577,-0.03185752787199725,0.0038285255432128906
739,281,2.0357652983207295,0.036846337369328186,0.0039446353912353516
740,281,2.0605392727563387,-0.024773974435609247,0.0037941932678222656
741,281,2.0443666940057827,0.016172578750556,0.0038330554962158203
742,281,2.0922575709658586,-0.04789087696007588,0.003511190414428711
743,281,2.063310616381228,0.028946954584630813,0.0036742687225341797
744,281,2.0816832844472866,-0.01837266806605875,0.003495931625366211
745,281,2.0713520525189058,0.010331231928380813,0.0036773681640625
746,281,2.0572138341720416,0.014138218346864129,0.0037965774536132812
747,281,2.0548208650745106,0.0023929690975310614,0.003803730010986328
748,281,2.0413366568894573,0.013484208185053248,0.003870248794555664
749,281,2.0570326835659474,-0.01569602667649006,0.003995418548583984
750,281,2.078167138150578,-0.021134454584630813,0.004065752029418945
751,281,2.0586374085993104,0.01952972955126775,0.0037355422973632812
752,281,2.024563935303603,0.03407347329570731,0.0034508705139160156
753,281,2.07010571897242,-0.045541783668817004,0.0036399364471435547
754,281,2.0470051069700843,0.02310061200233582,0.004122257232666016
755,281,2.049281653136121,-0.002276546166036564,0.0037851333618164062
756,281,2.0679571077068504,-0.0186754545707295,0.00365447998046875
757,281,2.0582199368188387,0.009737170888011626,0.003684520721435547
758,281,2.0221494627168592,0.0360704741019795,0.0036628246307373047
759,281,2.0235980159447284,-0.001448553227869187,0.003775358200073242
760,281,2.0415419174683054,-0.017943901523576944,0.0037963390350341797
761,281,2.0525569169122555,-0.011014999443950124,0.004036426544189453
762,281,2.054613649633007,-0.002056732720751686,0.004170656204223633
763,281,2.0579514690141236,-0.003337819381116436,0.004488945007324219
764,281,2.046162343958519,0.01178912505560481,0.0044689178466796875
765,281,2.0787546829820953,-0.0325923390235765,0.004736423492431641
766,281,2.046151049196508,0.032603633785587505,0.00453639030456543
767,281,2.0411398673821175,0.005011181814390309,0.004589557647705078
768,281,2.0655886829959966,-0.024448815613879127,0.004452228546142578
769,281,2.087609776398465,-0.022021093402468495,0.005066394805908203
770,281,2.0357472701429047,0.05186250625556044,0.0051839351654052734
771,281,2.03770104676379,-0.0019537766208852503,0.005422115325927734
772,281,2.0340852024716414,0.0036158442921485623,0.0049285888671875
773,281,2.0499330568143908,-0.01584785434274938,0.005000591278076172
774,281,2.0694514916036475,-0.019518434789256744,0.0046885013580322266
775,281,2.040932434733652,0.028519056869995563,0.00470423698425293
776,281,2.0509602285364767,-0.010027793802824814,0.00416874885559082
777,281,2.076496599407807,-0.025536370871330316,0.0040454864501953125
778,281,2.0496797934969972,0.026816805910809816,0.003869771957397461
779,281,2.0443981890152356,0.005281604481761626,0.0039157867431640625
780,281,2.043435527760787,0.0009626612544484381,0.0037841796875
781,281,2.0250587327624556,0.018376794998331558,0.003660917282104492
782,281,2.0343486745162367,-0.009289941753781061,0.0038564205169677734
783,281,2.0172234260314723,0.017125248484764377,0.004125118255615234
784,281,2.0393198902496663,-0.022096464218194,0.003908395767211914
785,281,2.0209174648298487,0.018402425419817625,0.003890514373779297
786,281,2.0305121479509562,-0.009594683121107561,0.003827333450317383
787,281,2.032819103091637,-0.0023069551406806887,0.003614664077758789
788,281,2.0511791731539146,-0.01836007006227769,0.0036225318908691406
789,281,2.0473213603063836,0.0038578128475310614,0.0037071704864501953
790,281,2.05037268370496,-0.0030513233985765,0.003650188446044922
791,281,2.078281823426379,-0.027909139721419063,0.003698587417602539
792,281,2.0542283244828736,0.024053498943505502,0.003492116928100586
793,281,2.0346944679993326,0.019533856483541,0.003571748733520508
794,281,2.045328703639346,-0.010634235640013312,0.003589153289794922
795,281,2.0557763584992217,-0.010447654859875755,0.0038220882415771484
796,281,2.031011072342082,0.024765286157139688,0.003894329071044922
797,281,2.0407330387427716,-0.009721966400689563,0.0039539337158203125
798,281,2.0455250587327622,-0.004792019989990681,0.0037441253662109375
799,281,2.0528998867048487,-0.00737482797208644,0.004019260406494141
800,281,2.0213992298709966,0.03150065683385206,0.011590003967285156
801,281,2.086632345070618,-0.0652331151996215,0.004805088043212891
802,281,2.0474660201429047,0.039166324927713436,0.00446009635925293
803,281,2.0180203583741103,0.029445661768794373,0.004366397857666016
804,281,2.018947832100756,-0.0009274737266458111,0.004099845886230469
805,281,2.0516040299710854,-0.03265619787032925,0.0041806697845458984
806,281,2.074266318324622,-0.022662288353536564,0.0040853023529052734
807,281,2.046591110501001,0.027675207823620873,0.004002809524536133
808,281,2.013476171527469,0.033114938973532126,0.003948211669921875
809,281,2.0494736640903026,-0.03599749256283369,0.0038826465606689453
810,281,2.0644933082879224,-0.015019644197619808,0.0038793087005615234
811,281,2.0276817240324734,0.03681158425544906,0.004153251647949219
812,281,2.007032509800378,0.020649214232095314,0.003952503204345703
813,281,2.0379371507312056,-0.030904640930827565,0.004220485687255859
814,281,2.015981871038145,0.021955279693060437,0.003958463668823242
815,281,2.034136463314613,-0.018154592276467874,0.004486799240112305
816,281,2.0262981156861657,0.007838347628447373,0.00427699089050293
817,281,2.0207050364212633,0.005593079264902379,0.004409074783325195
818,281,2.0296643891792705,-0.008959352758007189,0.0041446685791015625
819,281,2.0182408234402804,0.01142356573899006,0.004181623458862305
820,281,2.0235806393877893,-0.005339815947508875,0.0039882659912109375
821,281,2.0573717436332295,-0.033791104245440184,0.004080772399902344
822,281,2.019973917788034,0.03739782584519569,0.0038194656372070312
823,281,2.004856747664591,0.015117170123442936,0.0039017200469970703
824,281,2.0055300892459966,-0.0006733415814057508,0.004104137420654297
825,281,2.0595670543955737,-0.05403696514957712,0.004138946533203125
826,281,2.0281519771046486,0.031415077290925186,0.004071950912475586
827,281,2.0150187753697733,0.01313320173487531,0.004163980484008789
828,281,2.02555005490992,-0.010531279540146876,0.004225730895996094
829,281,2.011871446494106,0.013678608415814253,0.004129886627197266
830,281,2.046184064654693,-0.03431261816058706,0.0038466453552246094
831,281,2.0475468211326735,-0.0013627564779805645,0.003982067108154297
832,281,2.0144855322786923,0.033061288853981186,0.004079103469848633
833,281,2.0259599244467306,-0.01147439216803825,0.004010915756225586
834,281,1.9872875281500222,0.03867239629670838,0.004094123840332031
835,281,2.0085748964357206,-0.021287368285698438,0.003989696502685547
836,281,2.0169623432634562,-0.008387446827735623,0.0037500858306884766
837,281,2.028261883827291,-0.011299540563834753,0.0036725997924804688
838,281,2.056733806786588,-0.028471922959297125,0.0036554336547851562
839,281,2.0454294876695953,0.011304319116992811,0.003569364547729492
840,281,2.023289147645129,0.022140340024466187,0.003503561019897461
841,281,2.028594210478759,-0.005305062833629748,0.003663301467895508
842,281,2.039345520671152,-0.01075131019239306,0.0038008689880371094
843,281,2.012477236710409,0.02686828396074281,0.004596710205078125
844,281,2.02003821104871,-0.007560974338300941,0.0049114227294921875
845,281,2.018030784308274,0.002007426740436191,0.004682302474975586
846,281,2.005845908168372,0.012184876139901935,0.004205226898193359
847,281,2.0042483509647466,0.0015975572036253105,0.003999471664428711
848,281,2.0140978178519795,-0.009849466887232872,0.0042650699615478516
849,281,1.9928282605371441,0.021269557314835374,0.004358530044555664
850,281,1.9876220268711076,0.005206233666036564,0.004595756530761719
851,281,2.01275634765625,-0.02513432078514244,0.00400996208190918
852,281,2.009146802365992,0.0036095452902578096,0.003920316696166992
853,281,2.0159477695451513,-0.006800967179159123,0.0039904117584228516
854,281,2.063891210589969,-0.047943441044817625,0.003931760787963867
855,281,2.0533749183301824,0.010516292259786564,0.0038805007934570312
856,281,2.0406550614435055,0.012719856886676872,0.003931999206542969
857,281,2.0336918406639235,0.006963220779582002,0.003826141357421875
858,281,2.036571787769684,-0.002879947105760561,0.003818988800048828
859,281,2.0092473691892794,0.027324418580404686,0.0037729740142822266
860,281,2.012542833212856,-0.0032954640235765,0.003727436065673828
861,281,2.0579269246274468,-0.04538409141459088,0.0036284923553466797
862,281,2.065079767084631,-0.007152842457184061,0.003604888916015625
863,281,2.0436286247497777,0.021451142334853124,0.0038292407989501953
864,281,2.0111629173848975,0.03246570736488019,0.0038459300994873047
865,281,2.03493078917371,-0.023767871788812567,0.004010200500488281
866,281,2.00145485222976,0.033475936943950124,0.0035965442657470703
867,281,2.0190431859569618,-0.01758833372720181,0.003577709197998047
868,281,2.009297109583519,0.009746076373442936,0.0037081241607666016
869,281,1.99988292544762,0.009414184135898784,0.0039017200469970703
870,281,2.0239998488239546,-0.02411692337633453,0.003793478012084961
871,281,2.0312893144600754,-0.007289465636120873,0.004242897033691406
872,281,2.068527275981428,-0.0372379615213525,0.0037686824798583984
873,281,2.062877940113434,0.0056493358679938765,0.0035953521728515625
874,281,2.0183279234319396,0.0445500166814945,0.0035152435302734375
875,281,2.0076710982679047,0.010656825164034878,0.004133701324462891
876,281,1.9898008299043595,0.017870268363545216,0.00426936149597168
877,281,2.0404684806633675,-0.05066765075900803,0.004029989242553711
878,281,2.0142505143460854,0.026217966317282126,0.004209756851196289
879,281,2.0143221926434607,-7.167829737531051e-05,0.004132270812988281
880,281,1.995888706628114,0.01843348601534678,0.00445246696472168
881,281,2.062295608248999,-0.06640690162088503,0.004376411437988281
882,281,2.0069593110542705,0.055336297194728434,0.00402379035949707
883,281,2.015212089565725,-0.008252778511454562,0.004115104675292969
884,281,1.9833530412449956,0.0318590483207295,0.004018306732177734
885,281,2.0061219782167483,-0.02276893697175275,0.004526376724243164
886,281,1.987936108137789,0.01818587007895922,0.004270315170288086
887,281,1.9947522798042705,-0.006816171666481408,0.004447221755981445
888,281,2.003155799947175,-0.008403520142904686,0.0044841766357421875
889,281,2.0382505803770017,-0.0350947804298265,0.004371166229248047
890,281,2.030105753725534,0.008144826651467874,0.00487828254699707
891,281,2.032148585200734,-0.002042831475200124,0.004991769790649414
892,281,2.02672340691726,0.005425178283473997,0.0059130191802978516
893,281,2.02556004643016,0.0011633604870997516,0.005872488021850586
894,281,2.035075666217193,-0.009515619787032747,0.005917787551879883
895,281,1.9986672180827403,0.03640844813445265,0.004502773284912109
896,281,1.9701692302880338,0.02849798779470647,0.004274129867553711
897,281,2.0815264610209074,-0.11135723073287362,0.004367351531982422
898,281,2.0307271828430826,0.050799278177824814,0.004103183746337891
899,281,2.031531717429382,-0.0008045345862992548,0.0040187835693359375
900,281,1.986920665591637,0.04461105183774494,0.0041656494140625
901,281,1.9623643325316948,0.024556333059942093,0.0040628910064697266
902,281,2.0488902461910588,-0.0865259136593639,0.005264997482299805
903,281,1.978830140680605,0.07006010551045372,0.006064653396606445
904,281,2.0068229050822954,-0.027992764401690406,0.004710197448730469
905,281,2.014811777135231,-0.007988872052935747,0.004397869110107422
906,281,2.0024503117354313,0.012361465399799876,0.00407862663269043
907,281,2.022197031041481,-0.019746719306049876,0.003942728042602539
908,281,1.9972369102396574,0.02496012080182375,0.0038635730743408203
909,281,2.001673362433274,-0.004436452193616436,0.0037643909454345703
910,281,1.99566150814613,0.006011854287143903,0.004032135009765625
911,281,1.9757879399744218,0.019873568171708156,0.0037240982055664062
912,281,1.9718866857345418,0.00390125423987997,0.0036165714263916016
913,281,1.9832861415007785,-0.011399455766236688,0.00406646728515625
914,281,2.0039288395240216,-0.020642698023243033,0.004156827926635742
915,281,1.9970803040202403,0.006848535503781283,0.0042667388916015625
916,281,2.055932530304715,-0.05885222628447484,0.00435328483581543
917,281,1.9806014634536255,0.07533106685108959,0.004366636276245117
918,281,2.0177051910726203,-0.03710372761899472,0.0044400691986083984
919,281,2.036006398048265,-0.018301206975644746,0.004381656646728516
920,281,1.9898460089524022,0.04616038909586284,0.0044591426849365234
921,281,1.9910482494856538,-0.0012022405332516861,0.004413127899169922
922,281,2.022562590358096,-0.03151434087244209,0.0044591426849365234
923,281,2.0334513925572733,-0.010888802199177317,0.0051691532135009766
924,281,2.0194930215747333,0.013958370982539936,0.004286766052246094
925,281,1.986090717790814,0.033402303783919285,0.004502773284912109
926,281,1.9711229860570507,0.014967731733763312,0.004305124282836914
927,281,1.9945974112405471,-0.023474425183496406,0.004359245300292969
928,281,1.9938387073231763,0.0007587039173708732,0.00429534912109375
929,281,2.026681703180605,-0.03284299585742856,0.0065724849700927734
930,281,1.9997819242104093,0.026899778970195465,0.006754875183105469
931,281,2.000974824844306,-0.0011929006338966541,0.005571603775024414
932,281,1.9669801976757118,0.03399462716859425,0.0044710636138916016
933,281,2.001623622039035,-0.03464342436332313,0.005910396575927734
934,281,2.0103664194561834,-0.008742797417148562,0.004152774810791016
935,281,2.015276600033363,-0.004910180577179624,0.007206916809082031
936,281,1.9880064831933941,0.02727011683996894,0.004235744476318359
937,281,1.9832748467387677,0.004731636454626376,0.003963947296142578
938,281,1.988640727521686,-0.00536588078291822,0.005391359329223633
939,281,1.988604236752113,3.6490769572905535e-05,0.004857540130615234
940,281,1.9892004698620998,-0.000596233109986688,0.003770112991333008
941,281,2.0002202478592084,-0.011019777997108626,0.003792285919189453
942,281,1.9903525355871887,0.009867712272019658,0.00546574592590332
943,281,1.9789074663589858,0.011445069228202875,0.010241985321044922
944,281,1.9958543879281583,-0.016946921569172435,0.004378080368041992
945,281,1.9599815721613656,0.03587281576679269,0.003897428512573242
946,281,2.0315638640597196,-0.07158229189835397,0.0036478042602539062
947,281,2.0178276957990438,0.013736168260675807,0.0034623146057128906
948,281,2.0074295641264457,0.010398131672598065,0.0034461021423339844
949,281,1.996494714051379,0.010934850075066782,0.003625631332397461
950,281,1.956159815669484,0.04033489838189497,0.00426030158996582
951,281,1.990047142598977,-0.033887326929493033,0.004191398620605469
952,281,1.9624162449955516,0.02763089760342541,0.004006862640380859
953,281,1.9961864973726646,-0.033770252377113064,0.0038127899169921875
954,281,1.963328948648799,0.03285754872386559,0.0037996768951416016
955,281,1.9994459050405917,-0.03611695639179269,0.003800630569458008
956,281,1.9962358033529803,0.0032101016876113775,0.0037550926208496094
957,281,1.981685977813612,0.014549825539368344,0.0036864280700683594
958,281,2.0048185192393237,-0.02313254142571175,0.0034210681915283203
959,281,1.949229827555049,0.055588691684274716,0.0036194324493408203
960,281,1.9863885085353647,-0.03715868098031572,0.0037996768951416016
961,281,1.9987519287978204,-0.012363420262455627,0.003856182098388672
962,281,1.9797063535642794,0.019045575233541,0.0036864280700683594
963,281,2.0066237262983764,-0.026917372734097,0.003791332244873047
964,281,1.9801392470390347,0.02648447925934172,0.0038335323333740234
965,281,1.9769943074399465,0.0031449395990881257,0.003914594650268555
966,281,1.9920732491381228,-0.015078941698176251,0.0039517879486083984
967,281,1.9810903963245108,0.010982852813611998,0.003822803497314453
968,281,1.9752043048682162,0.005886091456294595,0.0050203800201416016
969,281,1.995898046527469,-0.02069374165925275,0.00416874885559082
970,281,1.9901852862266458,0.005712760300823128,0.00401616096496582
971,281,1.9924279481066502,-0.0022426618800044373,0.0040547847747802734
972,281,2.000269553839524,-0.007841605732873624,0.004008293151855469
973,281,1.9903901123915704,0.009879441447953496,0.00411677360534668
974,281,2.0172095247859207,-0.026819412394350373,0.003973722457885742
975,281,2.0171934514707517,1.6073315169062852e-05,0.003872394561767578
976,281,1.9932904769517348,0.023902974519016906,0.0038306713104248047
977,281,1.9921759880310277,0.0011144889207070907,0.0037522315979003906
978,281,1.9725976041203293,0.019578383910698438,0.003787994384765625
979,281,1.9829848754448398,-0.01038727132451056,0.0038709640502929688
980,281,1.986997774063056,-0.004012898618216187,0.003933429718017578
981,281,1.990416611640903,-0.0034188375778470004,0.0038843154907226562
982,281,1.9945057499026912,-0.00408913826178825,0.0038604736328125
983,281,1.9806512038478647,0.0138545460548265,0.003908634185791016
984,281,1.9763809149799823,0.004270288867882499,0.003912210464477539
985,281,2.0012867340413703,-0.024905819061388,0.00392460823059082
986,281,1.9877527854620773,0.01353394857929291,0.004237174987792969
987,281,2.015966666550823,-0.028213881088745785,0.004069089889526367
988,281,1.9761902072675712,0.03977645928325191,0.003946781158447266
989,281,1.9672706033835632,0.008919603884008032,0.003929615020751953
990,281,1.96274487912867,0.004525724254893282,0.003926277160644531
991,281,1.9896083845362544,-0.02686350540758453,0.004942893981933594
992,281,1.988416787144128,0.0011915973921263756,0.004156827926635742
993,281,2.024721844764791,-0.03630505762066294,0.00439906120300293
994,281,1.9879758570117882,0.03674598775300275,0.004241943359375
995,281,1.964181703180605,0.023794153831183218,0.004402637481689453
996,281,1.9469786946035366,0.017203008577068468,0.003946542739868164
997,281,1.980093199163145,-0.033114504559608404,0.003938436508178711
998,281,1.952429068894573,0.027664130268572062,0.004000425338745117
999,281,1.9613406361209964,-0.0089115672264235,0.0040435791015625
1000,281,1.97283435970863,-0.011493723587633564,0.004087209701538086
1001,281,1.9618508552741325,0.01098350443449747,0.0038633346557617188
1002,281,1.9907306929075845,-0.028879837633452032,0.003986835479736328
1003,281,1.9825598014207073,0.008170891486877219,0.004322528839111328
1004,281,1.998773432287033,-0.016213630866325657,0.004449129104614258
1005,281,1.9895251942699066,0.009248238017126376,0.0058765411376953125
1006,281,1.9997860511426824,-0.010260856872775781,0.007914304733276367
1007,281,1.985522069964969,0.014263981177713436,0.006623029708862305
1008,281,1.959091240825178,0.026430829139791,0.004506826400756836
1009,281,1.9703364796485765,-0.011245238823398562,0.007423877716064453
1010,281,1.9623745412588969,0.007961938389679624,0.004398345947265625
1011,281,1.9709976576401245,-0.008623116381227591,0.00765681266784668
1012,281,1.9442030068394127,0.02679465080071175,0.0042231082916259766
1013,281,1.9436556452958185,0.0005473615435942492,0.011965513229370117
1014,281,2.0139811777135233,-0.07032553241770478,0.006081104278564453
1015,281,1.997869634119217,0.01611154359430622,0.009967803955078125
1016,281,1.9683603307106317,0.029509303408585374,0.014632463455200195
1017,281,2.020428966372887,-0.05206863566225528,0.013141393661499023
1018,281,1.9787634581433498,0.041665508229537185,0.005456447601318359
1019,281,1.9533278713022686,0.02543558684108116,0.014499664306640625
1020,281,1.9868761381644795,-0.03354826686221091,0.005099058151245117
1021,281,1.9583318852869218,0.028544252877557685,0.02354574203491211
1022,281,1.9696941986627001,-0.01136231337577831,0.0053594112396240234
1023,281,1.942028330738434,0.027665867924266063,0.01683640480041504
1024,281,1.9429781767821397,-0.0009498460437056266,0.005380868911743164
1025,281,1.9623767133285142,-0.019398536546374467,0.009577274322509766
1026,281,1.967365522825845,-0.004988809497330937,0.0051534175872802734
1027,281,1.908948144878781,0.05841737794706403,0.0131378173828125
1028,281,1.9648848021157697,-0.055936657236988596,0.005357980728149414
1029,281,1.984364791272798,-0.01947998915702831,0.01320505142211914
1030,281,1.9461632996691502,0.03820149160364772,0.01691150665283203
1031,281,1.971603447856428,-0.02544014818727769,0.005334138870239258
1032,281,1.9809379170373667,-0.00933446918093872,0.01335763931274414
1033,281,1.9568275098698844,0.02411040716748225,0.013385295867919922
1034,281,1.9497928279998888,0.007034681869995563,0.005606889724731445
1035,281,1.9645841876807162,-0.014791359680827343,0.02988266944885254
1036,281,1.9509537992104093,0.013630388470306842,0.024338960647583008
1037,281,1.95245860904137,-0.001504809830960685,0.005640745162963867
1038,281,1.9630311579042483,-0.010572548862878284,0.006440877914428711
1039,281,1.968516936930049,-0.005485779025800719,0.00484013557434082
1040,281,1.9672221662310942,0.0012947706989547836,0.0051424503326416016
1041,281,2.013941428839524,-0.046719262608429624,0.0048754215240478516
1042,281,1.9611920665591638,0.05274936228036009,0.005166053771972656
1043,281,1.969600365255227,-0.008408298696063188,0.004906654357910156
1044,281,2.018458030402024,-0.0488576651467969,0.005246877670288086
1045,281,1.944146098615436,0.0743119317865879,0.004744052886962891
1046,281,1.9666763251362323,-0.02253022652079628,0.004505157470703125
1047,281,1.9860987544483986,-0.01942242931216631,0.004702329635620117
1048,281,1.9475975172375444,0.03850123721085419,0.004400968551635742
1049,281,1.9619036365658362,-0.014306119328291844,0.004393100738525391
1050,281,1.980571488892905,-0.01866785232706869,0.0047495365142822266
1051,281,1.9292776304631896,0.051293858429715344,0.004662752151489258
1052,281,1.942606752877558,-0.013329122414368344,0.0048558712005615234
1053,281,1.9624655509758675,-0.019858798098309594,0.004596233367919922
1054,281,1.932012700525467,0.03045285045040047,0.005726337432861328
1055,281,1.9655255626529138,-0.03351286212744675,0.005890369415283203
1056,281,1.9880620881756006,-0.022536525522686812,0.004798173904418945
1057,281,2.0024774626056496,-0.014415374430049033,0.005002260208129883
1058,281,1.9759189157723531,0.026558546833296504,0.006741762161254883
1059,281,1.9464999704598531,0.0294189453125,0.004987239837646484
1060,281,1.9105643818811167,0.035935588578736466,0.004955291748046875
1061,281,1.9732070868549823,-0.06264270497386559,0.0049381256103515625
1062,281,1.9890075900800712,-0.01580050322508897,0.004810810089111328
1063,281,1.928595600603314,0.06041198947675719,0.0048520565032958984
1064,281,1.9621369168427492,-0.033541316239435126,0.004332542419433594
1065,281,1.9393247556856095,0.022812161157139688,0.004472255706787109
1066,281,1.959661626306717,-0.02033687062110756,0.004202604293823242
1067,281,1.9631375893155028,-0.0034759630087857207,0.00429987907409668
1068,281,1.9414627238100535,0.02167486550544928,0.004216432571411133
1069,281,1.9435261899466192,-0.002063466136565717,0.004417896270751953
1070,281,1.9532620575928603,-0.009735867646241125,0.004425048828125
1071,281,1.9456063810192392,0.007655676573621095,0.004642963409423828
1072,281,1.9724633702179715,-0.02685698919873225,0.004492759704589844
1073,281,1.967167212869773,0.005296157348198438,0.004702568054199219
1074,281,1.9802324288256228,-0.013065215955849752,0.004380702972412109
1075,281,1.9613499760203514,0.018882452805271344,0.004456520080566406
1076,281,1.9361061829264903,0.025243793093861155,0.004488468170166016
1077,281,1.969246752321508,-0.03314056939501775,0.004459381103515625
1078,281,1.976265795290258,-0.00701904296875,0.004567861557006836
1079,281,1.956386145323621,0.019879649966636936,0.004614591598510742
1080,281,2.0048176504114767,-0.04843150508785565,0.004798412322998047
1081,281,1.9795160802657918,0.025301570145684904,0.005079507827758789
1082,281,1.947630967109653,0.031885113156138845,0.005005359649658203
1083,281,1.9311949163145017,0.016436050795151314,0.004511833190917969
1084,281,1.9270091209547375,0.004185795359764155,0.005290031433105469
1085,281,1.9114395087299823,0.01556961222475528,0.0052106380462646484
1086,281,1.9537058114157029,-0.042266302685720625,0.0049245357513427734
1087,281,1.971240712230316,-0.017534900814613064,0.005247831344604492
1088,281,1.906758481497442,0.06448223073287385,0.005151510238647461
1089,281,1.9584676396380116,-0.05170915814056953,0.005351066589355469
1090,281,1.9544386677046264,0.00402897193338525,0.005450248718261719
1091,281,1.9521438761538035,0.0022947915508229055,0.005796670913696289
1092,281,1.9826382131338969,-0.030494336980093406,0.00510859489440918
1093,281,1.9500897499165926,0.03254846321730431,0.005377531051635742
1094,281,1.9482723792676824,0.0018173706489101882,0.005502223968505859
1095,281,1.9535187962216414,-0.005246416953958999,0.005326747894287109
1096,281,1.9434071605315837,0.010111635690057685,0.005273342132568359
1097,281,1.9766005112183052,-0.03319335068672147,0.005330324172973633
1098,281,1.9644666787144127,0.012133832503892439,0.007252693176269531
1099,281,1.9378164705432608,0.026650208171151935,0.00564885139465332
1100,281,1.953386082768016,-0.01556961222475528,0.005169868469238281
1101,281,1.9336217696980649,0.01976431306995119,0.005630016326904297
1102,281,1.9261226993438612,0.0074990703542037185,0.004857778549194336
1103,281,1.9698827343054939,-0.04376003496163272,0.005075931549072266
1104,281,1.9300202610653914,0.0398624732401025,0.006103992462158203
1105,281,1.960695965858541,-0.030675704793149627,0.005290508270263672
1106,281,1.9740472433830072,-0.013351277524466187,0.004717826843261719
1107,281,1.9345246990380338,0.039522544344973376,0.006250619888305664
1108,281,1.9241647957907029,0.010359903247330937,0.004932880401611328
1109,281,1.9103450028497553,0.013819792940947595,0.005585432052612305
1110,281,1.8891920856733764,0.021152917176378905,0.00466609001159668
1111,281,1.9791681147130782,-0.08997602903970181,0.005499124526977539
1112,281,1.9326008969778692,0.046567217735209,0.004507303237915039
1113,281,1.975803796082629,-0.04320289910475972,0.00476384162902832
1114,281,1.962324366450734,0.013479429631894968,0.004564523696899414
1115,281,1.911516834408363,0.05080753204237087,0.004782676696777344
1116,281,1.9381631328542037,-0.026646298445840655,0.0044476985931396484
1117,281,1.9848230979620773,-0.046659965107873624,0.005391836166381836
1118,281,1.9403239077096308,0.04449919025244653,0.004672050476074219
1119,281,1.9568729061248888,-0.01654899841525803,0.007546901702880859
1120,281,1.941239217846419,0.01563368827846978,0.005158901214599609
1121,281,1.9623532549766458,-0.021114037130226748,0.006909370422363281
1122,281,1.9414153726923933,0.02093788228425253,0.005406618118286133
1123,281,1.9095074528052713,0.03190791988712194,0.005211830139160156
1124,281,1.9659982050016682,-0.056490752196396876,0.00436711311340332
1125,281,1.955064658168372,0.010933546833296282,0.004474639892578125
1126,281,1.9788757541425712,-0.02381109597419928,0.004537820816040039
1127,281,1.9520863163089412,0.02678943783362997,0.005499601364135742
1128,281,1.9710428366881672,-0.018956520379225905,0.004567146301269531
1129,281,2.0075331718471974,-0.03649033515903022,0.005051374435424805
1130,281,1.9532264356511344,0.054306736196062966,0.005048513412475586
1131,281,1.9776055278302935,-0.024379092179159123,0.004604816436767578
1132,281,1.9374139860431494,0.040191541787144125,0.004197120666503906
1133,281,1.9547173442365435,-0.017303358193394125,0.004676103591918945
1134,281,1.9289257551851646,0.025791589051378905,0.004811763763427734
1135,281,1.9104307995996441,0.0184949555855205,0.004351377487182617
1136,281,1.9207633347697954,-0.010332535170151314,0.004568815231323242
1137,281,1.9270223705794038,-0.006259035809608404,0.003942251205444336
1138,281,1.9661378690780693,-0.03911549849866547,0.0040628910064697266
1139,281,1.9407741777413257,0.025363691336743655,0.004070758819580078
1140,281,1.9222733575678381,0.01850082017348753,0.004257917404174805
1141,281,1.9614416373582073,-0.03916827979036919,0.004383563995361328
1142,281,1.9141148468777802,0.047326790480427094,0.005534648895263672
1143,281,1.9489922031389013,-0.034877356261121095,0.004697322845458984
1144,281,1.971611050100089,-0.022618846961187655,0.004422426223754883
1145,281,1.956414165021686,0.015196885078403,0.004593610763549805
1146,281,1.9648413607234207,-0.00842719570173478,0.0044667720794677734
1147,281,1.920192297667371,0.044649063056049654,0.00452113151550293
1148,281,1.9498953496858318,-0.029703052018460685,0.004256248474121094
1149,281,1.9378505720362544,0.012044777649577343,0.004649639129638672
1150,281,1.950605616450734,-0.0127550444144795,0.004544973373413086
1151,281,1.9361009699594083,0.014504646491325657,0.004728555679321289
1152,281,1.9645405290814058,-0.02843955912199747,0.00440669059753418
1153,281,1.9321795154720862,0.03236101360931953,0.004697561264038086
1154,281,1.9303493296124332,0.0018301858596529996,0.00507807731628418
1155,281,1.9298994939946619,0.0004498356177713436,0.004949331283569336
1156,281,1.9435854874471752,-0.013685993452513312,0.005139827728271484
1157,281,1.896119901718194,0.047465585728981186,0.004576921463012695
1158,281,1.9470051938528692,-0.050885292134675186,0.004274606704711914
1159,281,1.8725262299127001,0.07447896394016906,0.004315614700317383
1160,281,1.897594736988434,-0.025068507075733937,0.005615711212158203
1161,281,1.8799966289479537,0.017598108040480342,0.0043430328369140625
1162,281,1.9554306518989102,-0.07543402295095647,0.004197597503662109
1163,281,1.8830203670623888,0.07241028483652134,0.0051305294036865234
1164,281,1.9692104787588969,-0.08619011169650803,0.005200386047363281
1165,281,1.9304661869578514,0.03874429180104544,0.007132053375244141
1166,281,1.907156187444395,0.02330999951345647,0.005005836486816406
1167,281,1.978552115769573,-0.07139592832517794,0.004821300506591797
1168,281,1.944107001362322,0.03444511440725084,0.004758358001708984
1169,281,1.9544043490046707,-0.010297347642348686,0.004632711410522461
1170,281,1.9197756947147464,0.03462865428992434,0.0043544769287109375
1171,281,1.9619501188556494,-0.042174424140903,0.004644870758056641
1172,281,1.8959641643266236,0.06598595452902578,0.004192352294921875
1173,281,1.93654711305883,-0.04058294873220647,0.004292011260986328
1174,281,1.9030164399605205,0.033530673098309594,0.00413203239440918
1175,281,1.9280821233457517,-0.025065683385231186,0.0043430328369140625
1176,281,1.9318215583991325,-0.003739435053380813,0.00443720817565918
1177,281,1.9223172333741103,0.009504325025022187,0.004214048385620117
1178,281,1.9421110865908586,-0.019793853216748314,0.003992319107055664
1179,281,1.9209742427296486,0.021136843861210064,0.0040187835693359375
1180,281,1.911559189765903,0.009415052963745563,0.0038299560546875
1181,281,1.9071044921875,0.004454697578403,0.003942251205444336
1182,281,1.9130874579487323,-0.005982965761232251,0.003840923309326172
1183,281,1.9270475665869662,-0.013960108638233937,0.0039560794830322266
1184,281,1.8799953257061832,0.04705224088078297,0.004115104675292969
1185,281,1.9150388452930382,-0.03504351958685503,0.004357576370239258
1186,281,1.9843747827930382,-0.0693359375,0.004236698150634766
1187,281,1.885533668816726,0.09884111397631234,0.004430055618286133
1188,281,1.9202880859375,-0.034754417120774095,0.00424504280090332
1189,281,1.950690327165814,-0.03040224122831403,0.004544258117675781
1190,281,1.9410031138790036,0.009687213286810437,0.004734039306640625
1191,281,1.9515400408001558,-0.010536926921152157,0.004712104797363281
1192,281,1.9016853956989546,0.04985464510120119,0.004422187805175781
1193,281,1.938957241506339,-0.03727184580738441,0.004868030548095703
1194,281,1.9421373686332295,-0.0031801271268905307,0.0047643184661865234
1195,281,1.9235262073231763,0.018611161310053248,0.004887819290161133
1196,281,1.879480979620774,0.04404522770240216,0.004940509796142578
1197,281,1.9410741405554939,-0.06159316093471978,0.0048983097076416016
1198,281,1.9131775988378559,0.027896541717638,0.00458526611328125
1199,281,1.8899497035559387,0.023227895281917155,0.004887819290161133
1200,281,1.9374548209519573,-0.04750511739601859,0.004971027374267578
1201,281,1.9095693567893683,0.02788546416258897,0.004555463790893555
1202,281,1.907007835089524,0.002561521699844249,0.005553722381591797
1203,281,1.9179057599810942,-0.010897924891570154,0.004957437515258789
1204,281,1.918819766876112,-0.0009140068950177493,0.004781961441040039
1205,281,1.878001800211299,0.040817966664812966,0.005375385284423828
1206,281,1.8918159457712411,-0.013814145559942093,0.011108636856079102
1207,281,1.9174520146380116,-0.0256360688667705,0.00533747673034668
1208,281,1.918819115255227,-0.0013671006172153444,0.004715919494628906
1209,281,1.9358653004059163,-0.01704618515068934,0.00460362434387207
1210,281,1.9170803735264679,0.018784926879448438,0.0045545101165771484
1211,281,1.8790954372636788,0.03798493626278909,0.004798173904418945
1212,281,1.8758156121413478,0.003279825122330937,0.004271030426025391
1213,281,1.9159313486988434,-0.04011573655749556,0.004635334014892578
1214,281,1.9202148871913924,-0.004283538492549033,0.0042531490325927734
1215,281,1.9237816427101868,-0.0035667555187943734,0.00420069694519043
1216,281,1.8745121531639235,0.04926948954626331,0.0040283203125
1217,281,1.9134074038033808,-0.03889525063945731,0.004056453704833984
1218,281,1.931473592846419,-0.01806618904303825,0.00401616096496582
1219,281,1.9052076237905917,0.026265969055827343,0.0038874149322509766
1220,281,1.9531167461354537,-0.047909122344862,0.0037305355072021484
1221,281,1.9149437086437944,0.038173037491659345,0.0035936832427978516
1222,281,1.9116595393822287,0.003284169261565717,0.003981113433837891
1223,281,1.974098287019017,-0.06243874763678825,0.003983974456787109
1224,281,1.9009410274410588,0.07315725957795816,0.004042387008666992
1225,281,1.9354030839913257,-0.034462056550266906,0.0036971569061279297
1226,281,1.913689555646686,0.021713528344639688,0.003697633743286133
1227,281,1.9281881203430828,-0.014498564696396876,0.0038187503814697266
1228,281,1.9460779373331851,-0.01788981699010228,0.004073143005371094
1229,281,1.915340111348977,0.030737825984208156,0.004809856414794922
1230,281,1.9434538600283586,-0.028113748679381656,0.004197597503662109
1231,281,1.882119175378114,0.06133468465024472,0.0043408870697021484
1232,281,1.9023841504948844,-0.0202649751167705,0.0041697025299072266
1233,281,1.948537154554048,-0.04615300405916356,0.004317522048950195
1234,281,1.933026622622887,0.015510531931161031,0.004028797149658203
1235,281,1.9057630219917705,0.027263600631116436,0.004075765609741211
1236,281,1.8714962345001112,0.034266787491659345,0.004220485687255859
1237,281,1.910242698370774,-0.03874646387066294,0.004105329513549805
1238,281,1.8956309688473088,0.014611729523465344,0.0038881301879882812
1239,281,1.9113237374193728,-0.01569276857206403,0.00406193733215332
1240,281,1.889384965455405,0.021938771963967874,0.004019260406494141
1241,281,1.8662257075733986,0.023159257882006345,0.00410914421081543
1242,281,1.931999233693839,-0.0657735261204404,0.0039975643157958984
1243,281,1.9169689463550934,0.015030287338745563,0.0041086673736572266
1244,281,1.8825987683496441,0.03437017800544928,0.003994941711425781
