1,191,2.291287566978894,Nan,0.010819673538208008
2,191,2.2576768485663448,0.03361071841254937,0.0030412673950195312
3,191,2.2624546869887108,-0.00477783842236601,0.003184080123901367
4,191,2.2635451711285177,-0.0010904841398069465,0.0033850669860839844
5,191,2.2578551606982167,0.00569001043030104,0.003416299819946289
6,191,2.2507843496911812,0.007070811007035438,0.0036077499389648438
7,191,2.220261339117719,0.030523010573462184,0.0032930374145507812
8,191,2.2095579776464334,0.0107033614712857,0.003396749496459961
9,191,2.1873622714536975,0.02219570619273581,0.003070831298828125
10,191,2.217128733689872,-0.02976646223617463,0.0034027099609375
11,191,2.202981359671548,0.014147374018324221,0.003766775131225586
12,191,2.2028105571007854,0.00017080257076251826,0.005511760711669922
13,191,2.224002059217523,-0.021191502116737482,0.0033905506134033203
14,191,2.175875838514398,0.048126220703125,0.0034928321838378906
15,191,2.164626036638989,0.011249801875409027,0.004051923751831055
16,191,2.1700097528427684,-0.005383716203779532,0.0035049915313720703
17,191,2.1857424431446337,-0.015732690301865304,0.006990194320678711
18,191,2.171232053746728,0.014510389397905943,0.003216981887817383
19,191,2.1861153647537632,-0.014883311007035438,0.003251314163208008
20,191,2.172108435505972,0.014006929247791344,0.003189563751220703
21,191,2.15566760956929,0.016440825936681946,0.003074169158935547
22,191,2.125865676640216,0.02980193292907396,0.005462169647216797
23,191,2.135992080129254,-0.010126403489037816,0.003536224365234375
24,191,2.1375890601991983,-0.0015969800699444647,0.003656148910522461
25,191,2.150681900104303,-0.013092839905104903,0.003849506378173828
26,191,2.1301860709464986,0.020495829157804568,0.003542661666870117
27,191,2.1322011897701243,-0.0020151188236257056,0.008222103118896484
28,191,2.148895263671875,-0.016694073901750706,0.004248619079589844
29,191,2.1233148225314955,0.025580441140379495,0.00467681884765625
30,191,2.1118058609088677,0.011508961622627822,0.004318952560424805
31,191,2.0875335214025688,0.024272339506298923,0.003971099853515625
32,191,2.0625068704495257,0.025026650953043017,0.003968954086303711
33,191,2.134258489958279,-0.07175161950875308,0.0035479068756103516
34,191,2.111377496369846,0.022880993588432652,0.003878355026245117
35,191,2.060113557346204,0.05126393902364201,0.003748655319213867
36,191,2.089157344159031,-0.029043786812827044,0.0034160614013671875
37,191,2.0312464848862892,0.05791085927274198,0.004267454147338867
38,191,2.0475238580354223,-0.016277373149133023,0.0034651756286621094
39,191,2.0547186566897087,-0.007194798654286405,0.003437042236328125
40,191,2.0377705359334097,0.016948120756298923,0.003620624542236328
41,191,2.092381821877045,-0.0546112859436354,0.0032248497009277344
42,191,2.034082862095059,0.05829895978198607,0.003450155258178711
43,191,2.0441153161812826,-0.010032454086223552,0.0034813880920410156
44,191,2.0497954203820354,-0.005680104200752822,0.0035266876220703125
45,191,1.9958817247320844,0.05391369564995108,0.003475666046142578
46,191,2.0244909156679483,-0.028609190935863893,0.003768444061279297
47,191,2.0276874322541723,-0.0031965165862239964,0.0034241676330566406
48,191,2.0097533221020125,0.017934110152159732,0.004136800765991211
49,191,1.9862346549308736,0.02351866717113893,0.0032520294189453125
50,191,1.957367103137271,0.028867551793602564,0.0032715797424316406
51,191,1.986835579597513,-0.029468476460241977,0.003952741622924805
52,191,1.9850451084955825,0.0017904711019305353,0.0037109851837158203
53,191,1.9693207266443062,0.015724381851276226,0.0029435157775878906
54,191,1.9422899815424575,0.027030745101848774,0.003978252410888672
55,191,1.9624566682346205,-0.02016668669216304,0.003179311752319336
56,191,1.9777549224374182,-0.015298254202797734,0.003459453582763672
57,191,1.9816835413428502,-0.0039286189054319465,0.004225969314575195
58,191,1.9115060536649215,0.07017748767792864,0.007257699966430664
59,191,1.9895011542355203,-0.07799510057059877,0.0053863525390625
60,191,1.97110240996196,0.018398744273560252,0.0034728050231933594
61,191,1.909551650441754,0.061550759520206055,0.0033571720123291016
62,191,1.9063179056057755,0.0032337448359784915,0.0037453174591064453
63,191,1.9233308961878273,-0.017012990582051746,0.0036783218383789062
64,191,1.9014124046445517,0.02191849154327552,0.0033121109008789062
65,191,1.928897078748773,-0.027484674104221174,0.0030367374420166016
66,191,1.9333703805014726,-0.0044733017526996655,0.003365755081176758
67,191,1.8976617783151997,0.03570860218627292,0.0036003589630126953
68,191,1.948308175771024,-0.05064639745582444,0.003731250762939453
69,191,1.8711165982391198,0.07719157753190431,0.0035178661346435547
70,191,1.9246003315710896,-0.05348373333196976,0.003554821014404297
71,191,1.862066139101358,0.06253419246973158,0.003522157669067383
72,191,1.8648235860295321,-0.0027574469281741454,0.0034742355346679688
73,191,1.848654542293848,0.016169043735684063,0.004280567169189453
74,191,1.8792735793827715,-0.03061903708892344,0.004037141799926758
75,191,1.8468282809432264,0.032445298439545134,0.003878355026245117
76,191,1.8113802765052356,0.03544800443799079,0.004394054412841797
77,191,1.8194840516095385,-0.008103775104302935,0.004410982131958008
78,191,1.8814606192224312,-0.06197656761289272,0.0034055709838867188
79,191,1.8142264001656576,0.06723421905677363,0.003706693649291992
80,191,1.8399044656004582,-0.025678065434800557,0.0034475326538085938
81,191,1.819444107135553,0.020460358464905237,0.0033960342407226562
82,191,1.8266259637802684,-0.00718185664471549,0.0033426284790039062
83,191,1.8043152175024542,0.022310746277814264,0.0032300949096679688
84,191,1.8545707982248036,-0.05025558072234948,0.003262758255004883
85,191,1.8121881135471205,0.042382684677683136,0.0034029483795166016
86,191,1.8284049308736912,-0.016216817326570654,0.003207683563232422
87,191,1.74997203886821,0.07843289200548109,0.011517524719238281
88,191,1.7795622660851604,-0.02959022721695037,0.003668069839477539
89,191,1.8037579122014071,-0.024195646116246694,0.007996082305908203
90,191,1.7621367289757854,0.041621183225621694,0.0036516189575195312
91,191,1.700092415535013,0.062044313440772436,0.003278493881225586
92,191,1.7482197546834097,-0.04812733914839673,0.0032236576080322266
93,191,1.827533981562909,-0.0793142268794993,0.003206014633178711
94,191,1.7336321925617637,0.09390178900114532,0.00342559814453125
95,191,1.6727753484436354,0.060856844118128306,0.0035257339477539062
96,191,1.7900435362810865,-0.11726818783745108,0.003560304641723633
97,191,1.7027073405800066,0.08733619570107987,0.0032444000244140625
