1,50,2.40538375854,Nan,0.0549998283386
2,50,2.25237411499,0.153009643555,0.0200002193451
3,50,2.21352157593,0.0388525390625,0.0160000324249
4,50,2.27029388428,-0.0567723083496,0.0139999389648
5,50,2.21569229126,0.0546015930176,0.0160000324249
6,50,2.16621551514,0.049476776123,0.0160000324249
7,50,2.14454681396,0.0216687011719,0.0160000324249
8,50,2.08906997681,0.0554768371582,0.0199999809265
9,50,2.07561538696,0.0134545898438,0.0159997940063
10,50,2.0329989624,0.0426164245605,0.0139999389648
11,50,1.92828964233,0.104709320068,0.0160000324249
12,50,1.95353439331,-0.0252447509766,0.0149998664856
13,50,2.04160339355,-0.0880690002441,0.0160000324249
14,50,2.0007144165,0.0408889770508,0.0139999389648
15,50,2.02015213013,-0.019437713623,0.0149998664856
16,50,1.88977401733,0.130378112793,0.0160000324249
17,50,1.88645874023,0.00331527709961,0.0199999809265
18,50,1.90503082275,-0.0185720825195,0.0230000019073
19,50,1.94549362183,-0.0404627990723,0.018000125885
20,50,1.91279327393,0.0327003479004,0.0150001049042
21,50,1.87348251343,0.039310760498,0.0160000324249
22,50,1.84368469238,0.0297978210449,0.0139999389648
23,50,1.80309951782,0.0405851745605,0.0279998779297
24,50,1.85969665527,-0.0565971374512,0.0179998874664
25,50,1.82388427734,0.0358123779297,0.0220000743866
26,50,1.75052139282,0.0733628845215,0.0230000019073
27,50,1.71514755249,0.035373840332,0.018000125885
28,50,1.70678833008,0.00835922241211,0.0160000324249
29,50,1.6856401062,0.021148223877,0.029000043869
30,50,1.65320037842,0.0324397277832,0.0199999809265
31,50,1.52831192017,0.124888458252,0.018000125885
32,50,1.68318344116,-0.154871520996,0.0260000228882
33,50,1.59061828613,0.0925651550293,0.018000125885
34,50,1.65413757324,-0.0635192871094,0.0160000324249
35,50,1.60251205444,0.0516255187988,0.0169999599457
36,50,1.57506607056,0.0274459838867,0.0160000324249
37,50,1.5392048645,0.0358612060547,0.0150001049042
38,50,1.52430038452,0.0149044799805,0.0170001983643
39,50,1.61007919312,-0.0857788085937,0.0150001049042
40,50,1.47704711914,0.133032073975,0.0149998664856
41,50,1.4488243103,0.0282228088379,0.0199999809265
42,50,1.43142333984,0.017400970459,0.0150001049042
43,50,1.28143432617,0.149989013672,0.0149998664856
44,50,1.47268081665,-0.191246490479,0.0150001049042
45,50,1.40656814575,0.0661126708984,0.0139999389648
46,50,1.29833511353,0.108233032227,0.0150001049042
47,50,1.37642532349,-0.0780902099609,0.0139999389648
48,50,1.247292099,0.129133224487,0.0190000534058
49,50,1.20937576294,0.0379163360596,0.0150001049042
50,50,1.26252159119,-0.0531458282471,0.0149998664856
51,50,1.24209373474,0.0204278564453,0.0160000324249
52,50,1.29335006714,-0.0512563323975,0.0150001049042
53,50,1.26491989136,0.0284301757813,0.0149998664856
54,50,1.18046043396,0.0844594573975,0.0200002193451
55,50,1.22215545654,-0.041695022583,0.0150001049042
56,50,1.00766082764,0.214494628906,0.0160000324249
57,50,1.09003974915,-0.0823789215088,0.0150001049042
58,50,1.07941940308,0.0106203460693,0.0149998664856
59,50,1.18980834961,-0.110388946533,0.0139999389648
60,50,1.09348373413,0.0963246154785,0.0149998664856
61,50,1.19955314636,-0.106069412231,0.0160000324249
62,50,1.24348007202,-0.0439269256592,0.0150001049042
63,50,0.975033874512,0.26844619751,0.0150001049042
64,50,1.07153564453,-0.0965017700195,0.0139999389648
65,50,1.03748474121,0.0340509033203,0.0150001049042
66,50,1.14621017456,-0.10872543335,0.0160000324249
67,50,0.944068374634,0.202141799927,0.0150001049042
68,50,1.20300765991,-0.258939285278,0.0139999389648
69,50,1.05185791016,0.151149749756,0.0139999389648
70,50,1.01992401123,0.0319338989258,0.0149998664856
71,50,0.849935073853,0.169988937378,0.0160000324249
72,50,0.980364532471,-0.130429458618,0.0140001773834
73,50,0.989671401978,-0.00930686950684,0.0149998664856
74,50,0.945585784912,0.0440856170654,0.0150001049042
75,50,1.03174621582,-0.0861604309082,0.0139999389648
76,50,0.831461181641,0.20028503418,0.0160000324249
77,50,1.16040252686,-0.328941345215,0.0179998874664
78,50,0.937515716553,0.222886810303,0.0149998664856
79,50,0.873346633911,0.0641690826416,0.0169999599457
80,50,0.961968383789,-0.0886217498779,0.0139999389648
81,50,0.991492996216,-0.0295246124268,0.0160000324249
82,50,0.890705413818,0.100787582397,0.0150001049042
83,50,0.819951705933,0.0707537078857,0.0150001049042
84,50,0.916748886108,-0.0967971801758,0.0139999389648
85,50,0.879178466797,0.0375704193115,0.0139999389648
86,50,0.8603881073,0.0187903594971,0.0159997940063
87,50,0.920028381348,-0.0596402740479,0.0140001773834
88,50,0.700132293701,0.219896087646,0.0170001983643
89,50,0.878539123535,-0.178406829834,0.0139999389648
90,50,0.797624664307,0.0809144592285,0.0139999389648
91,50,0.795498428345,0.00212623596191,0.0160000324249
92,50,0.884384231567,-0.0888858032227,0.0149998664856
93,50,0.645493011475,0.238891220093,0.0139999389648
94,50,0.896720352173,-0.251227340698,0.0139999389648
95,50,0.685715560913,0.21100479126,0.0139999389648
96,50,0.764997406006,-0.0792818450928,0.0160000324249
97,50,0.691159667969,0.0738377380371,0.0150001049042
98,50,0.708421554565,-0.0172618865967,0.0139999389648
99,50,0.660349502563,0.048072052002,0.0149998664856
100,50,0.773797454834,-0.113447952271,0.0140001773834
