1,160,2.24402384077,Nan,0.0
2,160,2.1712041892,0.0728196515665,0.0
3,160,2.10889552847,0.0623086607301,0.0
4,160,2.04969241898,0.0592031094935,0.00100016593933
5,160,1.98987577364,0.0598166453374,0.0
6,160,1.92817737406,0.0616983995809,0.0
7,160,1.86513760554,0.0630397685162,0.0
8,160,1.80131838662,0.0638192189204,0.0
9,160,1.73781769988,0.0635006867446,0.000999927520752
10,160,1.67502473546,0.0627929644151,0.0
11,160,1.61323062909,0.061794106372,0.0
12,160,1.55246497625,0.0607656528423,0.0
13,160,1.49295565122,0.0595093250275,0.0
14,160,1.43493224986,0.0580234013595,0.0
15,160,1.37909216509,0.0558400847695,0.0
16,160,1.3255053706,0.053586794494,0.0
17,160,1.27449275426,0.0510126163433,0.0
18,160,1.22612507003,0.0483676842281,0.0
19,160,1.18052834474,0.0455967252905,0.0
20,160,1.13765695931,0.0428713854257,0.0
21,160,1.09738314554,0.0402738137679,0.0
22,160,1.05959873138,0.0377844141675,0.0
23,160,1.02414621935,0.0354525120227,0.0
24,160,0.990967549906,0.0331786694465,0.0
25,160,0.960031366348,0.0309361835579,0.0
26,160,0.931196472242,0.028834894106,0.0
27,160,0.904280456939,0.026916015303,0.0
28,160,0.87919715163,0.0250833053093,0.0
29,160,0.855791427563,0.0234057240672,0.0
30,160,0.833929282349,0.0218621452133,0.0
31,160,0.813457728052,0.0204715542979,0.00100016593933
32,160,0.794280899035,0.0191768290161,0.000999927520752
33,160,0.77628954169,0.0179913573451,0.0
34,160,0.759386248093,0.0169032935972,0.0
35,160,0.743478322339,0.0159079257544,0.0
36,160,0.728494746654,0.0149835756847,0.0
37,160,0.714363511816,0.0141312348378,0.0
38,160,0.70101613472,0.0133473770959,0.0
39,160,0.688394492942,0.0126216417783,0.0
40,160,0.67643646234,0.0119580306016,0.0
41,160,0.66508621767,0.0113502446707,0.0
42,160,0.654318147201,0.0107680704687,0.0
43,160,0.64408752299,0.0102306242113,0.0
44,160,0.634350811042,0.00973671194795,0.00100016593933
45,160,0.625076853455,0.00927395758691,0.0
46,160,0.616228411105,0.00884844235012,0.0
47,160,0.607779244014,0.00844916709058,0.0
48,160,0.599700989042,0.00807825497219,0.0
49,160,0.591967126921,0.00773386212138,0.0
50,160,0.584557315281,0.00740981163917,0.0
51,160,0.577455602064,0.0071017132177,0.0
52,160,0.570639471574,0.0068161304895,0.0
53,160,0.56408516215,0.00655430942387,0.0
54,160,0.55777956913,0.00630559301996,0.00100016593933
55,160,0.55171550373,0.00606406540066,0.0
56,160,0.545876078172,0.00583942555762,0.0
57,160,0.540248148472,0.00562792969989,0.0
58,160,0.534814498022,0.00543365045027,0.0
59,160,0.529569806062,0.00524469196022,0.0
60,160,0.524503730179,0.00506607588235,0.0
61,160,0.519607639622,0.00489609055705,0.0
62,160,0.514873429088,0.00473421053453,0.0
63,160,0.510290324224,0.00458310486434,0.0
64,160,0.505849473507,0.00444085071613,0.0
65,160,0.501547919311,0.00430155419684,0.0
66,160,0.497377672753,0.00417024655776,0.0
67,160,0.493330896056,0.00404677669723,0.0
68,160,0.489400665791,0.00393023026454,0.0
69,160,0.485580223257,0.00382044253411,0.0
70,160,0.481866088471,0.00371413478604,0.00100016593933
71,160,0.478255051761,0.00361103670938,0.0
72,160,0.474742331598,0.00351272016377,0.0
73,160,0.471323821761,0.00341850983632,0.0
74,160,0.46799366598,0.00333015578134,0.0
75,160,0.464751931754,0.00324173422603,0.0
76,160,0.461593551605,0.00315838014925,0.0
77,160,0.458514968761,0.00307858284418,0.0
78,160,0.455512057961,0.00300291079979,0.0
79,160,0.452581117834,0.00293094012644,0.0
80,160,0.449720859992,0.00286025784232,0.0
81,160,0.44692520445,0.00279565554161,0.0
82,160,0.444195730655,0.00272947379521,0.0
83,160,0.441528583502,0.00266714715338,0.0
84,160,0.438920246626,0.00260833687597,0.0
85,160,0.436371014335,0.00254923229094,0.0
86,160,0.433877202907,0.00249381142777,0.0
87,160,0.431436931932,0.00244027097504,0.0
88,160,0.429048777091,0.00238815484109,0.0
89,160,0.426708613588,0.00234016350337,0.0
90,160,0.424414147649,0.00229446593817,0.0
91,160,0.422166040501,0.00224810714846,0.0
92,160,0.419962496107,0.00220354439376,0.0
93,160,0.417805485447,0.00215701066054,0.0
94,160,0.415689573814,0.00211591163239,0.0
95,160,0.413613405011,0.00207616880343,0.0
96,160,0.411576742476,0.00203666253523,0.0
97,160,0.409576822566,0.00199991990994,0.0
98,160,0.407613209006,0.00196361355967,0.0
99,160,0.405683557244,0.00192965176198,0.0
100,160,0.403788187597,0.00189536964739,0.0
101,160,0.401928574234,0.00185961336284,0.0
102,160,0.400102835816,0.00182573841764,0.000999927520752
103,160,0.398303108711,0.00179972710548,0.0
104,160,0.396535888895,0.00176721981594,0.00100016593933
105,160,0.394793773162,0.00174211573291,0.0
106,160,0.393082619487,0.00171115367444,0.0
107,160,0.391399759906,0.00168285958179,0.0
108,160,0.389745069479,0.00165469042667,0.0
109,160,0.388119114529,0.00162595495001,0.000999927520752
110,160,0.386518651789,0.00160046274012,0.0
111,160,0.384941959536,0.00157669225296,0.0
112,160,0.3833901732,0.00155178633603,0.0
113,160,0.381864185457,0.00152598774278,0.0
114,160,0.380362910729,0.00150127472816,0.0
115,160,0.378886911931,0.00147599879797,0.0
116,160,0.377432703043,0.00145420888802,0.0
117,160,0.375999927211,0.00143277583184,0.0
118,160,0.374588964512,0.0014109626993,0.0
119,160,0.37319781099,0.00139115352135,0.0
120,160,0.371826272661,0.00137153832943,0.0
121,160,0.370473747594,0.00135252506702,0.0
122,160,0.369141212686,0.0013325349077,0.0
123,160,0.36782827238,0.00131294030648,0.0
124,160,0.366531754469,0.0012965179109,0.000999927520752
125,160,0.365252644675,0.00127910979382,0.0
126,160,0.363992546131,0.00126009854403,0.0
127,160,0.362749504888,0.00124304124287,0.0
128,160,0.361523119351,0.00122638553768,0.0
129,160,0.360312165223,0.00121095412737,0.0
130,160,0.359118165443,0.00119399977969,0.0
131,160,0.357939097324,0.00117906811949,0.0
132,160,0.356775822423,0.00116327490125,0.0
133,160,0.355627676574,0.00114814584905,0.0
134,160,0.354494552798,0.00113312377558,0.0
135,160,0.353375512594,0.00111904020433,0.0
136,160,0.352270777659,0.00110473493477,0.00100016593933
137,160,0.351178648874,0.00109212878463,0.000999927520752
138,160,0.350100340626,0.0010783082479,0.0
139,160,0.349034473029,0.00106586759741,0.00100016593933
140,160,0.347981175664,0.00105329736487,0.0
141,160,0.346939153176,0.00104202248833,0.0
142,160,0.345909469468,0.0010296837076,0.0
143,160,0.344891940928,0.00101752854013,0.0
144,160,0.343885948132,0.00100599279651,0.0
145,160,0.342891390912,0.000994557219666,0.0
146,160,0.341908053144,0.000983337767712,0.0
147,160,0.340934733911,0.000973319233238,0.0
148,160,0.33997072322,0.000964010690714,0.0
149,160,0.339018231398,0.000952491822181,0.0
150,160,0.338076636853,0.000941594544943,0.0
151,160,0.33714469439,0.000931942462921,0.000999927520752
152,160,0.336222931472,0.000921762918497,0.000999927520752
153,160,0.335311423184,0.000911508287702,0.0
154,160,0.334408929286,0.000902493897971,0.0
155,160,0.333513859495,0.000895069791125,0.000999927520752
156,160,0.332627927328,0.000885932166855,0.000999927520752
157,160,0.331752041408,0.000875885920091,0.00100016593933
158,160,0.33088492217,0.000867119237974,0.0
159,160,0.330026769638,0.000858152531958,0.0
160,160,0.329177360101,0.000849409536882,0.0
161,160,0.328335823796,0.000841536305167,0.0
162,160,0.327501954816,0.000833868980408,0.0
163,160,0.326677838858,0.000824115957533,0.0
164,160,0.325862777388,0.000815061470131,0.0
165,160,0.325053850087,0.000808927300689,0.000999927520752
166,160,0.32425317145,0.000800678637121,0.0
167,160,0.323459840285,0.000793331164818,0.0
168,160,0.32267349463,0.000786345655268,0.0
169,160,0.321894578036,0.00077891659427,0.0
170,160,0.321123309724,0.000771268312033,0.0
171,160,0.320358015655,0.00076529406882,0.0
172,160,0.319600124328,0.000757891326756,0.0
173,160,0.318848205851,0.000751918476897,0.0
174,160,0.318103466096,0.000744739755408,0.0
175,160,0.317366231726,0.000737234369501,0.0
176,160,0.316634132491,0.000732099235832,0.0
177,160,0.315908938724,0.000725193766804,0.0
178,160,0.315188086807,0.000720851916771,0.0
179,160,0.314475484018,0.000712602788752,0.000999927520752
180,160,0.313768176599,0.000707307419219,0.0
181,160,0.313066149532,0.000702027066962,0.0
182,160,0.312371331531,0.000694818001289,0.0
183,160,0.311683178412,0.000688153118282,0.0
184,160,0.310998703288,0.000684475124656,0.0
185,160,0.310320760213,0.000677943074858,0.0
186,160,0.309648953939,0.000671806273522,0.0
187,160,0.308980866531,0.00066808740814,0.0
188,160,0.308317672742,0.000663193789395,0.0
189,160,0.307661874109,0.000655798633377,0.0
190,160,0.307011506465,0.000650367643926,0.0
191,160,0.306366192056,0.000645314408587,0.0
192,160,0.305724601467,0.000641590589053,0.0
193,160,0.305088723325,0.000635878141824,0.0
194,160,0.304455155986,0.000633567339414,0.0
195,160,0.303827835832,0.000627320153373,0.0
196,160,0.303204447883,0.000623387949807,0.0
197,160,0.302585764984,0.000618682898484,0.0
198,160,0.301970151957,0.000615613027052,0.0
199,160,0.301359650377,0.000610501580424,0.0
200,160,0.300756008749,0.000603641627671,0.0
201,160,0.300154314103,0.00060169464582,0.0
202,160,0.299558166095,0.000596148007876,0.0
203,160,0.298967184649,0.000590981446303,0.0
204,160,0.298377694712,0.000589489936829,0.0
205,160,0.297793099013,0.000584595698815,0.0
206,160,0.297214363303,0.000578735710739,0.0
207,160,0.296639460093,0.000574903209488,0.0
208,160,0.296067400102,0.000572059990524,0.0
209,160,0.295499821452,0.00056757865014,0.0
210,160,0.294934148603,0.00056567284968,0.0
211,160,0.294375085676,0.0005590629268,0.0
212,160,0.293817108792,0.000557976883727,0.0
213,160,0.293265343022,0.000551765770107,0.0
214,160,0.292717935203,0.000547407819079,0.0
215,160,0.292172151727,0.000545783476396,0.0
216,160,0.291630856093,0.000541295633688,0.0
217,160,0.291094771763,0.000536084329927,0.0
218,160,0.290559886183,0.000534885579889,0.0
219,160,0.290031218064,0.000528668118762,0.0
220,160,0.289502522543,0.000528695521417,0.0
221,160,0.288978648805,0.00052387373788,0.0
222,160,0.288457264683,0.000521384121536,0.0
223,160,0.287938426532,0.000518838151709,0.0
224,160,0.287424719643,0.000513706888471,0.0
225,160,0.286912270335,0.000512449307875,0.0
226,160,0.286403436475,0.000508833860422,0.0
227,160,0.285899124827,0.000504311648282,0.0
228,160,0.285394578321,0.000504546506064,0.0
229,160,0.284896516181,0.000498062139982,0.00100016593933
230,160,0.28440028042,0.000496235760776,0.0
231,160,0.283908933169,0.000491347251,0.0
232,160,0.28341718587,0.000491747298798,0.0
233,160,0.28293134903,0.000485836840295,0.0
234,160,0.282445900471,0.000485448558609,0.0
235,160,0.28196754084,0.00047835963113,0.0
236,160,0.281488436383,0.000479104456964,0.0
237,160,0.281012256424,0.000476179958938,0.0
238,160,0.280542160009,0.000470096414739,0.0
239,160,0.280070412159,0.000471747850443,0.00100016593933
240,160,0.27960479275,0.000465619409239,0.0
241,160,0.279139325216,0.000465467533508,0.0
242,160,0.278676279799,0.000463045417488,0.00100016593933
243,160,0.278218013435,0.000458266363515,0.0
244,160,0.277760447465,0.000457565970235,0.0
245,160,0.27730667684,0.000453770625127,0.0
246,160,0.276853555209,0.000453121631176,0.0
247,160,0.276404811036,0.000448744173174,0.0
248,160,0.275957569209,0.000447241826491,0.000999927520752
249,160,0.275510955167,0.000446614042505,0.0
250,160,0.275069642067,0.000441313099552,0.0
251,160,0.274627963134,0.000441678932735,0.0
252,160,0.274190915869,0.000437047264793,0.0
253,160,0.2737541609,0.000436754969807,0.0
254,160,0.273321281161,0.000432879738993,0.0
255,160,0.272889848034,0.000431433126524,0.000999927520752
256,160,0.272462745146,0.000427102887785,0.0
257,160,0.272034840924,0.000427904221919,0.0
258,160,0.271612064405,0.000422776519478,0.0
259,160,0.271189128888,0.000422935516803,0.0
260,160,0.27077088387,0.000418245018303,0.0
261,160,0.270352552618,0.000418331251516,0.0
262,160,0.269939027669,0.000413524949705,0.0
263,160,0.269524546103,0.00041448156555,0.0
264,160,0.269115482213,0.000409063890383,0.0
265,160,0.268705685108,0.000409797104922,0.0
266,160,0.268300755922,0.000404929185843,0.0
267,160,0.267894681862,0.000406074059474,0.0
268,160,0.26749401526,0.000400666602246,0.0
269,160,0.267092378418,0.000401636842009,0.0
270,160,0.266695765396,0.00039661302195,0.0
271,160,0.266298133677,0.000397631719515,0.0
272,160,0.265906384858,0.000391748818484,0.0
273,160,0.2655118484,0.000394536458053,0.0
274,160,0.265123865512,0.000387982888655,0.0
275,160,0.264733731437,0.000390134074471,0.0
276,160,0.264350839249,0.00038289218754,0.0
277,160,0.263963484609,0.000387354640217,0.0
278,160,0.263581408464,0.000382076145767,0.0
279,160,0.263198390564,0.000383017899154,0.0
280,160,0.262819394198,0.00037899636603,0.0
281,160,0.262439655638,0.00037973855997,0.0
282,160,0.262065302242,0.000374353396428,0.0
283,160,0.26168846697,0.00037683527191,0.0
284,160,0.261318122721,0.000370344248685,0.0
285,160,0.260943705385,0.000374417335956,0.0
286,160,0.260576084682,0.000367620703462,0.0
287,160,0.26020863629,0.000367448391852,0.0
288,160,0.259840739083,0.000367897207087,0.0
289,160,0.259478108604,0.000362630478748,0.0
290,160,0.259112390605,0.000365717999347,0.0
291,160,0.258752963295,0.000359427309655,0.0
292,160,0.258390990635,0.000361972660213,0.0
293,160,0.258035080773,0.000355909861527,0.0
294,160,0.257678065362,0.000357015411575,0.0
295,160,0.257321799576,0.000356265786406,0.0
296,160,0.256969215808,0.000352583767532,0.0
297,160,0.256615407436,0.000353808372052,0.0
298,160,0.256266391742,0.00034901569416,0.0
299,160,0.255918011882,0.000348379859677,0.0
300,160,0.25556902661,0.000348985272568,0.0
301,160,0.255224730597,0.000344296012606,0.0
302,160,0.254877585173,0.000347145424261,0.0
303,160,0.254535149057,0.000342436115463,0.00100016593933
304,160,0.254193719022,0.000341430035504,0.00100016593933
305,160,0.253850885723,0.000342833299141,0.0
306,160,0.25351407853,0.000336807192146,0.0
307,160,0.253176743489,0.000337335041591,0.0
308,160,0.252836955058,0.000339788430697,0.0
309,160,0.252502615189,0.000334339869487,0.0
310,160,0.252167432958,0.000335182230194,0.0
311,160,0.251836410591,0.000331022367849,0.0
312,160,0.25150496921,0.000331441380761,0.0
313,160,0.251174662175,0.000330307034703,0.0
314,160,0.250843899513,0.000330762661897,0.0
315,160,0.250516756943,0.000327142569926,0.0
316,160,0.25019038575,0.000326371192932,0.0
317,160,0.249863478812,0.000326906938057,0.0
318,160,0.249539946503,0.000323532308851,0.0
319,160,0.249217454567,0.000322491936869,0.0
320,160,0.248894940646,0.00032251392092,0.0
321,160,0.248569984947,0.000324955698732,0.0
322,160,0.24825310142,0.000316883526839,0.0
323,160,0.247933156769,0.000319944651096,0.0
324,160,0.247613889985,0.000319266783727,0.0
325,160,0.247298146533,0.000315743452543,0.0
326,160,0.24698406156,0.000314084972654,0.00100016593933
327,160,0.246666962218,0.000317099342099,0.0
328,160,0.246355338298,0.000311623920094,0.0019998550415
329,160,0.246043233438,0.000312104859909,0.0
330,160,0.245730620313,0.000312613124971,0.0
331,160,0.245421994507,0.000308625806462,0.0
332,160,0.245111952277,0.000310042229566,0.0
333,160,0.244802710066,0.000309242211379,0.0
334,160,0.24449703198,0.000305678085847,0.0
335,160,0.244190754829,0.000306277151232,0.0
336,160,0.243883535614,0.000307219214254,0.0
337,160,0.243582181729,0.000301353884982,0.0
338,160,0.243277682732,0.000304498997602,0.0
339,160,0.242975430829,0.000302251902494,0.0
340,160,0.242675542057,0.00029988877185,0.0
341,160,0.242374072524,0.000301469533474,0.0
342,160,0.242072419842,0.000301652682292,0.0
343,160,0.241774882744,0.000297537097683,0.0
344,160,0.241474480443,0.000300402300698,0.00100016593933
345,160,0.24117620479,0.000298275653418,0.0
346,160,0.240877077641,0.000299127148343,0.0
347,160,0.240576146408,0.000300931233864,0.0
348,160,0.240274532971,0.000301613436117,0.0
349,160,0.239979294213,0.000295238758062,0.0
350,160,0.239683709826,0.000295584387593,0.000999927520752
351,160,0.239389074004,0.000294635822247,0.000999927520752
352,160,0.239095501776,0.000293572227676,0.0
353,160,0.238801141761,0.000294360015299,0.0
354,160,0.238510906774,0.000290234986838,0.0
355,160,0.238220185041,0.000290721732301,0.0
356,160,0.237928615839,0.000291569201977,0.0
357,160,0.237639287308,0.000289328531785,0.0
358,160,0.237347308459,0.000291978848445,0.0
359,160,0.23705850979,0.000288798669716,0.0
360,160,0.23676842753,0.000290082259612,0.0
361,160,0.236482777534,0.000285649996299,0.0
362,160,0.236192869443,0.000289908090195,0.0
363,160,0.235902475072,0.000290394371206,0.0
364,160,0.235616950788,0.000285524284685,0.0
365,160,0.235328770613,0.000288180174766,0.0
366,160,0.235042948847,0.000285821766048,0.0
367,160,0.234757581702,0.000285367145167,0.0
368,160,0.234476454537,0.00028112716489,0.000999927520752
369,160,0.234194320982,0.000282133554483,0.0
370,160,0.233910925357,0.00028339562478,0.0
371,160,0.233632649694,0.000278275663202,0.0
372,160,0.233351538088,0.000281111605756,0.0
373,160,0.233071304606,0.000280233482262,0.0
374,160,0.232792401856,0.000278902750511,0.0
375,160,0.232514822096,0.000277579759623,0.0
376,160,0.232238902984,0.000275919112292,0.0
377,160,0.231959824903,0.000279078081057,0.0
378,160,0.231685977245,0.000273847657365,0.0
379,160,0.231411334834,0.000274642411765,0.0
380,160,0.231136734609,0.000274600224061,0.0
381,160,0.230862817671,0.000273916938088,0.0
382,160,0.230591559178,0.000271258493522,0.0
383,160,0.230319235232,0.0002723239459,0.0
384,160,0.230049931384,0.000269303848217,0.0
385,160,0.22977996066,0.000269970723561,0.000999927520752
386,160,0.229510431398,0.000269529262146,0.0
387,160,0.229244491961,0.00026593943695,0.0
388,160,0.228977179682,0.000267312278995,0.0
389,160,0.22870960762,0.000267572062356,0.0
390,160,0.228447849874,0.000261757745371,0.000999927520752
391,160,0.228183196504,0.000264653369978,0.0
392,160,0.227918431047,0.000264765457674,0.0
393,160,0.227653655139,0.000264775907839,0.0
394,160,0.227390155854,0.00026349928472,0.0
395,160,0.227125177291,0.000264978563631,0.0
396,160,0.226858750411,0.00026642687909,0.0
397,160,0.22659724943,0.000261500980947,0.0
398,160,0.226332130835,0.000265118595842,0.0
399,160,0.226073371126,0.000258759709148,0.0
400,160,0.225811167661,0.00026220346426,0.0
401,160,0.225549556528,0.000261611133427,0.0
402,160,0.225290573495,0.000258983033044,0.0
403,160,0.225030004591,0.000260568903638,0.0
404,160,0.224774554643,0.000255449948373,0.0
405,160,0.224516560505,0.000257994137801,0.0
406,160,0.224259426222,0.000257134282744,0.0
407,160,0.224005478388,0.000253947833916,0.0
408,160,0.223750707778,0.00025477061024,0.00100016593933
409,160,0.223492709692,0.000257998085641,0.0
410,160,0.223241262544,0.000251447148137,0.0
411,160,0.222987490892,0.000253771651875,0.0
412,160,0.222731958659,0.000255532233746,0.0
413,160,0.222479358896,0.000252599762632,0.0
414,160,0.222226903733,0.000252455163312,0.000999927520752
415,160,0.221973623471,0.000253280261894,0.0
416,160,0.221724002779,0.000249620691522,0.0
417,160,0.221472224245,0.000251778534481,0.0
418,160,0.221221228079,0.000250996165461,0.0
419,160,0.220972214581,0.000249013498232,0.0
420,160,0.22072194358,0.000250271001419,0.0
421,160,0.220475760605,0.000246182974283,0.0
422,160,0.220227711541,0.000248049064116,0.0
423,160,0.219979363602,0.000248347938835,0.0
424,160,0.219734854745,0.000244508857851,0.0
425,160,0.219488664804,0.00024618994106,0.0
426,160,0.219241403295,0.000247261508719,0.0
427,160,0.21899939938,0.000242003914598,0.0
428,160,0.218755698127,0.000243701253619,0.0
429,160,0.218510495997,0.000245202129537,0.0
430,160,0.218268866276,0.000241629721282,0.0
431,160,0.218029493016,0.00023937325973,0.0
432,160,0.21778544265,0.000244050366538,0.0
433,160,0.217545601455,0.000239841194896,0.0
434,160,0.217305528885,0.00024007256929,0.0
435,160,0.217063859995,0.000241668890049,0.0
436,160,0.216825204623,0.000238655372099,0.0
437,160,0.216584749423,0.000240455200146,0.0
438,160,0.216347700977,0.000237048446358,0.0
439,160,0.21610935462,0.00023834635685,0.0
440,160,0.215870553565,0.00023880105514,0.0
441,160,0.215635777371,0.000234776193445,0.000999927520752
442,160,0.215396100825,0.000239676546741,0.0
443,160,0.215159150919,0.000236949905173,0.0
444,160,0.214921730137,0.000237420781866,0.0
445,160,0.214682573003,0.000239157134836,0.0
446,160,0.214448558355,0.000234014647348,0.0
447,160,0.214210234911,0.000238323443896,0.0
448,160,0.213976649108,0.00023358580354,0.0
449,160,0.213740176427,0.000236472680971,0.0
450,160,0.213502233833,0.000237942593438,0.0
451,160,0.213270432454,0.000231801379811,0.0
452,160,0.213033776701,0.00023665575238,0.0
453,160,0.212801680317,0.000232096384098,0.0
454,160,0.212565796793,0.000235883523891,0.0
455,160,0.212336168583,0.000229628209944,0.0
456,160,0.212100894033,0.000235274550203,0.0
457,160,0.211873054891,0.000227839141697,0.0
458,160,0.211638910662,0.000234144229393,0.0
459,160,0.211412074891,0.000226835771041,0.0
460,160,0.211179631484,0.000232443406984,0.0
461,160,0.210955317299,0.000224314184932,0.0
462,160,0.210723565151,0.000231752147922,0.0
463,160,0.210495979678,0.000227585473618,0.0
464,160,0.21026957724,0.000226402437532,0.0
465,160,0.210041978607,0.000227598633085,0.0
466,160,0.20981806447,0.000223914137134,0.0
467,160,0.209588221141,0.000229843328526,0.0
468,160,0.209365755397,0.000222465744266,0.0
469,160,0.209139485406,0.000226269991367,0.0
470,160,0.208917024616,0.000222460790114,0.0
471,160,0.208693069761,0.000223954854073,0.0
472,160,0.20847111205,0.00022195771143,0.0
473,160,0.208250321041,0.000220791008565,0.0
474,160,0.208023802336,0.000226518705294,0.00100016593933
475,160,0.207801270253,0.000222532083462,0.0
476,160,0.207577387234,0.000223883018865,0.0
477,160,0.2073554714,0.000221915833362,0.0
478,160,0.207131341138,0.000224130262028,0.0
479,160,0.206911373371,0.00021996776779,0.0
480,160,0.20668890004,0.000222473330312,0.0
481,160,0.206465817969,0.000223082071775,0.0
482,160,0.206246671816,0.000219146152595,0.0
483,160,0.206024481027,0.000222190788814,0.0
484,160,0.205805913117,0.000218567910132,0.0
485,160,0.205585664124,0.000220248993341,0.0
486,160,0.205368267484,0.000217396640158,0.0
487,160,0.205148512125,0.00021975535851,0.0
488,160,0.204933703565,0.000214808560037,0.0
489,160,0.204717756866,0.000215946699118,0.0
490,160,0.204499013548,0.000218743318087,0.0
491,160,0.2042848128,0.000214200747478,0.0
492,160,0.204066764302,0.000218048498228,0.0
493,160,0.203853428132,0.000213336170494,0.0
494,160,0.20363581436,0.000217613771364,0.0
495,160,0.203422420365,0.00021339399474,0.0
496,160,0.203207489035,0.000214931330124,0.0
497,160,0.202996379756,0.000211109279038,0.0
498,160,0.20278146414,0.000214915616172,0.0
499,160,0.20257184072,0.000209623420393,0.00100016593933
500,160,0.202358063397,0.000213777322274,0.0
