0,101,2.27146836083,Nan,0.0179998874664
1,101,2.09861377678,0.172854584042,0.0130000114441
2,101,1.87503051758,0.223583259205,0.0130000114441
3,101,1.68323116491,0.191799352665,0.0130000114441
4,101,1.51353424374,0.169696921169,0.0130000114441
5,101,1.99819221119,-0.484657967445,0.0130000114441
6,101,2.07537146842,-0.0771792572324,0.0130000114441
7,101,1.83069059164,0.244680876779,0.0130000114441
8,101,1.6467353141,0.183955277547,0.0169999599457
9,101,1.64430961987,0.00242569422958,0.0150001049042
10,101,1.39183754496,0.252472074905,0.0130000114441
11,101,1.12142921674,0.270408328217,0.0129997730255
12,101,1.01206388568,0.109365331064,0.0130000114441
13,101,1.07945304342,-0.067389157739,0.0130000114441
14,101,1.13569074574,-0.0562377023225,0.0139999389648
15,101,0.967142539449,0.168548206292,0.0139999389648
16,101,1.11912544175,-0.1519829023,0.0130000114441
17,101,0.780685575882,0.338439865868,0.0139999389648
18,101,0.781436278088,-0.000750702206451,0.0130000114441
19,101,0.753353307743,0.0280829703454,0.0140001773834
20,101,0.886947480759,-0.133594173016,0.0130000114441
21,101,1.10771806169,-0.220770580934,0.0139999389648
22,101,0.964058904365,0.143659157328,0.0130000114441
23,101,0.799575805664,0.1644830987,0.0139999389648
24,101,0.700254459192,0.0993213464718,0.0130000114441
25,101,0.83700478431,-0.136750325118,0.0130000114441
26,101,0.73865622341,0.0983485608998,0.0139999389648
27,101,0.581939583958,0.156716639453,0.0130000114441
28,101,0.747436296822,-0.165496712864,0.0130000114441
29,101,0.602352217873,0.145084078949,0.0139999389648
30,101,0.484479620905,0.117872596967,0.0150001049042
31,101,0.525137344209,-0.0406577233041,0.0160000324249
32,101,0.419427852819,0.10570949139,0.0139999389648
33,101,0.459467293012,-0.0400394401928,0.0130000114441
34,101,0.504656952206,-0.0451896591942,0.0139999389648
35,101,0.445364885991,0.0592920662153,0.0139999389648
36,101,0.502134833005,-0.0567699470142,0.0130000114441
37,101,0.701295984854,-0.199161151848,0.0130000114441
38,101,0.926637630651,-0.225341645798,0.0140001773834
39,101,0.407106305113,0.519531325539,0.0130000114441
40,101,0.446782782526,-0.0396764774134,0.0139999389648
41,101,0.521752687964,-0.0749699054378,0.0130000114441
42,101,0.426328300249,0.0954243877147,0.0130000114441
43,101,0.560662109073,-0.134333808823,0.0139999389648
44,101,0.642600862106,-0.0819387530336,0.0130000114441
45,101,0.805654997873,-0.163054135766,0.0139999389648
46,101,0.561036969175,0.244618028697,0.0139999389648
47,101,0.449155070994,0.111881898181,0.018000125885
48,101,0.331482424594,0.1176726464,0.0169999599457
49,101,0.32848690524,0.00299551935479,0.0139999389648
50,101,0.407528867816,-0.0790419625764,0.0130000114441
51,101,0.289996647599,0.117532220217,0.0130000114441
52,101,0.422927705368,-0.132931057769,0.0130000114441
53,101,0.484932059109,-0.0620043537404,0.0139999389648
54,101,0.569622984027,-0.0846909249183,0.0140001773834
55,101,0.498301515485,0.0713214685421,0.0130000114441
56,101,0.317095879281,0.181205636204,0.0139999389648
57,101,0.274730908989,0.0423649702922,0.0150001049042
58,101,0.289200829987,-0.0144699209988,0.0139999389648
59,101,0.523911542231,-0.234710712244,0.0130000114441
60,101,0.369717966212,0.15419357602,0.0139999389648
61,101,0.341980395931,0.0277375702811,0.0130000114441
62,101,0.310324546134,0.0316558497967,0.0149998664856
63,101,0.351681662078,-0.0413571159438,0.018000125885
64,101,0.513759613037,-0.162077950959,0.0160000324249
65,101,0.359888511129,0.153871101908,0.0130000114441
66,101,0.417829645742,-0.0579411346133,0.0139999389648
67,101,0.33162058462,0.0862090611222,0.0139999389648
68,101,0.244015891953,0.0876046926668,0.0140001773834
69,101,0.200873875382,0.0431420165713,0.0129997730255
70,101,0.32318394727,-0.122310071889,0.0140001773834
71,101,0.357263621717,-0.0340796744469,0.0139999389648
72,101,0.564509438996,-0.207245817279,0.0130000114441
73,101,0.594515432226,-0.0300059932293,0.0130000114441
74,101,0.499281741605,0.0952336906206,0.0130000114441
75,101,0.374701962613,0.124579778992,0.0130000114441
76,101,0.344470864475,0.0302310981373,0.0130000114441
77,101,0.607655175842,-0.263184311366,0.0130000114441
78,101,0.351807660396,0.255847515446,0.0139999389648
79,101,0.335395170911,0.016412489485,0.0139999389648
80,101,0.304702853212,0.0306923176983,0.0120000839233
81,101,0.195001394442,0.10970145877,0.0139999389648
82,101,0.294278324241,-0.0992769297987,0.0130000114441
83,101,0.42564592267,-0.13136759843,0.0130000114441
84,101,0.503869613799,-0.0782236911283,0.0150001049042
85,101,0.431260250583,0.072609363216,0.0169999599457
86,101,0.261203577023,0.17005667356,0.0139999389648
87,101,0.289490048248,-0.0282864712252,0.0130000114441
88,101,0.235862354241,0.0536276940072,0.0130000114441
89,101,0.35148696144,-0.115624607199,0.0139999389648
90,101,0.529018817562,-0.177531856121,0.0130000114441
91,101,0.238863973334,0.290154844227,0.0139999389648
92,101,0.30879802515,-0.0699340518158,0.0130000114441
93,101,0.25927107405,0.0495269511006,0.0140001773834
94,101,0.305241631989,-0.0459705579399,0.0139999389648
95,101,0.349482054758,-0.0442404227682,0.0130000114441
96,101,0.180038074456,0.169443980302,0.0130000114441
97,101,0.231455019205,-0.0514169447493,0.0149998664856
98,101,0.189070729926,0.0423842892788,0.0140001773834
99,101,0.294370103591,-0.105299373664,0.0130000114441
100,101,0.271081225707,0.0232888778838,0.0149998664856
101,101,0.223437715285,0.0476435104219,0.0130000114441
102,101,0.286736781054,-0.0632990657693,0.0140001773834
103,101,0.347654097151,-0.0609173160968,0.0139999389648
104,101,0.242389357916,0.105264739235,0.0139999389648
105,101,0.241904948017,0.000484409898815,0.0130000114441
106,101,0.313336325164,-0.0714313771465,0.0150001049042
107,101,0.341592807581,-0.028256482417,0.0139999389648
108,101,0.564797543063,-0.223204735482,0.0160000324249
109,101,0.417481261905,0.147316281158,0.0199999809265
110,101,0.207767713188,0.209713548717,0.0149998664856
111,101,0.207527878261,0.000239834927096,0.0130000114441
112,101,0.248510662872,-0.0409827846112,0.0140001773834
113,101,0.23686125727,0.0116494056022,0.0130000114441
114,101,0.202921650197,0.0339396070726,0.0139999389648
115,101,0.210476318208,-0.00755466801105,0.0130000114441
116,101,0.207282038018,0.00319428019004,0.0139999389648
117,101,0.216994767142,-0.00971272912356,0.0139999389648
118,101,0.291031639175,-0.0740368720328,0.0130000114441
119,101,0.185660277263,0.105371361912,0.0139999389648
120,101,0.223495275667,-0.0378349984046,0.0140001773834
121,101,0.250551318178,-0.0270560425107,0.0139999389648
122,101,0.21204279909,0.0385085190877,0.0139999389648
123,101,0.389436098609,-0.177393299518,0.018000125885
124,101,0.264711965429,0.12472413318,0.0139999389648
125,101,0.217897339623,0.0468146258061,0.0139999389648
126,101,0.186734605544,0.0311627340789,0.0130000114441
127,101,0.225549112452,-0.0388145069085,0.0139999389648
128,101,0.330516324185,-0.104967211733,0.0130000114441
129,101,0.207262832339,0.123253491845,0.0130000114441
130,101,0.320021487699,-0.112758655359,0.0130000114441
131,101,0.243422272182,0.0765992155169,0.0130000114441
132,101,0.344010834647,-0.100588562465,0.0130000114441
133,101,0.171178458941,0.172832375706,0.0130000114441
134,101,0.148780180676,0.0223982782647,0.0139999389648
135,101,0.260969728527,-0.11218954785,0.0130000114441
136,101,0.219220265304,0.041749463223,0.0130000114441
137,101,0.347224433823,-0.12800416852,0.0130000114441
138,101,0.25468378728,0.0925406465436,0.0130000114441
139,101,0.297262097349,-0.0425783100695,0.0130000114441
140,101,0.224265731207,0.072996366142,0.0130000114441
141,101,0.447161344018,-0.222895612811,0.0130000114441
142,101,0.313232667375,0.133928676643,0.0130000114441
143,101,0.337007579237,-0.0237749118616,0.0130000114441
144,101,0.147091421751,0.189916157486,0.0130000114441
145,101,0.247596381914,-0.100504960164,0.0130000114441
146,101,0.180435048472,0.0671613334429,0.0130000114441
147,101,0.256775733268,-0.0763406847963,0.0130000114441
148,101,0.277661937298,-0.0208862040303,0.0130000114441
149,101,0.255418116503,0.0222438207947,0.0130000114441
150,101,0.265474999305,-0.0100568828016,0.0130000114441
151,101,0.208961449047,0.0565135502579,0.0130000114441
152,101,0.14068503427,0.0682764147768,0.0130000114441
153,101,0.156684696084,-0.0159996618139,0.0139999389648
154,101,0.323748673543,-0.167063977459,0.0139999389648
155,101,0.229730908233,0.0940177653096,0.0139999389648
156,101,0.1466355371,0.083095371133,0.0130000114441
157,101,0.298021996375,-0.151386459275,0.0130000114441
158,101,0.183492830484,0.114529165891,0.0130000114441
159,101,0.215498480466,-0.0320056499821,0.0130000114441
160,101,0.199132352772,0.016366127694,0.0130000114441
161,101,0.161189239804,0.0379431129682,0.0139999389648
162,101,0.244132750105,-0.082943510301,0.0160000324249
163,101,0.236715921081,0.00741682902421,0.0160000324249
164,101,0.13373175706,0.102984164021,0.0130000114441
165,101,0.149199750164,-0.0154679931036,0.0139999389648
166,101,0.118126906971,0.0310728431928,0.0160000324249
167,101,0.296470736513,-0.178343829542,0.0190000534058
168,101,0.3501773872,-0.0537066506867,0.0169999599457
169,101,0.262203839746,0.0879735474539,0.0170001983643
170,101,0.203407079867,0.0587967598792,0.0139999389648
171,101,0.210304392446,-0.00689731257977,0.0130000114441
172,101,0.314572645886,-0.10426825344,0.0130000114441
173,101,0.123066826622,0.191505819264,0.0130000114441
174,101,0.163371850949,-0.0403050243264,0.0130000114441
175,101,0.293099412824,-0.129727561875,0.0130000114441
176,101,0.186449655212,0.106649757612,0.0130000114441
177,101,0.242224230625,-0.0557745754129,0.0130000114441
178,101,0.209968359163,0.0322558714612,0.0130000114441
179,101,0.202680568884,0.00728779027958,0.0130000114441
180,101,0.21742280639,-0.0147422375065,0.0130000114441
181,101,0.348466514361,-0.13104370797,0.0130000114441
182,101,0.151420461069,0.197046053292,0.0130000114441
183,101,0.212416148422,-0.0609956873525,0.0139999389648
184,101,0.172222590683,0.0401935577393,0.0130000114441
185,101,0.261402413397,-0.089179822714,0.0130000114441
186,101,0.17696420273,0.0844382106668,0.0130000114441
187,101,0.129916899275,0.0470473034547,0.0130000114441
188,101,0.129391868516,0.000525030759302,0.0149998664856
189,101,0.259103208485,-0.129711339969,0.0160000324249
190,101,0.175602865691,0.083500342794,0.0199999809265
191,101,0.229950933173,-0.0543480674819,0.0169999599457
192,101,0.1416251683,0.0883257648732,0.0160000324249
193,101,0.212773747963,-0.0711485796636,0.0139999389648
194,101,0.350475764511,-0.137702016547,0.0130000114441
195,101,0.523992632875,-0.173516868365,0.0130000114441
196,101,0.324100645462,0.199891987413,0.0130000114441
197,101,0.180997376395,0.143103269067,0.0139999389648
198,101,0.287835697136,-0.106838320742,0.0139999389648
199,101,0.187564170006,0.10027152713,0.0169999599457
200,101,0.259561519812,-0.0719973498052,0.0150001049042
201,101,0.161362959607,0.0981985602048,0.0130000114441
202,101,0.151600148418,0.00976281118865,0.0130000114441
203,101,0.244567380093,-0.0929672316749,0.0130000114441
204,101,0.109091267727,0.135476112366,0.0149998664856
205,101,0.124013183141,-0.0149219154131,0.0120000839233
206,101,0.244416718436,-0.120403535295,0.0130000114441
207,101,0.259055845808,-0.0146391273725,0.0139999389648
208,101,0.119167025727,0.139888820082,0.0130000114441
209,101,0.118207062825,0.000959962901503,0.0139999389648
210,101,0.122334640805,-0.00412757797997,0.0140001773834
211,101,0.173625568352,-0.051290927547,0.0129997730255
212,101,0.111113784337,0.0625117840153,0.0130000114441
213,101,0.0821220945604,0.0289916897764,0.0130000114441
214,101,0.160195473397,-0.0780733788368,0.0130000114441
215,101,0.127810128845,0.0323853445525,0.0130000114441
216,101,0.242469598751,-0.114659469907,0.0130000114441
217,101,0.195423598337,0.0470460004146,0.0130000114441
218,101,0.0931903253687,0.102233272968,0.0130000114441
219,101,0.116848482944,-0.0236581575752,0.0130000114441
220,101,0.113417266619,0.00343121632491,0.0130000114441
221,101,0.173082823801,-0.0596655571815,0.0130000114441
222,101,0.368858790634,-0.195775966833,0.0130000114441
223,101,0.173523855681,0.195334934952,0.0130000114441
224,101,0.161228897548,0.0122949581335,0.0130000114441
225,101,0.174427485702,-0.0131985881541,0.0130000114441
226,101,0.130060092057,0.0443673936447,0.0130000114441
227,101,0.182529827156,-0.0524697350984,0.0130000114441
228,101,0.126991819627,0.0555380075285,0.0130000114441
229,101,0.195264816284,-0.068272996657,0.0130000114441
230,101,0.301013342225,-0.105748525941,0.0130000114441
231,101,0.140954064851,0.160059277374,0.0130000114441
232,101,0.185333648531,-0.0443795836798,0.0130000114441
233,101,0.1816700095,0.00366363903083,0.0130000114441
234,101,0.153307357637,0.0283626518627,0.0130000114441
235,101,0.123242944774,0.0300644128629,0.0130000114441
236,101,0.186333193637,-0.0630902488633,0.0130000114441
237,101,0.073546116895,0.112787076742,0.0130000114441
238,101,0.162322053815,-0.0887759369199,0.0129997730255
239,101,0.287613594886,-0.125291541071,0.0140001773834
240,101,0.149072590441,0.138541004445,0.0160000324249
241,101,0.136863226938,0.012209363503,0.0149998664856
242,101,0.153360801168,-0.0164975742302,0.0130000114441
243,101,0.182002473586,-0.0286416724177,0.0130000114441
244,101,0.142017326733,0.039985146853,0.0139999389648
245,101,0.24373757013,-0.101720243397,0.0130000114441
246,101,0.0943140464254,0.149423523705,0.0130000114441
247,101,0.111326906941,-0.0170128605153,0.0139999389648
248,101,0.166629640183,-0.0553027332419,0.0130000114441
249,101,0.0894616098687,0.0771680303139,0.0130000114441
250,101,0.16258927147,-0.0731276616012,0.0130000114441
251,101,0.104175586512,0.0584136849583,0.0140001773834
252,101,0.110927883941,-0.00675229742976,0.0130000114441
253,101,0.311061953554,-0.200134069613,0.0129997730255
254,101,0.230051456111,0.0810104974426,0.0140001773834
255,101,0.110882230324,0.119169225787,0.0130000114441
256,101,0.10220312364,0.00867910668401,0.0130000114441
257,101,0.224609035076,-0.122405911436,0.0139999389648
258,101,0.343998672939,-0.119389637862,0.0130000114441
259,101,0.171343133001,0.172655539938,0.0130000114441
260,101,0.234013887915,-0.0626707549142,0.0139999389648
261,101,0.25732657933,-0.0233126914147,0.0130000114441
262,101,0.0991576544129,0.158168924917,0.0130000114441
263,101,0.073154156751,0.0260034976619,0.0139999389648
264,101,0.139678313,-0.0665241562494,0.0130000114441
265,101,0.116532070802,0.0231462421984,0.0139999389648
266,101,0.116075553516,0.00045651728564,0.0130000114441
267,101,0.119027515449,-0.0029519619328,0.0140001773834
268,101,0.244807611598,-0.125780096149,0.0130000114441
269,101,0.102026901623,0.142780709975,0.0139999389648
270,101,0.142508025217,-0.0404811235938,0.0130000114441
271,101,0.176331623946,-0.0338235987295,0.0130000114441
272,101,0.107886635431,0.0684449885151,0.0130000114441
273,101,0.0790447008492,0.0288419345818,0.0139999389648
274,101,0.104474398169,-0.02542969732,0.0130000114441
275,101,0.221250855096,-0.116776456927,0.0130000114441
276,101,0.0969864118217,0.124264443275,0.0130000114441
277,101,0.117377460593,-0.0203910487713,0.0130000114441
278,101,0.100173449752,0.0172040108407,0.0130000114441
279,101,0.421768452862,-0.321595003109,0.0189998149872
280,101,0.112736853042,0.309031599819,0.0160000324249
281,101,0.167789591421,-0.0550527383785,0.018000125885
282,101,0.131651717837,0.0361378735835,0.0199999809265
283,101,0.124839178406,0.00681253943113,0.0160000324249
284,101,0.207458628286,-0.0826194498799,0.0139999389648
285,101,0.194053838749,0.0134047895375,0.0150001049042
286,101,0.113762742222,0.0802910965268,0.0139999389648
287,101,0.131667241012,-0.0179044987896,0.0130000114441
288,101,0.135090761846,-0.00342352083414,0.0130000114441
289,101,0.0933923815737,0.041698380272,0.0139999389648
290,101,0.150919272168,-0.0575268905942,0.0130000114441
291,101,0.0802837976135,0.0706354745544,0.0140001773834
292,101,0.198596350037,-0.118312552424,0.0139999389648
293,101,0.127941584823,0.0706547652141,0.0139999389648
294,101,0.132763928706,-0.00482234388295,0.0190000534058
295,101,0.22629554673,-0.0935316180239,0.0209999084473
296,101,0.184397404737,0.0418981419932,0.0169999599457
297,101,0.282973525548,-0.0985761208109,0.018000125885
298,101,0.229582361656,0.0533911638921,0.0199999809265
299,101,0.161748432877,0.0678339287786,0.0179998874664
300,101,0.178365273051,-0.0166168401737,0.0150001049042
301,101,0.0829776631724,0.0953876098784,0.0139999389648
302,101,0.0829396956038,3.79675685769e-05,0.0130000114441
303,101,0.150071002469,-0.0671313068654,0.0130000114441
304,101,0.0792275985869,0.0708434038823,0.0139999389648
305,101,0.0814618592215,-0.00223426063462,0.0130000114441
306,101,0.114128027812,-0.0326661685906,0.0140001773834
307,101,0.287754002184,-0.173625974372,0.0130000114441
308,101,0.164290418719,0.123463583465,0.0129997730255
309,101,0.132423297013,0.0318671217059,0.0140001773834
310,101,0.14022980114,-0.00780650412682,0.0130000114441
311,101,0.170252639468,-0.0300228383281,0.0130000114441
312,101,0.169392802928,0.0008598365406,0.0179998874664
313,101,0.175728977317,-0.00633617438892,0.0150001049042
314,101,0.0465510528867,0.12917792443,0.0160000324249
315,101,0.07634436258,-0.0297933096933,0.0139999389648
316,101,0.0852228485712,-0.00887848599122,0.0130000114441
317,101,0.0789892508252,0.00623359774599,0.0130000114441
318,101,0.103399040675,-0.0244097898502,0.0139999389648
319,101,0.0807405509571,0.0226584897183,0.0130000114441
320,101,0.0986078658907,-0.0178673149336,0.0130000114441
321,101,0.165530950716,-0.0669230848256,0.0130000114441
322,101,0.150814556839,0.0147163938768,0.0130000114441
323,101,0.166409331973,-0.0155947751338,0.0130000114441
324,101,0.196717913788,-0.0303085818149,0.0130000114441
325,101,0.161869294573,0.0348486192156,0.0139999389648
326,101,0.162048641998,-0.000179347425404,0.0130000114441
327,101,0.127296882101,0.0347517598974,0.0130000114441
328,101,0.114348996984,0.0129478851167,0.0130000114441
329,101,0.0971816884409,0.017167308543,0.0139999389648
330,101,0.079697231255,0.017484457186,0.0130000114441
331,101,0.0658690764172,0.0138281548377,0.0179998874664
332,101,0.199495088936,-0.133626012519,0.0190000534058
333,101,0.102189281199,0.0973058077368,0.0190000534058
334,101,0.147708949476,-0.0455196682769,0.0139999389648
335,101,0.124785300529,0.0229236489475,0.0140001773834
336,101,0.0487123055033,0.0760729950253,0.0129997730255
337,101,0.167950734054,-0.11923842855,0.0140001773834
338,101,0.126148356069,0.0418023779841,0.0130000114441
339,101,0.131216899003,-0.0050685429337,0.0139999389648
340,101,0.122191448023,0.00902545098031,0.0130000114441
341,101,0.200293021627,-0.0781015736042,0.0139999389648
342,101,0.250029535577,-0.0497365139499,0.018000125885
343,101,0.14836383102,0.101665704557,0.0199999809265
344,101,0.14299351154,0.00537031947976,0.0169999599457
345,101,0.07006036173,0.0729331498099,0.0130000114441
346,101,0.0836001386737,-0.0135397769437,0.0139999389648
347,101,0.170316696167,-0.0867165574933,0.0130000114441
348,101,0.246651696687,-0.0763350005197,0.0130000114441
349,101,0.164006960274,0.0826447364127,0.0130000114441
350,101,0.111870265243,0.0521366950309,0.0139999389648
351,101,0.241064430463,-0.12919416522,0.0160000324249
352,101,0.102729778479,0.138334651985,0.0150001049042
353,101,0.073584981484,0.0291447969947,0.0149998664856
354,101,0.15032900442,-0.0767440229359,0.0130000114441
355,101,0.0821285436649,0.068200460755,0.0140001773834
356,101,0.162777362484,-0.0806488188186,0.0130000114441
357,101,0.0478624683796,0.114914894104,0.0130000114441
358,101,0.0812526835073,-0.0333902151278,0.0139999389648
359,101,0.0719069207069,0.00934576280046,0.0139999389648
360,101,0.0838876856436,-0.0119807649367,0.0130000114441
361,101,0.0511937519111,0.0326939337324,0.0169999599457
362,101,0.121636758937,-0.0704430070254,0.0150001049042
363,101,0.127331931992,-0.00569517305582,0.0130000114441
364,101,0.121382496145,0.00594943584782,0.0139999389648
365,101,0.0891391735266,0.0322433226179,0.0140001773834
366,101,0.108971652418,-0.0198324788915,0.0139999389648
367,101,0.141807338979,-0.0328356865609,0.0130000114441
368,101,0.0383141158831,0.103493223096,0.0149998664856
369,101,0.083237581914,-0.0449234660309,0.0130000114441
370,101,0.119052811424,-0.0358152295103,0.0150001049042
371,101,0.0965601760562,0.0224926353681,0.0149998664856
372,101,0.101348574799,-0.00478839874268,0.0230000019073
373,101,0.20223866831,-0.100890093511,0.0199999809265
374,101,0.081833735551,0.120404932759,0.0150001049042
375,101,0.177494011303,-0.095660275752,0.0139999389648
376,101,0.0961719928402,0.0813220184628,0.0140001773834
377,101,0.0954336600729,0.000738332767298,0.0139999389648
378,101,0.0535321188445,0.0419015412283,0.0139999389648
379,101,0.255396644668,-0.201864525823,0.0209999084473
380,101,0.0848099642461,0.170586680422,0.0199999809265
381,101,0.104056008972,-0.0192460447255,0.0170001983643
382,101,0.0596895217896,0.044366487182,0.0139999389648
383,101,0.108306355996,-0.0486168342062,0.0139999389648
384,101,0.136080033708,-0.0277736777126,0.0130000114441
385,101,0.169047440633,-0.0329674069244,0.0130000114441
386,101,0.0606105067942,0.108436933838,0.0139999389648
387,101,0.0831523933033,-0.0225418865091,0.018000125885
388,101,0.113743763159,-0.0305913698555,0.0139999389648
389,101,0.0618528422743,0.0518909208845,0.0199999809265
390,101,0.137701468893,-0.0758486266183,0.0199999809265
391,101,0.0847837145966,0.052917754296,0.0169999599457
392,101,0.0747077016547,0.0100760129419,0.0140001773834
393,101,0.0916378946588,-0.016930193004,0.0130000114441
394,101,0.114158611486,-0.0225207168277,0.0130000114441
395,101,0.141855513695,-0.027696902209,0.0130000114441
396,101,0.149444400674,-0.0075888869786,0.0129997730255
397,101,0.0735462868568,0.0758981138173,0.0130000114441
398,101,0.0963442018717,-0.0227979150149,0.0130000114441
399,101,0.212662706281,-0.116318504409,0.0130000114441
400,101,0.0875891222812,0.125073583999,0.0130000114441
401,101,0.145889357765,-0.0583002354839,0.0130000114441
402,101,0.104488750496,0.0414006072696,0.0130000114441
403,101,0.0566683287668,0.0478204217288,0.0139999389648
404,101,0.103773324796,-0.0471049960297,0.0130000114441
405,101,0.150883353583,-0.0471100287862,0.0130000114441
406,101,0.336002312084,-0.185118958502,0.0130000114441
407,101,0.0806497063967,0.255352605688,0.0130000114441
408,101,0.0726183523046,0.00803135409214,0.0150001049042
409,101,0.190576421152,-0.117958068848,0.0130000114441
410,101,0.132625211584,0.0579512095687,0.0139999389648
411,101,0.134551558164,-0.00192634658058,0.0130000114441
412,101,0.0698852822332,0.0646662759309,0.0130000114441
413,101,0.0941521484073,-0.0242668661741,0.0179998874664
414,101,0.0400999560215,0.0540521923858,0.0140001773834
415,101,0.12592531903,-0.0858253630081,0.0159997940063
416,101,0.134679756542,-0.00875443751269,0.0130000114441
417,101,0.1067290731,0.0279506834427,0.0130000114441
418,101,0.0441250801086,0.0626039929909,0.0140001773834
419,101,0.15023747057,-0.106112390462,0.0130000114441
420,101,0.0494364086944,0.100801061876,0.0130000114441
421,101,0.137115072496,-0.0876786638014,0.0139999389648
422,101,0.0791989741939,0.057916098302,0.0139999389648
423,101,0.202693807017,-0.123494832823,0.0139999389648
424,101,0.131044708856,0.0716490981602,0.0169999599457
425,101,0.0788608588795,0.0521838499768,0.0140001773834
426,101,0.0719008634586,0.00695999542085,0.0139999389648
427,101,0.113194682811,-0.041293819352,0.0139999389648
428,101,0.0718803216915,0.041314361119,0.0150001049042
429,101,0.132521138333,-0.0606408166413,0.0130000114441
430,101,0.0546610567829,0.0778600815499,0.0149998664856
431,101,0.0659706191261,-0.0113095623432,0.0199999809265
432,101,0.140918892209,-0.0749482730828,0.018000125885
433,101,0.258432369421,-0.117513477212,0.0179998874664
434,101,0.0918643120492,0.166568057372,0.0140001773834
435,101,0.175347035474,-0.0834827234249,0.0130000114441
436,101,0.0684205045794,0.106926530895,0.0139999389648
437,101,0.0873579648462,-0.0189374602667,0.0130000114441
438,101,0.109809299507,-0.0224513346606,0.0130000114441
439,101,0.0758245864717,0.0339847130351,0.0130000114441
440,101,0.101050008642,-0.0252254221699,0.0139999389648
441,101,0.0434582587516,0.05759174989,0.0130000114441
442,101,0.0663119117812,-0.0228536530296,0.0139999389648
443,101,0.104006238503,-0.0376943267218,0.0139999389648
444,101,0.132873280214,-0.0288670417106,0.0130000114441
445,101,0.0296859363518,0.103187343862,0.0140001773834
446,101,0.0574666580351,-0.0277807216833,0.0130000114441
447,101,0.0751844066204,-0.0177177485853,0.0130000114441
448,101,0.0378831731211,0.0373012334994,0.0139999389648
449,101,0.085728182651,-0.0478450095299,0.0130000114441
450,101,0.0204411969327,0.0652869857184,0.0130000114441
451,101,0.0301570609064,-0.00971586397379,0.0130000114441
452,101,0.0853841706078,-0.0552271097013,0.0139999389648
453,101,0.0809724826624,0.00441168794538,0.0130000114441
454,101,0.095345279958,-0.0143727972956,0.0130000114441
455,101,0.044277866288,0.05106741367,0.0139999389648
456,101,0.0761153815997,-0.0318375153117,0.0130000114441
457,101,0.0407983572176,0.035317024382,0.0139999389648
458,101,0.0662193864879,-0.0254210292703,0.0150001049042
459,101,0.102294024855,-0.0360746383667,0.0130000114441
460,101,0.144063874046,-0.0417698491918,0.0139999389648
461,101,0.0858804589451,0.0581834151013,0.0160000324249
462,101,0.0894737526922,-0.0035932937471,0.0169999599457
463,101,0.0915893800188,-0.00211562732659,0.0150001049042
464,101,0.144948798831,-0.0533594188124,0.0130000114441
465,101,0.0907429610149,0.0542058378163,0.0130000114441
466,101,0.153846561319,-0.0631036003037,0.0139999389648
467,101,0.087181516213,0.0666650451056,0.0130000114441
468,101,0.0352749682889,0.0519065479241,0.0130000114441
469,101,0.0727534530186,-0.0374784847297,0.0139999389648
470,101,0.192393954438,-0.119640501419,0.0130000114441
471,101,0.0763092324285,0.116084722009,0.0139999389648
472,101,0.0574751938924,0.0188340385361,0.0130000114441
473,101,0.0532569696408,0.00421822425162,0.0139999389648
474,101,0.0358856243662,0.0173713452745,0.0130000114441
475,101,0.0773382753429,-0.0414526509767,0.0130000114441
476,101,0.0527230536584,0.0246152216845,0.0140001773834
477,101,0.0287623452668,0.0239607083915,0.0129997730255
478,101,0.058232807877,-0.0294704626102,0.0140001773834
479,101,0.0734465004194,-0.0152136925423,0.0130000114441
480,101,0.116487994052,-0.043041493633,0.0130000114441
481,101,0.0948338839087,0.0216541101437,0.0139999389648
482,101,0.0691036989193,0.0257301849894,0.0130000114441
483,101,0.117503270064,-0.0483995711449,0.0139999389648
484,101,0.0638682157686,0.0536350542956,0.0130000114441
485,101,0.0540337326503,0.00983448311834,0.0130000114441
486,101,0.0908616604191,-0.0368279277688,0.0130000114441
487,101,0.0975899460292,-0.00672828561009,0.0130000114441
488,101,0.0446291914081,0.0529607546211,0.0130000114441
489,101,0.112653694531,-0.0680245031225,0.0130000114441
490,101,0.109624390555,0.00302930397562,0.0139999389648
491,101,0.147862330522,-0.0382379399668,0.0130000114441
492,101,0.105115966041,0.0427463644802,0.0140001773834
493,101,0.195742031135,-0.0906260650937,0.0139999389648
494,101,0.0943715123847,0.10137051875,0.0130000114441
495,101,0.0827987217667,0.011572790618,0.0130000114441
496,101,0.0886433289783,-0.00584460721158,0.0139999389648
497,101,0.0888861193515,-0.000242790373245,0.0130000114441
498,101,0.0487713200031,0.0401147993484,0.0130000114441
499,101,0.0503550236768,-0.00158370367371,0.0139999389648
500,101,0.175890289911,-0.125535266234,0.0130000114441
501,101,0.0556590014165,0.120231288494,0.018000125885
502,101,0.0509670418088,0.00469195960772,0.0139999389648
503,101,0.0506323729411,0.000334668867659,0.0130000114441
504,101,0.0212366321299,0.0293957408112,0.0139999389648
505,101,0.0738659613203,-0.0526293291904,0.0130000114441
506,101,0.0884691842712,-0.0146032229509,0.0139999389648
507,101,0.06763527653,0.0208339077411,0.0130000114441
508,101,0.0338206857738,0.0338145907563,0.0130000114441
509,101,0.038134688198,-0.00431400242418,0.0150001049042
510,101,0.120640518642,-0.0825058304437,0.0139999389648
511,101,0.0632446307947,0.057395887847,0.0120000839233
512,101,0.0616535904384,0.00159104035632,0.0130000114441
513,101,0.0406602113554,0.020993379083,0.0130000114441
514,101,0.0952919308502,-0.0546317194948,0.0130000114441
515,101,0.140469381125,-0.0451774502745,0.0130000114441
516,101,0.0956848163416,0.0447845647831,0.0130000114441
517,101,0.0676158111874,0.0280690051541,0.0139999389648
518,101,0.0616030881901,0.00601272299738,0.0130000114441
