1,251,2.2823710042641934,Nan,0.011169195175170898
2,251,2.2731576136858815,0.00921339057831183,0.0045528411865234375
3,251,2.300108404273531,-0.026950790587649376,0.004037141799926758
4,251,2.2876693907961902,0.012439013477340666,0.004568815231323242
5,251,2.2535388232227342,0.034130567573456005,0.010631799697875977
6,251,2.263351379637699,-0.009812556414964924,0.020940303802490234
7,251,2.2537829638477342,0.009568415789964924,0.004209041595458984
8,251,2.249303810150025,0.004479153697709126,0.004874229431152344
9,251,2.2461827494708664,0.003121060679158738,0.00407862663269043
10,251,2.253870017974975,-0.007687268504108502,0.0060040950775146484
11,251,2.217890401285483,0.03597961668949168,0.004281282424926758
12,251,2.2424914599414842,-0.02460105865600104,0.004232168197631836
13,251,2.231174180232196,0.011317279709288197,0.005294084548950195
14,251,2.233796017103461,-0.0026218368712651596,0.0036468505859375
15,251,2.231305977262824,0.002490039840637337,0.00425267219543457
16,251,2.227446658677789,0.0038593185850350764,0.004037380218505859
17,251,2.204393850379731,0.02305280829805767,0.0041506290435791016
18,251,2.210100272737176,-0.005706422357445007,0.003798246383666992
19,251,2.164098975192978,0.04600129754419813,0.0035698413848876953
20,251,2.1677642457513695,-0.003665270558391498,0.0035102367401123047
21,251,2.210390615273282,-0.042626369521912455,0.00393223762512207
22,251,2.1843463548151147,0.026044260458167212,0.00368499755859375
23,251,2.1540505458634214,0.03029580895169337,0.003882884979248047
24,251,2.1830038245455676,-0.028953278682146255,0.0035266876220703125
25,251,2.178281259726718,0.004722564818849584,0.003383159637451172
26,251,2.1458142041210158,0.03246705560570229,0.003853321075439453
27,251,2.171194372899029,-0.02538016877801308,0.0037877559661865234
28,251,2.145273884929034,0.0259204879699948,0.004145622253417969
29,251,2.1230850523686504,0.02218883256038362,0.003743410110473633
30,251,2.140153983674676,-0.017068931306025714,0.003549337387084961
31,251,2.15179978328872,-0.011645799614043995,0.0036940574645996094
32,251,2.159348689227465,-0.007548905938744799,0.003530740737915039
33,251,2.1566779755976095,0.0026707136298553813,0.0037119388580322266
34,251,2.1069890360433265,0.049688939554282996,0.003226041793823242
35,251,2.121612913580055,-0.014623877536728447,0.0033364295959472656
36,251,2.139980604924054,-0.01836769134399896,0.003228425979614258
37,251,2.1029602293949203,0.03702037552913362,0.0032775402069091797
38,251,2.120674285280752,-0.017714055885831748,0.0034203529357910156
39,251,2.1028184624782122,0.017855822802539834,0.0035283565521240234
40,251,2.1328565133995268,-0.030038050921314507,0.003690481185913086
41,251,2.095178611724975,0.03767790167455187,0.0035271644592285156
42,251,2.076056613390189,0.019121998334785673,0.012264013290405273
43,251,2.094834285903262,-0.01877767251307283,0.0056476593017578125
44,251,2.0610699292673056,0.03376435663595645,0.022408485412597656
45,251,2.099413138461778,-0.038343209194472205,0.003754854202270508
46,251,2.0428425458322956,0.056570592629482164,0.0050640106201171875
47,251,2.06745527655005,-0.02461273071775416,0.004011392593383789
48,251,2.08983840030503,-0.022383123754980083,0.00538945198059082
49,251,2.0483972313869523,0.04144116891807759,0.004323005676269531
50,251,2.0805075596053286,-0.03211032821837634,0.003935098648071289
51,251,2.063131993510334,0.0173755660949948,0.004701137542724609
52,251,2.025518652927353,0.037613340582980825,0.00396728515625
53,251,2.037620757205553,-0.01210210427819991,0.0038034915924072266
54,251,2.036298166708167,0.0013225904973857006,0.003340005874633789
55,251,2.0315534736055776,0.0047446931025896255,0.004142284393310547
56,251,2.034021749914405,-0.0024682763088272885,0.004025697708129883
57,251,2.05634687811255,-0.022325128198144917,0.005258083343505859
58,251,2.0488351768706425,0.007511701241907254,0.0043354034423828125
59,251,2.0068504059932146,0.04198477087742791,0.0033359527587890625
60,251,2.0583216450603836,-0.051471239067168995,0.009006023406982422
61,251,2.0102594991129235,0.048062145947460166,0.00763392448425293
62,251,1.99901237335813,0.011247125754793474,0.0038306713104248047
63,251,2.0382218683858317,-0.03920949502770177,0.004809379577636719
64,251,2.065393698642928,-0.027171830257096463,0.0041217803955078125
65,251,1.9757965209474602,0.08959717769546804,0.003271818161010742
66,251,2.0104174366985186,-0.03462091575105841,0.004212856292724609
67,251,1.9698879044369397,0.04052953226157885,0.004450082778930664
68,251,1.972503662109375,-0.0026157576724352705,0.004828453063964844
69,251,2.0043421285560883,-0.03183846644671329,0.0045795440673828125
70,251,1.984159917945406,0.020182210610682372,0.006750583648681641
71,251,1.9897113207326942,-0.005551402787288273,0.005225181579589844
72,251,1.9810750892912725,0.008636231441421671,0.004468679428100586
73,251,1.9585660045365414,0.022509084754731123,0.005136966705322266
74,251,1.9865107441328436,-0.02794473959630217,0.008858919143676758
75,251,1.9757743926637201,0.01073635146912344,0.007722139358520508
76,251,1.942789146149776,0.03298524651394419,0.013056516647338867
77,251,1.9493610032526145,-0.006571857102838585,0.00485682487487793
78,251,1.9477259419353834,0.0016350613172311235,0.0049860477447509766
79,251,1.9455613824000872,0.002164559535296151,0.005324840545654297
80,251,1.9323267233799177,0.013234659020169515,0.004777431488037109
81,251,1.9413162778573207,-0.008989554477403017,0.004559755325317383
82,251,1.9442635950339269,-0.0029473171766061235,0.004576921463012695
83,251,1.8763774248708291,0.06788617016309773,0.0039005279541015625
84,251,1.935600736701631,-0.05922331183080187,0.0039670467376708984
85,251,1.9447395963022909,-0.009138859600659854,0.005126237869262695
86,251,1.8996056788471116,0.04513391745517925,0.004609823226928711
87,251,1.9051195121856326,-0.005513833338520957,0.004849910736083984
88,251,1.929905013734126,-0.02478550154849346,0.004788875579833984
89,251,1.9176561575961777,0.01224885613794835,0.0033910274505615234
90,251,1.9227640220368525,-0.005107864440674792,0.0038073062896728516
91,251,1.8744582218002988,0.04830580023655373,0.0038836002349853516
92,251,1.8712988621685134,0.0031593596317853745,0.0036458969116210938
93,251,1.882609697927042,-0.011310835758528537,0.003849506378173828
94,251,1.915751787770792,-0.03314208984375,0.0038504600524902344
95,251,1.9023538414700574,0.013397946300734542,0.004611015319824219
96,251,1.907272034907246,-0.004918193437188689,0.0038025379180908203
97,251,1.9228279752085409,-0.015555940301294813,0.0036029815673828125
98,251,1.8905526575339269,0.032275317674614,0.003662109375
99,251,1.8867915788019796,0.0037610787319473094,0.004447460174560547
100,251,1.8784589425501121,0.00833263625186742,0.003828287124633789
