1,50,2.24452758789,Nan,0.0449998378754
2,50,2.20411560059,0.0404119873047,0.0150001049042
3,50,2.1900177002,0.0140979003906,0.0150001049042
4,50,2.23797653198,-0.0479588317871,0.0150001049042
5,50,2.20749893188,0.0304776000977,0.0139999389648
6,50,2.27148956299,-0.0639906311035,0.0150001049042
7,50,2.10071151733,0.170778045654,0.0150001049042
8,50,2.10524520874,-0.00453369140625,0.0149998664856
9,50,2.11741470337,-0.0121694946289,0.0150001049042
10,50,2.18761749268,-0.0702027893066,0.0150001049042
11,50,2.08033599854,0.107281494141,0.0179998874664
12,50,2.04158096313,0.0387550354004,0.0159997940063
13,50,2.03029693604,0.0112840270996,0.0149998664856
14,50,1.95698104858,0.0733158874512,0.0140001773834
15,50,1.94526153564,0.0117195129395,0.0150001049042
16,50,1.94465667725,0.000604858398437,0.0160000324249
17,50,1.95391082764,-0.00925415039062,0.0149998664856
18,50,1.85228546143,0.101625366211,0.0150001049042
19,50,1.87878997803,-0.0265045166016,0.0139999389648
20,50,1.88442306519,-0.0056330871582,0.0150001049042
21,50,1.92856292725,-0.0441398620605,0.0170001983643
22,50,1.89182006836,0.0367428588867,0.0150001049042
23,50,1.79359939575,0.0982206726074,0.0150001049042
24,50,1.78071563721,0.0128837585449,0.0150001049042
25,50,1.7800213623,0.000694274902344,0.0139999389648
26,50,1.65815368652,0.121867675781,0.0160000324249
27,50,1.77254379272,-0.114390106201,0.0150001049042
28,50,1.85712615967,-0.0845823669434,0.0139999389648
29,50,1.68085754395,0.176268615723,0.0150001049042
30,50,1.55210144043,0.128756103516,0.0139999389648
31,50,1.75726730347,-0.205165863037,0.0160000324249
32,50,1.62985061646,0.127416687012,0.0139999389648
33,50,1.63554199219,-0.00569137573242,0.0139999389648
34,50,1.64343063354,-0.00788864135742,0.0139999389648
35,50,1.64918792725,-0.00575729370117,0.0139999389648
36,50,1.61251083374,0.0366770935059,0.0160000324249
37,50,1.49514907837,0.117361755371,0.0139999389648
38,50,1.44691558838,0.0482334899902,0.0150001049042
39,50,1.47602218628,-0.0291065979004,0.0150001049042
40,50,1.5282963562,-0.0522741699219,0.0150001049042
41,50,1.45105438232,0.077241973877,0.0160000324249
42,50,1.49077423096,-0.0397198486328,0.0149998664856
43,50,1.45425476074,0.0365194702148,0.0160000324249
44,50,1.37428787231,0.0799668884277,0.018000125885
45,50,1.38315078735,-0.00886291503906,0.0179998874664
46,50,1.4967616272,-0.113610839844,0.0179998874664
47,50,1.31892044067,0.177841186523,0.0139999389648
48,50,1.18062667847,0.138293762207,0.0139999389648
49,50,1.27550338745,-0.0948767089844,0.0139999389648
50,50,1.29261886597,-0.0171154785156,0.0139999389648
51,50,1.24875205994,0.0438668060303,0.0169999599457
52,50,1.45549377441,-0.206741714478,0.0139999389648
53,50,1.10747558594,0.348018188477,0.0150001049042
54,50,1.2577645874,-0.150289001465,0.0149998664856
55,50,1.24035552979,0.0174090576172,0.0150001049042
56,50,1.13700950623,0.10334602356,0.0160000324249
57,50,1.21756736755,-0.0805578613281,0.0150001049042
58,50,1.12896591187,0.0886014556885,0.0139999389648
59,50,1.19678398132,-0.067818069458,0.0139999389648
60,50,1.10341674805,0.0933672332764,0.0160000324249
61,50,1.05377227783,0.0496444702148,0.0150001049042
62,50,0.971363220215,0.0824090576172,0.0149998664856
63,50,1.023673172,-0.0523099517822,0.0150001049042
64,50,1.12096412659,-0.0972909545898,0.0139999389648
65,50,1.17109199524,-0.0501278686523,0.0149998664856
66,50,1.06700813293,0.104083862305,0.0179998874664
67,50,1.08741149902,-0.0204033660889,0.0160000324249
68,50,1.09481361389,-0.00740211486816,0.0149998664856
69,50,0.982375030518,0.112438583374,0.0139999389648
70,50,0.962551498413,0.0198235321045,0.0140001773834
71,50,1.14325569153,-0.180704193115,0.0160000324249
72,50,1.17368751526,-0.0304318237305,0.0150001049042
73,50,0.934284667969,0.23940284729,0.0139999389648
74,50,1.00954147339,-0.0752568054199,0.0139999389648
75,50,0.998528289795,0.0110131835937,0.0139999389648
76,50,1.05846862793,-0.0599403381348,0.0150001049042
77,50,0.883037109375,0.175431518555,0.0150001049042
78,50,0.931195983887,-0.0481588745117,0.0139999389648
79,50,0.904554367065,0.0266416168213,0.0150001049042
80,50,0.883917999268,0.0206363677979,0.0150001049042
81,50,0.960319137573,-0.0764011383057,0.0160000324249
82,50,0.962105178833,-0.00178604125977,0.0139999389648
83,50,0.823576965332,0.138528213501,0.0189998149872
84,50,0.889005966187,-0.0654290008545,0.0150001049042
85,50,0.822638626099,0.0663673400879,0.0159997940063
86,50,0.647091751099,0.175546875,0.0169999599457
87,50,0.875844192505,-0.228752441406,0.0150001049042
88,50,0.885531158447,-0.00968696594238,0.0150001049042
89,50,0.819319381714,0.0662117767334,0.0149998664856
90,50,0.931378707886,-0.112059326172,0.0149998664856
91,50,0.881041107178,0.050337600708,0.0149998664856
92,50,1.00279937744,-0.121758270264,0.0150001049042
93,50,0.855905380249,0.146893997192,0.0139999389648
94,50,0.754545974731,0.101359405518,0.0159997940063
95,50,0.853200531006,-0.0986545562744,0.0150001049042
96,50,0.832029037476,0.0211714935303,0.0150001049042
97,50,0.924330825806,-0.0923017883301,0.0150001049042
98,50,0.731122055054,0.193208770752,0.0150001049042
99,50,0.822810134888,-0.091688079834,0.0150001049042
100,50,0.909538650513,-0.086728515625,0.0140001773834
