0,181,2.31262089007,Nan,0.0169999599457
1,181,2.0523787862,0.260242103872,0.0139999389648
2,181,1.90488395902,0.147494827186,0.0179998874664
3,181,1.76161674373,0.143267215286,0.0150001049042
4,181,1.68537877541,0.0762379683184,0.0139999389648
5,181,1.78620598725,-0.100827211833,0.0140001773834
6,181,1.69048313541,0.0957228518323,0.0139999389648
7,181,1.47084020119,0.21964293422,0.0139999389648
8,181,1.46557263116,0.00526757003194,0.0139999389648
9,181,1.48681691207,-0.0212442809047,0.0140001773834
10,181,1.29492861922,0.19188829285,0.0139999389648
11,181,1.08216706165,0.212761557563,0.0139999389648
12,181,0.877112288501,0.205054773152,0.0160000324249
13,181,0.784098419695,0.0930138688061,0.0169999599457
14,181,0.92069720695,-0.136598787255,0.0160000324249
15,181,1.33111310927,-0.410415902322,0.0139999389648
16,181,0.659429349952,0.671683759321,0.0130000114441
17,181,0.591755777433,0.0676735725192,0.0139999389648
18,181,0.691846563013,-0.10009078558,0.0140001773834
19,181,0.878370084815,-0.186523521803,0.0139999389648
20,181,1.13084757262,-0.252477487806,0.0139999389648
21,181,0.691054454825,0.439793117797,0.0130000114441
22,181,0.766176339671,-0.0751218848466,0.0139999389648
23,181,0.924199056889,-0.158022717218,0.0140001773834
24,181,0.664940048976,0.259259007912,0.0130000114441
25,181,0.64243679152,0.0225032574564,0.0149998664856
26,181,0.448594952157,0.193841839364,0.0130000114441
27,181,0.391732653202,0.0568622989549,0.0139999389648
28,181,0.459899860192,-0.0681672069908,0.0140001773834
29,181,0.42218139817,0.037718462022,0.0130000114441
30,181,0.495607913528,-0.0734265153579,0.0139999389648
31,181,0.5407067399,-0.0450988263715,0.0149998664856
32,181,0.307522726322,0.233184013577,0.0140001773834
33,181,0.410650010926,-0.103127284603,0.0139999389648
34,181,0.370289544374,0.0403604665514,0.0139999389648
35,181,0.402687789327,-0.0323982449526,0.0139999389648
36,181,0.46308532209,-0.0603975327634,0.0140001773834
37,181,0.463778669663,-0.000693347572622,0.0139999389648
38,181,0.440461174559,0.0233174951037,0.0139999389648
39,181,0.34222837838,0.098232796179,0.0130000114441
40,181,0.393827743952,-0.0515993655716,0.0139999389648
41,181,0.402757929175,-0.00893018522315,0.0140001773834
42,181,0.380067983385,0.02268994579,0.0139999389648
43,181,0.458926163984,-0.0788581805993,0.0139999389648
44,181,0.439269260807,0.0196569031773,0.0130000114441
45,181,0.450334622715,-0.0110653619081,0.0139999389648
46,181,0.325806570317,0.124528052399,0.0140001773834
47,181,0.265675960983,0.0601306093332,0.0130000114441
48,181,0.355112402479,-0.0894364414953,0.0139999389648
49,181,0.326002784855,0.0291096176232,0.0139999389648
50,181,0.289298252506,0.0367045323493,0.0139999389648
51,181,0.376659414386,-0.0873611618801,0.0130000114441
52,181,0.354186168692,0.0224732456945,0.0140001773834
53,181,0.395637638661,-0.0414514699694,0.0139999389648
54,181,0.326085401503,0.0695522371577,0.0139999389648
55,181,0.32752097114,-0.00143556963673,0.0139999389648
56,181,0.343277546582,-0.0157565754422,0.0160000324249
57,181,0.334646383043,0.00863116353915,0.0130000114441
58,181,0.373049783443,-0.0384034004001,0.0139999389648
59,181,0.274740883,0.0983089004432,0.0140001773834
60,181,0.249833818299,0.0249070647013,0.0139999389648
61,181,0.383375473444,-0.133541655145,0.0130000114441
62,181,0.333220550369,0.0501549230755,0.0139999389648
63,181,0.375459407575,-0.0422388572061,0.0139999389648
64,181,0.378896470887,-0.003437063312,0.0140001773834
65,181,0.541608863114,-0.162712392227,0.0130000114441
66,181,0.528584980833,0.0130238822811,0.0139999389648
67,181,0.400890961536,0.127694019297,0.0139999389648
68,181,0.447936505903,-0.0470455443662,0.0139999389648
69,181,0.411702656614,0.0362338492884,0.0140001773834
70,181,0.259531284564,0.15217137205,0.0130000114441
71,181,0.298794361768,-0.0392630772037,0.0139999389648
72,181,0.203779758011,0.0950146037571,0.0139999389648
73,181,0.461715571788,-0.257935813777,0.0139999389648
74,181,0.253496686398,0.20821888539,0.0160000324249
75,181,0.300806161448,-0.0473094750504,0.0130000114441
76,181,0.310327140007,-0.00952097855879,0.0139999389648
77,181,0.266629867132,0.043697272875,0.0140001773834
78,181,0.291822865523,-0.0251929983908,0.0149998664856
79,181,0.215354750828,0.0764681146948,0.0150001049042
80,181,0.214089008985,0.00126574184354,0.0149998664856
81,181,0.237620654027,-0.0235316450425,0.0150001049042
82,181,0.267274572046,-0.0296539180187,0.0139999389648
83,181,0.233606939158,0.033667632888,0.0139999389648
84,181,0.264489505831,-0.0308825666733,0.0140001773834
85,181,0.240157933525,0.0243315723061,0.0139999389648
86,181,0.232855169813,0.00730276371234,0.0139999389648
87,181,0.357977176898,-0.125122007085,0.0139999389648
88,181,0.337756267569,0.0202209093294,0.0130000114441
89,181,0.48219598591,-0.144439718341,0.0140001773834
90,181,0.506688702831,-0.024492716921,0.0149998664856
91,181,0.310905119332,0.195783583499,0.0139999389648
92,181,0.226782192841,0.0841229264907,0.0150001049042
93,181,0.177762089513,0.0490201033281,0.0150001049042
94,181,0.177209548529,0.000552540984602,0.0139999389648
95,181,0.186807874817,-0.00959832628788,0.0130000114441
96,181,0.253394933037,-0.0665870582201,0.0150001049042
97,181,0.35721626071,-0.103821327673,0.0149998664856
98,181,0.317748285789,0.039467974921,0.0139999389648
99,181,0.348828753055,-0.0310804672663,0.0140001773834
100,181,0.293837320739,0.0549914323164,0.0149998664856
101,181,0.209635423692,0.0842018970468,0.0140001773834
102,181,0.175242092069,0.0343933316226,0.0129997730255
103,181,0.287472003073,-0.112229911003,0.0140001773834
104,181,0.235017470892,0.0524545321807,0.0139999389648
105,181,0.226018030999,0.00899943989285,0.0130000114441
106,181,0.229925355859,-0.00390732485945,0.0139999389648
107,181,0.145078817125,0.0848465387334,0.0139999389648
108,181,0.20495628652,-0.0598774693947,0.0140001773834
109,181,0.167415302761,0.0375409837586,0.0149998664856
110,181,0.215824675165,-0.0484093724035,0.0140001773834
111,181,0.228057798101,-0.0122331229363,0.0139999389648
112,181,0.219616210263,0.00844158783802,0.0139999389648
113,181,0.264437638594,-0.0448214283306,0.0150001049042
114,181,0.16907441155,0.0953632270434,0.0139999389648
115,181,0.159275128697,0.00979928285377,0.0130000114441
116,181,0.208005978916,-0.0487308502197,0.0149998664856
117,181,0.177037444563,0.0309685343537,0.0130000114441
118,181,0.21567897902,-0.0386415344575,0.0140001773834
119,181,0.172569401356,0.0431095776637,0.0139999389648
120,181,0.287827929081,-0.115258527724,0.0139999389648
121,181,0.24657564532,0.0412522837602,0.0139999389648
122,181,0.215524936908,0.0310507084125,0.0130000114441
123,181,0.19095885556,0.0245660813474,0.0140001773834
124,181,0.183762819069,0.0071960364916,0.0149998664856
125,181,0.257818527643,-0.0740557085743,0.0139999389648
126,181,0.230749288317,0.0270692393266,0.0130000114441
127,181,0.314469774784,-0.0837204864671,0.0140001773834
128,181,0.231589217212,0.0828805575713,0.0139999389648
129,181,0.22572975791,0.0058594593027,0.0139999389648
130,181,0.245051684301,-0.0193219263909,0.0139999389648
131,181,0.200436818666,0.044614865635,0.0140001773834
132,181,0.185824062284,0.0146127563814,0.0139999389648
133,181,0.202023795955,-0.0161997336709,0.0139999389648
134,181,0.243556175443,-0.0415323794876,0.0130000114441
135,181,0.23259035395,0.0109658214927,0.0139999389648
136,181,0.155983287327,0.0766070666234,0.0140001773834
137,181,0.234603671079,-0.0786203837526,0.0139999389648
138,181,0.119714283811,0.114889387268,0.0139999389648
139,181,0.148151787605,-0.0284375037936,0.0150001049042
140,181,0.204170269202,-0.0560184815971,0.0139999389648
141,181,0.214015307347,-0.00984503814529,0.0130000114441
142,181,0.254344244688,-0.0403289373408,0.0139999389648
143,181,0.24597395586,0.0083702888278,0.0139999389648
144,181,0.187335230369,0.0586387254915,0.0130000114441
145,181,0.167302505746,0.0200327246229,0.0150001049042
146,181,0.151501365788,0.015801139958,0.0139999389648
147,181,0.193273027957,-0.0417716621694,0.0139999389648
148,181,0.16117408921,0.032098938747,0.0140001773834
149,181,0.255320132767,-0.0941460435562,0.0130000114441
150,181,0.350311953718,-0.0949918209519,0.0139999389648
151,181,0.246150591097,0.104161362622,0.0139999389648
152,181,0.151905628858,0.0942449622391,0.0150001049042
153,181,0.13026860274,0.0216370261177,0.0139999389648
154,181,0.188477827041,-0.0582092243005,0.0139999389648
155,181,0.188883049053,-0.000405222012852,0.0139999389648
156,181,0.19383922598,-0.00495617692642,0.0140001773834
157,181,0.161153055686,0.0326861702935,0.0139999389648
158,181,0.180223433352,-0.019070377666,0.0130000114441
159,181,0.210434381474,-0.0302109481221,0.0139999389648
160,181,0.180839011682,0.0295953697921,0.0140001773834
161,181,0.177386921414,0.00345209026864,0.0139999389648
162,181,0.298397317117,-0.121010395703,0.0139999389648
163,181,0.201611007775,0.0967863093424,0.0139999389648
164,181,0.131630597194,0.0699804105811,0.0130000114441
165,181,0.157660510659,-0.026029913465,0.0140001773834
166,181,0.197485929036,-0.0398254183774,0.0139999389648
167,181,0.212913197048,-0.0154272680125,0.0139999389648
168,181,0.180454507058,0.03245868999,0.0139999389648
169,181,0.14624820098,0.0342063060782,0.0140001773834
170,181,0.185205617662,-0.038957416682,0.0130000114441
171,181,0.183468455109,0.00173716255314,0.0139999389648
172,181,0.216284082739,-0.0328156276302,0.0130000114441
173,181,0.244945420745,-0.0286613380053,0.0139999389648
174,181,0.138541290115,0.10640413063,0.0130000114441
175,181,0.134300716674,0.00424057344047,0.0130000114441
176,181,0.146251973526,-0.0119512568521,0.0139999389648
177,181,0.147025735339,-0.000773761812495,0.0130000114441
178,181,0.13602188279,0.0110038525492,0.0130000114441
179,181,0.241841922149,-0.105820039359,0.0139999389648
180,181,0.232224016558,0.00961790559042,0.0130000114441
181,181,0.194333092284,0.0378909242746,0.0140001773834
182,181,0.203034332444,-0.00870124016019,0.0130000114441
183,181,0.26119630508,-0.058161972636,0.0139999389648
184,181,0.231703742433,0.029492562647,0.0139999389648
185,181,0.171576821343,0.06012692109,0.018000125885
186,181,0.150362299292,0.0212145220509,0.0139999389648
187,181,0.130144909601,0.0202173896916,0.0149998664856
188,181,0.140863692563,-0.0107187829624,0.0140001773834
189,181,0.203835692854,-0.0629720002907,0.0139999389648
190,181,0.18230767013,0.021528022724,0.0139999389648
191,181,0.207085140502,-0.0247774703727,0.0150001049042
192,181,0.242625663294,-0.0355405227914,0.0130000114441
193,181,0.135402089324,0.107223573969,0.0139999389648
194,181,0.186617835451,-0.0512157461261,0.0139999389648
195,181,0.156890848065,0.0297269873856,0.0150001049042
196,181,0.147330921658,0.00955992640711,0.0139999389648
197,181,0.266076588499,-0.118745666841,0.0139999389648
198,181,0.0949585424602,0.171118046039,0.0130000114441
199,181,0.117738165249,-0.0227796227892,0.0139999389648
200,181,0.142341234407,-0.0246030691579,0.0140001773834
201,181,0.135988014179,0.00635322022833,0.0139999389648
202,181,0.110610508787,0.025377505392,0.0139999389648
203,181,0.0936061901282,0.0170043186588,0.0140001773834
204,181,0.08212867231,0.0114775178182,0.0139999389648
205,181,0.119906188375,-0.0377775160647,0.0139999389648
206,181,0.15868360825,-0.0387774198753,0.0139999389648
207,181,0.184381959188,-0.025698350938,0.0140001773834
208,181,0.148064808292,0.0363171508958,0.0139999389648
209,181,0.125718796451,0.0223460118415,0.0139999389648
210,181,0.116037600607,0.00968119584394,0.0139999389648
211,181,0.133239166513,-0.0172015659058,0.0130000114441
212,181,0.149386021314,-0.0161468548011,0.0140001773834
213,181,0.118615524545,0.0307704967688,0.0139999389648
214,181,0.146402148252,-0.0277866237071,0.0139999389648
215,181,0.108780128521,0.0376220197309,0.0139999389648
216,181,0.129730424828,-0.0209502963071,0.0130000114441
217,181,0.0930423631194,0.0366880617089,0.0150001049042
218,181,0.100435604707,-0.00739324158726,0.0130000114441
219,181,0.109285323001,-0.00884971829409,0.0139999389648
220,181,0.136758340656,-0.0274730176557,0.0130000114441
221,181,0.136007498641,0.000750842015388,0.0139999389648
222,181,0.163496502197,-0.0274890035556,0.0130000114441
223,181,0.142509249692,0.0209872525041,0.0139999389648
224,181,0.167014738473,-0.0245054887803,0.0450000762939
225,181,0.14219170249,0.0248230359831,0.018000125885
226,181,0.133390879763,0.00880082272693,0.0139999389648
227,181,0.116989567794,0.0164013119692,0.0150001049042
228,181,0.09687219272,0.0201173750735,0.0139999389648
229,181,0.158359580277,-0.0614873875571,0.0150001049042
230,181,0.0701814409119,0.0881781393652,0.0149998664856
231,181,0.176770183922,-0.10658874301,0.0269999504089
232,181,0.109312046957,0.0674581369642,0.0169999599457
233,181,0.119634048715,-0.0103220017575,0.0150001049042
234,181,0.197534487392,-0.0779004386775,0.0139999389648
235,181,0.158818566338,0.0387159210542,0.0140001773834
236,181,0.192772564967,-0.0339539986289,0.0159997940063
237,181,0.177169504745,0.0156030602218,0.0140001773834
238,181,0.156253414259,0.0209160904858,0.0149998664856
239,181,0.139454752042,0.0167986622173,0.0139999389648
240,181,0.164743981967,-0.0252892299252,0.0140001773834
241,181,0.154493152766,0.0102508292014,0.0130000114441
242,181,0.121372539036,0.0331206137304,0.0149998664856
243,181,0.180071414505,-0.0586988754694,0.0130000114441
244,181,0.212629834591,-0.0325584200864,0.0139999389648
245,181,0.119891509167,0.0927383254246,0.0150001049042
246,181,0.113985704454,0.00590580471313,0.0139999389648
247,181,0.205819482961,-0.0918337785078,0.0130000114441
248,181,0.122299521009,0.0835199619525,0.0139999389648
249,181,0.13288784554,-0.010588324531,0.0140001773834
250,181,0.116674296764,0.0162135487762,0.0130000114441
251,181,0.0962841813736,0.0203901153902,0.0139999389648
252,181,0.148498756451,-0.0522145750773,0.0149998664856
253,181,0.111222219731,0.0372765367202,0.0140001773834
254,181,0.107167618051,0.00405460167985,0.0130000114441
255,181,0.157402249331,-0.0502346312802,0.0139999389648
256,181,0.149288008885,0.00811424044614,0.0150001049042
257,181,0.0990047876347,0.0502832212501,0.0139999389648
258,181,0.135821179132,-0.036816391497,0.0149998664856
259,181,0.136656165782,-0.000834986649824,0.0140001773834
260,181,0.163027178517,-0.0263710127351,0.0130000114441
261,181,0.137814727277,0.0252124512393,0.0139999389648
262,181,0.0907777607112,0.0470369665662,0.0139999389648
263,181,0.0904214974925,0.000356263218664,0.0139999389648
264,181,0.105343412958,-0.0149219154653,0.0150001049042
265,181,0.157748649134,-0.0524052361757,0.0149998664856
266,181,0.175465673373,-0.0177170242394,0.0140001773834
267,181,0.141211651965,0.0342540214075,0.0160000324249
268,181,0.145874170967,-0.00466251900183,0.0159997940063
269,181,0.166945968544,-0.0210717975764,0.0280001163483
270,181,0.107562080931,0.0593838876124,0.0360000133514
271,181,0.129091726482,-0.021529645551,0.0220000743866
272,181,0.140159111655,-0.011067385173,0.0209999084473
273,181,0.116059034569,0.0241000770864,0.0199999809265
274,181,0.199048121331,-0.0829890867623,0.0220000743866
275,181,0.149907422988,0.0491406983434,0.0199999809265
276,181,0.139632915265,0.0102745077228,0.0160000324249
277,181,0.199792008374,-0.0601590931086,0.0160000324249
278,181,0.124756491645,0.0750355167284,0.0159997940063
279,181,0.0943305821709,0.0304259094744,0.0160000324249
280,181,0.136017878411,-0.0416872962404,0.0160000324249
281,181,0.102083048109,0.033934830302,0.0160000324249
282,181,0.144434438885,-0.0423513907754,0.0150001049042
283,181,0.113024495583,0.0314099433014,0.0149998664856
284,181,0.124466827561,-0.011442331978,0.0139999389648
285,181,0.0957678378616,0.0286989896996,0.0140001773834
286,181,0.0920471486466,0.00372068921505,0.0149998664856
287,181,0.160141022824,-0.0680938741779,0.0130000114441
288,181,0.100841416838,0.059299605986,0.0160000324249
289,181,0.150000682852,-0.0491592660135,0.0139999389648
