0,321,2.2677880403037385,Nan,0.010344743728637695
1,321,2.2827914704414916,-0.015003430137753071,0.005285978317260742
2,321,2.300118039330218,-0.017326568888726523,0.004800081253051758
3,321,2.3055592949888046,-0.005441255658586552,0.004320621490478516
4,321,2.309096481941199,-0.0035371869523945776,0.004079580307006836
5,321,2.2999820887485396,0.009114393192659609,0.004909515380859375
6,321,2.268382800330997,0.03159928841754267,0.003850698471069336
7,321,2.2959855219285434,-0.02760272159754651,0.0037164688110351562
8,321,2.2936359536239292,0.0023495683046141913,0.003827810287475586
9,321,2.275722990897586,0.017912962726343462,0.00408935546875
10,321,2.2984605830777842,-0.02273759218019844,0.0038213729858398438
11,321,2.2725309092679127,0.025929673809871545,0.0042951107025146484
12,321,2.285902932425526,-0.0133720231576131,0.003987312316894531
13,321,2.280867436964564,0.005035495460961936,0.0038318634033203125
14,321,2.2586015837957554,0.02226585316880847,0.0036988258361816406
15,321,2.280551423164914,-0.02194983936915884,0.003725767135620117
16,321,2.2955535223179515,-0.015002099153037296,0.003659486770629883
17,321,2.2961819372444507,-0.0006284149264992323,0.003687143325805664
18,321,2.287711740654206,0.00847019659024495,0.0039713382720947266
19,321,2.26558621130257,0.02212552935163581,0.004302024841308594
20,321,2.2674973152136877,-0.0019111039111177064,0.004084587097167969
21,321,2.2847426940347546,-0.017245378821066915,0.00403594970703125
22,321,2.304107570945288,-0.019364876910533457,0.004175662994384766
23,321,2.2628225166106892,0.041285054334598836,0.004446506500244141
24,321,2.268752433800623,-0.005929917189933853,0.004227638244628906
25,321,2.2871860016914916,-0.018433567890868474,0.0041582584381103516
26,321,2.2649224302107673,0.02226357148072422,0.004017829895019531
27,321,2.279449557960962,-0.014527127750194602,0.004087209701538086
28,321,2.276478229653427,0.0029713283075349928,0.004202842712402344
29,321,2.2669265129113123,0.009551716742114635,0.0040874481201171875
30,321,2.2928822359934773,-0.025955723082164983,0.003966331481933594
31,321,2.2850227712470796,0.007859464746397649,0.003945589065551758
32,321,2.2531677436234423,0.031855027623637344,0.0038156509399414062
33,321,2.275364195446359,-0.02219645182291652,0.0040853023529052734
34,321,2.2450612861419392,0.03030290930441959,0.004182338714599609
35,321,2.27547390661507,-0.030412620473130758,0.00425267219543457
36,321,2.2763004481235396,-0.0008265415084696137,0.004288673400878906
37,321,2.304520176207165,-0.028219728083625384,0.0042154788970947266
38,321,2.2822385413624415,0.022281634844723452,0.0042192935943603516
39,321,2.280834542628018,0.0014039987344234284,0.004363536834716797
40,321,2.2515836816710477,0.02925086095697038,0.00430607795715332
41,321,2.266029809494256,-0.014446127823208421,0.004257678985595703
42,321,2.3019783756814642,-0.0359485661872081,0.0042514801025390625
43,321,2.2754204770857673,0.026557898595696905,0.004209041595458984
44,321,2.271346523011585,0.004073954074182318,0.004264116287231445
45,321,2.2496585073500777,0.021688015661507354,0.004279613494873047
46,321,2.2626757280106116,-0.013017220660533901,0.004311084747314453
47,321,2.2758368851611177,-0.013161157150506142,0.004339456558227539
48,321,2.235296801985981,0.040540083175136576,0.004202842712402344
49,321,2.258783738561137,-0.02348693657515577,0.0042955875396728516
50,321,2.2791059737636292,-0.020322235202492323,0.0044634342193603516
51,321,2.2785547559506427,0.0005512178129865042,0.00440216064453125
52,321,2.25606833960037,0.02248641635027271,0.004303455352783203
53,321,2.2695244049357477,-0.013456065335377687,0.004271268844604492
54,321,2.2647104233596185,0.004813981576129223,0.0041961669921875
55,321,2.2598656389943534,0.004844784365265031,0.004154682159423828
56,321,2.2520938290985204,0.007771809895833037,0.004113197326660156
57,321,2.2658138096889604,-0.013719980590439995,0.004224300384521484
58,321,2.2556931920512073,0.010120617637753071,0.0042459964752197266
59,321,2.254270939812111,0.001422252239096533,0.004310131072998047
60,321,2.255786551121982,-0.001515611309871101,0.0041408538818359375
61,321,2.2491540641428154,0.006632486979166519,0.004244089126586914
62,321,2.254948601173092,-0.0057945370302765475,0.004107475280761719
63,321,2.3028368608231116,-0.04788825965001964,0.004591703414916992
64,321,2.2403383819485008,0.0624984788746108,0.004122257232666016
65,321,2.257121718932535,-0.016783336984034225,0.0040552616119384766
66,321,2.2428286543516354,0.014293064580899628,0.0038988590240478516
67,321,2.23335394458236,0.009474709769275336,0.0038285255432128906
68,321,2.266752344054225,-0.03339839947186496,0.0036497116088867188
69,321,2.2339962397780373,0.03275610427618769,0.0037543773651123047
70,321,2.267281125267718,-0.03328488548968078,0.0036220550537109375
71,321,2.2418733876070873,0.025407737660630758,0.0037071704864501953
72,321,2.268438891829731,-0.02656550422264381,0.003879547119140625
73,321,2.2459344121154596,0.022504479714271497,0.0040283203125
74,321,2.2725527754453854,-0.02661836332992573,0.004220247268676758
75,321,2.248180163612247,0.024372611833138436,0.0041239261627197266
76,321,2.250088035131912,-0.0019078715196649831,0.004052400588989258
77,321,2.2941890728436527,-0.04410103771174079,0.0042591094970703125
78,321,2.2420631479994158,0.05212592484423695,0.004056215286254883
79,321,2.242728450216608,-0.0006653022171922984,0.0042073726654052734
80,321,2.246420031396028,-0.0036915811794200337,0.004108905792236328
81,321,2.25376193322868,-0.007341901832651931,0.004286766052246094
82,321,2.268605645200545,-0.014843711971864959,0.004174947738647461
83,321,2.2442495756060166,0.024356069594528407,0.0042874813079833984
84,321,2.2719171351732865,-0.02766755956726996,0.004041910171508789
85,321,2.2837035752531154,-0.011786440079828875,0.004189014434814453
86,321,2.2554695866189642,0.028233988634151164,0.004175662994384766
87,321,2.2297161732135904,0.02575341340537385,0.004202842712402344
88,321,2.235345668139116,-0.00562949492552578,0.004178762435913086
89,321,2.2635235652745327,-0.02817789713541652,0.004419803619384766
90,321,2.256164360640576,0.007359204633956562,0.004183053970336914
91,321,2.240828944886585,0.01533541575399111,0.003907918930053711
92,321,2.253554299613026,-0.012725354726440763,0.003728151321411133
93,321,2.2370274623977804,0.016526837215245394,0.0039403438568115234
94,321,2.2807063878139604,-0.043678925416180014,0.003987789154052734
95,321,2.267921519056659,0.01278486875730156,0.0043942928314208984
96,321,2.2605577510465342,0.007363768010124616,0.005224943161010742
97,321,2.240454367759443,0.02010338328709116,0.005524396896362305
98,321,2.2220268843701323,0.018427483389310773,0.00609898567199707
99,321,2.220854476976246,0.0011724073938861324,0.005400896072387695
100,321,2.2444138571480723,-0.023559380171826128,0.006060361862182617
101,321,2.2378243419611565,0.006589515186915751,0.004996299743652344
102,321,2.2299973912699573,0.007826950691199208,0.0073053836822509766
103,321,2.2481955650068146,-0.01819817373685728,0.0065610408782958984
104,321,2.2404007480894665,0.007794816917348069,0.004812002182006836
105,321,2.2563643886292835,-0.015963640539816915,0.004860877990722656
106,321,2.2547223337714173,0.001642054857866171,0.00446319580078125
107,321,2.215699953453563,0.03902238031785421,0.004676103591918945
108,321,2.2346923447843654,-0.018992391330802327,0.004568338394165039
109,321,2.2549109533197043,-0.020218608535338856,0.004637718200683594
110,321,2.2520729136244158,0.002838039695288508,0.004456520080566406
111,321,2.242047936745522,0.01002497687889381,0.0044403076171875
112,321,2.2540515174746885,-0.012003580729166519,0.004862070083618164
113,321,2.2282406815858646,0.025810835888823824,0.004549741744995117
114,321,2.2437481746495327,-0.015507493063668054,0.0046541690826416016
115,321,2.226165676414038,0.017582498235494626,0.004760265350341797
116,321,2.2362551109813085,-0.010089434567270406,0.004499197006225586
117,321,2.24016402295074,-0.00390891196943155,0.005896568298339844
118,321,2.2678424205364096,-0.02767839758566959,0.007111072540283203
119,321,2.238902819862247,0.02893960067416268,0.00798177719116211
120,321,2.247698917567173,-0.008796097704926176,0.004814863204956055
121,321,2.2549628617236177,-0.007263944156444602,0.0064105987548828125
122,321,2.2751987730602607,-0.020235911336643042,0.005216360092163086
123,321,2.2216928072064834,0.053505965853777315,0.0075855255126953125
124,321,2.2425668306439834,-0.0208740234375,0.004899263381958008
125,321,2.2559282059238708,-0.013361375279887344,0.007517814636230469
126,321,2.238945981795171,0.016982224128699652,0.004826784133911133
127,321,2.2413607683508565,-0.0024147865556853887,0.006708621978759766
128,321,2.2362739349080023,0.005086833442854211,0.00474238395690918
129,321,2.2529523142401673,-0.016678379332164983,0.006808757781982422
130,321,2.2322632976781542,0.02068901656201305,0.00963902473449707
131,321,2.2524807653694507,-0.02021746769129651,0.005124807357788086
132,321,2.233416691004673,0.01906407436477764,0.0057582855224609375
133,321,2.239628776954342,-0.006212085949668822,0.007835865020751953
134,321,2.234333359192465,0.005295417761876919,0.008276939392089844
135,321,2.228156449267426,0.0061769099250388315,0.00942540168762207
136,321,2.2291259765625,-0.0009695272950738243,0.013357162475585938
137,321,2.2247228889821846,0.004403087580315379,0.005177974700927734
138,321,2.2271091544368185,-0.002386265454633829,0.013212442398071289
139,321,2.2308804045585084,-0.003771250121689995,0.005115032196044922
140,321,2.2225767711984035,0.008303633360104978,0.018556594848632812
141,321,2.2273648936429127,-0.004788122444509213,0.01762104034423828
142,321,2.2186574014919196,0.00870749215099309,0.00921630859375
143,321,2.2147313768618573,0.003926024630062308,0.007964372634887695
144,321,2.232388410241433,-0.017657033379575804,0.007974863052368164
145,321,2.2477232555734035,-0.015334845331970381,0.006803989410400391
146,321,2.223761157454731,0.023962098118672337,0.00994563102722168
147,321,2.2393808335158685,-0.015619676061137344,0.004793643951416016
148,321,2.2312291225540304,0.008151710961838088,0.006476163864135742
149,321,2.245517433618088,-0.014288311064057702,0.007917642593383789
150,321,2.206118574766355,0.03939885885173311,0.0072557926177978516
151,321,2.2272087881498246,-0.021090213383469614,0.008853435516357422
152,321,2.241336050063279,-0.014127261913454259,0.00485682487487793
153,321,2.2474116150092485,-0.006075564945969614,0.007054328918457031
154,321,2.2362644278743185,0.011147187134930014,0.004651308059692383
155,321,2.2048206745278427,0.031443753346475756,0.0063550472259521484
156,321,2.1974901811356116,0.00733049339223113,0.009055852890014648
157,321,2.2268174786433996,-0.029327297507788064,0.013855457305908203
158,321,2.2314361857476634,-0.0046187071042638195,0.016850709915161133
159,321,2.2368542442440615,-0.005418058496398093,0.01313471794128418
160,321,2.2417165215513046,-0.00486227730724309,0.008097410202026367
161,321,2.2276649356259735,0.014051585925331178,0.007852315902709961
162,321,2.233953077845113,-0.0062881422191396474,0.00797891616821289
163,321,2.2146667290328077,0.0192863488123054,0.007526397705078125
164,321,2.2109490985810942,0.0037176304517134717,0.01049947738647461
165,321,2.2132834556318146,-0.0023343570507203815,0.00537562370300293
166,321,2.2108738028743185,0.0024096527574961613,0.004843711853027344
167,321,2.2301226939739096,-0.01924889109959116,0.004500627517700195
168,321,2.203728886779595,0.02639380719431461,0.004160642623901367
169,321,2.2181938385294977,-0.0144649517499027,0.0041353702545166016
170,321,2.221076941564447,-0.002883103034949208,0.003960132598876953
171,321,2.217328508323598,0.0037484332408488363,0.00394439697265625
172,321,2.226325014298579,-0.008996505974980806,0.004487037658691406
173,321,2.198818884163259,0.027506130135319662,0.0044400691986083984
174,321,2.218567464953271,-0.01974858079001196,0.004789590835571289
175,321,2.201149058119159,0.017418406834112332,0.004769802093505859
176,321,2.234140936830705,-0.032991878711546185,0.0043261051177978516
177,321,2.247637882410923,-0.013496945580218078,0.004157304763793945
178,321,2.1852116569923092,0.06242622541861387,0.004548788070678711
179,321,2.2041167737538943,-0.018905116761585017,0.003976106643676758
180,321,2.229463476258275,-0.025346702504380758,0.0039272308349609375
181,321,2.2226859119450935,0.00677756431318155,0.004107475280761719
182,321,2.2187962041837035,0.003889707761389971,0.004019737243652344
183,321,2.2195520133615654,-0.0007558091778618881,0.004064083099365234
184,321,2.1954111830096377,0.02414083035192771,0.004023313522338867
185,321,2.224867966316199,-0.02945678330656154,0.005068540573120117
186,321,2.1807965905495523,0.04407137576664688,0.004752635955810547
187,321,2.212776730736468,-0.03198014018691575,0.003970623016357422
188,321,2.1988694615824573,0.013907269154010748,0.005495548248291016
189,321,2.213334223191686,-0.014464761609228827,0.0047588348388671875
190,321,2.1882885133737346,0.02504570981795151,0.00465846061706543
191,321,2.188966745156737,-0.0006782317830023032,0.0045931339263916016
192,321,2.195925703672605,-0.00695895851586803,0.0053141117095947266
193,321,2.20049687560845,-0.004571171935844998,0.004593610763549805
194,321,2.230365883895541,-0.02986900828709116,0.004365205764770508
195,321,2.219718576591706,0.01064730730383534,0.004657745361328125
196,321,2.228082104264019,-0.008363527672313076,0.005067586898803711
197,321,2.217228684469918,0.010853419794100816,0.00468897819519043
198,321,2.222331109448014,-0.005102424978095765,0.0049779415130615234
199,321,2.204127992053641,0.018203117394372637,0.005507946014404297
200,321,2.228801406432535,-0.02467341437889381,0.005361080169677734
201,321,2.193320776443244,0.035480629989291135,0.005030155181884766
202,321,2.211873752677181,-0.018552976233936924,0.004822492599487305
203,321,2.2026796905422508,0.009194062134930014,0.004753589630126953
204,321,2.2209733148972934,-0.01829362435504267,0.004709005355834961
205,321,2.2050303996909073,0.015942915206386132,0.0048635005950927734
206,321,2.1776497624002142,0.027380637290693066,0.004664897918701172
207,321,2.2075364537699573,-0.02988669136974309,0.006790876388549805
208,321,2.1907417083455023,0.016794745424455026,0.004473209381103516
209,321,2.2231249467606116,-0.03238323841510926,0.004561662673950195
210,321,2.199316672446943,0.023808274313668498,0.0043222904205322266
211,321,2.2162661923797704,-0.01694951993282734,0.004336118698120117
212,321,2.199067968445775,0.017198223933995394,0.004143238067626953
213,321,2.201388445227317,-0.0023204767815419025,0.004189729690551758
214,321,2.2083890445507204,-0.007000599323403467,0.004120349884033203
215,321,2.21489546826324,-0.006506423712519638,0.0046041011810302734
216,321,2.207288130050136,0.007607338213103887,0.003991603851318359
217,321,2.218276169441199,-0.010988039391063076,0.004511356353759766
218,321,2.187442007094529,0.030834162346670357,0.004170894622802734
219,321,2.1889751113463785,-0.001533104251849604,0.004251241683959961
220,321,2.194983176353193,-0.006008065006814611,0.00400233268737793
221,321,2.2091248889578465,-0.014141712604653467,0.004003763198852539
222,321,2.194438613463785,0.01468627549406154,0.004166126251220703
223,321,2.2229452638239877,-0.028506650360202723,0.00453639030456543
224,321,2.180127485518886,0.042817778305101584,0.0042874813079833984
225,321,2.188078217788649,-0.007950732269762728,0.004346132278442383
226,321,2.1768435659438277,0.011234651844821197,0.0042324066162109375
227,321,2.1885239075277454,-0.01168034158391773,0.004134178161621094
228,321,2.1865449233961254,0.0019789841316200096,0.004044055938720703
229,321,2.216717586339077,-0.03017266294295151,0.00396418571472168
230,321,2.1766045591170173,0.04011302722205956,0.0038826465606689453
231,321,2.1793169158270054,-0.0027123567099880397,0.003810882568359375
232,321,2.215765742126655,-0.03644882629964963,0.003921031951904297
233,321,2.2074071581118573,0.00835858401479772,0.0037567615509033203
234,321,2.197161237770152,0.01024592034170535,0.003872394561767578
235,321,2.1699127482476634,0.027248489522488484,0.0041539669036865234
236,321,2.2149926301474885,-0.045079881899825036,0.004069805145263672
237,321,2.1925381574303935,0.022454472717094998,0.004204273223876953
238,321,2.1988532996251946,-0.0063151421948011155,0.004142045974731445
239,321,2.214678898035923,-0.015825598410728503,0.004176139831542969
240,321,2.1811645127531154,0.0335143852828077,0.0038738250732421875
241,321,2.1850348261657904,-0.003870313412674964,0.0037250518798828125
242,321,2.2129062165352416,-0.027871390369451188,0.0038385391235351562
243,321,2.218210570908781,-0.005304354373539599,0.004115581512451172
244,321,2.176325242467387,0.041885328441394254,0.004151344299316406
245,321,2.206040426949474,-0.02971518448208732,0.004177570343017578
246,321,2.2082652629721573,-0.0022248360226830854,0.004202127456665039
247,321,2.2120595201153623,-0.0037942571432050265,0.004155635833740234
248,321,2.2092393536433996,0.002820166471962704,0.0041882991790771484
249,321,2.1844052703952492,0.024834083248150396,0.004158496856689453
250,321,2.201451762071651,-0.01704649167640193,0.004244089126586914
251,321,2.1834237642377334,0.01802799783391773,0.004515409469604492
252,321,2.196124780957944,-0.0127010167202104,0.009154796600341797
253,321,2.1688802843896027,0.02724449656834116,0.005368947982788086
254,321,2.2099577051085477,-0.041077420718945046,0.0051724910736083984
255,321,2.202826098860981,0.007131606247566591,0.0054891109466552734
256,321,2.1982653846621885,0.00456071419879267,0.004537343978881836
257,321,2.1906354197089173,0.007629964953271173,0.004797220230102539
258,321,2.1679778767523366,0.022657542956580734,0.004662513732910156
259,321,2.1939193392839758,-0.025941462531639203,0.004418373107910156
260,321,2.189196244949864,0.004723094334111888,0.004241943359375
261,321,2.212016928604459,-0.022820683654594998,0.004201650619506836
262,321,2.2189863448573792,-0.006969416252920357,0.003907680511474609
263,321,2.2054755190079827,0.013510825849396557,0.004000425338745117
264,321,2.1757388486297704,0.02973667037821226,0.0040132999420166016
265,321,2.1995372356284073,-0.0237983869986369,0.004076242446899414
266,321,2.197358984070775,0.0021782515576322936,0.004183292388916016
267,321,2.174851652246398,0.02250733182437692,0.004734516143798828
268,321,2.177359988013532,-0.002508335767133829,0.004647731781005859
269,321,2.183754418869256,-0.00639443085572422,0.0045795440673828125
270,321,2.189316794136974,-0.005562375267718078,0.004642009735107422
271,321,2.1769287489656346,0.012388045171339623,0.004362344741821289
272,321,2.185776374793127,-0.008847625827492323,0.004247188568115234
273,321,2.2072556159949377,-0.021479241201810773,0.004078865051269531
274,321,2.2143128772390965,-0.007057261244158841,0.0041506290435791016
275,321,2.16165626977463,0.05265660746446654,0.004037380218505859
276,321,2.19740423755111,-0.03574796777648004,0.00418400764465332
277,321,2.153866206374124,0.04353803117698618,0.004212379455566406
278,321,2.2001909392645054,-0.046324732890381526,0.004309177398681641
279,321,2.197013118185358,0.003177821079147325,0.004494905471801758
280,321,2.2062290464977607,-0.0092159283124027,0.00423884391784668
281,321,2.206603433484229,-0.0003743869864680782,0.004193544387817383
282,321,2.1763779114339954,0.030225522050233433,0.004011869430541992
283,321,2.1761932848398557,0.00018462659413964744,0.004819154739379883
284,321,2.177652234228972,-0.001458949389116171,0.003942251205444336
285,321,2.157123316114194,0.020528918114778083,0.004695892333984375
286,321,2.177893522743867,-0.020770206629673105,0.004266023635864258
287,321,2.196017351477317,-0.018123828733449976,0.0045583248138427734
288,321,2.188396132995035,0.007621218482281922,0.004990339279174805
289,321,2.1985125675379673,-0.010116434542932318,0.004487514495849609
290,321,2.178398156091803,0.020114411446164215,0.0040514469146728516
291,321,2.1768321575034073,0.0015659985883957894,0.004655361175537109
292,321,2.1937453605675623,-0.016913203064155002,0.004267692565917969
293,321,2.211061281578563,-0.017315921011000768,0.0042264461517333984
294,321,2.1619882553908685,0.0490730261876946,0.004069089889526367
295,321,2.169915980639116,-0.007927725248247697,0.004107475280761719
296,321,2.1703188887266354,-0.0004029080875191937,0.0040874481201171875
297,321,2.185203480943341,-0.014884592216705794,0.004378557205200195
298,321,2.166211089612539,0.018992391330802327,0.0046350955963134766
299,321,2.1804849499853973,-0.014273860372858493,0.004967451095581055
300,321,2.1926706854799454,-0.012185735494548044,0.005224466323852539
301,321,2.1829548773364484,0.009715808143496929,0.0052220821380615234
302,321,2.1588028286847742,0.024152048651674196,0.00480961799621582
303,321,2.213345441491433,-0.05454261280665884,0.004642486572265625
304,321,2.1927771642572043,0.020568277234228827,0.005309104919433594
305,321,2.183212898230627,0.00956426602657734,0.0047760009765625
306,321,2.163045627677181,0.020167270553446137,0.004378318786621094
307,321,2.1399838456483646,0.023061782028816147,0.004418134689331055
308,321,2.179833718178057,-0.0398498725296923,0.005817413330078125
309,321,2.168143679419782,0.011690038758275012,0.004911184310913086
310,321,2.1757626162139796,-0.007618936794197673,0.0043866634368896484
311,321,2.185853571906639,-0.010090955692659609,0.004726886749267578
312,321,2.1823960538965146,0.003457518010124616,0.004491567611694336
313,321,2.183579109168127,-0.0011830552716123321,0.004446506500244141
314,321,2.1587885681342485,0.024790541033878455,0.004483222961425781
315,321,2.1749372155495523,-0.016148647415303863,0.004458904266357422
316,321,2.1554744161920754,0.019462799357476968,0.004244804382324219
317,321,2.153080925391842,0.002393490800233433,0.004420757293701172
318,321,2.1451596649264992,0.007921260465342694,0.004414081573486328
319,321,2.162178776345892,-0.01701911141939272,0.004578351974487305
320,321,2.154231086326908,0.007947690018983877,0.004351139068603516
321,321,2.1592757085402066,-0.005044622213298489,0.004790067672729492
322,321,2.155389613451616,0.003886095088590391,0.004427194595336914
323,321,2.214855538721768,-0.05946592527015193,0.004575014114379883
324,321,2.187784070166472,0.027071468555296185,0.004200458526611328
325,321,2.157957273108937,0.029826797057534993,0.004098176956176758
326,321,2.159761137680101,-0.0018038645711642154,0.00431513786315918
327,321,2.148085549613026,0.01167558806707536,0.004011392593383789
328,321,2.161125206873053,-0.013039657260027315,0.004071712493896484
329,321,2.1526879046193534,0.008437302253699652,0.004131793975830078
330,321,2.1844866506035827,-0.03179874598422927,0.0043523311614990234
331,321,2.174335610458041,0.010151040145541579,0.004170894622802734
332,321,2.154942973009151,0.01939263744888997,0.00423431396484375
333,321,2.148778422227901,0.00616455078125,0.004651308059692383
334,321,2.158403723410728,-0.009625301182826895,0.004534721374511719
335,321,2.1954982674381815,-0.03709454402745349,0.0043926239013671875
336,321,2.16788546838493,0.027612799053251535,0.0041048526763916016
337,321,2.154843149155471,0.013042319229458865,0.004358530044555664
338,321,2.194975000304225,-0.04013185114875384,0.004674434661865234
339,321,2.167486363110884,0.02748863719334116,0.004446983337402344
340,321,2.1685418339904596,-0.0010554708795758039,0.004281282424926758
341,321,2.1635025357160242,0.005039298274435389,0.004596233367919922
342,321,2.1288906584647584,0.0346118772512658,0.004503011703491211
343,321,2.1650061681634543,-0.036115509698695814,0.005801677703857422
344,321,2.1632363387728777,0.0017698293905765716,0.005064725875854492
345,321,2.1792958102122273,-0.016059471439349604,0.005114078521728516
346,321,2.155389233170269,0.02390657704195842,0.004957437515258789
347,321,2.163485993477414,-0.008096760307145345,0.005270481109619141
348,321,2.1415715202735592,0.02191447320385498,0.005201101303100586
349,321,2.155287507909852,-0.01371598763629267,0.0049343109130859375
350,321,2.1734159000194704,-0.018128392109618474,0.004842519760131836
351,321,2.146702846634054,0.02671305338541652,0.0046100616455078125
352,321,2.168066672446943,-0.021363825812889203,0.0046863555908203125
353,321,2.1501860336351246,0.01788063881181845,0.0045702457427978516
354,321,2.165643139420269,-0.015457105785144254,0.004592180252075195
355,321,2.165968089831581,-0.00032495041131230806,0.004701375961303711
356,321,2.1508247161580023,0.015143373673578875,0.004786491394042969
357,321,2.139072691540109,0.011752024617893486,0.005177974700927734
358,321,2.1842284395687304,-0.045155748028621545,0.004549503326416016
359,321,2.149624167944412,0.03460427162431845,0.004389286041259766
360,321,2.1472523531809773,0.002371814763434621,0.0046176910400390625
361,321,2.1522665528864877,-0.005014199705510425,0.004668712615966797
362,321,2.1454764392888435,0.006790113597644254,0.004453420639038086
363,321,2.1455521152769665,-7.567598812308063e-05,0.004184722900390625
364,321,2.1454100801937304,0.00014203508323618053,0.004106998443603516
365,321,2.1431552019446065,0.0022548782491238484,0.004338741302490234
366,321,2.1744086244767327,-0.03125342253212615,0.004342317581176758
367,321,2.147392867138824,0.02701575733790884,0.004478931427001953
368,321,2.1772327839028427,-0.02983991676401887,0.004161834716796875
369,321,2.157603801596573,0.019628982306269638,0.004457950592041016
370,321,2.1643264152550623,-0.0067226136584892515,0.004413127899169922
371,321,2.1911546938887265,-0.026828278633664215,0.0047380924224853516
372,321,2.151980391172605,0.039174302716121545,0.0044629573822021484
373,321,2.160985453477901,-0.009005062305296185,0.004580974578857422
374,321,2.165440639602804,-0.004455186124902699,0.004195451736450195
375,321,2.1318174938546535,0.033623145748150396,0.004009723663330078
376,321,2.1436630676839954,-0.011845573829341927,0.003945589065551758
377,321,2.1538525162456192,-0.010189448561623848,0.0038404464721679688
378,321,2.165273125669295,-0.011420609423675732,0.0044553279876708984
379,321,2.1294439678251558,0.0358291578441392,0.00403594970703125
380,321,2.173470280252142,-0.04402631242698618,0.003926515579223633
381,321,2.141948949510806,0.031521330741335785,0.003938198089599609
382,321,2.155980570665401,-0.014031621154594998,0.004033565521240234
383,321,2.135120047215732,0.020860523449669266,0.004315376281738281
384,321,2.1488139785338785,-0.013693931318146557,0.00441431999206543
385,321,2.1597620883834696,-0.010948109849591159,0.0044498443603515625
386,321,2.1096623025579246,0.050099785825544974,0.0044307708740234375
387,321,2.1670832648826908,-0.05742096232476612,0.004551410675048828
388,321,2.1537644811137073,0.013318783768983433,0.004613637924194336
389,321,2.1538717204536604,-0.00010723933995304691,0.004332542419433594
390,321,2.163804859387169,-0.009933138933508445,0.00419306755065918
391,321,2.160271665388921,0.0035331939982476968,0.0048410892486572266
392,321,2.147830570969626,0.012441094419294974,0.0042667388916015625
393,321,2.1393020011925623,0.008528569777063844,0.004341840744018555
394,321,2.1324995284511292,0.0068024727414330854,0.004200935363769531
395,321,2.1399224302107673,-0.007422901759638112,0.004416942596435547
396,321,2.135382251204731,0.004540179006036205,0.004318952560424805
397,321,2.147198543370327,-0.011816292165595765,0.0043752193450927734
398,321,2.1503727517766746,-0.003174208406347745,0.0041942596435546875
399,321,2.1446947709793616,0.005677980797313076,0.004058837890625
400,321,2.1639223663235008,-0.019227595344139203,0.004228115081787109
401,321,2.154910268813279,0.009012097510221917,0.003933906555175781
402,321,2.1484878872785242,0.0064223815347546065,0.003813028335571289
403,321,2.139231078721281,0.00925680855724309,0.003896951675415039
404,321,2.1566953094577492,-0.017464230736468078,0.003928422927856445
405,321,2.1568664360640577,-0.00017112660630846932,0.0038576126098632812
406,321,2.161653227523851,-0.004786791459793438,0.0040242671966552734
407,321,2.146973797094042,0.014679430429809237,0.004293203353881836
408,321,2.171183648510514,-0.024209851416471917,0.004379749298095703
409,321,2.138563304675331,0.03262034383518264,0.004721403121948242
410,321,2.1293114397756034,0.009251864899727735,0.0044651031494140625
411,321,2.137740565980335,-0.008429126204731574,0.00456547737121582
412,321,2.1664004697235204,-0.02865990374318539,0.0045320987701416016
413,321,2.141020112319899,0.025380357403621545,0.004533529281616211
414,321,2.1210405106113708,0.019979601708528083,0.004241228103637695
415,321,2.1652852946724104,-0.0442447840610396,0.004155397415161133
416,321,2.1504326460888823,0.014852648583528083,0.0037717819213867188
417,321,2.1427391741506034,0.007693471938278851,0.004603147506713867
418,321,2.1317633037626558,0.010975870387947673,0.0039806365966796875
419,321,2.1334066896052377,-0.0016433858425819459,0.00405573844909668
420,321,2.1462533540814834,-0.012846664476245717,0.003635406494140625
421,321,2.127870173469139,0.01838318061234423,0.003978729248046875
422,321,2.1226228612977023,0.005247312171436924,0.004581451416015625
423,321,2.1350342937719042,-0.012411432474201956,0.004250526428222656
424,321,2.1340065834306854,0.001027710341218846,0.004880428314208984
425,321,2.1401756975881034,-0.006169114157418054,0.004648447036743164
426,321,2.1633175288405373,-0.023141831252433853,0.005120992660522461
427,321,2.1464921707676208,0.01682535807291652,0.005150794982910156
428,321,2.1286931023048092,0.01779906846281154,0.004503726959228516
429,321,2.138678339782905,-0.009985237478095765,0.0044820308685302734
430,321,2.1478733526212035,-0.009195012838298489,0.004001140594482422
431,321,2.1778220298505646,-0.02994867722936112,0.004438638687133789
432,321,2.1283993349639796,0.04942269488658502,0.004446268081665039
433,321,2.158579413393205,-0.030180078429225432,0.004525184631347656
434,321,2.1188915407174846,0.03968787267572038,0.004437685012817383
435,321,2.132544401650117,-0.013652860932632294,0.004712104797363281
436,321,2.143351046838493,-0.010806645188376152,0.004529237747192383
437,321,2.126037027234229,0.017314019604264264,0.00472259521484375
438,321,2.139826789451908,-0.013789762217679247,0.004687309265136719
439,321,2.122149601160923,0.01767718829098497,0.004645586013793945
440,321,2.1119141385562696,0.010235462604653467,0.00453639030456543
441,321,2.1266846463687696,-0.0147705078125,0.0045702457427978516
442,321,2.1120086384710866,0.014676007897683085,0.00447392463684082
443,321,2.1501776674454827,-0.03816902897439611,0.0045623779296875
444,321,2.134605336412091,0.015572331033391507,0.004529476165771484
445,321,2.1303785092362735,0.004226827175817682,0.004611015319824219
446,321,2.114142397111079,0.0162361121251946,0.004599809646606445
447,321,2.1425203222352023,-0.028377925124123404,0.004693746566772461
448,321,2.125091647804712,0.017428674430490343,0.004630088806152344
449,321,2.122741889359424,0.0023497584452880638,0.004611015319824219
450,321,2.137893058800623,-0.015151169441199208,0.004588603973388672
451,321,2.124519894798968,0.013373164001655002,0.004327297210693359
452,321,2.1295531085718458,-0.005033213772877687,0.004152059555053711
453,321,2.1238540221597546,0.005699086412091159,0.00403594970703125
454,321,2.1582679629697235,-0.034413940809968846,0.003968954086303711
455,321,2.1247427396685166,0.033525223301206886,0.0039861202239990234
456,321,2.1448360454999027,-0.020093305831386132,0.004168987274169922
457,321,2.142523554626655,0.0023124908732476968,0.00425410270690918
458,321,2.129457277672313,0.013066276954341927,0.004482269287109375
459,321,2.137271488938376,-0.007814211266063076,0.004694223403930664
460,321,2.1566492954147196,-0.019377806476343462,0.004325389862060547
461,321,2.131310768959307,0.02533852645541268,0.0047757625579833984
462,321,2.109293239510319,0.022017529448987716,0.004590272903442383
463,321,2.1533041505427377,-0.0440109110324185,0.004863739013671875
464,321,2.1171911126728,0.03611303786993769,0.004514932632446289
465,321,2.1370225947965342,-0.0198314821237342,0.004766702651977539
466,321,2.1340457524094627,0.002976842387071521,0.004558563232421875
467,321,2.1351630190079827,-0.0011172665985199615,0.004765748977661133
468,321,2.109070014359424,0.026093004648558793,0.004714012145996094
469,321,2.1598641939252334,-0.05079417956580956,0.004710674285888672
470,321,2.126389738183898,0.03347445574133534,0.004487514495849609
471,321,2.125617957189447,0.0007717809944511878,0.004746675491333008
472,321,2.1077257197965342,0.01789223739291268,0.004431009292602539
473,321,2.1173485491506034,-0.009622829354069218,0.004632234573364258
474,321,2.122370924905082,-0.005022375754478503,0.004454135894775391
475,321,2.132071902076032,-0.009700977170949976,0.004633426666259766
476,321,2.1387654242114484,-0.006693522135416519,0.004496574401855469
477,321,2.125109711168711,0.013655713042737272,0.006154298782348633
478,321,2.1323299229702104,-0.007220211801499232,0.0046579837799072266
479,321,2.1396811416958723,-0.007351218725661912,0.004822969436645508
480,321,2.141876315773462,-0.0021951740775896234,0.004708766937255859
481,321,2.1272868218823016,0.014589493891160377,0.0047397613525390625
482,321,2.126093879295658,0.0011929425866434862,0.00470280647277832
483,321,2.143165659681659,-0.017071780386000768,0.004913330078125
484,321,2.130091586959696,0.013074072721962704,0.004688739776611328
485,321,2.1221494110202492,0.007942175939446905,0.004654884338378906
486,321,2.1302963684652454,-0.008146957444996161,0.004850625991821289
487,321,2.133442055770541,-0.0031456873052957413,0.0047283172607421875
488,321,2.129336918625876,0.004105137144664983,0.004503011703491211
489,321,2.1404922818097742,-0.011155363183898093,0.00460052490234375
490,321,2.128165652076032,0.012326629733742323,0.00455784797668457
491,321,2.1170076269227023,0.011158025153329643,0.005126237869262695
492,321,2.143914623795269,-0.02690699687256659,0.004260540008544922
493,321,2.112200300270152,0.03171432352511694,0.004635334014892578
494,321,2.1186629916277258,-0.006462691357573824,0.004510641098022461
495,321,2.127033554504965,-0.008370562877239252,0.004559040069580078
496,321,2.1063991083162965,0.020634446188668498,0.004431247711181641
497,321,2.1132483556634543,-0.00684924734715775,0.004588127136230469
498,321,2.120151793102609,-0.006903437439154558,0.0042955875396728516
499,321,2.1270442023826908,-0.006892409280081946,0.004440784454345703
500,321,2.099723079122858,0.027321123259832714,0.004618644714355469
501,321,2.1330252674138435,-0.03330218829098541,0.004994392395019531
502,321,2.0912720867406542,0.04175318067318923,0.0048809051513671875
503,321,2.1075291143399535,-0.016257027599299256,0.0050623416900634766
504,321,2.1146483614437304,-0.007119247103776871,0.00472259521484375
505,321,2.1164315006814642,-0.0017831392377338773,0.005224466323852539
506,321,2.118455167871398,-0.002023667189933853,0.004611015319824219
507,321,2.126150160935066,-0.007694993063668054,0.0047931671142578125
508,321,2.1315030011803935,-0.005352840245327339,0.004575967788696289
509,321,2.1364576868550427,-0.004954685674649184,0.0044460296630859375
510,321,2.130043101087909,0.006414585767133829,0.004246950149536133
511,321,2.1042086877555493,0.025834413332359585,0.00429081916809082
512,321,2.089969242844626,0.014239444910923105,0.0040895938873291016
513,321,2.1439693843092873,-0.054000141464661144,0.0041735172271728516
514,321,2.131580578575253,0.012388805734034225,0.0041408538818359375
515,321,2.0941175419222158,0.037463036653037296,0.004146575927734375
516,321,2.1125862858377142,-0.018468743915498465,0.003931999206542969
517,321,2.090272897500487,0.02231338833722729,0.004083156585693359
518,321,2.13857566381912,-0.04830276631863306,0.0040187835693359375
519,321,2.090677326713396,0.04789833710572422,0.0039937496185302734
520,321,2.0861955208941785,0.0044818058192173105,0.004019975662231445
521,321,2.1285660883347934,-0.04237056744061496,0.003923177719116211
522,321,2.1232145790741823,0.00535150926061112,0.003949642181396484
523,321,2.0994912976416473,0.023723281432534993,0.003941774368286133
524,321,2.1158027054736177,-0.01631140783197038,0.004089832305908203
525,321,2.1214609116408685,-0.005658206167250768,0.004406452178955078
526,321,2.1179442598812304,0.003516651759638112,0.0040721893310546875
527,321,2.1055695245570485,0.012374735324181874,0.0048978328704833984
528,321,2.110574787650896,-0.005005263093847301,0.0042955875396728516
529,321,2.1168492397415304,-0.006274452090634597,0.004598140716552734
530,321,2.1237753039208527,-0.006926064179322289,0.0042171478271484375
531,321,2.1080828039816977,0.015692499939155002,0.004546642303466797
532,321,2.1111575688157127,-0.0030747648340150313,0.004728794097900391
533,321,2.1135651300257985,-0.0024075612100857846,0.004669666290283203
534,321,2.1080712054006034,0.005493924625195046,0.004477977752685547
535,321,2.08310763635368,0.02496356904692343,0.004744529724121094
536,321,2.0964716736029985,-0.01336403724931845,0.004383563995361328
537,321,2.096321652611468,0.00015002099153038628,0.0044362545013427734
538,321,2.102881125571943,-0.006559472960474988,0.004370927810668945
539,321,2.1178750486760123,-0.014993923104069218,0.004314899444580078
540,321,2.108530585268205,0.009344463407807257,0.004122734069824219
541,321,2.0890580887363708,0.01947249653183425,0.004303693771362305
542,321,2.1159626137801792,-0.02690452504380847,0.003980875015258789
543,321,2.124827922690323,-0.00886530891014381,0.003960847854614258
544,321,2.1086946766695873,0.016133246020735736,0.0038924217224121094
545,321,2.112883285569996,-0.004188608900408841,0.0037713050842285156
546,321,2.106087277611468,0.006796007958528083,0.005238771438598633
547,321,2.1031121464904596,0.0029751311210084452,0.0040628910064697266
548,321,2.1222113968798677,-0.019099250389408073,0.004376411437988281
549,321,2.109299324011877,0.012912072867990787,0.004002809524536133
550,321,2.0984529394227023,0.01084638458917464,0.00427699089050293
551,321,2.106200031030958,-0.007747091608255818,0.004323005676269531
552,321,2.1193452163648754,-0.013145185333917286,0.004301309585571289
553,321,2.1042682017864096,0.015077014578465775,0.0043468475341796875
554,321,2.0912853965878115,0.012982805198598069,0.00400090217590332
555,321,2.0947368300963785,-0.0034514335085669146,0.0039403438568115234
556,321,2.1203976449936723,-0.025660814897293882,0.003771066665649414
557,321,2.1054033416082554,0.014994303385416963,0.0036897659301757812
558,321,2.108147832092095,-0.0027444904838396234,0.003858804702758789
559,321,2.1328505281347354,-0.024702696042640415,0.0038247108459472656
560,321,2.106803917810553,0.026046610324182318,0.0039501190185546875
561,321,2.0957120616116627,0.011091856198890415,0.003939390182495117
562,321,2.1035855967679127,-0.00787353515625,0.0037806034088134766
563,321,2.1126412364924065,-0.009055639724493858,0.0038285255432128906
564,321,2.097167398327979,0.015473838164427711,0.0038716793060302734
565,321,2.0867815344504477,0.010385863877531154,0.0038547515869140625
566,321,2.12246238256912,-0.03568084811867234,0.0038568973541259766
567,321,2.1366725458162965,-0.0142101632471765,0.003836393356323242
568,321,2.109970710730627,0.02670183508566959,0.003790140151977539
569,321,2.100946254076616,0.009024456654010748,0.003966331481933594
570,321,2.080442434530763,0.02050381954585312,0.003973245620727539
571,321,2.08905960986176,-0.008617175330996929,0.004319190979003906
572,321,2.075107087227414,0.013952522634345765,0.004240751266479492
573,321,2.1006865219163746,-0.0255794346889604,0.004645347595214844
574,321,2.093861992856795,0.006824529059579643,0.004570960998535156
575,321,2.111250737745814,-0.01738874488901887,0.004426479339599609
576,321,2.1229814666082554,-0.01173072886244153,0.004330873489379883
577,321,2.0711455062913746,0.05183596031688076,0.004695892333984375
578,321,2.110880153572819,-0.0397346472814446,0.0043735504150390625
579,321,2.1235465646904204,-0.01266641111760114,0.0045549869537353516
580,321,2.0683707834404204,0.05517578125,0.004392862319946289
581,321,2.0954949209623246,-0.027124137521904235,0.00406193733215332
582,321,2.110976554894373,-0.015481633932048489,0.004277467727661133
583,321,2.089607595283294,0.021368959611078875,0.004221200942993164
584,321,2.060695374866141,0.028912220417153023,0.0040225982666015625
585,321,2.0872253227828077,-0.02652994791666652,0.004265546798706055
586,321,2.0963412371008565,-0.009115914318048812,0.004328489303588867
587,321,2.103862631729459,-0.007521394628602351,0.004648685455322266
588,321,2.0916457131644277,0.012216918565031154,0.004479646682739258
589,321,2.091938339661215,-0.000292626496787296,0.004603385925292969
590,321,2.0998780437719042,-0.007939704110689227,0.004651546478271484
591,321,2.105060898254965,-0.0051828544830607726,0.004430294036865234
592,321,2.0920471001265577,0.013013798128407306,0.004376649856567383
593,321,2.1001830294124804,-0.00813592928592266,0.004477739334106445
594,321,2.095180808569412,0.00500222084306845,0.004390716552734375
595,321,2.1027613369475273,-0.007580528378115403,0.004624605178833008
596,321,2.0815332715756427,0.021228065371884597,0.004639387130737305
597,321,2.085603612977025,-0.004070341401382294,0.004651546478271484
598,321,2.0864678023388823,-0.0008641893618572816,0.0043735504150390625
599,321,2.096504187658197,-0.010036385319314611,0.0043773651123046875
600,321,2.0973394756376558,-0.0008352879794588652,0.0045623779296875
601,321,2.0651412440980335,0.03219823153962231,0.004475831985473633
602,321,2.1048285463517327,-0.03968730225369921,0.004231691360473633
603,321,2.0849259516160434,0.019902594735689227,0.004348278045654297
604,321,2.0855975284754673,-0.0006715768594238725,0.0042035579681396484
605,321,2.1026936468676984,-0.01709611839223113,0.0041120052337646484
606,321,2.0820160387461057,0.020677608121592694,0.004056215286254883
607,321,2.1255867741189642,-0.04357073537285849,0.0039825439453125
608,321,2.084340508481795,0.041246265637169266,0.004179239273071289
609,321,2.095691336278232,-0.011350827796436924,0.004209995269775391
610,321,2.0970654829268884,-0.001374146648656538,0.0039637088775634766
611,321,2.090785706897391,0.006279776029497253,0.004084587097167969
612,321,2.090167179285923,0.0006185276114680782,0.0043332576751708984
613,321,2.0829074182242993,0.007259761061623848,0.004549503326416016
614,321,2.1039776668370327,-0.021070248612733433,0.004118680953979492
615,321,2.0893592715634735,0.014618395273559237,0.004004716873168945
616,321,2.087827688437013,0.0015315831264604007,0.00720977783203125
617,321,2.071671625535436,0.016156062901576895,0.006677865982055664
618,321,2.059262284608645,0.012409340926791135,0.009036779403686523
619,321,2.091527065384054,-0.03226478077540884,0.00736546516418457
620,321,2.084636367370035,0.00689069801401887,0.008916139602661133
621,321,2.085266303421924,-0.0006299360518888797,0.008118629455566406
622,321,2.0823272990289134,0.002939004393010425,0.00520777702331543
623,321,2.0630019713785046,0.01932532765040884,0.006646156311035156
624,321,2.094530717606114,-0.03152874622760926,0.01010751724243164
625,321,2.0373297480407904,0.0572009695653235,0.009114503860473633
626,321,2.1176793939228,-0.08034964588200966,0.007567167282104492
627,321,2.088711082006912,0.028968311915888112,0.009227991104125977
628,321,2.0646259628723715,0.024085119134540367,0.004924297332763672
629,321,2.099050551560066,-0.0344245886876946,0.007027149200439453
630,321,2.0731322861906154,0.025918265369450744,0.004752397537231445
631,321,2.1002488180855723,-0.027116531894956886,0.0069408416748046875
632,321,2.077815070701908,0.022433747383664215,0.0043659210205078125
633,321,2.0664446584160827,0.01137041228582536,0.018920421600341797
634,321,2.0635526187694704,0.002892039646612332,0.009064674377441406
635,321,2.095958293784073,-0.032405675014602675,0.0250856876373291
636,321,2.1085765993112346,-0.012618305527161588,0.02734851837158203
637,321,2.036432093920366,0.07214450539086847,0.028479814529418945
638,321,2.0713042737538943,-0.03487217983352808,0.02735757827758789
639,321,2.075166601258275,-0.003862327504380758,0.012288093566894531
640,321,2.048040562329634,0.027126038928641183,0.005796670913696289
641,321,2.069649099189544,-0.021608536859910377,0.005283355712890625
642,321,2.1029752452054127,-0.033326146015868474,0.0046579837799072266
643,321,2.053924655617212,0.049050589588200744,0.004567146301269531
644,321,2.083852797653816,-0.02992814203660421,0.0041086673736572266
645,321,2.0685464734228973,0.015306324230918822,0.004075288772583008
646,321,2.054490324121398,0.014056149301499232,0.0038976669311523438
647,321,2.051177883445288,0.003312440676110029,0.003924846649169922
648,321,2.0648438640844042,-0.013665980639116171,0.003941774368286133
649,321,2.096365004685066,-0.03152114060066191,0.0040912628173828125
650,321,2.0773752753236954,0.018989729361370777,0.004144906997680664
651,321,2.104166476525993,-0.02679120120229772,0.0039196014404296875
652,321,2.0399936188789916,0.06417285764700154,0.004004001617431641
653,321,2.063957238123053,-0.02396361924406154,0.003990888595581055
654,321,2.087220379125292,-0.023263141002238807,0.003740072250366211
655,321,2.087147174965927,7.320415936495905e-05,0.003985881805419922
656,321,2.0879813221013435,-0.0008341471354165186,0.004015445709228516
657,321,2.0779571057851443,0.010024216316199208,0.004172801971435547
658,321,2.071878878869743,0.006078226915401164,0.004175901412963867
659,321,2.0985185379551208,-0.026639659085377687,0.0038492679595947266
660,321,2.078579436210086,0.019939101745034993,0.003693819046020508
661,321,2.083725783683801,-0.005146347473715007,0.0035355091094970703
662,321,2.0837598188643884,-3.4035180587643765e-05,0.004613399505615234
663,321,2.093703035253602,-0.009943216389213472,0.0045166015625
664,321,2.068606557875779,0.025096477377823057,0.0041768550872802734
665,321,2.090327467873832,-0.021720909998053095,0.004062175750732422
666,321,2.111029223860981,-0.020701755987149184,0.004037141799926758
667,321,2.072698765454634,0.0383304584063473,0.004320859909057617
668,321,2.062411774727414,0.010286990727219614,0.004458189010620117
669,321,2.0539794161312304,0.008432358596183853,0.004952192306518555
670,321,2.0577044620692173,-0.0037250459379869483,0.004369974136352539
671,321,2.059036967910339,-0.0013325058411215451,0.0043926239013671875
672,321,2.078505281347352,-0.01946831343701305,0.0042536258697509766
673,321,2.0511318694022584,0.027373411945093462,0.004016876220703125
674,321,2.0529458114291277,-0.0018139420268692419,0.003907918930053711
675,321,2.0563586463809385,-0.0034128349518107726,0.0039708614349365234
676,321,2.1024824005792446,-0.046123754198306166,0.003899097442626953
677,321,2.061340141890576,0.0411422586886685,0.004119396209716797
678,321,2.06993697216949,-0.008596830278913892,0.004218578338623047
679,321,2.0880898924260123,-0.018152920256522265,0.0041391849517822266
680,321,2.054801964685553,0.03328792774045919,0.0042383670806884766
681,321,2.076117304626655,-0.021315339941101907,0.004376411437988281
682,321,2.0700371763045173,0.006080128322137668,0.004480123519897461
683,321,2.052186769859813,0.01785040644470426,0.0046536922454833984
684,321,2.062035676474883,-0.009848906615069986,0.004300832748413086
685,321,2.0884019132715146,-0.026366236796631526,0.004500389099121094
686,321,2.094075140551986,-0.005673227280471593,0.004343748092651367
687,321,2.0655015606746496,0.028573579877336552,0.0044553279876708984
688,321,2.062836929273754,0.0026646314008957894,0.00417637825012207
689,321,2.0672036999853973,-0.004366770711643486,0.004384279251098633
690,321,2.0511839679468458,0.01601973203855156,0.004062175750732422
691,321,2.076617374598423,-0.02543340665157734,0.003957986831665039
692,321,2.0958542868355723,-0.019236912237149184,0.003825664520263672
693,321,2.0461205218068534,0.049733765028718846,0.0039768218994140625
694,321,2.054893422349591,-0.008772900542737716,0.003882884979248047
695,321,2.0693228177935166,-0.014429395443925408,0.003977060317993164
696,321,2.089421067282418,-0.020098249488901487,0.004075050354003906
697,321,2.049261645735981,0.040159421546436924,0.004370689392089844
698,321,2.0713963018399535,-0.02213465610397236,0.00478053092956543
699,321,2.075569509345794,-0.004173207505840715,0.004500627517700195
700,321,2.0710905556366823,0.004478953709111888,0.004475593566894531
701,321,2.0603468470112927,0.010743708625389647,0.004344940185546875
702,321,2.06722195349007,-0.006875106478777315,0.004332065582275391
703,321,2.060227628808898,0.006994324681171893,0.0049381256103515625
704,321,2.06254810559044,-0.0023204767815419025,0.009178638458251953
705,321,2.0633364288235008,-0.0007883232330607726,0.00813436508178711
706,321,2.0720737730602607,-0.00873734423675998,0.006163597106933594
707,321,2.0928498740508177,-0.020776100990556934,0.0066068172454833984
708,321,2.052240769811137,0.04060910423968078,0.005583763122558594
709,321,2.0851545007058023,-0.03291373089466543,0.006735324859619141
710,321,2.1048144759418808,-0.01965997523607843,0.0051136016845703125
711,321,2.0592155100029204,0.0455989659389604,0.00502467155456543
712,321,2.0427881163600077,0.01642739364291268,0.004757404327392578
713,321,2.0762272059360396,-0.03343908957603192,0.004487037658691406
714,321,2.0614304587105723,0.01479674722546731,0.0042111873626708984
715,321,2.0512491861979165,0.01018127251265577,0.0042591094970703125
716,321,2.0607676283221377,-0.00951844212422115,0.004167795181274414
717,321,2.040873589916764,0.01989403840537385,0.004057884216308594
718,321,2.0684599594163746,-0.027586369499610797,0.0040662288665771484
719,321,2.054110613196067,0.014349346220307702,0.0038366317749023438
720,321,2.0713938300111954,-0.017283216815128455,0.003903627395629883
721,321,2.064121519665109,0.007272310346086552,0.0039327144622802734
722,321,2.0675626855772977,-0.0034411659121889038,0.003888368606567383
723,321,2.0239613375559773,0.04360134802132043,0.004300355911254883
724,321,2.0592822493793808,-0.03532091182340347,0.004612445831298828
725,321,2.082810446480724,-0.023528197101343462,0.004583597183227539
726,321,2.065604426779108,0.01720601970161617,0.004457950592041016
727,321,2.07655462817611,-0.01095020139700198,0.0042536258697509766
728,321,2.0522915373710084,0.024263090805101584,0.0038688182830810547
729,321,2.0620537398388823,-0.009762202467873848,0.0040395259857177734
730,321,2.0601814246251946,0.001872315213687692,0.003942966461181641
731,321,2.061059113974883,-0.0008776893496884597,0.0040585994720458984
732,321,2.029727543625876,0.03133157034900691,0.004079341888427734
733,321,2.042051321249513,-0.0123237776236369,0.00421595573425293
734,321,2.0951140691929515,-0.05306274794343846,0.004362821578979492
735,321,2.075848445714077,0.019265623478874616,0.004408836364746094
736,321,2.0661653417664523,0.009683103947624616,0.00415349006652832
737,321,2.033082956094237,0.03308238567221533,0.003954410552978516
738,321,2.043105461144373,-0.010022505050136132,0.003852367401123047
739,321,2.057520786178446,-0.014415325034073057,0.0036764144897460938
740,321,2.0670015804492796,-0.009480794270833481,0.004034519195556641
741,321,2.0786923797702492,-0.011690799320969614,0.003930807113647461
742,321,2.0444566007715146,0.034235778998734645,0.0042536258697509766
743,321,2.060144917615849,-0.01568831684433425,0.004446268081665039
744,321,2.0590103482160242,0.001134569399824592,0.004042387008666992
745,321,2.0339258497006427,0.025084498515381526,0.0040798187255859375
746,321,2.0361835800598715,-0.0022577303592288267,0.0042133331298828125
747,321,2.0698683313862927,-0.033684751326421125,0.004329681396484375
748,321,2.0580111589758565,0.011857172410436156,0.003980159759521484
749,321,2.058950453903816,-0.000939294927959633,0.003782033920288086
750,321,2.0930508527428935,-0.03410039883907734,0.004129171371459961
751,321,2.046505366530374,0.04654548621251964,0.003743886947631836
752,321,2.0411654558508565,0.0053399106795173346,0.0037446022033691406
753,321,2.0455784307462035,-0.004412974895346977,0.003777027130126953
754,321,2.0202600592022,0.025318371544003515,0.0036895275115966797
755,321,2.06298828125,-0.042728222047800024,0.0036804676055908203
756,321,2.023397190177181,0.03959109107281922,0.003676176071166992
757,321,2.0248241959331192,-0.0014270057559384597,0.0040776729583740234
758,321,2.0342855958552377,-0.009461399922118474,0.0038154125213623047
759,321,2.047396746008567,-0.013111150153329199,0.003997325897216797
760,321,2.0829167351173092,-0.03551998910874232,0.0037860870361328125
761,321,2.06644503869743,0.016471696419879223,0.004246711730957031
762,321,2.062610852012753,0.0038341866846769435,0.0041277408599853516
763,321,2.0551573376046535,0.007453514408099604,0.004189252853393555
764,321,2.02407009802132,0.03108723958333348,0.003709077835083008
765,321,2.041643469504478,-0.017573371483158073,0.0038106441497802734
766,321,2.0322702948549454,0.00937317464953269,0.004396915435791016
767,321,2.0278280382958527,0.004442256559092694,0.003720998764038086
768,321,2.0580119195385516,-0.030183881242698885,0.003756999969482422
769,321,2.0716655410338785,-0.013653621495326895,0.003732919692993164
770,321,2.0427544614607673,0.02891107957311112,0.004019021987915039
771,321,2.054431000231211,-0.011676538770443834,0.004011392593383789
772,321,2.053195656274338,0.0012353439568730806,0.004592418670654297
773,321,2.068671205704829,-0.015475549430490787,0.004231452941894531
774,321,2.052788374951324,0.01588283075350505,0.0039038658142089844
775,321,2.052578459647586,0.00020991530373803968,0.003839731216430664
776,321,2.065887546242212,-0.013309086594626152,0.0037641525268554688
777,321,2.050159680137753,0.015727866104458865,0.003915071487426758
778,321,2.0148265993112346,0.035333080826518426,0.0039370059967041016
779,321,2.039273175866433,-0.02444657655519844,0.0038156509399414062
780,321,2.051635932328174,-0.012362756461740787,0.0037763118743896484
781,321,2.0496459200374804,0.0019900122906935103,0.003815174102783203
782,321,2.041934574875876,0.007711345161604211,0.003908872604370117
783,321,2.0547236267279985,-0.012789051852122313,0.003875255584716797
784,321,2.0493350400360204,0.005388586691978059,0.00412440299987793
785,321,2.022739683727609,0.02659535630841159,0.00445866584777832
786,321,2.018077434409073,0.0046622493185357605,0.00677490234375
787,321,2.0633852949766354,-0.04530786056756231,0.004394054412841797
788,321,2.0130754037066785,0.050309891269956886,0.005934953689575195
789,321,2.0387776692708335,-0.025702265564155002,0.004898786544799805
790,321,2.0317896192318927,0.006988050038940763,0.0043103694915771484
791,321,2.0146322755427377,0.017157343689155002,0.0104217529296875
792,321,2.0133687907661604,0.0012634847765773394,0.004663705825805664
793,321,2.0408005758980723,-0.027431785131911912,0.004702091217041016
794,321,2.0222394236151673,0.018561152282905002,0.007049083709716797
795,321,2.055071964442173,-0.03283254082700582,0.004922628402709961
796,321,2.0449070440274535,0.010164920414719614,0.004388093948364258
797,321,2.0602612837081384,-0.015354239680684945,0.004470109939575195
798,321,2.033825265284268,0.026436018423870333,0.00428462028503418
799,321,2.0374717831240265,-0.0036465178397584452,0.004354000091552734
800,321,2.0159626898364484,0.021509093287578107,0.004528522491455078
801,321,2.035421306099104,-0.01945861626265577,0.0041201114654541016
802,321,2.0138930086034854,0.021528297495618798,0.003898143768310547
803,321,2.0507428415839173,-0.036849832980431874,0.003985166549682617
804,321,1.9877374476732865,0.06300539391063076,0.006490230560302734
805,321,1.984061648169782,0.0036757995035046065,0.004278898239135742
806,321,2.02015091845551,-0.03608927028572806,0.004160165786743164
807,321,2.04185357494889,-0.02170265649337999,0.004100799560546875
808,321,2.0370738186940227,0.004779756254867262,0.0039026737213134766
809,321,2.0325577875535434,0.004516031140479271,0.004004001617431641
810,321,2.020560481466608,0.011997306086935389,0.0041027069091796875
811,321,2.006095909998053,0.014464571468554954,0.004438877105712891
812,321,2.0569214627750196,-0.05082555277696654,0.0043582916259765625
813,321,2.0345497012509735,0.022371761524046185,0.0045316219329833984
814,321,2.0583007432218654,-0.02375104197089195,0.0046732425689697266
815,321,2.0620988031785434,-0.003798059956678035,0.004866123199462891
816,321,2.0299496279327296,0.032149175245813844,0.004597663879394531
817,321,2.0237211898851246,0.006228438047604978,0.004458427429199219
818,321,2.0557551398826908,-0.03203394999756615,0.004293918609619141
819,321,2.0404611747955608,0.01529396508712999,0.003976345062255859
820,321,2.0270695671485592,0.013391607647001535,0.004216670989990234
821,321,2.0070150500146027,0.020054517133956562,0.0040132999420166016
822,321,2.0411192516671535,-0.03410420165255079,0.003685474395751953
823,321,2.0232699860664916,0.017849265600661912,0.0039017200469970703
824,321,2.061177951895931,-0.03790796582943923,0.004093170166015625
825,321,2.058329644604264,0.0028483072916669627,0.004133462905883789
826,321,2.0363718193268108,0.021957825277453047,0.004065275192260742
827,321,2.057318286360981,-0.020946467034170357,0.004043102264404297
828,321,2.0412472163405373,0.016071070020443834,0.00400996208190918
829,321,2.0078509084160827,0.03339630792445458,0.0039899349212646484
830,321,2.0366825091875973,-0.028831600771514587,0.00400090217590332
831,321,2.0604837482963396,-0.023801239108742323,0.006630659103393555
832,321,2.0204330872152454,0.04005066108109423,0.004718303680419922
833,321,2.0093781183070485,0.011054968908196905,0.005082607269287109
834,321,2.04374566479264,-0.03436754648559148,0.0057756900787353516
835,321,2.00612937475662,0.03761629003601996,0.00516819953918457
836,321,2.0550404010903427,-0.048911026333722685,0.0048370361328125
837,321,2.0508820245570485,0.004158376533294206,0.004817962646484375
838,321,2.0527851425598715,-0.0019031180028230565,0.004723787307739258
839,321,2.013002199547313,0.03978294301255847,0.005849123001098633
840,321,1.9903507410922898,0.022651458455023255,0.005036592483520508
841,321,2.02590115270882,-0.035550411616530164,0.0052988529205322266
842,321,2.004339390454634,0.021561762254186156,0.004842281341552734
843,321,2.01589499975662,-0.01155560930198618,0.0045855045318603516
844,321,2.0250341112368573,-0.009139111480237272,0.004457950592041016
845,321,2.0156054155106116,0.009428695726245717,0.004721879959106445
846,321,2.0062136070750585,0.009391808435553095,0.004599571228027344
847,321,2.0235538660922896,-0.01734025901723113,0.0046236515045166016
848,321,1.9916990286093263,0.03185483748296325,0.004617929458618164
849,321,2.0028161735178154,-0.01111714490848903,0.004384279251098633
850,321,2.029595015576324,-0.026778842058508445,0.0044901371002197266
851,321,2.0200537565712615,0.009541259005062308,0.004143238067626953
852,321,2.0344329548773366,-0.014379198306075036,0.004046201705932617
853,321,2.0183729130159658,0.016060041861370777,0.004086732864379883
854,321,2.021089452820775,-0.002716539804809237,0.00404810905456543
855,321,2.030694028670171,-0.009604575849396113,0.004170656204223633
856,321,1.997280417944412,0.03341361072575921,0.003965854644775391
857,321,2.0181711737611954,-0.020890755816783457,0.004244327545166016
858,321,1.998392550744743,0.01977862301645228,0.004389047622680664
859,321,2.003952834465051,-0.005560283720307702,0.0044710636138916016
860,321,2.0253525968652646,-0.021399762400213795,0.004642963409423828
861,321,2.0249850549430493,0.0003675419222153309,0.004599094390869141
862,321,2.0370135441004673,-0.012028489157418054,0.004579305648803711
863,321,2.0169017946237346,0.020111749476732665,0.004712343215942383
864,321,2.0100008290133373,0.006900965610397325,0.0047473907470703125
865,321,1.9726944682754088,0.03730636073792848,0.004955768585205078
866,321,2.0148098669319507,-0.0421153986565419,0.004788875579833984
867,321,2.024166879624221,-0.009357012692270406,0.004866123199462891
868,321,2.040342717155861,-0.016175837531639647,0.004733562469482422
869,321,2.0182626314252334,0.022080085730627363,0.005154132843017578
870,321,2.0255581389335084,-0.007295507508275012,0.005157470703125
871,321,1.9857215762509735,0.03983656268253499,0.005078315734863281
872,321,2.02103126977463,-0.03530969352365654,0.005111217498779297
873,321,2.009969265661507,0.01106200411312308,0.004822969436645508
874,321,1.9811948972327686,0.02877436842873826,0.004792690277099609
875,321,2.0281893055758373,-0.04699440834306867,0.005036115646362305
876,321,2.0264350677205023,0.0017542378553350169,0.005232572555541992
877,321,2.0289802907783296,-0.0025452230578273394,0.004858970642089844
878,321,2.0106033848082165,0.0183769059701131,0.006082773208618164
879,321,2.013949860664914,-0.0033464758566976727,0.009724855422973633
880,321,2.044887269397391,-0.030937408732476968,0.005563497543334961
881,321,1.9850309853241823,0.059856284073208865,0.005931377410888672
882,321,2.0612431701470015,-0.07621218482281922,0.005032777786254883
883,321,1.9770034362222546,0.08423973392474693,0.0053484439849853516
884,321,2.0003447250413746,-0.02334128881912001,0.005113124847412109
885,321,2.0217070297288746,-0.0213623046875,0.00507664680480957
886,321,1.9816035095404985,0.04010352018837615,0.005464792251586914
887,321,2.027465630171826,-0.04586212063132766,0.006980180740356445
888,321,2.0257112021758177,0.0017544279960084452,0.005308628082275391
889,321,1.9839730426158488,0.041738159559968846,0.005359172821044922
890,321,1.9850389712324767,-0.0010659286166279092,0.004613399505615234
891,321,1.99329906237831,-0.00826009114583326,0.005578279495239258
892,321,2.0192907220478,-0.02599165966949002,0.006414651870727539
893,321,2.033352765710183,-0.014062043662383061,0.00524449348449707
894,321,2.0163536190615265,0.016999146648656538,0.00609898567199707
895,321,2.0543604580412773,-0.03800683897975077,0.005280017852783203
896,321,2.0027184412115457,0.051642016829731574,0.004869222640991211
897,321,2.0126011928665304,-0.009882751654984645,0.004613399505615234
898,321,2.0217039874780958,-0.009102794611565379,0.0043752193450927734
899,321,1.9752779096086448,0.046426077869450966,0.004662036895751953
900,321,1.9898862274264992,-0.014608317817854433,0.004308938980102539
901,321,2.047115718092874,-0.057229490666374616,0.005495309829711914
902,321,2.0017597519348715,0.0453559661580023,0.005401611328125
903,321,1.9898269035363123,0.011932848398559237,0.005550861358642578
904,321,2.0206437630816785,-0.03081685954536617,0.00457000732421875
905,321,2.0169909705996885,0.0036527924819900193,0.004634857177734375
906,321,2.0227733386268496,-0.005782368027161144,0.005709648132324219
907,321,2.015959077163649,0.006814261463200744,0.0054705142974853516
908,321,1.9920279719747858,0.0239311051888631,0.004736661911010742
909,321,2.0385529229945485,-0.04652495101976273,0.004782676696777344
910,321,1.9850714852876752,0.0534814377068733,0.0045354366302490234
911,321,2.0189117716851634,-0.03384028639748826,0.005140542984008789
912,321,1.9986693955656152,0.020242376119548267,0.00421905517578125
913,321,2.0441132067148557,-0.045443811149240565,0.004274845123291016
914,321,2.002607018776772,0.041506187938083805,0.004285335540771484
915,321,1.9910863953587423,0.011520623418029619,0.00478816032409668
916,321,2.0227653527185554,-0.031678957359813076,0.004357576370239258
917,321,2.0203766154351634,0.0023887372833919507,0.0044972896575927734
918,321,2.0364012911312304,-0.016024675696066915,0.004170417785644531
919,321,2.03107621142426,0.0053250797069703815,0.004491329193115234
920,321,2.0017122167664523,0.0293639946578077,0.004182338714599609
921,321,2.017191188729069,-0.015478971962616939,0.004191160202026367
922,321,1.993061956958236,0.02412923177083326,0.004221439361572266
923,321,2.0135775652258565,-0.020515608267620555,0.005030393600463867
924,321,1.9899065724785825,0.023670992747274022,0.005562782287597656
925,321,1.9824317623150312,0.0074748101635513375,0.004862546920776367
926,321,1.9807376089125779,0.001694153402453269,0.005110740661621094
927,321,2.000345485604069,-0.019607876691491333,0.0052983760833740234
928,321,2.0089729285314446,-0.008627442927375384,0.0047299861907958984
929,321,1.9899337625949183,0.019039165936526325,0.004864692687988281
930,321,1.9754868742090148,0.014446888385903467,0.004656791687011719
931,321,1.9915849442051208,-0.016098069996105968,0.004782915115356445
932,321,2.0165256963712035,-0.024940752166082714,0.005220890045166016
933,321,1.9949662158051011,0.02155948056610235,0.00573420524597168
934,321,2.012539207006912,-0.017572991201810773,0.005398273468017578
935,321,1.984664964527356,0.027874242479555944,0.00502467155456543
936,321,1.9904081635757398,-0.005743199048383829,0.0047454833984375
937,321,2.0206412912529204,-0.03023312767718056,0.005718231201171875
938,321,1.9964856299284464,0.024155661324473998,0.005334138870239258
939,321,2.001008886414525,-0.004523256486078653,0.004899740219116211
940,321,1.9772061261803933,0.023802760234131748,0.004704475402832031
941,321,2.0150635145906346,-0.03785738841024133,0.004450798034667969
942,321,2.0158455631814642,-0.0007820485908296426,0.004586935043334961
943,321,1.958417375511098,0.05742818767036617,0.004513740539550781
944,321,2.0184755889797508,-0.0600582134686527,0.004842281341552734
945,321,2.0268587011414523,-0.008383112161701511,0.005530118942260742
946,321,1.997296770042348,0.02956193109910421,0.0050220489501953125
947,321,1.9765682042202102,0.02072856582213789,0.005036115646362305
948,321,1.9915263808776285,-0.014958176657418276,0.00468134880065918
949,321,2.010972257715148,-0.019445876837519638,0.004570960998535156
950,321,2.0220911138897,-0.011118856174551883,0.004658222198486328
951,321,2.0006594078563085,0.021431706033391507,0.004273653030395508
952,321,1.9832765573281737,0.01738285052813482,0.004259347915649414
953,321,2.0054307979215342,-0.022154240593360575,0.0044972896575927734
954,321,1.9806946371203271,0.024736160801207108,0.004171133041381836
955,321,2.006654733437987,-0.02596009631765983,0.003972291946411133
956,321,2.023358781761098,-0.01670404832311112,0.005370378494262695
957,321,2.0026172863731504,0.020741495387947673,0.004197835922241211
958,321,2.0109840464369158,-0.008366760063765355,0.004319429397583008
959,321,2.0092511043370327,0.0017329420998830614,0.004284858703613281
960,321,1.9916708877896223,0.017580216547410377,0.0039708614349365234
961,321,1.9873314973349883,0.004339390454634051,0.004025459289550781
962,321,1.9636112581532321,0.023720239181756142,0.003863811492919922
963,321,1.9738256151431075,-0.010214356989875384,0.003980875015258789
964,321,1.9758352119231892,-0.002009596780081724,0.004082679748535156
965,321,2.004380080558801,-0.028544868635611564,0.00430607795715332
966,321,2.0192374826591704,-0.014857402100369566,0.004482746124267578
967,321,1.9963721159462617,0.02286536671290862,0.004824161529541016
968,321,2.0126335167810554,-0.01626140083479366,0.005279541015625
969,321,2.005086643302181,0.007546873478874616,0.0050313472747802734
970,321,1.9736444110810942,0.03144223222108655,0.005779266357421875
971,321,2.016146746008567,-0.042502334927472685,0.0043659210205078125
972,321,1.9621097172532127,0.05403702875535421,0.004288673400878906
973,321,1.9833609797872858,-0.021251262534073057,0.004590749740600586
974,321,1.9753950362636292,0.007965943523656538,0.004373788833618164
975,321,2.0042509750413746,-0.028855938777745394,0.004874706268310547
976,321,1.9421472282053154,0.06210374683605924,0.005012035369873047
977,321,1.998912585487247,-0.05676535728193155,0.005185365676879883
978,321,1.9837353667737538,0.01517721871349309,0.004975795745849609
979,321,1.9958840248369354,-0.01214865806318155,0.0046961307525634766
980,321,1.9868019555588006,0.009082069278134819,0.004593372344970703
981,321,1.9909200222692758,-0.00411806671047521,0.005418300628662109
982,321,1.999050437475662,-0.008130415206386132,0.0044176578521728516
983,321,1.9954879618136683,0.003562475661993636,0.0044097900390625
984,321,2.0065210645443927,-0.011033102730724442,0.0049436092376708984
985,321,2.0170402170341704,-0.010519152489777639,0.004299640655517578
986,321,1.9986214801158488,0.01841873691832152,0.0039958953857421875
987,321,2.0385996976002727,-0.03997821748442387,0.0038919448852539062
988,321,1.984318147938571,0.05428154966170173,0.003731250762939453
989,321,1.9929153584988317,-0.008597210560260748,0.0037755966186523438
990,321,1.9655997493185358,0.027315609180295963,0.003773927688598633
991,321,1.93538962866287,0.03021012065566575,0.003815174102783203
992,321,1.9837967822113511,-0.04840715354848113,0.003939390182495117
993,321,2.0021647515698016,-0.01836796935845042,0.003863811492919922
994,321,1.991892781955802,0.010271969613999454,0.0038535594940185547
995,321,1.997159488475954,-0.005266706520151931,0.00388336181640625
996,321,1.9754410503066588,0.021718438169295196,0.0039272308349609375
997,321,1.9824074243088006,-0.006966374002141729,0.0037670135498046875
998,321,1.9640193000389408,0.018388124269859807,0.0040547847747802734
999,321,1.9983921704633956,-0.034372870424454804,0.0041294097900390625
1000,321,1.9755148248880452,0.022877345575350372,0.005184173583984375
1001,321,1.999847317039038,-0.024332492150992868,0.004592418670654297
1002,321,1.9620678863050038,0.037779430734034225,0.004406929016113281
1003,321,1.9764244578709111,-0.014356571565907306,0.004674434661865234
1004,321,1.9534429152063864,0.02298154266452479,0.004599094390869141
1005,321,1.9689254998418029,-0.015482584635416519,0.004702568054199219
1006,321,2.0012149989047896,-0.032289499062986726,0.004616975784301758
1007,321,2.0066360996519665,-0.0054211007471769435,0.004812479019165039
1008,321,2.006126332505841,0.0005097671461253839,0.0045146942138671875
1009,321,2.01899125048676,-0.012864917980918822,0.004280805587768555
1010,321,1.9977483541423287,0.021242896344431328,0.00397181510925293
1011,321,1.9623772451810748,0.03537110896125384,0.0039179325103759766
1012,321,1.9808553059895833,-0.018478060808508445,0.003904581069946289
1013,321,1.9812104887680102,-0.00035518277842694346,0.004326581954956055
1014,321,1.9800321870132398,0.0011783017547704056,0.004446983337402344
1015,321,1.9889636648778233,-0.008931477864583481,0.004286050796508789
1016,321,1.974175093701324,0.014788571176499232,0.004183053970336914
1017,321,1.9842439930758373,-0.010068899374513274,0.004083871841430664
1018,321,1.9832056348568925,0.0010383582189448237,0.00428318977355957
1019,321,1.9872577227536021,-0.004052087896709633,0.003908634185791016
1020,321,1.971662004417348,0.01559571833625406,0.003764629364013672
1021,321,1.9483104480018496,0.023351556415498465,0.003871917724609375
1022,321,2.0130841501776673,-0.06477370217581768,0.004088640213012695
1023,321,1.96782154309044,0.04526260708722729,0.004091978073120117
1024,321,2.0045434113974885,-0.03672186830704849,0.004315614700317383
1025,321,1.9724710529838396,0.03207235841364886,0.004370212554931641
1026,321,1.9544133932048287,0.01805765977901097,0.004166841506958008
1027,321,1.9833307474201713,-0.028917354215342694,0.004224061965942383
1028,321,1.998353762047313,-0.015023014627141729,0.004303455352783203
1029,321,1.9829845012534073,0.01536926079390577,0.004314422607421875
1030,321,1.972320461570288,0.010664039683119242,0.004129886627197266
1031,321,1.9754129094869548,-0.0030924479166667407,0.004136562347412109
1032,321,1.9759065146758177,-0.0004936051888628779,0.004281520843505859
1033,321,1.9723383347936136,0.0035681798822040367,0.004156827926635742
1034,321,1.9663753331264602,0.005963001667153467,0.004167318344116211
1035,321,1.9703070619767329,-0.003931728850272709,0.004106760025024414
1036,321,1.908097977207457,0.06220908476927578,0.0041043758392333984
1037,321,1.9717353987173871,-0.06363742150993001,0.004230499267578125
1038,321,2.0138272199303935,-0.042091821213006364,0.0042612552642822266
1039,321,1.977611315955997,0.03621590397439656,0.004591941833496094
1040,321,1.9526532609886098,0.024958054967387122,0.00451207160949707
1041,321,1.980869566540109,-0.028216305551499232,0.004575014114379883
1042,321,2.000387316552278,-0.019517750012169044,0.004322528839111328
1043,321,1.9659891574182242,0.03439815913405386,0.00455164909362793
1044,321,1.939926765418127,0.0260623920000973,0.0043756961822509766
1045,321,1.9649947216948989,-0.02506795627677194,0.004337310791015625
1046,321,1.9581243687329635,0.006870352961935389,0.0041010379791259766
1047,321,1.9466533720307633,0.011470996702200198,0.004236459732055664
1048,321,1.9717568846135125,-0.025103512582749232,0.004617929458618164
1049,321,1.9858071395541277,-0.014050254940615181,0.003892660140991211
1050,321,1.9745673539111177,0.01123978564300998,0.00412297248840332
1051,321,1.9570304894373054,0.017536864473812308,0.0038077831268310547
1052,321,1.9799702011536215,-0.022939711716316147,0.0036919116973876953
1053,321,1.9203495013750973,0.059620699778524244,0.0037827491760253906
1054,321,1.9642508913794783,-0.04390139000438098,0.004163265228271484
1055,321,1.9758515640211254,-0.011600672641647103,0.00448155403137207
1056,321,1.9689956617503894,0.0068559022707359585,0.004156351089477539
1057,321,1.982029234508859,-0.013033572758469614,0.004381418228149414
1058,321,1.9576537705656152,0.024375463943243858,0.004242420196533203
1059,321,1.9719023422288746,-0.014248571663259435,0.004106283187866211
1060,321,1.983024050513532,-0.011121708284657306,0.003879070281982422
1061,321,1.9707460967922508,0.012277953721281154,0.003686666488647461
1062,321,1.9753239236516744,-0.00457782685942365,0.0037403106689453125
1063,321,1.9666576920268692,0.008666231624805176,0.003638744354248047
1064,321,1.9534562250535437,0.013201466973325582,0.003756999969482422
1065,321,1.9765826549114096,-0.02312642985786595,0.0036084651947021484
1066,321,1.9469855477876752,0.029597107123734423,0.0038115978240966797
1067,321,1.9526547821139992,-0.005669234326324046,0.0038793087005615234
1068,321,1.9471040054273754,0.005550776686623848,0.003929853439331055
1069,321,1.961702816211546,-0.01459881078417058,0.003745555877685547
1070,321,1.9597321982695677,0.001970617941978281,0.0037708282470703125
1071,321,1.9652755594699183,-0.005543361200350594,0.003978729248046875
1072,321,1.9553030614169586,0.009972498052959633,0.004027605056762695
1073,321,1.9505297699449962,0.004773291471962482,0.003919363021850586
1074,321,1.9763731198890186,-0.025843349944022487,0.0036935806274414062
1075,321,1.9404468001606308,0.03592631972838789,0.0038461685180664062
1076,321,1.988022468543127,-0.04757566838249616,0.003713846206665039
1077,321,1.9824580017279985,0.005564466815128455,0.0036313533782958984
1078,321,1.9878602785484814,-0.0054022768204828875,0.003671884536743164
1079,321,1.9413547218774339,0.0465055566710475,0.0037293434143066406
1080,321,1.9951744198427765,-0.053819697965342694,0.0035936832427978516
1081,321,1.9327276592314058,0.06244676061137078,0.0036275386810302734
1082,321,1.9608956690517914,-0.028168009820385587,0.0035600662231445312
1083,321,1.9800662221938279,-0.01917055314203653,0.003729104995727539
1084,321,1.952795676353193,0.02727054584063482,0.003795623779296875
1085,321,1.9560630536896417,-0.0032673773364486625,0.004304647445678711
1086,321,1.9470081745278427,0.009054879161799034,0.010930061340332031
1087,321,1.9352243964174456,0.011783778110397103,0.01324152946472168
1088,321,1.9147506190980335,0.020473777319412134,0.004949092864990234
1089,321,1.9873389128212617,-0.07258829372322828,0.012968778610229492
