0,421,2.28765767657,Nan,0.0199999809265
1,421,2.06718868881,0.220468987762,0.0150001049042
2,421,1.92531602003,0.141872668776,0.0139999389648
3,421,1.66257634469,0.262739675345,0.0150001049042
4,421,1.59100689741,0.0715694472795,0.0149998664856
5,421,1.92048235461,-0.329475457198,0.0150001049042
6,421,2.07366725894,-0.153184904339,0.0160000324249
7,421,1.89799474141,0.175672517536,0.0239999294281
8,421,1.48762363606,0.410371105348,0.0209999084473
9,421,1.22637620505,0.261247431014,0.0169999599457
10,421,1.06468240552,0.161693799524,0.0160000324249
11,421,1.17057702434,-0.105894618816,0.0150001049042
12,421,1.16640459727,0.00417242707096,0.0149998664856
13,421,1.04939701325,0.117007584017,0.0150001049042
14,421,0.963266186929,0.0861308263203,0.0149998664856
15,421,0.945639277297,0.017626909632,0.0140001773834
16,421,0.962648369071,-0.0170090917737,0.0149998664856
17,421,0.942124101725,0.0205242673462,0.0150001049042
18,421,0.808128375056,0.133995726669,0.0149998664856
19,421,0.608283253577,0.199845121479,0.0150001049042
20,421,0.596588026033,0.0116952275437,0.0150001049042
21,421,0.620454403114,-0.0238663770807,0.0179998874664
22,421,0.634703575007,-0.0142491718936,0.0169999599457
23,421,0.708999525057,-0.0742959500492,0.0150001049042
24,421,0.668409768872,0.0405897561841,0.0160000324249
25,421,0.704616157006,-0.0362063881337,0.0139999389648
26,421,0.656904424454,0.0477117325518,0.0160000324249
27,421,0.541553778207,0.115350646248,0.0149998664856
28,421,0.515258027935,0.0262957502714,0.0210001468658
29,421,0.556495358429,-0.0412373304933,0.0230000019073
30,421,0.473984344555,0.0825110138737,0.0179998874664
31,421,0.513794960149,-0.0398106155939,0.0210001468658
32,421,0.491794649609,0.0220003105399,0.0159997940063
33,421,0.523357799104,-0.0315631494952,0.0199999809265
34,421,0.518684876503,0.00467292260104,0.0170001983643
35,421,0.472376517615,0.0463083588879,0.0189998149872
36,421,0.422885885714,0.0494906319009,0.0160000324249
37,421,0.346666277163,0.0762196085515,0.0150001049042
38,421,0.332325153849,0.0143411233136,0.0160000324249
39,421,0.333939214783,-0.00161406093425,0.0169999599457
40,421,0.3797702744,-0.0458310596167,0.0190000534058
41,421,0.373565710072,0.00620456432787,0.0179998874664
42,421,0.340456312456,0.0331093976164,0.018000125885
43,421,0.337811359034,0.00264495342191,0.0159997940063
44,421,0.33395672071,0.00385463832393,0.0160000324249
45,421,0.423506530617,-0.0895498099067,0.0150001049042
46,421,0.368310706349,0.0551958242675,0.0149998664856
47,421,0.321356766581,0.0469539397686,0.0150001049042
48,421,0.353352598793,-0.0319958322122,0.0150001049042
49,421,0.49126494129,-0.137912342497,0.0149998664856
50,421,0.514133842994,-0.0228689017035,0.0150001049042
51,421,0.573258207416,-0.0591243644225,0.0149998664856
52,421,0.511630133042,0.0616280743742,0.0150001049042
53,421,0.386627197266,0.125002935777,0.0190000534058
54,421,0.317699731387,0.0689274658783,0.0159997940063
55,421,0.283878788529,0.0338209428583,0.0150001049042
56,421,0.339023109853,-0.0551443213239,0.0150001049042
57,421,0.380669963048,-0.0416468531955,0.0149998664856
58,421,0.260795013355,0.119874949693,0.0150001049042
59,421,0.321464049278,-0.0606690359229,0.0139999389648
60,421,0.245445740761,0.0760183085172,0.0149998664856
61,421,0.282702701958,-0.0372569611973,0.0140001773834
62,421,0.296743107522,-0.0140404055634,0.0149998664856
63,421,0.258878984247,0.0378641232742,0.0140001773834
64,421,0.237599370599,0.0212796136489,0.0149998664856
65,421,0.258153158809,-0.02055378821,0.0150001049042
66,421,0.259984757158,-0.00183159834982,0.0139999389648
67,421,0.244247255303,0.0157375018557,0.0150001049042
68,421,0.259646164267,-0.015398908964,0.0149998664856
69,421,0.266650655207,-0.0070044909407,0.0139999389648
70,421,0.317908099032,-0.0512574438245,0.0150001049042
71,421,0.245553240923,0.0723548581085,0.0149998664856
72,421,0.305781566049,-0.0602283251257,0.0140001773834
73,421,0.263227920351,0.042553645698,0.0149998664856
74,421,0.318404498972,-0.0551765786214,0.0140001773834
75,421,0.256113537134,0.0622909618387,0.0149998664856
76,421,0.268677500818,-0.0125639636839,0.0139999389648
77,421,0.307658904522,-0.0389814037042,0.0150001049042
78,421,0.222334456274,0.085324448248,0.0149998664856
79,421,0.22050378215,0.00183067412388,0.0150001049042
80,421,0.359748496013,-0.139244713863,0.0190000534058
81,421,0.286415299441,0.0733331965721,0.0230000019073
82,421,0.273772377866,0.0126429215746,0.0190000534058
83,421,0.325191108178,-0.0514187303122,0.0159997940063
84,421,0.243457585786,0.0817335223925,0.0150001049042
85,421,0.241851589176,0.00160599660987,0.0139999389648
86,421,0.220045492938,0.0218060962378,0.0150001049042
87,421,0.237235189334,-0.0171896963958,0.0190000534058
88,421,0.212508937809,0.0247262515252,0.0159997940063
89,421,0.213307958317,-0.000799020508972,0.0150001049042
90,421,0.313684241506,-0.100376283188,0.0140001773834
91,421,0.264475426028,0.0492088154772,0.0149998664856
92,421,0.24633209156,0.018143334468,0.0169999599457
93,421,0.263057047284,-0.0167249557241,0.0220000743866
94,421,0.268619256461,-0.0055622091769,0.0179998874664
95,421,0.278019540384,-0.00940028392221,0.0190000534058
96,421,0.203293227243,0.0747263131402,0.0160000324249
97,421,0.190761339636,0.0125318876072,0.0150001049042
98,421,0.190467761984,0.000293577651796,0.0149998664856
99,421,0.209441739986,-0.0189739780018,0.0139999389648
100,421,0.23766263477,-0.0282208947841,0.0150001049042
101,421,0.20863166501,0.0290309697602,0.0150001049042
102,421,0.261003272267,-0.0523716072572,0.0149998664856
103,421,0.173792025822,0.0872112464452,0.0150001049042
104,421,0.215639345436,-0.0418473196143,0.0149998664856
105,421,0.206810215024,0.00882913041285,0.0160000324249
106,421,0.165047634243,0.041762580781,0.0150001049042
107,421,0.244729900587,-0.0796822663441,0.0139999389648
108,421,0.318384166002,-0.0736542654151,0.0149998664856
109,421,0.232170467422,0.0862136985797,0.0150001049042
110,421,0.241963275538,-0.00979280811591,0.0150001049042
111,421,0.212041297605,0.0299219779334,0.0149998664856
112,421,0.192132220415,0.019909077189,0.0150001049042
113,421,0.256105074124,-0.0639728537082,0.0149998664856
114,421,0.184210154336,0.0718949197873,0.0150001049042
115,421,0.23167187471,-0.0474617203737,0.0149998664856
116,421,0.202917810291,0.0287540644195,0.0150001049042
117,421,0.187569697509,0.0153481127814,0.0150001049042
118,421,0.240999253515,-0.0534295560062,0.0149998664856
119,421,0.231872812303,0.00912644121256,0.0139999389648
120,421,0.242247592808,-0.0103747805054,0.0150001049042
121,421,0.209406673767,0.0328409190416,0.0169999599457
122,421,0.218241693855,-0.00883502008796,0.018000125885
123,421,0.170075024675,0.0481666691796,0.0159997940063
