0,141,2.32228705224,Nan,0.0179998874664
1,141,2.09145338992,0.230833662317,0.0130000114441
2,141,1.84485231224,0.246601077682,0.0130000114441
3,141,1.68944717299,0.155405139247,0.0140001773834
4,141,1.61157194097,0.0778752320202,0.0130000114441
5,141,1.5968317343,0.0147402066711,0.0130000114441
6,141,1.87273455681,-0.275902822508,0.0139999389648
7,141,1.63995188179,0.232782675019,0.0130000114441
8,141,1.37602645116,0.263925430623,0.0130000114441
9,141,1.24306904678,0.132957404387,0.0130000114441
10,141,1.11590457132,0.127164475461,0.0149998664856
11,141,0.955681658806,0.160222912511,0.0130000114441
12,141,0.854188202121,0.101493456685,0.0130000114441
13,141,0.856341639309,-0.00215343718833,0.0130000114441
14,141,0.831664119206,0.0246775201026,0.0139999389648
15,141,0.966855529352,-0.135191410146,0.0130000114441
16,141,0.788991616973,0.177863912379,0.0139999389648
17,141,0.643568106577,0.145423510396,0.0130000114441
18,141,0.738858216198,-0.0952901096209,0.018000125885
19,141,0.644030253092,0.0948279631053,0.0139999389648
20,141,0.760452486945,-0.116422233852,0.0139999389648
21,141,0.649216347552,0.111236139392,0.0140001773834
22,141,0.651808231435,-0.00259188388256,0.0139999389648
23,141,0.588625048915,0.0631831825202,0.0139999389648
24,141,0.586754494525,0.00187055438968,0.0139999389648
25,141,1.03125183971,-0.444497345187,0.0140001773834
26,141,1.6223237599,-0.591071920192,0.0130000114441
27,141,1.65641600697,-0.0340922470634,0.0139999389648
28,141,1.15627694637,0.500139060595,0.0139999389648
29,141,0.729988152254,0.426288794118,0.0139999389648
30,141,0.526098373088,0.203889779165,0.0130000114441
31,141,0.594363219349,-0.0682648462607,0.0140001773834
32,141,0.438613296401,0.155749922949,0.0139999389648
33,141,0.51488164807,-0.0762683516699,0.0130000114441
34,141,0.415960514799,0.0989211332713,0.0139999389648
35,141,0.580616132587,-0.164655617788,0.0130000114441
36,141,0.437980218982,0.142635913605,0.0139999389648
37,141,0.412107914052,0.0258723049299,0.0130000114441
38,141,0.500473563553,-0.0883656495006,0.0150001049042
39,141,0.490352387124,0.0101211764288,0.0130000114441
40,141,0.385012795739,0.105339591385,0.0139999389648
41,141,0.365373868469,0.0196389272703,0.0139999389648
42,141,0.391172368476,-0.0257985000069,0.0150001049042
43,141,0.349759527977,0.0414128404983,0.0139999389648
44,141,0.338832584679,0.0109269432988,0.0130000114441
45,141,0.323838254239,0.01499433044,0.0139999389648
46,141,0.32228413034,0.00155412389877,0.0140001773834
47,141,0.46088003605,-0.13859590571,0.0139999389648
48,141,0.483975457807,-0.0230954217573,0.0139999389648
49,141,0.570365040015,-0.0863895822079,0.0139999389648
50,141,0.431979646074,0.138385393941,0.0140001773834
51,141,0.352356903942,0.0796227421321,0.0139999389648
52,141,0.339682017658,0.0126748862841,0.0139999389648
53,141,0.37258434972,-0.0329023320624,0.0140001773834
54,141,0.36609825513,0.00648609458977,0.0139999389648
55,141,0.451012036479,-0.0849137813487,0.0139999389648
56,141,0.351901007037,0.0991110294423,0.0190000534058
57,141,0.394137064616,-0.0422360575791,0.0160000324249
58,141,0.397590339607,-0.00345327499065,0.0139999389648
59,141,0.315291059778,0.0822992798284,0.0139999389648
60,141,0.489587337413,-0.174296277635,0.0140001773834
61,141,0.434008118109,0.0555792193041,0.0139999389648
62,141,0.194513063904,0.239495054204,0.0149998664856
63,141,0.4367252918,-0.242212227896,0.0140001773834
64,141,0.284364822063,0.152360469737,0.0139999389648
65,141,0.240114523164,0.0442502988991,0.0139999389648
66,141,0.283136624816,-0.0430221016525,0.0139999389648
67,141,0.290984025238,-0.00784740042179,0.0150001049042
68,141,0.255602951591,0.0353810736474,0.0139999389648
69,141,0.29335660461,-0.037753653019,0.018000125885
70,141,0.230484198171,0.0628724064387,0.0139999389648
71,141,0.328886424396,-0.0984022262249,0.0139999389648
72,141,0.262281512538,0.0666049118583,0.0139999389648
73,141,0.289472891084,-0.0271913785461,0.0140001773834
74,141,0.359465795206,-0.069992904122,0.0149998664856
75,141,0.38899431161,-0.0295285164042,0.0140001773834
76,141,0.326505539265,0.0624887723449,0.0209999084473
77,141,0.223599359499,0.102906179766,0.0199999809265
78,141,0.274788281596,-0.0511889220975,0.0179998874664
79,141,0.347998057697,-0.0732097761005,0.0140001773834
80,141,0.342913066242,0.00508499145508,0.0190000534058
81,141,0.278158309612,0.0647547566299,0.0159997940063
82,141,0.253015207061,0.0251431025512,0.018000125885
83,141,0.26764649195,-0.0146312848896,0.0169999599457
84,141,0.252051820146,0.015594671804,0.0169999599457
85,141,0.241277897612,0.0107739225347,0.0169999599457
86,141,0.292150916783,-0.0508730191711,0.0170001983643
87,141,0.309878220795,-0.0177273040122,0.0169999599457
88,141,0.286706288656,0.0231719321393,0.0199999809265
89,141,0.242825636627,0.0438806520286,0.0190000534058
90,141,0.234814772369,0.00801086425781,0.0179998874664
91,141,0.230861609709,0.00395316265999,0.0190000534058
92,141,0.167868999725,0.0629926099845,0.0190000534058
93,141,0.231911895968,-0.0640428962437,0.0179998874664
94,141,0.20125945071,0.0306524452588,0.0190000534058
95,141,0.264434408634,-0.0631749579247,0.0169999599457
96,141,0.394767084866,-0.130332676231,0.0199999809265
97,141,0.162802987065,0.231964097801,0.0190000534058
98,141,0.286841264008,-0.124038276943,0.0199999809265
99,141,0.217469235684,0.0693720283238,0.0199999809265
100,141,0.217053000809,0.000416234875402,0.0199999809265
101,141,0.307641861287,-0.090588860478,0.018000125885
102,141,0.212702852614,0.0949390086722,0.0189998149872
103,141,0.285256351985,-0.0725534993706,0.0190000534058
104,141,0.179552132356,0.105704219629,0.0190000534058
105,141,0.248223568531,-0.0686714361745,0.0190000534058
106,141,0.197650733569,0.0505728349618,0.0169999599457
107,141,0.243616198817,-0.0459654652481,0.0199999809265
108,141,0.287186318255,-0.0435701194384,0.0179998874664
109,141,0.265534367122,0.0216519511338,0.0210001468658
110,141,0.177571546947,0.0879628201748,0.0179998874664
111,141,0.222631549159,-0.045060002212,0.0199999809265
112,141,0.275409184449,-0.0527776352903,0.0169999599457
113,141,0.24264177363,0.0327674108194,0.0190000534058
114,141,0.231830894524,0.0108108791054,0.0190000534058
115,141,0.308040510678,-0.0762096161538,0.018000125885
116,141,0.402083998876,-0.0940434881981,0.0209999084473
117,141,0.2089571175,0.193126881376,0.0160000324249
118,141,0.355959303836,-0.147002186336,0.021999835968
119,141,0.194662608153,0.161296695682,0.0200002193451
120,141,0.20169766744,-0.00703505928635,0.0179998874664
121,141,0.15431997962,0.0473776878195,0.0209999084473
122,141,0.138495857834,0.0158241217863,0.0160000324249
123,141,0.203791814493,-0.065295956659,0.018000125885
124,141,0.234245922549,-0.0304541080556,0.0139999389648
125,141,0.157130721613,0.0771152009355,0.0150001049042
126,141,0.136223177538,0.0209075440752,0.0130000114441
127,141,0.204849838365,-0.0686266608272,0.0139999389648
128,141,0.170069498373,0.0347803399918,0.0139999389648
129,141,0.159142690347,0.0109268080258,0.0140001773834
130,141,0.204714660103,-0.045571969756,0.0139999389648
131,141,0.329594199539,-0.124879539436,0.0139999389648
132,141,0.264549688245,0.0650445112945,0.0139999389648
133,141,0.198214537708,0.0663351505361,0.0140001773834
134,141,0.208774647814,-0.0105601101057,0.0139999389648
135,141,0.141179632633,0.0675950151809,0.0139999389648
136,141,0.146123304435,-0.00494367180141,0.0150001049042
137,141,0.154370436432,-0.00824713199697,0.0189998149872
138,141,0.192299349088,-0.0379289126565,0.0150001049042
139,141,0.147817895768,0.0444814533207,0.0179998874664
140,141,0.19543933192,-0.0476214361529,0.0150001049042
141,141,0.196938399727,-0.00149906780703,0.0139999389648
142,141,0.187172720618,0.00976567910918,0.0150001049042
143,141,0.1892238644,-0.00205114378151,0.0130000114441
144,141,0.327620810651,-0.138396946251,0.0139999389648
145,141,0.176574057721,0.15104675293,0.0260000228882
146,141,0.226649494036,-0.0500754363148,0.0199999809265
147,141,0.151428926076,0.0752205679603,0.0209999084473
148,141,0.225292002901,-0.0738630768255,0.0160000324249
149,141,0.184732951171,0.0405590517301,0.0140001773834
150,141,0.229443516292,-0.0447105651206,0.0209999084473
151,141,0.210006416267,0.0194371000249,0.0149998664856
152,141,0.198165149553,0.0118412667132,0.0140001773834
153,141,0.131967760992,0.0661973885611,0.0139999389648
154,141,0.153532758672,-0.0215649976798,0.0139999389648
155,141,0.186667936068,-0.0331351773959,0.0140001773834
156,141,0.153671846322,0.0329960897459,0.0139999389648
157,141,0.159442198192,-0.00577035186984,0.0149998664856
158,141,0.163207493775,-0.00376529558331,0.0140001773834
159,141,0.167145059464,-0.00393756568855,0.0139999389648
160,141,0.253582568879,-0.086437509415,0.0139999389648
161,141,0.116206662875,0.137375906004,0.0130000114441
162,141,0.212177777121,-0.0959711142466,0.0150001049042
163,141,0.250532082632,-0.0383543055108,0.0149998664856
164,141,0.21524831082,0.0352837718125,0.0160000324249
165,141,0.178203163418,0.0370451474021,0.0220000743866
166,141,0.174445754247,0.00375740917016,0.0199999809265
167,141,0.220866047744,-0.0464202934969,0.0149998664856
168,141,0.113618945399,0.107247102345,0.0139999389648
169,141,0.10077093679,0.012848008609,0.0130000114441
170,141,0.229725235743,-0.128954298953,0.0139999389648
171,141,0.146353566055,0.0833716696881,0.0139999389648
172,141,0.118152483135,0.0282010829195,0.0130000114441
173,141,0.127704430979,-0.00955194784394,0.0140001773834
174,141,0.190446501928,-0.0627420709488,0.0130000114441
175,141,0.186150314115,0.0042961878134,0.0139999389648
176,141,0.188227741431,-0.00207742731622,0.0130000114441
177,141,0.218303910384,-0.0300761689531,0.0139999389648
178,141,0.141466343656,0.0768375667274,0.0130000114441
179,141,0.209215515894,-0.0677491722377,0.0130000114441
180,141,0.171990888339,0.0372246275557,0.0139999389648
181,141,0.263610812789,-0.0916199244506,0.0130000114441
182,141,0.144295550407,0.119315262382,0.0130000114441
183,141,0.0970218739611,0.0472736764461,0.0130000114441
184,141,0.132121417539,-0.0350995435782,0.0139999389648
185,141,0.150475684633,-0.0183542670933,0.0130000114441
186,141,0.192687717735,-0.0422120331027,0.0139999389648
187,141,0.145606007136,0.047081710599,0.018000125885
188,141,0.150227161164,-0.00462115402763,0.0139999389648
189,141,0.293082189898,-0.142855028734,0.0139999389648
190,141,0.103773347029,0.189308842869,0.0140001773834
191,141,0.125738617376,-0.0219652703468,0.0130000114441
192,141,0.19403350776,-0.0682948903835,0.0139999389648
193,141,0.231546523723,-0.0375130159635,0.0130000114441
194,141,0.119327355784,0.112219167939,0.0139999389648
195,141,0.177623275324,-0.0582959195401,0.0169999599457
196,141,0.162778286224,0.0148449891002,0.0140001773834
197,141,0.137987948479,0.0247903377452,0.0130000114441
198,141,0.266438693865,-0.128450745386,0.0139999389648
199,141,0.202098792326,0.0643399015386,0.0139999389648
200,141,0.173862376112,0.0282364162147,0.0139999389648
201,141,0.18534982289,-0.0114874467782,0.0130000114441
202,141,0.255405642462,-0.0700558195723,0.0139999389648
203,141,0.194779132275,0.0606265101872,0.0140001773834
204,141,0.101375620416,0.093403511859,0.0149998664856
205,141,0.119963084552,-0.0185874641364,0.0199999809265
206,141,0.246373819121,-0.126410734569,0.0169999599457
207,141,0.229970269169,0.0164035499519,0.0169999599457
208,141,0.143132108323,0.0868381608463,0.0130000114441
209,141,0.121041751077,0.0220903572461,0.0150001049042
210,141,0.083194137465,0.037847613612,0.0130000114441
211,141,0.106795398902,-0.0236012614365,0.0130000114441
212,141,0.147760999964,-0.0409656010621,0.0130000114441
213,141,0.108626555044,0.0391344449199,0.0130000114441
214,141,0.169869470258,-0.0612429152144,0.0139999389648
215,141,0.14054997762,0.0293194926377,0.0130000114441
216,141,0.166251581611,-0.0257016039909,0.0139999389648
217,141,0.121310349052,0.0449412325595,0.0130000114441
218,141,0.100520323354,0.0207900256975,0.0130000114441
219,141,0.124760012255,-0.0242396889003,0.0139999389648
220,141,0.149753029465,-0.0249930172102,0.0140001773834
221,141,0.0940757981429,0.0556772313219,0.0129997730255
222,141,0.143846525368,-0.0497707272252,0.0140001773834
223,141,0.102362193114,0.0414843322537,0.0130000114441
224,141,0.145780752737,-0.0434185596223,0.0189998149872
225,141,0.102036780499,0.0437439722372,0.0130000114441
226,141,0.0703092263945,0.0317275541049,0.0140001773834
227,141,0.122228094872,-0.0519188684775,0.0130000114441
228,141,0.185352176639,-0.0631240817672,0.0130000114441
229,141,0.178076507352,0.00727566928728,0.0139999389648
230,141,0.103475029587,0.074601477765,0.0139999389648
231,141,0.112823344292,-0.00934831470462,0.0140001773834
232,141,0.314811977089,-0.201988632797,0.0130000114441
233,141,0.292342463284,0.0224695138052,0.0139999389648
234,141,0.267383331948,0.0249591313355,0.0139999389648
235,141,0.168665351597,0.098717980351,0.0139999389648
236,141,0.207524617513,-0.0388592659159,0.0130000114441
237,141,0.188898749385,0.0186258681277,0.0140001773834
238,141,0.11679619593,0.0721025534555,0.0130000114441
239,141,0.0874278359379,0.0293683599918,0.0139999389648
240,141,0.160796578049,-0.0733687421109,0.0130000114441
241,141,0.27762917593,-0.116832597881,0.0139999389648
242,141,0.117962316418,0.159666859512,0.0130000114441
243,141,0.118415007355,-0.000452690936149,0.0139999389648
244,141,0.185951814584,-0.0675368072293,0.0139999389648
245,141,0.0851158656127,0.100835948971,0.0130000114441
246,141,0.0943383426531,-0.00922247704039,0.0140001773834
247,141,0.115496763946,-0.0211584212932,0.0130000114441
248,141,0.0989315560523,0.016565207894,0.0139999389648
249,141,0.1501015467,-0.0511699906478,0.0139999389648
250,141,0.128079962223,0.022021584477,0.0130000114441
251,141,0.150987165194,-0.0229072029709,0.0139999389648
252,141,0.121856283634,0.0291308815598,0.0130000114441
253,141,0.170338312785,-0.0484820291506,0.0140001773834
254,141,0.149245471819,0.0210928409658,0.0129997730255
255,141,0.180424250609,-0.0311787787904,0.0140001773834
256,141,0.0899815255023,0.0904427251072,0.0130000114441
257,141,0.130030219437,-0.0400486939342,0.0139999389648
258,141,0.194034224706,-0.0640040052698,0.0130000114441
259,141,0.0660005528876,0.128033671819,0.0139999389648
260,141,0.119387403448,-0.05338685056,0.0139999389648
261,141,0.0944192426424,0.0249681608051,0.0200002193451
262,141,0.159173965454,-0.0647547228117,0.0199999809265
263,141,0.145647955279,0.0135260101751,0.0159997940063
264,141,0.127446465458,0.0182014898205,0.018000125885
265,141,0.116297999172,0.0111484662861,0.0160000324249
266,141,0.129873803321,-0.013575804149,0.0179998874664
267,141,0.15972018411,-0.0298463807884,0.0140001773834
268,141,0.15790779709,0.00181238702003,0.0149998664856
269,141,0.0764099012875,0.0814978958022,0.0139999389648
270,141,0.163319026325,-0.0869091250372,0.0130000114441
271,141,0.108990398705,0.0543286276202,0.0140001773834
272,141,0.0584439284413,0.0505464702633,0.0129997730255
273,141,0.116858096833,-0.0584141683917,0.0140001773834
274,141,0.166705165349,-0.0498470685161,0.0130000114441
275,141,0.109498497442,0.0572066679068,0.0139999389648
276,141,0.104142899209,0.00535559823327,0.0139999389648
277,141,0.0994783428544,0.0046645563545,0.0130000114441
278,141,0.0973041886134,0.00217415424103,0.0139999389648
279,141,0.102379136052,-0.00507494743834,0.0130000114441
280,141,0.0982845793379,0.00409455671378,0.0140001773834
281,141,0.16660283136,-0.0683182520224,0.0130000114441
282,141,0.106422735444,0.0601800959161,0.0139999389648
283,141,0.154100188127,-0.0476774526826,0.0179998874664
284,141,0.18882325355,-0.0347230654236,0.0130000114441
285,141,0.168050644246,0.0207726093049,0.0140001773834
286,141,0.0917525595807,0.0762980846649,0.0139999389648
287,141,0.0745441761423,0.0172083834384,0.0139999389648
288,141,0.0848432162129,-0.0102990400707,0.0139999389648
289,141,0.1230521777,-0.0382089614868,0.0130000114441
290,141,0.176705042521,-0.0536528648214,0.018000125885
291,141,0.236315084687,-0.0596100421662,0.0130000114441
292,141,0.072282459719,0.164032624968,0.0139999389648
293,141,0.063772952303,0.00850950741599,0.0130000114441
294,141,0.115419644836,-0.051646692533,0.0139999389648
295,141,0.0569935386063,0.0584261062297,0.0139999389648
296,141,0.0989930037911,-0.0419994651849,0.0130000114441
297,141,0.133894007257,-0.0349010034656,0.0140001773834
298,141,0.0811590776376,0.0527349296191,0.0139999389648
299,141,0.13009341896,-0.0489343413224,0.0160000324249
300,141,0.0801271140998,0.0499663048602,0.0160000324249
301,141,0.111792320901,-0.031665206801,0.0139999389648
302,141,0.150407818192,-0.0386154972915,0.0130000114441
303,141,0.0859522312245,0.0644555869677,0.0139999389648
304,141,0.139763744165,-0.0538115129403,0.0130000114441
305,141,0.105011770911,0.0347519732536,0.0130000114441
306,141,0.0856439644563,0.0193678064549,0.0130000114441
307,141,0.0735033995716,0.0121405648847,0.0130000114441
308,141,0.149157787891,-0.0756543883195,0.0139999389648
309,141,0.109486661059,0.0396711268324,0.0130000114441
310,141,0.0770113113079,0.0324753497509,0.0139999389648
311,141,0.192341770686,-0.115330459378,0.0130000114441
312,141,0.15408211566,0.0382596550258,0.0130000114441
313,141,0.114318022491,0.0397640931691,0.0139999389648
314,141,0.158655518336,-0.0443374958444,0.0130000114441
315,141,0.0736967452029,0.0849587731328,0.0130000114441
316,141,0.0532334036861,0.0204633415168,0.0140001773834
317,141,0.124414038151,-0.0711806344648,0.0139999389648
318,141,0.114840987726,0.00957305042456,0.0139999389648
319,141,0.0865658563925,0.0282751313338,0.0130000114441
320,141,0.105316006545,-0.018750150153,0.0130000114441
321,141,0.120200082765,-0.0148840762199,0.0139999389648
322,141,0.315223071592,-0.195022988827,0.0130000114441
323,141,0.163919854671,0.151303216921,0.0130000114441
324,141,0.157374023546,0.00654583112568,0.0130000114441
325,141,0.181846699816,-0.0244726762704,0.0139999389648
326,141,0.128059481898,0.053787217918,0.0130000114441
327,141,0.0862419182527,0.0418175636454,0.0130000114441
328,141,0.146751958428,-0.060510040175,0.0130000114441
329,141,0.0924800710475,0.0542718873802,0.0130000114441
330,141,0.0990618983059,-0.00658182725839,0.0130000114441
331,141,0.0933757538491,0.0056861444568,0.0139999389648
332,141,0.129739463752,-0.0363637099029,0.0130000114441
333,141,0.102119202309,0.0276202614426,0.0130000114441
334,141,0.0468128691328,0.0553063331766,0.0140001773834
335,141,0.0843636533047,-0.0375507841719,0.0130000114441
336,141,0.0647539991014,0.0196096542034,0.0129997730255
337,141,0.0887481878835,-0.0239941887822,0.0130000114441
338,141,0.173495840519,-0.0847476526355,0.0160000324249
339,141,0.152364325016,0.0211315155029,0.0150001049042
340,141,0.0883596230906,0.0640047019255,0.0139999389648
341,141,0.135369618734,-0.0470099956431,0.0130000114441
342,141,0.113606608506,0.0217630102279,0.0139999389648
343,141,0.0879809467505,0.0256256617553,0.0140001773834
344,141,0.113827171055,-0.0258462243046,0.0130000114441
345,141,0.0681175272515,0.0457096438036,0.0139999389648
346,141,0.0709867003962,-0.00286917314462,0.018000125885
347,141,0.0450490721574,0.0259376282388,0.0149998664856
348,141,0.0480165549204,-0.00296748276298,0.0150001049042
349,141,0.119880946815,-0.0718643918951,0.0130000114441
350,141,0.136038908722,-0.0161579619063,0.0139999389648
351,141,0.105515879097,0.030523029625,0.0130000114441
352,141,0.161316296733,-0.0558004176363,0.0139999389648
353,141,0.0587790874725,0.102537209261,0.0139999389648
354,141,0.0641089838447,-0.00532989637226,0.0130000114441
355,141,0.159514515112,-0.0954055312677,0.0140001773834
356,141,0.0994261613129,0.0600883537996,0.0130000114441
357,141,0.0991032512475,0.000322910065347,0.0139999389648
358,141,0.140452148221,-0.0413488969735,0.0149998664856
359,141,0.10365613978,0.0367960084415,0.0130000114441
360,141,0.0882508771639,0.0154052626157,0.0140001773834
361,141,0.130751778893,-0.0425009017295,0.0139999389648
362,141,0.0652728114568,0.0654789674367,0.0139999389648
363,141,0.0856731563595,-0.0204003449027,0.0130000114441
364,141,0.129810657907,-0.0441375015475,0.0139999389648
365,141,0.0812408027919,0.0485698551151,0.0140001773834
366,141,0.0783016461853,0.00293915660669,0.0129997730255
367,141,0.0998455209935,-0.0215438748082,0.0160000324249
368,141,0.084985584232,0.0148599367615,0.0160000324249
369,141,0.0797623979284,0.00522318630354,0.0139999389648
370,141,0.04294744451,0.0368149534185,0.0160000324249
371,141,0.0709674172368,-0.0280199727268,0.018000125885
