0,401,2.265355136329099,Nan,0.011607885360717773
1,401,2.2986751565909445,-0.03332002026184533,0.006100893020629883
2,401,2.300907125496805,-0.0022319689058605263,0.0059392452239990234
3,401,2.2589688194065616,0.041938306090243405,0.0053272247314453125
4,401,2.292766770817098,-0.03379795141053643,0.005408525466918945
5,401,2.2426887188766367,0.05007805194046133,0.005130290985107422
6,401,2.289085026691085,-0.04639630781444826,0.005270242691040039
7,401,2.3031826257111128,-0.014097599020027829,0.005064964294433594
8,401,2.2981827657418954,0.004999859969217368,0.005433320999145508
9,401,2.2826875986303774,0.015495167111517993,0.005623340606689453
10,401,2.2725018812831204,0.01018571734725704,0.005502939224243164
11,401,2.3130312037289587,-0.04052932244583829,0.0052263736724853516
12,401,2.281652892914199,0.031378310814759836,0.0059473514556884766
13,401,2.2733620051433916,0.00829088777080722,0.005269527435302734
14,401,2.301415954742051,-0.02805394959865959,0.005159854888916016
15,401,2.281383790280159,0.020032164461892155,0.005039215087890625
16,401,2.2672880177485975,0.014095772531561579,0.005155801773071289
17,401,2.265710388335801,0.0015776294127962665,0.005059242248535156
18,401,2.2706240989323567,-0.004913710596555543,0.005140542984008789
19,401,2.2866198760910224,-0.015995777158665625,0.005129814147949219
20,401,2.287840883630767,-0.001221007539744523,0.005391359329223633
21,401,2.2938611418231765,-0.006020258192409589,0.0053484439849853516
22,401,2.275065053430876,0.018796088392300625,0.005215883255004883
23,401,2.285306478676356,-0.010241425245480329,0.005201816558837891
24,401,2.2769909333112532,0.008315545365102928,0.0052564144134521484
25,401,2.2598325962437658,0.017158337067487484,0.005048990249633789
26,401,2.2710041607407265,-0.011171564496960773,0.005417346954345703
27,401,2.2668148050284445,0.004189355712282072,0.005160331726074219
28,401,2.247758137614947,0.01905666741349732,0.005262851715087891
29,401,2.2882083122272445,-0.040450174612297385,0.005172252655029297
30,401,2.2943628173219297,-0.006154505094685181,0.005357980728149414
31,401,2.2698431229056264,0.024519694416303306,0.00538945198059082
32,401,2.2576602926278055,0.012182830277820855,0.0049953460693359375
33,401,2.2747251743687658,-0.017064881740960214,0.004989147186279297
34,401,2.258851771937344,0.015873402431421546,0.0050656795501708984
35,401,2.2652254556479896,-0.006373683710645395,0.0052928924560546875
36,401,2.2739400887429864,-0.00871463309499676,0.009525775909423828
37,401,2.2750988434675032,-0.001158754724516875,0.005341768264770508
38,401,2.2385712050440305,0.03652763842347273,0.005674123764038086
39,401,2.2794401021372352,-0.04086889709320474,0.005385398864746094
40,401,2.270660324286939,0.008779777850296266,0.004851102828979492
41,401,2.2648488946091803,0.005811429677758717,0.004530906677246094
42,401,2.2809216886981765,-0.0160727940889962,0.0051097869873046875
43,401,2.2745168024762314,0.0064048862219450164,0.004408597946166992
44,401,2.2765388774158355,-0.002022074939604046,0.004617214202880859
45,401,2.266858336336892,0.009680541078943339,0.005313873291015625
46,401,2.2495741237725997,0.017284212564292467,0.0047454833984375
47,401,2.248297103919888,0.0012770198527118914,0.00459742546081543
48,401,2.2645738558876247,-0.016276751967736924,0.004841804504394531
49,401,2.2653712703105517,-0.000797414422927023,0.004476308822631836
50,401,2.282304340467191,-0.016933070156639474,0.005196571350097656
51,401,2.255238216714074,0.02706612375311712,0.0050106048583984375
52,401,2.25993761933058,-0.004699402616505921,0.004915475845336914
53,401,2.251011722402977,0.008925896927602928,0.004687070846557617
54,401,2.2619928754773224,-0.010981153074345329,0.005229949951171875
55,401,2.2486684899080425,0.01332438556927995,0.004736661911010742
56,401,2.2715795046076215,-0.022911014699579013,0.004878044128417969
57,401,2.2603950024840245,0.011184502123597007,0.004937410354614258
58,401,2.274749831963061,-0.014354829479036546,0.0049533843994140625
59,401,2.2874227699793486,-0.01267293801628755,0.005586862564086914
60,401,2.255191793465555,0.032230976513793586,0.00516510009765625
61,401,2.2736798141365338,-0.018488020670978766,0.004929065704345703
62,401,2.2739081251948257,-0.0002283110582919079,0.005013942718505859
63,401,2.2497570770339776,0.02415104816084801,0.0056514739990234375
64,401,2.2800562375798785,-0.03029916054590087,0.0051422119140625
65,401,2.2527385150405235,0.02731772253935505,0.0051233768463134766
66,401,2.2499721460508884,0.002766368989635115,0.005266666412353516
67,401,2.2498375947338682,0.00013455131702011514,0.004856586456298828
68,401,2.2418512739148224,0.007986320819045822,0.0048825740814208984
69,401,2.2565657694143546,-0.014714495499532187,0.004903554916381836
70,401,2.248592995051434,0.007972774362920543,0.0051496028900146484
71,401,2.261046297829645,-0.012453302778210773,0.004976034164428711
72,401,2.264502014007949,-0.0034557161783039803,0.005385398864746094
73,401,2.2644420443033044,5.996970464439144e-05,0.00515437126159668
74,401,2.2598246814604113,0.004617362842893158,0.005400180816650391
75,401,2.2712514977205425,-0.0114268162601312,0.005604743957519531
76,401,2.233398589707372,0.03785290801317043,0.0068399906158447266
77,401,2.248790864635287,-0.01539227492791495,0.0051534175872802734
78,401,2.242772280723971,0.006018583911315822,0.005101919174194336
79,401,2.2520913292939526,-0.009319048569981447,0.004885435104370117
80,401,2.257407171767846,-0.005315842473893273,0.004775047302246094
81,401,2.258993933622974,-0.0015867618551279605,0.004436969757080078
82,401,2.2823128640800343,-0.02331893045706046,0.004526615142822266
83,401,2.251803657360505,0.03050920671952939,0.004388332366943359
84,401,2.2539369958891835,-0.0021333385286785855,0.004572391510009766
85,401,2.2588213304629052,-0.004884334573721727,0.0044057369232177734
86,401,2.2581132617674564,0.0007080686954488158,0.004542112350463867
87,401,2.2592963696715245,-0.0011831079040680592,0.0044362545013427734
88,401,2.225931752649626,0.033364617021898635,0.004584550857543945
89,401,2.2624260576585877,-0.03649430500896189,0.004418611526489258
90,401,2.248319173988856,0.014106883669731562,0.0045125484466552734
91,401,2.254619189331359,-0.006300015342502796,0.004370212554931641
92,401,2.218249085538108,0.03637010379325112,0.004487037658691406
93,401,2.2692317058915212,-0.05098262035341339,0.004499912261962891
94,401,2.2400153485914123,0.029216357300108964,0.004789829254150391
95,401,2.240830114654769,-0.0008147660633568421,0.0047419071197509766
96,401,2.2358845927174253,0.0049455219373437664,0.005125522613525391
97,401,2.255802145028055,-0.019917552310629638,0.004704475402832031
98,401,2.2404343754870637,0.015367769540991283,0.0049555301666259766
99,401,2.2366281257305953,0.0038062497564683717,0.004874229431152344
100,401,2.2586648612842892,-0.022036735553693898,0.005123138427734375
101,401,2.22339354251091,0.03527131877337908,0.00488734245300293
102,401,2.258107630094685,-0.03471408758377503,0.00489044189453125
103,401,2.2629173830560316,-0.004809752961346447,0.004853010177612305
104,401,2.2551735285808916,0.007743854475140033,0.00473785400390625
105,401,2.235439233946384,0.0197342946345076,0.004445791244506836
106,401,2.2321465318637,0.0032927020826840625,0.004793405532836914
107,401,2.23862873943072,-0.006482207567020115,0.00470280647277832
108,401,2.2449524991232854,-0.006323759692565378,0.004758596420288086
109,401,2.2437336224867517,0.00121887663653375,0.004819393157958984
110,401,2.244297246385988,-0.0005636238992363651,0.004617214202880859
111,401,2.227314556626013,0.016982689759974967,0.0044460296630859375
112,401,2.256088599302525,-0.028774042676511957,0.00465703010559082
113,401,2.244120077004754,0.011968522297771234,0.0044634342193603516
114,401,2.2288488069377337,0.015271270067020115,0.004540443420410156
115,401,2.2287577869291613,9.102000857241777e-05,0.0044460296630859375
116,401,2.24842419707567,-0.019666410146508717,0.004789113998413086
117,401,2.2345200536257015,0.013904143449968487,0.0047893524169921875
118,401,2.2363867248382947,-0.0018666712125932072,0.004673480987548828
119,401,2.2210678138637783,0.015318910974516431,0.0045397281646728516
120,401,2.238763442955112,-0.01769562909133393,0.004781484603881836
121,401,2.2772125472451683,-0.0384491042900561,0.0046274662017822266
122,401,2.2424733454449814,0.03473920180018686,0.0058972835540771484
123,401,2.2294456120441084,0.013027733400873043,0.005537748336791992
124,401,2.226954586190773,0.0024910258533354934,0.005326747894287109
125,401,2.243162997048395,-0.016208410857621924,0.004898786544799805
126,401,2.2189609594178616,0.02420203763053319,0.0048596858978271484
127,401,2.2482202391969297,-0.02925927977906806,0.004713773727416992
128,401,2.219209361849283,0.029010877347646513,0.005057334899902344
129,401,2.2647170830248595,-0.04550772117557633,0.005103111267089844
130,401,2.227916232368298,0.03680085065656158,0.005236625671386719
131,401,2.2440652823507636,-0.01614904998246569,0.005176067352294922
132,401,2.2192655263696226,0.024799755981141036,0.005568742752075195
133,401,2.2140095013930017,0.005256024976620921,0.005601167678833008
134,401,2.231417762965633,-0.0174082615726312,0.005347013473510742
135,401,2.2001820704586192,0.031235692507013635,0.004957914352416992
136,401,2.2342348170102087,-0.03405274655158941,0.005125999450683594
137,401,2.243125706242207,-0.008890889231998322,0.0049626827239990234
138,401,2.221114693734414,0.022011012507793026,0.004816293716430664
139,401,2.227036169342269,-0.0059214756078551645,0.004735231399536133
140,401,2.2542875294673475,-0.02725136012507834,0.004860877990722656
141,401,2.240192974594763,0.014094554872584375,0.004677295684814453
142,401,2.226553824179785,0.013639150414978207,0.011089801788330078
143,401,2.250830291215321,-0.024276467035535987,0.005179405212402344
144,401,2.2097446508241116,0.04108564039120921,0.005237102508544922
145,401,2.2270933993142146,-0.017348748490102928,0.004898786544799805
146,401,2.217915142563513,0.009178256750701497,0.005460500717163086
147,401,2.237099816377026,-0.019184673813513076,0.0046689510345458984
148,401,2.220231586560941,0.016868229816084934,0.00489354133605957
149,401,2.227134343097335,-0.006902756536393717,0.004910469055175781
150,401,2.219839956992285,0.007294386105050066,0.004936933517456055
151,401,2.2304026920004674,-0.0105627350081825,0.004568815231323242
152,401,2.236227820341724,-0.00582512834125648,0.004830598831176758
153,401,2.238753701683292,-0.002525881341568059,0.004611968994140625
154,401,2.237120516579645,0.0016331851036470724,0.004802703857421875
155,401,2.2162116376539123,0.020908878925732566,0.004496335983276367
156,401,2.235619447475062,-0.01940780982114987,0.00449371337890625
157,401,2.2231924765722413,0.012426970902820855,0.0047664642333984375
158,401,2.2230276359881547,0.00016484058408661184,0.004922628402709961
159,401,2.2306177610173785,-0.007590125029223849,0.004884004592895508
160,401,2.2419109392047227,-0.01129317818734421,0.004928112030029297
161,401,2.215343903425031,0.02656703577969166,0.004686832427978516
162,401,2.245143975997506,-0.029800072572474967,0.004595041275024414
163,401,2.209914818666225,0.03522915733128107,0.004640817642211914
164,401,2.2227690356627963,-0.0128542169965713,0.005297183990478516
165,401,2.221994756760443,0.0007742789023534868,0.004456520080566406
166,401,2.2132335482095544,0.008761208550888355,0.0046539306640625
167,401,2.2075817840652276,0.005651764144326776,0.004525184631347656
168,401,2.2287870107446226,-0.02120522667939495,0.004553079605102539
169,401,2.2293914262196073,-0.0006044154749846875,0.004746198654174805
170,401,2.228679095717737,0.0007123305018703618,0.00471806526184082
171,401,2.214629289812578,0.01404980590515903,0.005099058151245117
172,401,2.2215306764826215,-0.0069013866700435855,0.004863739013671875
173,401,2.2342483634663344,-0.012717686983712895,0.004535198211669922
174,401,2.1969090031269483,0.03733936033938612,0.005078792572021484
175,401,2.210846936613544,-0.013937933486595888,0.005112886428833008
176,401,2.215486217318033,-0.004639280704489046,0.005263090133666992
177,401,2.2295851862044107,-0.014098968886377516,0.005221128463745117
178,401,2.1894426226913186,0.04014256351309209,0.005607128143310547
179,401,2.2000408220172227,-0.010598199325904112,0.0051076412200927734
180,401,2.2291638761981765,-0.029123054180953734,0.005150556564331055
181,401,2.205509480692799,0.0236543955053774,0.005431652069091797
182,401,2.2070291190967892,-0.0015196384039901645,0.004992246627807617
183,401,2.201176593428538,0.005852525668251118,0.00516057014465332
184,401,2.210452110690072,-0.00927551726153375,0.0050258636474609375
185,401,2.2331486652022288,-0.022696554512156908,0.004909515380859375
186,401,2.2409611652022288,-0.0078125,0.0048143863677978516
187,401,2.222092930515508,0.01886823468672061,0.004767179489135742
188,401,2.2447849188064994,-0.022691988290991283,0.0048825740814208984
189,401,2.2157104187772756,0.02907450002922385,0.0048253536224365234
190,401,2.1990991150054553,0.016611303771820296,0.00479435920715332
191,401,2.215095653200982,-0.01599653819552671,0.004868745803833008
192,401,2.218106162815617,-0.003010509614635115,0.004830837249755859
193,401,2.2241451425148067,-0.0060389796991895395,0.004709720611572266
194,401,2.233342120772288,-0.009196978257481447,0.0046961307525634766
195,401,2.2107610916556264,0.02258102911666171,0.004525661468505859
196,401,2.193554048229037,0.017207043426589408,0.004510641098022461
197,401,2.2119816425732544,-0.01842759434421737,0.004455089569091797
198,401,2.207793200105206,0.004188442468048503,0.00441431999206543
199,401,2.2259118134838682,-0.018118613378662385,0.004128694534301758
200,401,2.234699049495402,-0.00878723601153375,0.004411935806274414
201,401,2.2205795326137783,0.014119516881623717,0.0041790008544921875
202,401,2.1965570996824346,0.02402243293134365,0.0045545101165771484
203,401,2.202995014904146,-0.006437915221711332,0.004552125930786133
204,401,2.2109811835158197,-0.007986168611673783,0.00488591194152832
205,401,2.238088251052057,-0.027107067536237484,0.004760026931762695
206,401,2.211861703163965,0.02622654788809209,0.004536867141723633
207,401,2.2119974721399625,-0.00013576897599731907,0.004655361175537109
208,401,2.2092752432882636,0.002722228851698816,0.00489497184753418
209,401,2.2135063038205267,-0.004231060532263076,0.004580259323120117
210,401,2.20057400444202,0.012932299378506595,0.004812002182006836
211,401,2.2278727010598502,-0.02729869661783013,0.004794597625732422
212,401,2.1938668343788965,0.034005866680953734,0.005054950714111328
213,401,2.221671772716646,-0.02780493833774944,0.004867076873779297
214,401,2.210212231871493,0.011459540845152993,0.004775524139404297
215,401,2.1698769738252026,0.040335258046290345,0.004654645919799805
216,401,2.215710875399392,-0.04583390157418954,0.0045506954193115234
217,401,2.1903659126110506,0.02534496278834153,0.0044345855712890625
218,401,2.1985360999357075,-0.008170187324656908,0.0046732425689697266
219,401,2.2022058196793175,-0.003669719743609967,0.0044519901275634766
220,401,2.1907511494700747,0.011454670209242845,0.004523277282714844
221,401,2.210796860388092,-0.020045710918017434,0.004481315612792969
222,401,2.193802298453086,0.016994561935006036,0.0045528411865234375
223,401,2.197991045335879,-0.004188746882793026,0.004416465759277344
224,401,2.1904409508455425,0.007550094490336612,0.004586219787597656
225,401,2.184396035058837,0.006044915786705296,0.004556894302368164
226,401,2.1786057622058137,0.00579027285302347,0.004713773727416992
227,401,2.2107350641949814,-0.03212930198916775,0.004342079162597656
228,401,2.187431202267768,0.023303861927213454,0.004304409027099609
229,401,2.1801547766326372,0.007276425635130757,0.004258155822753906
230,401,2.220957463518937,-0.04080268688629962,0.004016876220703125
231,401,2.2160735855673317,0.0048838779516051645,0.004222869873046875
232,401,2.211074182220231,0.004999403347100806,0.004143714904785156
233,401,2.2048601640430174,0.006214018177213454,0.003985404968261719
234,401,2.2044423548063437,0.0004178092366737829,0.0043010711669921875
235,401,2.222164011358323,-0.017721656551979326,0.004242897033691406
236,401,2.190571240356141,0.03159277100218194,0.004328489303588867
237,401,2.1982013959242517,-0.0076301555681106414,0.0042569637298583984
238,401,2.1973350315617206,0.0008663643625310691,0.0043125152587890625
239,401,2.2052656444825436,-0.007930612920822977,0.0044209957122802734
240,401,2.1778506614323567,0.02741498305018686,0.004451751708984375
241,401,2.194522848153055,-0.016672186720698257,0.010622739791870117
242,401,2.2032297186720697,-0.008706870519014753,0.00568699836730957
243,401,2.2025711173725844,0.0006586012994853618,0.00537109375
244,401,2.196450250107154,0.006120867265430263,0.00498652458190918
245,401,2.203037328553616,-0.0065870784464618914,0.004780769348144531
246,401,2.1906459741758884,0.012391354377727648,0.005465507507324219
247,401,2.1846652899002494,0.0059806842756389145,0.005004405975341797
248,401,2.182762088918329,0.0019032009819204276,0.00524592399597168
249,401,2.183098315003507,-0.0003362260851780263,0.0061872005462646484
250,401,2.198296221117129,-0.01519790611362204,0.005032539367675781
251,401,2.1900175099360975,0.008278711181031628,0.004590511322021484
252,401,2.185675794644249,0.004341715291848569,0.004465579986572266
253,401,2.1800002861498595,0.0056755084943893586,0.004221677780151367
254,401,2.1751868802115806,0.004813405938278947,0.0044400691986083984
255,401,2.1946977344237064,-0.01951085421212584,0.004111766815185547
256,401,2.196147509643859,-0.0014497752201525493,0.00439000129699707
257,401,2.1797451865940616,0.016402323049797385,0.0046765804290771484
258,401,2.173548824472023,0.006196362122038668,0.0048487186431884766
259,401,2.1749708979504363,-0.0014220734784133882,0.00477290153503418
260,401,2.1870850827033976,-0.012114184752961332,0.0047473907470703125
261,401,2.191011119661783,-0.003926036958385559,0.004590511322021484
262,401,2.192610514728803,-0.001599395067019671,0.004742145538330078
263,401,2.190200463197475,0.0024100515313278947,0.004548311233520508
264,401,2.1691704272034755,0.02103003599399944,0.005067586898803711
265,401,2.173030558369701,-0.003860131166225411,0.004761457443237305
266,401,2.174720821237921,-0.0016902628682200493,0.00482630729675293
267,401,2.1797619294050032,-0.005041108167082253,0.004864692687988281
268,401,2.202160157467659,-0.02239822806265579,0.004942178726196289
269,401,2.1969873899236285,0.00517276754403051,0.005011081695556641
270,401,2.1877993919011067,0.009187998022521793,0.0051729679107666016
271,401,2.1995647173569983,-0.011765325455891595,0.004861354827880859
272,401,2.1930873804258884,0.006477336931109967,0.00493311882019043
273,401,2.191468046193111,0.0016193342327772697,0.0048961639404296875
274,401,2.178746401817721,0.012721644375389918,0.005037784576416016
275,401,2.1801773033237217,-0.0014309015060005592,0.004892110824584961
276,401,2.1790862808798317,0.0010910224438900329,0.005151987075805664
277,401,2.209393812831203,-0.03030753195137148,0.005515098571777344
278,401,2.177143658188513,0.0322501546426901,0.005185842514038086
279,401,2.188543685951138,-0.01140002776262472,0.004855155944824219
280,401,2.165725061126481,0.022818624824656908,0.005252838134765625
281,401,2.1892812828767925,-0.02355622175031158,0.004742860794067383
282,401,2.181161780607076,0.00811950226971625,0.004751920700073242
283,401,2.1715202046154145,0.00964157599166171,0.004755973815917969
284,401,2.2074376436837593,-0.03591743906834477,0.00500798225402832
285,401,2.2148760179629052,-0.007438374279145954,0.004914760589599609
286,401,2.183549914276808,0.03132610368609745,0.004755496978759766
287,401,2.1956257427719765,-0.01207582849516875,0.005398750305175781
288,401,2.174902404632949,0.020723338139027714,0.0049021244049072266
289,401,2.159980298277743,0.014922106355205855,0.004944562911987305
290,401,2.1575393486498595,0.0024409496278834375,0.005048036575317383
291,401,2.1901680430271977,-0.032628694377338174,0.005164623260498047
292,401,2.145054995567721,0.04511304745947653,0.0048940181732177734
293,401,2.192195901846945,-0.04714090627922385,0.004861116409301758
294,401,2.1952321345074814,-0.003036232660536431,0.005040645599365234
295,401,2.165532062178538,0.02970007232894334,0.004680633544921875
296,401,2.173148214668407,-0.007616152489868799,0.00474238395690918
297,401,2.1827865943052527,-0.009638379636845773,0.0044367313385009766
298,401,2.1934222366447162,-0.010635642339463569,0.004585981369018555
299,401,2.156825800489012,0.03659643615570429,0.0044977664947509766
300,401,2.193244154019249,-0.036418353530236924,0.00514674186706543
301,401,2.1720585620908666,0.02118559192838232,0.0049457550048828125
302,401,2.1584092137819515,0.013649348308915066,0.0050182342529296875
303,401,2.183578072640664,-0.02516885885871245,0.0048406124114990234
304,401,2.1536352295530703,0.02994284308759365,0.00490570068359375
305,401,2.173270284980907,-0.019635055427836612,0.004761934280395508
306,401,2.1780462479056264,-0.00477596292471949,0.004790306091308594
307,401,2.1789881071247663,-0.0009418592191399178,0.004984617233276367
308,401,2.164004661198566,0.014983445926200378,0.011652708053588867
309,401,2.158017736420667,0.00598692477789875,0.0054433345794677734
310,401,2.1595229151242985,-0.0015051787036313158,0.010338544845581055
311,401,2.1928803783997037,-0.03335746327540523,0.009264469146728516
312,401,2.160534333112531,0.032346045287172664,0.014073610305786133
313,401,2.182380200621493,-0.02184586750896189,0.005209684371948242
314,401,2.1736110772872506,0.008769123334242401,0.00970602035522461
315,401,2.1851560064682043,-0.011544929180953734,0.013141393661499023
316,401,2.1751203655899314,0.010035640878272911,0.00543665885925293
317,401,2.1714192911276498,0.0037010744622816283,0.004998683929443359
318,401,2.1704847378623753,0.0009345532652744737,0.009030342102050781
319,401,2.1862356133591803,-0.015750875496804984,0.017077922821044922
320,401,2.175700732300109,0.0105348810590713,0.00551152229309082
321,401,2.158514389076138,0.017186343223971168,0.01482081413269043
322,401,2.155599009069124,0.002915380007013635,0.010939598083496094
323,401,2.1939841862628584,-0.03838517719373424,0.009876251220703125
324,401,2.1792005886163497,0.014783597646508717,0.0105133056640625
325,401,2.198208549670745,-0.019007961054395395,0.006614208221435547
326,401,2.15840982261144,0.039798727059304984,0.005674123764038086
327,401,2.151797325533822,0.00661249707761824,0.021759986877441406
328,401,2.156681355692799,-0.004884030158977204,0.015516996383666992
329,401,2.1801911541945915,-0.023509798501792467,0.00734710693359375
330,401,2.1585116493434384,0.02167950485115311,0.007916927337646484
331,401,2.188284933418407,-0.029773284074968487,0.008044719696044922
332,401,2.189048710012079,-0.0007637765936721053,0.007979869842529297
333,401,2.1750835314058605,0.013965178606218487,0.007959842681884766
334,401,2.1831660472841334,-0.008082515878272911,0.008076906204223633
335,401,2.1517907806168175,0.03137526666731594,0.007952451705932617
336,401,2.169500108371649,-0.017709327754831694,0.012001991271972656
337,401,2.1644430184304864,0.005057089941162829,0.0080108642578125
338,401,2.179312613242285,-0.014869594811798503,0.007924556732177734
339,401,2.159485928732855,0.019826684509429704,0.00806736946105957
340,401,2.1613185054940773,-0.001832576761222171,0.00805044174194336
341,401,2.1726179241836814,-0.011299418689604046,0.008001089096069336
342,401,2.1590134770495637,0.013604447134117681,0.027091503143310547
343,401,2.1755256938220855,-0.016512216772521793,0.005925178527832031
344,401,2.179187650989713,-0.0036619571676275164,0.0056307315826416016
345,401,2.172996311710957,0.006191339278756036,0.00552678108215332
346,401,2.160912872847179,0.012083438863777829,0.0053293704986572266
347,401,2.1606285494759194,0.0002843233712597204,0.005112409591674805
348,401,2.145178435746571,0.015450113729348569,0.005045175552368164
349,401,2.1639484966782265,-0.018770060931655674,0.004889488220214844
350,401,2.1547216857757947,0.009226810902431826,0.0051059722900390625
351,401,2.154146646323644,0.0005750394521508717,0.004844188690185547
352,401,2.1404170847295823,0.013729561594061579,0.004923582077026367
353,401,2.165867679434227,-0.025450594704644836,0.004874229431152344
354,401,2.1735593267807043,-0.007691647346477204,0.004965782165527344
355,401,2.1498259356491585,0.023733391131545822,0.004734039306640625
356,401,2.145035969646197,0.004789966002961332,0.004843473434448242
357,401,2.162078781318189,-0.017042811671991842,0.00479435920715332
358,401,2.1680323726815773,-0.005953591363388355,0.004808664321899414
359,401,2.1541851547888093,0.013847217892767993,0.004759788513183594
360,401,2.1572504590574346,-0.0030653042686252796,0.004904985427856445
361,401,2.162937078689994,-0.005686619632559342,0.0049440860748291016
362,401,2.1658281055174564,-0.0028910268274624507,0.004919767379760742
363,401,2.15114800888404,0.014680096633416628,0.004671335220336914
364,401,2.1476247126324814,0.003523296251558339,0.004656314849853516
365,401,2.1582153015897756,-0.010590588957294145,0.0054700374603271484
366,401,2.1310328914043017,0.02718241018547385,0.004866600036621094
367,401,2.1459903098698567,-0.014957418465554984,0.0046350955963134766
368,401,2.140338393518158,0.005651916351698816,0.0045108795166015625
369,401,2.148205231550031,-0.007866838031873158,0.005253314971923828
370,401,2.1564398025931264,-0.008234571043095329,0.0049932003021240234
371,401,2.1595366137877963,-0.0030968111946698684,0.0049784183502197266
372,401,2.158430066191942,0.001106547595854046,0.004762411117553711
373,401,2.140029260345231,0.018400805846711332,0.0046613216400146484
374,401,2.1449621490706825,-0.004932888725451612,0.005524158477783203
375,401,2.160928093584398,-0.01596594451371569,0.0054569244384765625
376,401,2.124794367840165,0.036133725744233125,0.005000591278076172
377,401,2.1656803121590555,-0.04088594431889048,0.006402492523193359
378,401,2.1600665998577773,0.005613712301278273,0.005269527435302734
379,401,2.158257006409757,0.0018095934480202303,0.0052165985107421875
380,401,2.1661086237044107,-0.007851617294653668,0.00702357292175293
381,401,2.1414502683720387,0.02465835533237204,0.0062046051025390625
382,401,2.158609823098504,-0.01715955472646513,0.00619053840637207
383,401,2.1520606442877184,0.006549178810785428,0.005409717559814453
384,401,2.15663006180837,-0.004569417520651431,0.0057942867279052734
385,401,2.147826235193267,0.008803826615102928,0.0052640438079833984
386,401,2.17336480575904,-0.02553857056577291,0.005164384841918945
387,401,2.123740940617207,0.04962386514183281,0.004976987838745117
388,401,2.159311955706437,-0.035571015089229885,0.008438587188720703
389,401,2.151094888511144,0.008217067195293026,0.007725715637207031
390,401,2.1497971684558137,0.0012977200553301316,0.005762577056884766
391,401,2.154258670949579,-0.0044615024937653125,0.005537271499633789
392,401,2.17008001845971,-0.0158213475101312,0.005418300628662109
393,401,2.14871908363856,0.021360934821150313,0.005228996276855469
394,401,2.149700668981842,-0.0009815853432821875,0.0052988529205322266
395,401,2.1706045250642925,-0.02090385608245038,0.005008220672607422
396,401,2.176662378477634,-0.00605785341334153,0.005084991455078125
397,401,2.159153203417238,0.017509175060395954,0.005072832107543945
398,401,2.162676499668797,-0.003523296251558783,0.005138397216796875
399,401,2.1546440600159755,0.0080324396528213,0.005548715591430664
400,401,2.1366041378487375,0.018039922167238043,0.005699634552001953
401,401,2.1284360814272913,0.008168056421446135,0.006402730941772461
402,401,2.146547084437344,-0.018111003010052862,0.005532503128051758
403,401,2.1501295893566863,-0.003582504919342089,0.005110740661621094
404,401,2.1590305242752494,-0.008900934918563141,0.005060911178588867
405,401,2.1364569533198257,0.022573570955423783,0.005246877670288086
406,401,2.1401910567818736,-0.003734103462047944,0.006110668182373047
407,401,2.1503909294147445,-0.010199872632870921,0.0061206817626953125
408,401,2.1636142492888872,-0.013223319874142714,0.005584239959716797
409,401,2.1319083882091645,0.03170586107972273,0.005522966384887695
410,401,2.1443527107524156,-0.012444322543251118,0.00551605224609375
411,401,2.1476241038029924,-0.0032713930505767763,0.00547480583190918
412,401,2.1459721971925654,0.001651906610427023,0.006135225296020508
413,401,2.154557758435941,-0.008585561243375839,0.005254268646240234
414,401,2.133065316445215,0.021492441990726086,0.005899190902709961
415,401,2.1492799678050964,-0.016214651359881316,0.00515294075012207
416,401,2.136989679122506,0.012290288682590411,0.0055484771728515625
417,401,2.1272610405139494,0.009728638608556661,0.005305051803588867
418,401,2.157276029895963,-0.030014989382013635,0.005527496337890625
419,401,2.1464102500097413,0.010865779886221727,0.0053119659423828125
420,401,2.1367440164237843,0.009666233585956974,0.005755901336669922
421,401,2.1320490278210724,0.0046949886027118914,0.005524396896362305
422,401,2.121065439428772,0.010983588392300625,0.005202054977416992
423,401,2.119544126743688,0.001521312685083931,0.005369663238525391
424,401,2.1487597230069357,-0.02921559626324788,0.006264686584472656
425,401,2.1112617625857233,0.03749796042121245,0.005352497100830078
426,401,2.150602041039978,-0.03934027845425492,0.005853414535522461
427,401,2.1337443135325747,0.016857727507403553,0.00586390495300293
428,401,2.138665025668251,-0.004920712135676464,0.005802154541015625
429,401,2.1481819438220855,-0.009516918153834375,0.005211830139160156
430,401,2.1136768369603334,0.03450510686175212,0.005102872848510742
431,401,2.1372928762079177,-0.023616039247584375,0.005674600601196289
432,401,2.1406575723776498,-0.0033646961697320066,0.007183551788330078
433,401,2.1497413083502184,-0.009083735972568618,0.005407810211181641
434,401,2.1376752211268704,0.01206608722334801,0.0059435367584228516
435,401,2.1304645490765273,0.007210672050343092,0.005973100662231445
436,401,2.119506988144872,0.01095756093165523,0.0054798126220703125
437,401,2.1064574890897756,0.013049499055096447,0.005133390426635742
438,401,2.1165862808798317,-0.010128791790056102,0.004956722259521484
439,401,2.132061508825592,-0.015475227945760395,0.006062507629394531
440,401,2.165700555739557,-0.03363904691396513,0.0053157806396484375
441,401,2.1354916541653677,0.03020890157418954,0.005059003829956055
442,401,2.1275045723094608,0.007987081855906908,0.005126476287841797
443,401,2.1460744805466803,-0.01856990823721949,0.005951642990112305
444,401,2.1594571615395104,-0.013382680992830132,0.005501270294189453
445,401,2.1289923993726623,0.030464762166848125,0.005312442779541016
446,401,2.1247159810434852,0.004276418329177023,0.006011247634887695
447,401,2.115058118862999,0.009657862180486365,0.006356954574584961
448,401,2.1129756175966334,0.002082501266365444,0.005911588668823242
449,401,2.106253531211035,0.006722086385598569,0.006180286407470703
450,401,2.1261898050284445,-0.01993627381740959,0.0067670345306396484
451,401,2.134027114830112,-0.007837309801667747,0.0060367584228515625
452,401,2.122684469246805,0.01134264558330722,0.008332014083862305
453,401,2.161087302495714,-0.03840283324890903,0.005906820297241211
454,401,2.136849343925343,0.02423795857037092,0.0087890625
455,401,2.1139218908295665,0.022927453095776595,0.005497932434082031
456,401,2.1612778661257015,-0.047355975296135,0.005838871002197266
457,401,2.1216139947981607,0.03966387132754079,0.005645036697387695
458,401,2.15123400604933,-0.02962001125116931,0.006508350372314453
459,401,2.112685662552603,0.03854834349672709,0.0065937042236328125
460,401,2.1226209987725997,-0.00993533621999676,0.0062525272369384766
461,401,2.1342213314370326,-0.011600332664432944,0.005532026290893555
462,401,2.126852668134352,0.007368663302680822,0.006423234939575195
463,401,2.1508321785867364,-0.023979510452384556,0.0072367191314697266
464,401,2.132981450183136,0.017850728403600247,0.006226301193237305
465,401,2.110924318841568,0.02205713134156806,0.006369590759277344
466,401,2.1496772290465245,-0.038752910204956414,0.005718231201171875
467,401,2.1288371478530235,0.020840081193501003,0.005451202392578125
468,401,2.136349647122428,-0.007512499269404671,0.007787942886352539
469,401,2.1214595043153834,0.014890142807044704,0.005451202392578125
470,401,2.1154256996668486,0.006033804648534868,0.007856369018554688
471,401,2.1370109881546133,-0.021585288487764753,0.005805492401123047
472,401,2.120210338411783,0.01680064974283013,0.007538318634033203
473,401,2.1256958921056732,-0.005485553693890033,0.00714874267578125
474,401,2.0999319024216803,0.02576398968399296,0.0060577392578125
475,401,2.1263235953086035,-0.026391692886923224,0.005475282669067383
476,401,2.138501402743142,-0.012177807434538668,0.0065991878509521484
477,401,2.1356689757539744,0.0028324269891677467,0.006805419921875
478,401,2.1229832523184227,0.012685723435551743,0.0073168277740478516
479,401,2.114327371269093,0.008655881049329572,0.007559299468994141
480,401,2.1335217863544265,-0.01919441508533337,0.005842685699462891
481,401,2.07944281142846,0.05407897492596625,0.005751609802246094
482,401,2.1266068532282576,-0.047164041799797385,0.005942821502685547
483,401,2.1162512724536318,0.010355580774625839,0.005839347839355469
484,401,2.149820912805876,-0.03356964035224408,0.0055103302001953125
485,401,2.0935617194805953,0.05625919332528051,0.0061838626861572266
486,401,2.122618715662017,-0.029056996181421546,0.005858898162841797
487,401,2.136070194387079,-0.013451478725062138,0.006980419158935547
488,401,2.1151884083735975,0.020881786013481562,0.005837440490722656
489,401,2.140256505951917,-0.025068097578319737,0.005584001541137695
490,401,2.091086066571852,0.04917043938006538,0.005993843078613281
491,401,2.117737577443111,-0.026651510871259276,0.005522727966308594
492,401,2.1187919179103023,-0.001054340467191217,0.005934476852416992
493,401,2.0976387461521977,0.021153171758104605,0.006929874420166016
494,401,2.119773807668329,-0.022135061516131316,0.0055463314056396484
495,401,2.1157479226737843,0.004025884994544704,0.005310535430908203
496,401,2.138367460255611,-0.022619537581826776,0.005177974700927734
497,401,2.1525483167082293,-0.01418085645261824,0.005060434341430664
498,401,2.1255891947377648,0.026959121970464572,0.005288600921630859
499,401,2.1311281732192957,-0.005538978481530954,0.005216121673583984
500,401,2.1209543280470697,0.01017384517222597,0.0051572322845458984
501,401,2.1371732412133726,-0.016218913166302862,0.005300045013427734
502,401,2.1372064224205114,-3.318120713879935e-05,0.007418394088745117
503,401,2.12324109160692,0.013965330813591414,0.005366086959838867
504,401,2.108060384926356,0.015180706680563816,0.00741267204284668
505,401,2.1085937195585256,-0.0005333346321694243,0.005856513977050781
506,401,2.120031951371571,-0.011438231813045263,0.005433797836303711
507,401,2.127945364859336,-0.007913413487765197,0.005057573318481445
508,401,2.154674958112531,-0.026729593253195016,0.005108833312988281
509,401,2.1157966290328867,0.03887832907964439,0.005067110061645508
510,401,2.1116159491408197,0.004180679892066941,0.005800962448120117
511,401,2.141727590204177,-0.030111641063357286,0.005624294281005859
512,401,2.0941382810064684,0.04758930919770865,0.007750511169433594
513,401,2.1252242014592424,-0.03108592045277403,0.005371570587158203
514,401,2.1050064962106454,0.020217705248597007,0.00552821159362793
515,401,2.1310231501324814,-0.026016653921836053,0.006474018096923828
516,401,2.122665899947397,0.008357250185084375,0.00782918930053711
517,401,2.1165561438201372,0.0061097561272598355,0.005725860595703125
518,401,2.123547941669264,-0.006991797849126957,0.006122112274169922
519,401,2.1026975103744543,0.0208504312948099,0.005225181579589844
520,401,2.130852525668251,-0.028155015293796826,0.0054590702056884766
521,401,2.0891067619038344,0.04174576376441674,0.005028724670410156
522,401,2.0945452835197162,-0.005438521615881875,0.005486249923706055
523,401,2.1341703419673475,-0.0396250584476312,0.005201101303100586
524,401,2.1248875187519483,0.009282823215399194,0.005324602127075195
525,401,2.102696292715477,0.022191226036471168,0.006597280502319336
526,401,2.0980771033841177,0.004619189331359408,0.0054607391357421875
527,401,2.115974559450982,-0.017897456066864326,0.006249189376831055
528,401,2.1118623728764025,0.004112186574579457,0.005096435546875
529,401,2.107979106189604,0.0038832666867985033,0.005337238311767578
530,401,2.1088686060727087,-0.0008894998831046053,0.0053920745849609375
531,401,2.1079404455170665,0.0009281605556421546,0.005308389663696289
532,401,2.1109937254032887,-0.003053279886222171,0.005412578582763672
533,401,2.083748757987843,0.027244967415445576,0.005130290985107422
534,401,2.0853548501792396,-0.0016060921913965132,0.005280017852783203
535,401,2.107452468681811,-0.022097618502571414,0.0052144527435302734
536,401,2.0870725103744543,0.020379958307356727,0.005154132843017578
537,401,2.088346790494467,-0.0012742801200125164,0.004973411560058594
538,401,2.1070427264358633,-0.018695935941396513,0.0050506591796875
539,401,2.1129670939837903,-0.005924367547927023,0.0047419071197509766
540,401,2.1293211672966024,-0.016354073312812023,0.00492405891418457
541,401,2.11458795029029,0.014733217006312582,0.005062103271484375
542,401,2.1185731959164587,-0.003985245626168865,0.0051288604736328125
543,401,2.100707855605128,0.01786534031133069,0.004954099655151367
544,401,2.136195004432279,-0.03548714882715087,0.005208253860473633
545,401,2.099592936603803,0.03660206782847597,0.0049076080322265625
546,401,2.110798595552135,-0.011205658948332253,0.005116701126098633
547,401,2.1094247718107075,0.0013738237414275822,0.00536799430847168
548,401,2.1261039600705267,-0.016679188259819178,0.005967140197753906
549,401,2.1240633158315148,0.0020406442390119572,0.005337238311767578
550,401,2.1002317509449036,0.0238315648866112,0.005590915679931641
551,401,2.0786230225218203,0.021608728423083257,0.004903316497802734
552,401,2.092227013033822,-0.013603990512001563,0.005563259124755859
553,401,2.095751526944358,-0.003524513910535987,0.0047876834869384766
554,401,2.1148661853666613,-0.01911465842230342,0.005072355270385742
555,401,2.11865721438591,-0.0037910290192488816,0.004553556442260742
556,401,2.09979248046875,0.018864733917160148,0.00466609001159668
557,401,2.1101917447591956,-0.010399264290445576,0.004489898681640625
558,401,2.1288022923647913,-0.018610547605595773,0.004556179046630859
559,401,2.0780192158763247,0.050783076488466694,0.0046269893646240234
560,401,2.098386388764417,-0.020367172888092533,0.004836082458496094
561,401,2.109734361605751,-0.011347972841333931,0.004598855972290039
562,401,2.1043163879851154,0.005417973620635674,0.004670143127441406
563,401,2.0880375051141677,0.016278882870947697,0.004834413528442383
564,401,2.113540915776964,-0.025503410662796266,0.004858970642089844
565,401,2.1039051236654456,0.009635792111518438,0.004713773727416992
566,401,2.0984127206398067,0.0054924030256389145,0.004962444305419922
567,401,2.1005972008455425,-0.002184480205735806,0.005017757415771484
568,401,2.0743659345289123,0.026231266316630197,0.0051271915435791016
569,401,2.113313974585022,-0.03894804005610952,0.005047321319580078
570,401,2.1175354460528366,-0.004221471467814819,0.00532841682434082
571,401,2.080739313824813,0.03679613222802347,0.005314826965332031
572,401,2.1012670654905703,-0.020527751665757155,0.005156040191650391
573,401,2.0790441803206825,0.022222885169887796,0.004885673522949219
574,401,2.1083614511085567,-0.02931727078787416,0.004639625549316406
575,401,2.1065335927758726,0.0018278583326840625,0.004627704620361328
576,401,2.1119813990414587,-0.005447806265586053,0.004703998565673828
577,401,2.0795855819435785,0.0323958170978802,0.0046596527099609375
578,401,2.124073665932824,-0.04448808398924564,0.004945993423461914
579,401,2.076358176823566,0.04771548910925816,0.004752159118652344
580,401,2.105704367012157,-0.02934619018859097,0.005198001861572266
581,401,2.084219992012157,0.021484375,0.005042076110839844
582,401,2.0836047698137468,0.000615222198410148,0.00553584098815918
583,401,2.1001749775950747,-0.016570207781327895,0.0053212642669677734
584,401,2.115191909143158,-0.015016931548083257,0.005635976791381836
585,401,2.0845291251850844,0.030662783958073536,0.005163431167602539
586,401,2.0740982017612217,0.010430923423862648,0.0052700042724609375
587,401,2.103460678138638,-0.02936247637741607,0.0051648616790771484
588,401,2.0928468014533976,0.010613876685240164,0.0054819583892822266
589,401,2.0906119406074657,0.002234860845931941,0.005140066146850586
590,401,2.08167752006702,0.008934420540445576,0.004986286163330078
591,401,2.076208556976699,0.005468963090321299,0.004760026931762695
592,401,2.100056255844763,-0.02384769886806426,0.004914760589599609
593,401,2.1026332788633884,-0.0025770230186252796,0.004930257797241211
594,401,2.099971476338451,0.0026618025249374178,0.004878520965576172
595,401,2.0768444793777276,0.02312699696072329,0.004654645919799805
596,401,2.089430659191864,-0.012586179814136234,0.004755735397338867
597,401,2.1115672427817174,-0.022136583589853487,0.004551410675048828
598,401,2.101492636816163,0.01007460596555454,0.004742860794067383
599,401,2.087816804424486,0.013675832391677023,0.0045855045318603516
600,401,2.0858513506273377,0.0019654537971480757,0.0049741268157958984
601,401,2.084385745840477,0.0014656047868606414,0.004658937454223633
602,401,2.099974672693267,-0.015588926852789786,0.004783153533935547
603,401,2.081848296738622,0.018126375954644836,0.0046765804290771484
604,401,2.105587776165056,-0.023739479426434063,0.004827737808227539
605,401,2.066547802856141,0.039039973308915066,0.00505828857421875
606,401,2.0874677929200436,-0.02091999006390255,0.005120992660522461
607,401,2.0678173645476154,0.01965042837242814,0.004863262176513672
608,401,2.087223195672927,-0.01940583112531158,0.005057096481323242
609,401,2.080594716821228,0.006628478851698816,0.005208730697631836
610,401,2.086623042004364,-0.006028325183135674,0.005125999450683594
611,401,2.102391421348971,-0.015768379344607286,0.005003452301025391
612,401,2.10085504013404,0.0015363812149313816,0.004860639572143555
613,401,2.090874498324501,0.009980541809538668,0.004840850830078125
614,401,2.0887731233439837,0.002101374980517434,0.005452394485473633
615,401,2.084732474234336,0.004040649109647632,0.004953145980834961
616,401,2.0661954427895104,0.018537031444825658,0.005457162857055664
617,401,2.0797490526613154,-0.013553609871804984,0.005073070526123047
618,401,2.073115398758962,0.006633653902353487,0.005697727203369141
619,401,2.0587100364323567,0.014405362326605164,0.005074501037597656
620,401,2.0834676309713998,-0.024757594539043026,0.0050220489501953125
621,401,2.0915306643060316,-0.008063033334631875,0.004935503005981445
622,401,2.066432886290134,0.02509777801589763,0.005375385284423828
623,401,2.097639050566942,-0.031206164276808224,0.005278587341308594
624,401,2.0876413093243453,0.009997741242596891,0.005074739456176758
625,401,2.0545518832313747,0.03308942609297061,0.0047283172607421875
626,401,2.0677496322669886,-0.013197749035613882,0.0054607391357421875
627,401,2.0775158660964776,-0.009766233829489046,0.004857778549194336
628,401,2.093515905061565,-0.01600003896508717,0.005115032196044922
629,401,2.0860992964366427,0.007416608624922105,0.005041360855102539
630,401,2.077077356657185,0.009021939779457533,0.00497889518737793
631,401,2.0758779625642925,0.0011993940928927138,0.004785060882568359
632,401,2.087022129734258,-0.01114416716996569,0.004925966262817383
633,401,2.0905105704975844,-0.003488440763326217,0.004792213439941406
634,401,2.08744465739947,0.0030659130981143257,0.0047931671142578125
635,401,2.080282843915602,0.00716181348386824,0.004892587661743164
636,401,2.073944015693189,0.006338828222412829,0.005089521408081055
637,401,2.0751823748733633,-0.001238359180174342,0.005751609802246094
638,401,2.0891953465944515,-0.014012971721088174,0.005764007568359375
639,401,2.0966740558272288,-0.00747870923277727,0.005649566650390625
640,401,2.1101521708424253,-0.013478115015196579,0.005334615707397461
641,401,2.072315092395963,0.037837078446462336,0.00510716438293457
642,401,2.078714955774626,-0.006399863378662829,0.004954814910888672
643,401,2.0481963121980207,0.030518643576605164,0.004691123962402344
644,401,2.066007162270106,-0.017810850072085493,0.004829883575439453
645,401,2.0575626972607544,0.00844446500935181,0.0046350955963134766
646,401,2.069069879013404,-0.011507181752649753,0.004945516586303711
647,401,2.0788648800362375,-0.009795001022833372,0.004720211029052734
648,401,2.0662117289783355,0.01265315105790199,0.004772186279296875
649,401,2.086604929327073,-0.020393200348737484,0.00470280647277832
650,401,2.074411748947943,0.012193180379130197,0.0052835941314697266
651,401,2.047679415962048,0.026732332985894836,0.004945278167724609
652,401,2.0620394204917396,-0.014360004529691661,0.005785942077636719
653,401,2.071540965700982,-0.009501545209242401,0.005530834197998047
654,401,2.0721001755864243,-0.0005592098854423355,0.005449771881103516
655,401,2.0830231854445915,-0.010923009858167188,0.0060732364654541016
656,401,2.078049048521275,0.004974136923316497,0.0052378177642822266
657,401,2.076247065441864,0.0018019830794111513,0.0051534175872802734
658,401,2.074552084145106,0.0016949812967577138,0.005213499069213867
659,401,2.0831543881994232,-0.008602304054317056,0.0050389766693115234
660,401,2.0812046117616116,0.001949776437811579,0.005063772201538086
661,401,2.072413570565773,0.008791041195838734,0.005128383636474609
662,401,2.0768218004792707,-0.004408229913497763,0.005193233489990234
663,401,2.0559529520924253,0.02086884838684533,0.005018949508666992
664,401,2.082309941698488,-0.026356989606062697,0.0054759979248046875
665,401,2.0461093969178616,0.0362005447806264,0.005572319030761719
666,401,2.0573141426219608,-0.011204745704099128,0.005526542663574219
667,401,2.0662857017612217,-0.008971559139260954,0.005236625671386719
668,401,2.0671695699715555,-0.0008838682103338158,0.005258798599243164
669,401,2.0450756044459166,0.022093965525638914,0.005541563034057617
670,401,2.0697341119856607,-0.02465850753974408,0.0051953792572021484
671,401,2.054598915309383,0.015135196676277829,0.005487680435180664
672,401,2.0557145953475686,-0.0011156800381857401,0.005961894989013672
673,401,2.085663678937422,-0.029949083589853487,0.005023002624511719
674,401,2.063391326371571,0.02227235256585125,0.005327939987182617
675,401,2.0932276242986285,-0.029836297927057664,0.00516057014465332
676,401,2.062342769784523,0.03088485451410561,0.005258083343505859
677,401,2.0722096126870326,-0.00986684290250972,0.005110502243041992
678,401,2.0816076568831825,-0.009398044196149868,0.005155324935913086
679,401,2.0680942297576372,0.013513427125545263,0.0056610107421875
680,401,2.0511007332742364,0.01699349648340087,0.005266427993774414
681,401,2.073966846799018,-0.02286611352478163,0.005174398422241211
682,401,2.090052426307279,-0.01608557950826084,0.005452394485473633
683,401,2.0650846333872352,0.024967792920043586,0.005199432373046875
684,401,2.088306303333463,-0.023221669946227763,0.005447864532470703
685,401,2.0711269616486128,0.017179341684850247,0.005048274993896484
686,401,2.0544299651262468,0.016696996522366003,0.005290985107421875
687,401,2.0607115633767146,-0.0062815982504678125,0.004971027374267578
688,401,2.074777503263326,-0.014065939886611645,0.005072116851806641
689,401,2.067914168436331,0.006863334826995082,0.004899024963378906
690,401,2.0883425286880457,-0.020428360251714572,0.00497746467590332
691,401,2.058085072962126,0.03025745572591987,0.004747867584228516
692,401,2.0571080538400093,0.0009770191221165625,0.0048482418060302734
693,401,2.044259011894093,0.012849041945916184,0.0048067569732666016
694,401,2.044756730001169,-0.000497718107075773,0.005114555358886719
695,401,2.0514247827696384,-0.00666805276846949,0.004897117614746094
696,401,2.066834561545355,-0.01540977877571681,0.004808187484741211
697,401,2.061482189302135,0.005352372243220049,0.005048513412475586
698,401,2.0820103975900093,-0.02052820828787416,0.004937171936035156
699,401,2.0789930386436253,0.0030173589463839967,0.00498652458190918
700,401,2.0673223861732386,0.011670652470386678,0.005467891693115234
701,401,2.0420638771723034,0.02525850900093518,0.005114555358886719
702,401,2.060790254588139,-0.018726377415835493,0.005168437957763672
703,401,2.076080398369311,-0.015290143781172105,0.004848003387451172
704,401,2.072036248490103,0.004044149879208092,0.0051419734954833984
705,401,2.0427045180018704,0.029331730488232566,0.005120277404785156
706,401,2.0886320271099597,-0.04592750910808929,0.005407810211181641
707,401,2.067382051463139,0.02124997564682074,0.004955291748046875
708,401,2.067070635179629,0.0003114162835098355,0.004929780960083008
709,401,2.0429474409678927,0.024123194211736365,0.004691123962402344
710,401,2.064020399440851,-0.021072958472958092,0.0049419403076171875
711,401,2.0878353737238933,-0.023814974283042467,0.009283781051635742
712,401,2.0562231201780703,0.03161225354582298,0.009539604187011719
713,401,2.0827271421056732,-0.026504021927602928,0.00979161262512207
714,401,2.0566613252026182,0.026065816903054984,0.0077435970306396484
715,401,2.0514232606959166,0.005238064506701612,0.013542652130126953
716,401,2.038435405626559,0.012987855069357845,0.0057010650634765625
717,401,2.076242803635443,-0.037807398008884,0.009372949600219727
718,401,2.066708381633806,0.009534422001636678,0.012155771255493164
719,401,2.0633598194455267,0.0033485621882793914,0.005414485931396484
720,401,2.0620091312246727,0.001350688220854046,0.009540796279907227
721,401,2.044914721253507,0.017094409971165625,0.009164571762084961
722,401,2.054424790075592,-0.00951006882208505,0.009634971618652344
723,401,2.052825090593828,0.001599699481764194,0.009411334991455078
724,401,2.0965382868512314,-0.04371319625740355,0.009699583053588867
725,401,2.081273257286471,0.01526502956476028,0.013879776000976562
726,401,2.0236840759429553,0.05758918134351587,0.00579071044921875
727,401,2.0515861225841645,-0.02790204664120921,0.005295753479003906
728,401,2.0208382547050343,0.030747867879130197,0.026480913162231445
729,401,2.0366118091002963,-0.015773554395261957,0.015743494033813477
730,401,2.085835064438513,-0.04922325533821681,0.005704164505004883
731,401,2.063989196929551,0.02184586750896189,0.013749837875366211
732,401,2.043266010997896,0.02072318593165523,0.017649173736572266
733,401,2.063407003730907,-0.020140992733010954,0.009571313858032227
734,401,2.05742921139534,0.005977792335567056,0.013790130615234375
735,401,2.0918895692896666,-0.034460357894326776,0.013786554336547852
736,401,2.054934684772444,0.03695488451722273,0.013988971710205078
737,401,2.0361306815967892,0.01880400317565467,0.013730764389038086
738,401,2.0291376660886846,0.006993015508104605,0.02227616310119629
739,401,2.0406020775697473,-0.011464411481062697,0.01395869255065918
740,401,2.0431921904223818,-0.002590112852634441,0.015970706939697266
741,401,2.0678322808700904,-0.02464009044770865,0.006055355072021484
742,401,2.046211375857232,0.021620905012858405,0.005841970443725586
743,401,2.0699975829469297,-0.023786207089697697,0.005488395690917969
744,401,2.056058431801356,0.013939151145573536,0.005425930023193359
745,401,2.054017787562344,0.0020406442390119572,0.004931449890136719
746,401,2.0351302225393546,0.018887565022989605,0.005194425582885742
747,401,2.0483495850218203,-0.01321936248246569,0.004671812057495117
748,401,2.042930241534835,0.005419343486985362,0.005029201507568359
749,401,2.0686669860992053,-0.025736744564370362,0.009821891784667969
750,401,2.039009379627104,0.02965760647210125,0.005677700042724609
751,401,2.048207879958307,-0.009198500331203174,0.005205392837524414
752,401,2.077883751315072,-0.029675871356764638,0.0052890777587890625
753,401,2.055690850997506,0.022192900317565822,0.005120277404785156
754,401,2.0476276654555017,0.008063185542004359,0.005149126052856445
755,401,2.0711723194455267,-0.023544653990025033,0.005004405975341797
756,401,2.058575180700592,0.012597138744934622,0.0051822662353515625
757,401,2.0343334169459166,0.02424176375467546,0.005010366439819336
758,401,2.0245265437480517,0.009806873197864885,0.004973888397216797
759,401,2.073154668260988,-0.0486281245129363,0.005448102951049805
760,401,2.0418558096945136,0.03129885856647441,0.0051534175872802734
761,401,2.0466728686097255,-0.0048170589152118914,0.0061914920806884766
762,401,2.0551893277061253,-0.008516459096399753,0.005483388900756836
763,401,2.0685333480264183,-0.013344020320293026,0.005898237228393555
764,401,2.039747889796992,0.028785458229426464,0.005232095718383789
765,401,2.0345478771333387,0.0052000126636531085,0.0053408145904541016
766,401,2.0549908492927838,-0.020442972159445016,0.0053555965423583984
767,401,2.033177554161471,0.021813295131312582,0.00492095947265625
768,401,2.033344982270885,-0.00016742810941394737,0.005110263824462891
769,401,2.046523553177603,-0.013178570906717813,0.004854679107666016
770,401,2.0307268632617674,0.015796689915835493,0.005280733108520508
771,401,2.0538066759371105,-0.023079812675343092,0.0057544708251953125
772,401,2.0443768204001715,0.00942985553693898,0.0054187774658203125
773,401,2.0410326722256857,0.003344148174485806,0.0055387020111083984
774,401,2.048010466996571,-0.006977794770885115,0.0051381587982177734
775,401,2.0596786841490027,-0.011668217152431826,0.0051229000091552734
776,401,2.0323277804025093,0.027350903746493405,0.0049326419830322266
777,401,2.039002530295355,-0.006674749892845888,0.005003452301025391
778,401,2.034880602448956,0.004121927846399309,0.0055272579193115234
779,401,1.993525555008962,0.041355047439993964,0.005326032638549805
780,401,2.038475588372818,-0.04495003336385617,0.005532503128051758
781,401,2.0155525492908355,0.022923039081982566,0.005209445953369141
782,401,2.011325902772366,0.00422664651846949,0.005085945129394531
783,401,2.027622441698488,-0.01629653892612204,0.00482630729675293
784,401,2.059377770174174,-0.03175532847568574,0.005057334899902344
785,401,2.03235350344841,0.027024266725763635,0.005185365676879883
786,401,2.0365930875935163,-0.004239584145106168,0.0050640106201171875
787,401,2.0515789688376715,-0.01498588124415523,0.0048809051513671875
788,401,2.0421387631994232,0.009440205638248322,0.004930973052978516
789,401,2.0389730020651498,0.0031657611342734704,0.00520014762878418
790,401,2.0470141175381857,-0.008041115473035987,0.005344390869140625
791,401,2.039705728354894,0.007308389183291908,0.005037546157836914
792,401,2.0125875496804864,0.027118178674407467,0.005224466323852539
793,401,2.0551095710430953,-0.042522021362608964,0.0050585269927978516
794,401,2.060994669088996,-0.005885098045900872,0.00493168830871582
795,401,2.040995838041615,0.019998831047381316,0.004997730255126953
796,401,2.0680762692877184,-0.027080431246103487,0.0048122406005859375
797,401,2.0263291356569515,0.041747133630766875,0.004717350006103516
798,401,2.030465979825826,-0.00413684416887472,0.004941225051879883
799,401,2.06731553684149,-0.03684955701566395,0.004563570022583008
800,401,2.0609464193520104,0.00636911748947977,0.004792451858520508
801,401,2.065913859150951,-0.004967439798940543,0.0043942928314208984
802,401,2.0443928021742517,0.02152105697669926,0.004711151123046875
803,401,2.002601680612921,0.04179112156133069,0.004476308822631836
804,401,2.02244221599322,-0.019840535380299062,0.0044820308685302734
805,401,2.0433552045180017,-0.02091298852478163,0.004853248596191406
806,401,2.0475748494973502,-0.004219644979348569,0.005421876907348633
807,401,2.036399632023457,0.011175217473893273,0.004875898361206055
808,401,2.0366090693675964,-0.00020943734413947368,0.007115602493286133
809,401,2.051768619223426,-0.015159549855829457,0.0050792694091796875
810,401,2.0126971389884662,0.039071480234959655,0.00502467155456543
811,401,2.0176974555798006,-0.005000316591334375,0.004755973815917969
812,401,2.0231694628175654,-0.005472007237764753,0.004766941070556641
813,401,2.0312780061564837,-0.008108543338918306,0.00447535514831543
814,401,2.055537882588451,-0.024259876431967253,0.0046350955963134766
815,401,2.0315949019053927,0.023942980683058224,0.00469207763671875
816,401,2.0321493933622974,-0.000554491456904671,0.004946470260620117
817,401,2.0508762274002494,-0.018726834037952056,0.004777193069458008
818,401,2.0278571454664123,0.02301908193383717,0.004848480224609375
819,401,2.030080134137313,-0.0022229886709008717,0.005148410797119141
820,401,2.0340445273534913,-0.0039643932161781414,0.0051593780517578125
821,401,2.0392322112199968,-0.005187683866505477,0.00501561164855957
822,401,2.043437244291615,-0.004205033071618125,0.005330324172973633
823,401,2.01464219699774,0.02879504729387472,0.005240678787231445
824,401,2.0202123779905703,-0.005570180992830132,0.005587339401245117
825,401,2.017142050878663,0.003070327111907467,0.005334615707397461
826,401,2.0496470006624063,-0.03250494978374352,0.005393028259277344
827,401,2.0131802451878116,0.03646675547459477,0.0052525997161865234
828,401,2.019846319260443,-0.006666074072631201,0.00499415397644043
829,401,2.012380243239557,0.007466076020885559,0.004640817642211914
830,401,2.0125561949618143,-0.00017595172225703948,0.004831075668334961
831,401,2.0352029776632636,-0.022646782701449375,0.0053980350494384766
832,401,2.02202745090399,0.01317552675927347,0.0051500797271728516
833,401,2.044700413273457,-0.02267296236946681,0.004849433898925781
834,401,2.043313043075904,0.0013873701975528618,0.005791187286376953
835,401,2.020298070741116,0.02301497233478811,0.005213737487792969
836,401,2.0280766284971166,-0.007778557756000559,0.005236148834228516
837,401,2.025405389115103,0.002671239382013635,0.005087375640869141
838,401,2.0238828587710413,0.001522530344061579,0.005265712738037109
839,401,2.03898274333697,-0.0150998845659287,0.00488591194152832
840,401,2.0406664612881857,-0.0016837179512156908,0.0051021575927734375
841,401,2.02054525551356,0.02012120577462584,0.0056684017181396484
842,401,2.0138030777548317,0.006742177758728207,0.005187273025512695
843,401,2.0033928545335877,0.010410223221243964,0.0068247318267822266
844,401,2.0108135727575593,-0.007420718223971612,0.005878448486328125
845,401,2.052260857865103,-0.041447285107543586,0.0063953399658203125
846,401,2.014265483751559,0.037995374113544145,0.006886005401611328
847,401,2.0014785424134973,0.012786941338061464,0.005273580551147461
848,401,2.0158163246668486,-0.01433778225335125,0.005128145217895508
849,401,2.0481258401846945,-0.03230951551784589,0.005097389221191406
850,401,2.006507017368688,0.041618822816006595,0.0075533390045166016
851,401,2.0035569340808137,0.002950083287874161,0.0051326751708984375
852,401,2.000641858488544,0.002915075592269556,0.0050656795501708984
853,401,1.9978305883241116,0.0028112701644325,0.00552058219909668
854,401,2.0761869435298475,-0.0783563552057358,0.005197048187255859
855,401,1.996934847938747,0.07925209559110047,0.004944324493408203
856,401,2.0273737348523224,-0.030438886913575436,0.005106925964355469
857,401,2.0232557643975997,0.00411797045472273,0.006319761276245117
858,401,2.019962605692799,0.003293158704800625,0.005097150802612305
859,401,2.00802680798005,0.011935797712748997,0.004877567291259766
860,401,2.004029385764105,0.003997422215944901,0.0046923160552978516
861,401,2.024921217464152,-0.020891831700046826,0.004511356353759766
862,401,2.0091268106588998,0.015794406805252237,0.004918336868286133
863,401,2.0327894253623753,-0.023662614703475526,0.0045392513275146484
864,401,2.0228746371376247,0.00991478822475056,0.0056629180908203125
865,401,2.0368226163107854,-0.013947979173160707,0.005223751068115234
866,401,1.9990665121863311,0.03775610412445429,0.005246162414550781
867,401,2.044227809382793,-0.04516129719646189,0.0051136016845703125
868,401,2.0241295869213682,0.020098222461424786,0.0049440860748291016
869,401,2.0254789052758726,-0.0013493183545043586,0.004982471466064453
870,401,2.0116985064194983,0.013780398856374276,0.005195140838623047
871,401,2.0158301755377184,-0.004131669118220049,0.004389762878417969
