0,151,2.31758006519,Nan,0.021999835968
1,151,2.08001688774,0.23756317745,0.0150001049042
2,151,1.92084528437,0.159171603373,0.0190000534058
3,151,1.83712283507,0.0837224492964,0.0149998664856
4,151,1.72947258349,0.107650251578,0.0130000114441
5,151,1.63992592515,0.0895466583454,0.0139999389648
6,151,1.33141392588,0.308511999269,0.0130000114441
7,151,1.21365508023,0.117758845651,0.0130000114441
8,151,1.35603969145,-0.142384611218,0.0130000114441
9,151,1.32934651154,0.0266931799074,0.0130000114441
10,151,1.17307943382,0.156267077718,0.0139999389648
11,151,1.23457013061,-0.061490696787,0.0130000114441
12,151,1.23071359799,0.00385653262107,0.0150001049042
13,151,1.11793518066,0.112778417322,0.0130000114441
14,151,0.985094588324,0.13284059234,0.0149998664856
15,151,0.894305500763,0.0907890875608,0.0130000114441
16,151,0.502080247892,0.392225252871,0.0140001773834
17,151,0.561891618943,-0.0598113710517,0.0130000114441
18,151,0.60349581889,-0.0416041999463,0.0139999389648
19,151,0.546067143118,0.0574286757715,0.0130000114441
20,151,0.531121866593,0.0149452765256,0.0130000114441
21,151,0.493854093236,0.0372677733567,0.0139999389648
22,151,0.640249391265,-0.146395298029,0.0130000114441
23,151,0.564442666161,0.0758067251041,0.0139999389648
24,151,0.78164703167,-0.217204365509,0.0130000114441
25,151,0.741789609391,0.0398574222792,0.0130000114441
26,151,0.667181810796,0.0746077985953,0.0130000114441
27,151,0.490226341399,0.176955469397,0.0130000114441
28,151,0.499300925147,-0.00907458374832,0.0130000114441
29,151,0.501574029986,-0.00227310483819,0.0139999389648
30,151,0.618078572861,-0.116504542875,0.0130000114441
31,151,0.538831395029,0.0792471778314,0.0130000114441
32,151,0.597161855129,-0.0583304601,0.0130000114441
33,151,0.779307485416,-0.182145630287,0.0139999389648
34,151,0.48346831467,0.295839170746,0.0140001773834
35,151,0.386552772775,0.0969155418952,0.0130000114441
36,151,0.368979447725,0.0175733250498,0.0130000114441
37,151,0.488910144528,-0.119930696803,0.0129997730255
38,151,0.415858843469,0.0730513010593,0.0140001773834
39,151,0.4315097632,-0.0156509197311,0.0130000114441
40,151,0.455210452048,-0.0237006888484,0.0139999389648
41,151,0.372146884337,0.083063567711,0.0169999599457
42,151,0.474427785305,-0.102280900968,0.0139999389648
43,151,0.476603122736,-0.00217533743145,0.0140001773834
44,151,0.322011935,0.154591187736,0.0130000114441
45,151,0.378024499148,-0.0560125641475,0.0149998664856
46,151,0.31475627975,0.0632682193983,0.0130000114441
47,151,0.332592616808,-0.017836337058,0.0139999389648
48,151,0.265729916806,0.0668627000013,0.0140001773834
49,151,0.391914746619,-0.126184829813,0.0130000114441
50,151,0.343981963909,0.04793278271,0.0139999389648
51,151,0.438135008149,-0.0941530442396,0.0130000114441
52,151,0.392070113428,0.0460648947204,0.0139999389648
53,151,0.421467534754,-0.0293974213253,0.0139999389648
54,151,0.264608698965,0.156858835789,0.0130000114441
55,151,0.298014988173,-0.033406289208,0.0139999389648
56,151,0.333141478482,-0.0351264903087,0.0140001773834
57,151,0.362160663731,-0.0290191852494,0.0130000114441
58,151,0.374697906292,-0.012537242561,0.0139999389648
59,151,0.296333110885,0.0783647954069,0.0139999389648
60,151,0.361157524665,-0.0648244137796,0.0130000114441
61,151,0.279391914014,0.0817656106507,0.0139999389648
62,151,0.302199180553,-0.0228072665385,0.0130000114441
63,151,0.323497090119,-0.0212979095661,0.0140001773834
64,151,0.405263382867,-0.0817662927489,0.0130000114441
65,151,0.34670105991,0.0585623229576,0.0139999389648
66,151,0.328006138075,0.0186949218346,0.0130000114441
67,151,0.333884232881,-0.00587809480579,0.0139999389648
68,151,0.281181158609,0.0527030742721,0.0130000114441
69,151,0.371941976989,-0.0907608183804,0.0139999389648
70,151,0.502721672816,-0.130779695827,0.0130000114441
71,151,0.522475640505,-0.0197539676894,0.0139999389648
72,151,0.364836206499,0.157639434006,0.0130000114441
73,151,0.251925891598,0.112910314901,0.0140001773834
74,151,0.20453269908,0.0473931925186,0.0139999389648
75,151,0.286998849831,-0.0824661507512,0.0130000114441
76,151,0.310963081208,-0.0239642313774,0.0139999389648
77,151,0.279042502902,0.0319205783061,0.0130000114441
78,151,0.289428534097,-0.010386031195,0.0139999389648
79,151,0.318858721398,-0.0294301873011,0.0150001049042
80,151,0.25785751848,0.061001202918,0.0169999599457
81,151,0.249081693738,0.0087758247426,0.0139999389648
82,151,0.344990382921,-0.0959086891831,0.0140001773834
83,151,0.293168781609,0.0518216013119,0.0139999389648
84,151,0.327964277457,-0.034795495848,0.0139999389648
85,151,0.334095102272,-0.00613082481536,0.0130000114441
86,151,0.278853965911,0.0552411363614,0.0139999389648
87,151,0.308662111396,-0.0298081454852,0.0130000114441
88,151,0.237484357215,0.0711777541811,0.0139999389648
89,151,0.247645700215,-0.0101613429998,0.0130000114441
90,151,0.21239789748,0.0352478027344,0.0139999389648
91,151,0.117807615672,0.0945902818086,0.0139999389648
92,151,0.249850241554,-0.132042625882,0.0130000114441
93,151,0.389988855021,-0.140138613467,0.0139999389648
94,151,0.243299774776,0.146689080245,0.0140001773834
95,151,0.320441189191,-0.077141414415,0.0130000114441
96,151,0.254670882067,0.0657703071241,0.0139999389648
97,151,0.267072791295,-0.0124019092282,0.0139999389648
98,151,0.227863715974,0.0392090753214,0.0130000114441
99,151,0.22759315036,0.000270565614006,0.0139999389648
100,151,0.193621742804,0.0339714075556,0.0140001773834
101,151,0.284359129849,-0.0907373870445,0.0139999389648
102,151,0.247836359289,0.0365227705596,0.0139999389648
103,151,0.242955163615,0.00488119567467,0.0130000114441
104,151,0.269552950827,-0.0265977872129,0.0150001049042
105,151,0.335591878323,-0.0660389274951,0.0179998874664
106,151,0.298816049336,0.0367758289868,0.0139999389648
107,151,0.336931973893,-0.0381159245573,0.0130000114441
108,151,0.320009395776,0.0169225781169,0.0140001773834
109,151,0.291021233363,0.0289881624133,0.0139999389648
110,151,0.234238049842,0.056783183521,0.0130000114441
111,151,0.248272801077,-0.0140347512353,0.0130000114441
112,151,0.227692660906,0.0205801401707,0.0139999389648
113,151,0.227536586736,0.000156074170245,0.0130000114441
114,151,0.192312177443,0.0352244092929,0.0130000114441
115,151,0.263831208084,-0.0715190306405,0.0139999389648
116,151,0.294534594807,-0.0307033867236,0.0130000114441
117,151,0.292310070518,0.00222452428957,0.0139999389648
118,151,0.293724211636,-0.00141414111813,0.018000125885
119,151,0.343797772136,-0.0500735605,0.0139999389648
120,151,0.17615445876,0.167643313376,0.0139999389648
121,151,0.233973976792,-0.0578195180325,0.0140001773834
122,151,0.252595105708,-0.018621128916,0.0130000114441
123,151,0.227610935439,0.0249841702695,0.0139999389648
124,151,0.17266373287,0.0549472025688,0.0130000114441
125,151,0.119816622197,0.0528471106725,0.0139999389648
126,151,0.194113270336,-0.0742966481392,0.0139999389648
127,151,0.21702684314,-0.022913572804,0.0130000114441
128,151,0.176462350302,0.0405644928383,0.0140001773834
129,151,0.240647423346,-0.0641850730441,0.0139999389648
130,151,0.408244682464,-0.167597259117,0.0139999389648
131,151,0.235661639283,0.172583043181,0.0130000114441
132,151,0.282093477565,-0.0464318382819,0.0139999389648
133,151,0.159878332883,0.122215144682,0.0130000114441
134,151,0.224221134817,-0.064342801934,0.0139999389648
135,151,0.235351158294,-0.0111300234763,0.0130000114441
136,151,0.176451247259,0.0588999110342,0.0140001773834
137,151,0.368646255392,-0.192195008133,0.0130000114441
138,151,0.20624530868,0.162400946712,0.0139999389648
139,151,0.36599170609,-0.15974639741,0.0139999389648
140,151,0.207194321992,0.158797384098,0.0130000114441
141,151,0.188761515333,0.0184328066592,0.0139999389648
142,151,0.20850359683,-0.0197420814969,0.0140001773834
143,151,0.266031985251,-0.0575283884213,0.0130000114441
144,151,0.17666149771,0.0893704875416,0.0159997940063
145,151,0.18101433255,-0.00435283484048,0.0150001049042
146,151,0.24587800487,-0.0648636723196,0.0139999389648
147,151,0.288151444189,-0.0422734393189,0.0130000114441
148,151,0.180897137977,0.107254306212,0.0139999389648
149,151,0.116978803218,0.0639183347588,0.0130000114441
150,151,0.225934085467,-0.108955282249,0.0140001773834
151,151,0.130220400577,0.0957136848904,0.0130000114441
152,151,0.154481016247,-0.0242606156709,0.0139999389648
153,151,0.273776578587,-0.11929556234,0.0130000114441
154,151,0.137777770592,0.135998807996,0.0149998664856
155,151,0.202164845751,-0.0643870751589,0.0150001049042
156,151,0.327830510424,-0.125665664673,0.0179998874664
157,151,0.11642449739,0.211406013034,0.0140001773834
158,151,0.102413758537,0.0140107388528,0.0139999389648
159,151,0.153172423508,-0.0507586649712,0.0139999389648
160,151,0.152563979294,0.000608444213867,0.0130000114441
161,151,0.208897874845,-0.0563338955507,0.0139999389648
162,151,0.141921416024,0.0669764588211,0.0130000114441
163,151,0.177643062263,-0.0357216462394,0.0130000114441
164,151,0.181385292912,-0.00374223064903,0.0139999389648
165,151,0.172195093521,0.00919019939094,0.0130000114441
166,151,0.175327629443,-0.00313253592182,0.0139999389648
167,151,0.11941028115,0.0559173482933,0.0130000114441
168,151,0.251425964153,-0.132015683004,0.0139999389648
169,151,0.181300927472,0.0701250366817,0.0130000114441
170,151,0.166480285442,0.0148206420292,0.0139999389648
171,151,0.22543580011,-0.0589555146678,0.0140001773834
172,151,0.301711783504,-0.0762759833936,0.0130000114441
173,151,0.263330219597,0.0383815639066,0.0139999389648
174,151,0.171720428972,0.0916097906252,0.0130000114441
175,151,0.178417016339,-0.00669658736677,0.0139999389648
176,151,0.144676107445,0.0337409088943,0.0139999389648
177,151,0.215520391401,-0.0708442839566,0.0150001049042
178,151,0.275701030201,-0.0601806387996,0.0130000114441
179,151,0.252388657324,0.0233123728771,0.0130000114441
180,151,0.206751059223,0.0456375981009,0.0149998664856
181,151,0.192077144092,0.0146739151304,0.0140001773834
182,151,0.132376184527,0.0597009595656,0.0169999599457
183,151,0.162322694892,-0.0299465103655,0.0179998874664
184,151,0.254055225297,-0.0917325304044,0.0130000114441
185,151,0.216875240503,0.0371799847938,0.0150001049042
186,151,0.114854079998,0.102021160505,0.0130000114441
187,151,0.128926169793,-0.0140720897952,0.0139999389648
188,151,0.11900810848,0.00991806131325,0.0130000114441
189,151,0.236101087355,-0.117092978875,0.0130000114441
190,151,0.136929366762,0.0991717205932,0.0139999389648
191,151,0.10876903155,0.0281603352124,0.0130000114441
192,151,0.180454127836,-0.071685096286,0.0130000114441
193,151,0.189996315154,-0.00954218731811,0.0150001049042
194,151,0.211483835385,-0.0214875202305,0.0159997940063
195,151,0.182608080226,0.0288757551585,0.0140001773834
196,151,0.1308162765,0.0517918037263,0.0139999389648
197,151,0.139354251078,-0.00853797457866,0.0139999389648
198,151,0.118996525442,0.0203577256361,0.0130000114441
199,151,0.189271775303,-0.0702752498601,0.0139999389648
200,151,0.0788352663154,0.110436508987,0.0130000114441
201,151,0.232562235649,-0.153726969334,0.0140001773834
202,151,0.235775069685,-0.00321283403611,0.0139999389648
203,151,0.250960242669,-0.0151851729841,0.0130000114441
204,151,0.154568691127,0.096391551542,0.0139999389648
205,151,0.169031496869,-0.0144628057417,0.0169999599457
206,151,0.11681114601,0.0522203508592,0.0140001773834
207,151,0.179204827113,-0.062393681103,0.0139999389648
208,151,0.194931472374,-0.0157266452612,0.0139999389648
209,151,0.0921359283245,0.10279554405,0.0169999599457
210,151,0.20991888741,-0.117782959085,0.0199999809265
211,151,0.134124831648,0.0757940557619,0.0190000534058
212,151,0.194382395965,-0.0602575643173,0.0150001049042
213,151,0.160403902168,0.0339784937979,0.0139999389648
214,151,0.204330722228,-0.0439268200603,0.0130000114441
215,151,0.205590330212,-0.00125960798453,0.0139999389648
216,151,0.140116558959,0.0654737712532,0.0130000114441
217,151,0.118939671295,0.0211768876638,0.0130000114441
218,151,0.254387558691,-0.135447887395,0.0160000324249
219,151,0.108495232285,0.145892326406,0.0130000114441
220,151,0.0868459853115,0.0216492469737,0.0130000114441
221,151,0.115198413268,-0.0283524279563,0.0130000114441
222,151,0.13340084758,-0.0182024343124,0.0130000114441
223,151,0.174883975098,-0.0414831275182,0.0130000114441
224,151,0.173447425792,0.00143654930671,0.0130000114441
225,151,0.0698071410324,0.103640284759,0.0139999389648
226,151,0.150598071269,-0.0807909302364,0.0139999389648
227,151,0.146871137303,0.00372693396562,0.0130000114441
228,151,0.126841854575,0.0200292827278,0.0140001773834
229,151,0.188776887805,-0.0619350332298,0.0130000114441
230,151,0.0942965248563,0.094480362949,0.0139999389648
231,151,0.110875363381,-0.0165788385252,0.0160000324249
232,151,0.180989625438,-0.0701142620567,0.0160000324249
233,151,0.147469766882,0.0335198585561,0.0130000114441
234,151,0.0849241926181,0.062545574264,0.0139999389648
235,151,0.0906209124635,-0.0056967198454,0.0130000114441
236,151,0.200609725043,-0.109988812579,0.0169999599457
237,151,0.0775297051234,0.123080019919,0.0130000114441
238,151,0.201418162971,-0.123888457848,0.0130000114441
239,151,0.139353834241,0.0620643287305,0.0139999389648
240,151,0.114940062264,0.0244137719767,0.0130000114441
241,151,0.192295074463,-0.0773550121989,0.0139999389648
242,151,0.216548035476,-0.0242529610135,0.0130000114441
243,151,0.102963131785,0.113584903692,0.0139999389648
244,151,0.114770560865,-0.01180742908,0.0130000114441
245,151,0.232831411804,-0.118060850939,0.0140001773834
246,151,0.153736695549,0.0790947162552,0.0130000114441
247,151,0.159713783012,-0.00597708746297,0.0179998874664
248,151,0.164343625504,-0.00462984249292,0.0139999389648
249,151,0.188975757321,-0.0246321318165,0.0140001773834
250,151,0.133689602479,0.0552861548417,0.0130000114441
251,151,0.159863074094,-0.026173471615,0.0139999389648
252,151,0.0898247080923,0.070038366002,0.0139999389648
253,151,0.0939572441657,-0.00413253607339,0.0130000114441
254,151,0.126019926261,-0.032062682095,0.0139999389648
255,151,0.156610817309,-0.0305908910486,0.0130000114441
256,151,0.100220737078,0.0563900802309,0.0139999389648
257,151,0.116932660539,-0.0167119234603,0.0130000114441
258,151,0.10383239645,0.0131002640882,0.0140001773834
259,151,0.192135198227,-0.0883028017764,0.0130000114441
260,151,0.0965623287176,0.0955728695093,0.0139999389648
261,151,0.158406503943,-0.0618441752251,0.0149998664856
262,151,0.0835546657739,0.0748518381687,0.0130000114441
263,151,0.0756724591287,0.00788220664523,0.0140001773834
264,151,0.115515475242,-0.0398430161129,0.0130000114441
265,151,0.0985279272724,0.0169875479692,0.0139999389648
266,151,0.0702807950658,0.0282471322066,0.0139999389648
267,151,0.117543921565,-0.0472631264996,0.0130000114441
268,151,0.140512239065,-0.0229683174992,0.0139999389648
269,151,0.082916891338,0.0575953477266,0.0150001049042
270,151,0.100950260036,-0.018033368698,0.0169999599457
271,151,0.180665148805,-0.0797148887685,0.0130000114441
272,151,0.109822544831,0.070842603974,0.0139999389648
273,151,0.14123994941,-0.031417404579,0.0140001773834
274,151,0.127877822775,0.0133621266346,0.0129997730255
275,151,0.0765909611784,0.0512868615965,0.0130000114441
276,151,0.0996593639551,-0.0230684027767,0.0140001773834
277,151,0.098783309886,0.000876054069064,0.0139999389648
278,151,0.131133010056,-0.0323497001698,0.0130000114441
279,151,0.162063497581,-0.0309304875254,0.0139999389648
280,151,0.0837437459175,0.0783197516637,0.0130000114441
281,151,0.122774187303,-0.0390304413852,0.0139999389648
282,151,0.0993071865562,0.0234670007466,0.0130000114441
283,151,0.141315725465,-0.0420085389093,0.0140001773834
284,151,0.131673017085,0.00964270838049,0.0130000114441
285,151,0.139630336635,-0.00795731955017,0.0129997730255
286,151,0.135549027399,0.00408130923644,0.0140001773834
287,151,0.171837194076,-0.0362881666777,0.0130000114441
288,151,0.0740158194738,0.0978213746027,0.0139999389648
289,151,0.0782439061348,-0.00422808666103,0.0130000114441
290,151,0.0982870329295,-0.0200431267947,0.0139999389648
291,151,0.124887883268,-0.026600850339,0.0130000114441
292,151,0.125534095512,-0.000646212243086,0.0130000114441
293,151,0.133078922499,-0.00754482698756,0.0139999389648
294,151,0.0806903018067,0.0523886206924,0.0130000114441
295,151,0.118976668806,-0.0382863669995,0.0130000114441
296,151,0.0682998871961,0.0506767816101,0.0139999389648
297,151,0.137917764929,-0.0696178777328,0.0130000114441
298,151,0.117654004634,0.0202637602951,0.0150001049042
299,151,0.0868067078243,0.0308472968095,0.0160000324249
300,151,0.0932386032003,-0.00643189537604,0.0149998664856
301,151,0.170190343794,-0.0769517405933,0.0140001773834
302,151,0.170994247032,-0.000803903238663,0.0139999389648
303,151,0.14812840847,0.0228658385624,0.0139999389648
304,151,0.119102844339,0.0290255641306,0.0139999389648
305,151,0.0976234334984,0.021479410841,0.0140001773834
306,151,0.10156088949,-0.00393745599204,0.0139999389648
307,151,0.0847378156043,0.0168230738861,0.0169999599457
308,151,0.077141275469,0.00759654013526,0.018000125885
309,151,0.0672591885194,0.00988208694963,0.0159997940063
310,151,0.0975984863888,-0.0303392978693,0.0130000114441
311,151,0.0689055714386,0.0286929149501,0.0140001773834
312,151,0.0811159058122,-0.0122103343736,0.0130000114441
313,151,0.126839669335,-0.0457237635227,0.0130000114441
314,151,0.0973750739698,0.0294645953652,0.0149998664856
315,151,0.11450801622,-0.0171329422502,0.0160000324249
316,151,0.060071086252,0.054436929968,0.0150001049042
317,151,0.0917207957893,-0.0316497095373,0.0139999389648
318,151,0.0791268632901,0.0125939324992,0.0130000114441
319,151,0.140473372099,-0.0613465088093,0.0130000114441
320,151,0.113010027551,0.0274633445487,0.0139999389648
321,151,0.122795635501,-0.00978560795058,0.0140001773834
322,151,0.110246569905,0.0125490655962,0.0159997940063
323,151,0.121478933372,-0.0112323634672,0.0130000114441
324,151,0.0608012281506,0.0606777052216,0.0140001773834
325,151,0.0992530544862,-0.0384518263356,0.0139999389648
326,151,0.132579702415,-0.033326647929,0.0130000114441
327,151,0.141171714328,-0.00859201191277,0.0139999389648
328,151,0.140915434882,0.000256279446431,0.0130000114441
329,151,0.0776031443615,0.0633122905201,0.0139999389648
330,151,0.103079492683,-0.0254763483212,0.0130000114441
331,151,0.073847082277,0.0292324104056,0.0139999389648
332,151,0.0655109140257,0.00833616825129,0.0130000114441
333,151,0.15553236955,-0.0900214555248,0.0140001773834
334,151,0.0868814038915,0.068650965659,0.0139999389648
335,151,0.117803573608,-0.0309221697169,0.0130000114441
336,151,0.154363291153,-0.0365597175447,0.0139999389648
337,151,0.13793696473,0.0164263264233,0.0130000114441
338,151,0.155779743826,-0.0178427790964,0.0139999389648
339,151,0.159319163948,-0.00353942012155,0.0140001773834
340,151,0.0989372051315,0.0603819588162,0.0130000114441
341,151,0.154325523124,-0.0553883179924,0.0139999389648
342,151,0.145325944913,0.00899957821069,0.0139999389648
343,151,0.104236722782,0.0410892221312,0.0130000114441
344,151,0.0753777737649,0.0288589490171,0.0139999389648
345,151,0.0965832590267,-0.0212054852618,0.0150001049042
346,151,0.134139522022,-0.0375562629952,0.0169999599457
