1,50,2.29338806152,Nan,0.18799996376
2,50,2.24277069092,0.0506173706055,0.0140001773834
3,50,2.23500274658,0.00776794433594,0.0260000228882
4,50,2.15383850098,0.0811642456055,0.0140001773834
5,50,2.19565841675,-0.0418199157715,0.0140001773834
6,50,2.17573425293,0.0199241638184,0.0160000324249
7,50,2.1899508667,-0.0142166137695,0.0139999389648
8,50,2.13866928101,0.0512815856934,0.0150001049042
9,50,2.08546783447,0.0532014465332,0.0139999389648
10,50,2.11883117676,-0.0333633422852,0.0209999084473
11,50,2.10025299072,0.0185781860352,0.0159997940063
12,50,2.13561813354,-0.0353651428223,0.0140001773834
13,50,2.0131098938,0.122508239746,0.0150001049042
14,50,1.92265884399,0.0904510498047,0.0149998664856
15,50,2.00423233032,-0.0815734863281,0.0139999389648
16,50,1.99957122803,0.00466110229492,0.0160000324249
17,50,1.93880126953,0.0607699584961,0.0150001049042
18,50,1.93193572998,0.00686553955078,0.0139999389648
19,50,1.82576858521,0.106167144775,0.0139999389648
20,50,1.87095962524,-0.0451910400391,0.0150001049042
21,50,1.82493621826,0.0460234069824,0.0149998664856
22,50,1.8723260498,-0.047389831543,0.0139999389648
23,50,1.83425918579,0.0380668640137,0.0149998664856
24,50,1.69303436279,0.141224822998,0.0139999389648
25,50,1.86493179321,-0.17189743042,0.0150001049042
26,50,1.77109466553,0.0938371276855,0.0160000324249
27,50,1.78200042725,-0.0109057617187,0.0149998664856
28,50,1.62194229126,0.160058135986,0.0139999389648
29,50,1.57909835815,0.0428439331055,0.0149998664856
30,50,1.79882522583,-0.219726867676,0.0139999389648
31,50,1.75168487549,0.0471403503418,0.0160000324249
32,50,1.57003875732,0.181646118164,0.0149998664856
33,50,1.59383529663,-0.0237965393066,0.0150001049042
34,50,1.65470611572,-0.0608708190918,0.0139999389648
35,50,1.65779174805,-0.00308563232422,0.0199999809265
36,50,1.51547332764,0.14231842041,0.0169999599457
37,50,1.54450485229,-0.0290315246582,0.0139999389648
38,50,1.41011352539,0.134391326904,0.0140001773834
39,50,1.56210662842,-0.151993103027,0.0140001773834
40,50,1.57885803223,-0.0167514038086,0.0140001773834
41,50,1.50087188721,0.0779861450195,0.0160000324249
42,50,1.33677307129,0.164098815918,0.0149998664856
43,50,1.50908950806,-0.172316436768,0.0150001049042
44,50,1.45256088257,0.0565286254883,0.0139999389648
45,50,1.32296630859,0.129594573975,0.0150001049042
46,50,1.36316390991,-0.0401976013184,0.0150001049042
47,50,1.39587661743,-0.0327127075195,0.0139999389648
48,50,1.26390136719,0.131975250244,0.0149998664856
49,50,1.33815597534,-0.0742546081543,0.0149998664856
50,50,1.27470298767,0.0634529876709,0.0139999389648
51,50,1.25613494873,0.0185680389404,0.0160000324249
52,50,1.30185424805,-0.0457192993164,0.0170001983643
53,50,1.26014160156,0.0417126464844,0.0139999389648
54,50,1.31785476685,-0.0577131652832,0.0149998664856
55,50,1.2416796875,0.0761750793457,0.0150001049042
56,50,1.21795379639,0.0237258911133,0.0149998664856
57,50,1.09704948425,0.120904312134,0.0150001049042
58,50,1.23047973633,-0.133430252075,0.0150001049042
59,50,1.08863586426,0.14184387207,0.0149998664856
60,50,1.19194854736,-0.103312683105,0.0150001049042
61,50,1.15390525818,0.0380432891846,0.0149998664856
62,50,1.06604003906,0.0878652191162,0.0150001049042
63,50,1.13641838074,-0.0703783416748,0.0149998664856
64,50,0.961721878052,0.174696502686,0.0149998664856
65,50,1.02352401733,-0.0618021392822,0.0139999389648
66,50,1.1237538147,-0.100229797363,0.0199999809265
67,50,0.968098831177,0.155654983521,0.0149998664856
68,50,1.01112670898,-0.0430278778076,0.0149998664856
69,50,1.05715835571,-0.0460316467285,0.0139999389648
70,50,0.98754447937,0.0696138763428,0.0140001773834
71,50,1.03825218201,-0.0507077026367,0.0160000324249
72,50,0.992145690918,0.0461064910889,0.0139999389648
73,50,0.971108627319,0.0210370635986,0.0139999389648
74,50,0.83931640625,0.131792221069,0.0140001773834
75,50,0.970702972412,-0.131386566162,0.0160000324249
76,50,0.956674194336,0.0140287780762,0.0150001049042
77,50,0.965955352783,-0.00928115844727,0.0140001773834
78,50,0.979932022095,-0.0139766693115,0.0150001049042
79,50,0.77840423584,0.201527786255,0.0150001049042
80,50,0.78168548584,-0.00328125,0.0149998664856
81,50,1.06265090942,-0.280965423584,0.0160000324249
82,50,0.833487243652,0.229163665771,0.0140001773834
83,50,0.874924163818,-0.041436920166,0.0150001049042
84,50,0.877313766479,-0.00238960266113,0.0149998664856
85,50,0.879520874023,-0.00220710754395,0.0150001049042
86,50,0.755306625366,0.124214248657,0.0150001049042
87,50,0.865199737549,-0.109893112183,0.0139999389648
88,50,0.841246414185,0.0239533233643,0.0190000534058
89,50,0.89916343689,-0.0579170227051,0.0130000114441
90,50,0.823567123413,0.0755963134766,0.0160000324249
91,50,0.756998748779,0.0665683746338,0.0160000324249
92,50,0.867082519531,-0.110083770752,0.0149998664856
93,50,0.81873878479,0.0483437347412,0.0139999389648
94,50,0.672391433716,0.146347351074,0.0149998664856
95,50,0.869491424561,-0.197099990845,0.0140001773834
96,50,0.860134353638,0.00935707092285,0.0160000324249
97,50,0.748938674927,0.111195678711,0.0150001049042
98,50,0.75603805542,-0.00709938049316,0.0160000324249
99,50,0.848124237061,-0.0920861816406,0.0190000534058
100,50,0.765660858154,0.0824633789062,0.0139999389648
