1,361,2.2631917092278395,Nan,0.010788440704345703
2,361,2.273340959628203,-0.010149250400363297,0.004434347152709961
3,361,2.2677426324987016,0.005598327129501257,0.006721019744873047
4,361,2.2544739953038433,0.013268637194858268,0.00482177734375
5,361,2.2591520610608553,-0.004678065757012018,0.004452228546142578
6,361,2.253938204693992,0.005213856366863112,0.005509614944458008
7,361,2.2886322106020605,-0.03469400590806826,0.004214763641357422
8,361,2.2808070301679364,0.007825180434124057,0.004655361175537109
9,361,2.227320282743248,0.053486747424688286,0.004792928695678711
10,361,2.209030869925121,0.018289412818127015,0.004433870315551758
11,361,2.226765894163348,-0.017735024238227037,0.0045261383056640625
12,361,2.219005130334574,0.00776076382877422,0.0058062076568603516
13,361,2.2387659807284455,-0.019760850393871543,0.004273176193237305
14,361,2.2459260301246537,-0.00716004939620829,0.003835439682006836
15,361,2.219639490185682,0.026286539938971565,0.0040094852447509766
16,361,2.2028649665642313,0.016774523621450932,0.004494428634643555
17,361,2.2248347485824964,-0.02196978201826516,0.004648923873901367
18,361,2.253125135257964,-0.028290386675467794,0.004243135452270508
19,361,2.2237313817412567,0.029393753516707477,0.0040318965911865234
20,361,2.2055697876991,0.018161594042156892,0.004846811294555664
21,361,2.2115796371840375,-0.006009849484937657,0.013700485229492188
22,361,2.200387716953774,0.011191920230263275,0.004294157028198242
23,361,2.2168154729700484,-0.01642775601627422,0.0038771629333496094
24,361,2.2062366094615653,0.010578863508483138,0.004080295562744141
25,361,2.209874203330592,-0.003637593869026734,0.004430055618286133
26,361,2.197591089475848,0.012283113854743899,0.0043604373931884766
27,361,2.170055780384349,0.027535309091498927,0.004012107849121094
28,361,2.194116650525883,-0.024060870141533908,0.004324913024902344
29,361,2.1972340084509177,-0.0031173579250345362,0.0041961669921875
30,361,2.184057008526662,0.013176999924255473,0.005135536193847656
31,361,2.1654864282158934,0.018570580310768747,0.004133462905883789
32,361,2.1665727187391792,-0.0010862905232857933,0.004582881927490234
33,361,2.1719170990412917,-0.005344380302112484,0.0042002201080322266
34,361,2.1817691200657894,-0.00985202102449767,0.004306793212890625
35,361,2.154065752954034,0.027703367111755473,0.004307985305786133
36,361,2.162890827886946,-0.00882507493291218,0.004364013671875
37,361,2.1652267329250345,-0.0023359050380884483,0.003860950469970703
38,361,2.161452190367469,0.0037745425575654856,0.004519939422607422
39,361,2.1760458483920533,-0.014593658024584233,0.003899812698364258
40,361,2.151699076729138,0.024346771662915323,0.004073143005371094
41,361,2.1170464935725417,0.03465258315659625,0.0038712024688720703
42,361,2.1407928889478014,-0.023746395375259688,0.003999471664428711
43,361,2.1411033059751556,-0.00031041702735423726,0.004210948944091797
44,361,2.1403260798995847,0.0007772260755709581,0.003805875778198242
45,361,2.117197306202389,0.02312877369719546,0.003885507583618164
46,361,2.1359222496645605,-0.01872494346217124,0.004166126251220703
47,361,2.1264907118356127,0.00943153782894779,0.0037689208984375
48,361,2.109924823623615,0.01656588821199767,0.003843069076538086
49,361,2.087233440367469,0.022691383256145947,0.003557920455932617
50,361,2.1113954158370847,-0.024161975469615626,0.003706216812133789
51,361,2.1021564515343663,0.009238964302718422,0.004248857498168945
52,361,2.133776043920966,-0.03161959238659984,0.004561662673950195
53,361,2.1058160248225417,0.027960019098424382,0.0039331912994384766
54,361,2.110520973099896,-0.004704948277354237,0.004163026809692383
55,361,2.0717306797524238,0.03879029334747219,0.003610372543334961
56,361,2.12493964113357,-0.05320896138114639,0.003935813903808594
57,361,2.123889363043196,0.0010502780903740572,0.004317283630371094
58,361,2.0910477149519564,0.032841648091239684,0.004486560821533203
59,361,2.07104424558518,0.02000346936677655,0.0041048526763916016
60,361,2.0806107032332064,-0.00956645764802655,0.0035839080810546875
61,361,2.091539208578601,-0.01092850534539469,0.004437685012817383
62,361,2.073937920652268,0.017601287926332976,0.0037584304809570312
63,361,2.075722311342192,-0.0017843906899237538,0.006158351898193359
64,361,2.0775280051614438,-0.0018056938192518857,0.0047261714935302734
65,361,2.0695254677220394,0.008002537439404378,0.003810405731201172
66,361,2.0776157537655817,-0.008090286043542338,0.003938436508178711
67,361,2.0654131183994116,0.012202635366170167,0.0037186145782470703
68,361,2.053294342970914,0.012118775428497486,0.00370025634765625
69,361,2.0652594315378288,-0.011965088566914694,0.0037927627563476562
70,361,2.05706922367339,0.008190207864438914,0.00371551513671875
71,361,2.0799560546875,-0.022886831014110154,0.0052068233489990234
72,361,2.0681946984288433,0.011761356258656708,0.018115758895874023
73,361,2.0632021579055575,0.004992540523285793,0.005776405334472656
74,361,2.0687472272117384,-0.0055450693061809275,0.0041463375091552734
75,361,2.0171329572260213,0.051614269985717165,0.0040051937103271484
76,361,2.0319851270342797,-0.01485216980825843,0.006148338317871094
77,361,2.0196335388352664,0.012351588199013275,0.005644559860229492
78,361,2.0365877864763675,-0.016954247641101095,0.0042266845703125
79,361,2.0365289492620327,5.883721433486144e-05,0.004558563232421875
80,361,2.0297102571524412,0.006818692109591407,0.004364013671875
81,361,2.027574872045966,0.0021353851064751517,0.005650043487548828
82,361,2.0493025423086912,-0.02172767026272515,0.005548954010009766
83,361,2.000879683983293,0.04842285832539828,0.004762172698974609
84,361,2.0042934259219183,-0.0034137419386253143,0.0037660598754882812
85,361,1.993382335039387,0.010911090882531171,0.004269123077392578
86,361,2.0196235635604225,-0.026241228521035387,0.004092693328857422
87,361,2.0306323783219358,-0.011008814761513275,0.003881216049194336
88,361,1.996775281066049,0.0338570972558867,0.0038852691650390625
89,361,1.9913605666226628,0.005414714443386259,0.0039048194885253906
90,361,1.980115895786444,0.011244670836218829,0.004004478454589844
91,361,1.9936604592278393,-0.013544563441395319,0.004049539566040039
92,361,1.9868666207691308,0.006793838458708512,0.003812074661254883
93,361,1.9884849823082582,-0.001618361539127422,0.0039479732513427734
94,361,2.016750177187933,-0.028265194879674604,0.004271268844604492
95,361,1.9986954369373269,0.01805474025060594,0.004072904586791992
96,361,1.9968467987145082,0.001848638222818666,0.004232168197631836
97,361,1.9755952364850242,0.02125156222948399,0.004098415374755859
