0,381,2.3020452063853347,Nan,0.010425567626953125
1,381,2.299249603992372,0.002795602392962504,0.0053327083587646484
2,381,2.3109720385293637,-0.01172243453699151,0.004691600799560547
3,381,2.2750865705995733,0.035885467929790416,0.004601478576660156
4,381,2.283182459553396,-0.008095888953822516,0.00436711311340332
5,381,2.2886719390789043,-0.005489479525508489,0.0042874813079833984
6,381,2.267416485964157,0.021255453114747525,0.0041201114654541016
7,381,2.259469420265338,0.007947065698818978,0.004251241683959961
8,381,2.2950364160412566,-0.03556699577591882,0.004139900207519531
9,381,2.297854446050689,-0.0028180300094322597,0.004321098327636719
10,381,2.274518831508366,0.02333561454232269,0.0041658878326416016
11,381,2.28962142824188,-0.015102596733513884,0.004164457321166992
12,381,2.2800679044147802,0.009553523827099841,0.004641294479370117
13,381,2.261625835588911,0.018442068825869296,0.0050241947174072266
14,381,2.286462818856627,-0.024836983267716217,0.005440235137939453
15,381,2.2850301747559874,0.0014326441006398127,0.005037546157836914
16,381,2.2780577491900424,0.006972425565944906,0.0047838687896728516
17,381,2.2932044001701937,-0.015146650980151222,0.004561901092529297
18,381,2.2759921657131725,0.017212234457021136,0.0045642852783203125
19,381,2.296090193620817,-0.02009802790764459,0.004709482192993164
20,381,2.2993088769787566,-0.0032186833579395113,0.004439115524291992
21,381,2.2614041225803807,0.03790475439837593,0.005225658416748047
22,381,2.2740412834748196,-0.012637160894438892,0.00502777099609375
23,381,2.289864607683317,-0.015823324208497525,0.004842281341552734
24,381,2.249922464525919,0.0399421431573983,0.0044918060302734375
25,381,2.271922834901985,-0.02200037037606606,0.004587411880493164
26,381,2.259528853448983,0.012393981453001857,0.004702091217041016
27,381,2.2842488927165356,-0.024720039267552618,0.004705667495727539
28,381,2.280176197762877,0.004072694953658473,0.004590034484863281
29,381,2.2585868935572506,0.021589304205626547,0.0049457550048828125
30,381,2.243846663026985,0.014740230530265741,0.004765510559082031
31,381,2.2752278645833335,-0.031381201556348604,0.004828453063964844
32,381,2.286281795952264,-0.011053931368930403,0.0047495365142822266
33,381,2.2776260175729988,0.008655778379265122,0.005348682403564453
34,381,2.2579726972604988,0.0196533203125,0.005310773849487305
35,381,2.2732391757915025,-0.015266478531003713,0.0052835941314697266
36,381,2.2666736512672245,0.006565524524277944,0.004715442657470703
37,381,2.2557699849286417,0.010903666338582862,0.004793643951416016
38,381,2.3029343011811023,-0.04716431625246065,0.006058454513549805
39,381,2.273456403276739,0.02947789790436328,0.006886005401611328
40,381,2.2703035609928643,0.0031528422838746906,0.006673336029052734
41,381,2.2733904020054134,-0.0030868410125490797,0.0056171417236328125
42,381,2.2876316180692258,-0.014241216063812345,0.004805564880371094
43,381,2.254393570066437,0.033238048002788734,0.007640838623046875
44,381,2.265874587331857,-0.011481017265420057,0.004938602447509766
45,381,2.2892170903563813,-0.02334250302452423,0.005590677261352539
46,381,2.2635589359313486,0.02565815442503272,0.007080078125
47,381,2.282915250522884,-0.019356314591535195,0.006209373474121094
48,381,2.274148135047572,0.008767115475311726,0.005323171615600586
49,381,2.265520391188894,0.008627743858677928,0.006712913513183594
50,381,2.2726228969303643,-0.0071025057414702,0.008577585220336914
51,381,2.2654934780491307,0.00712941888123364,0.006840705871582031
52,381,2.2578759381151574,0.007617539933973294,0.005059719085693359
53,381,2.2511257061495242,0.00675023196563318,0.005176067352294922
54,381,2.272758744207267,-0.02163303805774275,0.004769325256347656
55,381,2.2499391250410103,0.022819619166256633,0.004766941070556641
56,381,2.2458190116982446,0.004120113342765741,0.005372047424316406
57,381,2.254821136554708,-0.009002124856463567,0.00484776496887207
58,381,2.2671590489665356,-0.012337912411827467,0.0047724246978759766
59,381,2.2764315867987204,-0.009272537832184735,0.0048274993896484375
60,381,2.256482862737861,0.01994872406085957,0.004784345626831055
61,381,2.2505860015789043,0.00589686115895649,0.004761695861816406
62,381,2.2434623497990485,0.007123651779855855,0.004642009735107422
63,381,2.290509722051345,-0.047047372252296604,0.004763364791870117
64,381,2.2491272453248032,0.04138247672654183,0.0046498775482177734
65,381,2.283224911827428,-0.03409766650262469,0.004918575286865234
66,381,2.257106991264764,0.026117920562664043,0.004533529281616211
67,381,2.258222284592356,-0.0011152933275919708,0.004530191421508789
68,381,2.2280638687253935,0.03015841586696233,0.00425410270690918
69,381,2.2498598273970636,-0.021795958671670057,0.0041692256927490234
70,381,2.2353727085383857,0.014487118858677928,0.004286050796508789
71,381,2.26596557937582,-0.03059287083743456,0.004554033279418945
72,381,2.257528950848917,0.008436628526903078,0.0046503543853759766
73,381,2.2475629190760333,0.009966031772883799,0.004912614822387695
74,381,2.2491615275385497,-0.00159860846251636,0.0053594112396240234
75,381,2.2601664385457676,-0.011004911007217899,0.004935026168823242
76,381,2.2283701658874673,0.03179627265830032,0.00477910041809082
77,381,2.240543395515502,-0.012173229628034576,0.0047931671142578125
78,381,2.24225173910146,-0.001708343585958172,0.005165576934814453
79,381,2.2638682768413716,-0.021616537739911568,0.004926204681396484
80,381,2.25892394859334,0.004944328248031482,0.004948139190673828
81,381,2.240778244699393,0.018145703893947207,0.005050182342529297
82,381,2.2518925704355315,-0.011114325736138575,0.004471778869628906
83,381,2.255410502276083,-0.0035179318405513804,0.004617929458618164
84,381,2.2427880795296096,0.012622422746473294,0.004589080810546875
85,381,2.2473469731688813,-0.004558893639271755,0.005055427551269531
86,381,2.2455719875225557,0.0017749856463256108,0.004849672317504883
87,381,2.2455860848814795,-1.4097358923770287e-05,0.004826068878173828
88,381,2.2800606955380576,-0.034474610656578086,0.004778861999511719
89,381,2.2569203614562827,0.02314033408177485,0.004870891571044922
90,381,2.263531862594324,-0.006611501138041209,0.004580259323120117
91,381,2.2437407726377954,0.019791089956528563,0.004664421081542969
92,381,2.2399267962598426,0.003813976377952777,0.004804849624633789
93,381,2.224226663744669,0.01570013251517377,0.00446629524230957
94,381,2.2639837790661907,-0.03975711532152193,0.004276752471923828
95,381,2.2547091586696193,0.009274620396571454,0.004476070404052734
96,381,2.240975767921588,0.013733390748031482,0.004301309585571289
97,381,2.248499111866388,-0.007523343944800143,0.004499673843383789
98,381,2.253375516475968,-0.004876404609579943,0.004456281661987305
99,381,2.236194840879265,0.017180675596702777,0.004565715789794922
100,381,2.2195090146202427,0.016685826259022374,0.0048084259033203125
101,381,2.2377658954129758,-0.01825688079273302,0.004438638687133789
102,381,2.23735931476583,0.00040658064714582665,0.0043413639068603516
103,381,2.2427858367679625,-0.005426522002132561,0.004042863845825195
104,381,2.277084871227034,-0.034299034459071454,0.004003286361694336
105,381,2.2416799950787403,0.035404876148293685,0.004368305206298828
106,381,2.2683135906229497,-0.02663359554420941,0.0046312808990478516
107,381,2.255373656906168,0.012939933716781482,0.0045888423919677734
108,381,2.2407937838336616,0.014579873072506633,0.004503011703491211
109,381,2.260958613998934,-0.020164830165272374,0.004486799240112305
110,381,2.231878325695128,0.029080288303806157,0.004471540451049805
111,381,2.233661481401739,-0.0017831557066112502,0.004413604736328125
112,381,2.208317794199065,0.025343687202674214,0.004555463790893555
113,381,2.234528148581037,-0.026210354381972056,0.0046350955963134766
114,381,2.247068390132874,-0.012540241551837195,0.0076634883880615234
115,381,2.2407250592089074,0.006343330923966661,0.010971546173095703
116,381,2.2562797326115485,-0.01555467340264105,0.007429599761962891
117,381,2.2172833940801344,0.03899633853141404,0.005911588668823242
118,381,2.2441976552247374,-0.026914261144602936,0.005238056182861328
119,381,2.24026977859457,0.0039278766301671375,0.0050563812255859375
120,381,2.212226607355233,0.028043171239337195,0.0049326419830322266
121,381,2.2418067111117947,-0.029580103756561726,0.004961729049682617
122,381,2.2468444343626968,-0.005037723250902015,0.0047643184661865234
123,381,2.217379031844652,0.029465402518044748,0.0047953128814697266
124,381,2.2399271166543637,-0.02254808480971171,0.0046083927154541016
125,381,2.234597513994833,0.005329602659530863,0.004652738571166992
126,381,2.2402486325561846,-0.005651118561351698,0.012688636779785156
127,381,2.225220046957021,0.015028585599163424,0.005211591720581055
128,381,2.227432371124508,-0.0022123241674867344,0.005163669586181641
129,381,2.2442840015481464,-0.016851630423638575,0.0048749446868896484
130,381,2.240933636042077,0.003350365506069597,0.0049936771392822266
131,381,2.2268071212167815,0.014126514825295367,0.004703044891357422
132,381,2.234423539769931,-0.00761641855314954,0.0043146610260009766
133,381,2.220631837219078,0.013791702550852936,0.0043604373931884766
134,381,2.207103498964485,0.013528338254593208,0.004469156265258789
135,381,2.24898803390543,-0.041884534940944906,0.004490852355957031
136,381,2.2173920078227525,0.03159602608267731,0.00434422492980957
137,381,2.2135564048146326,0.0038356030081199144,0.004349946975708008
138,381,2.2372945950725884,-0.02373819025795587,0.00490260124206543
139,381,2.2241899785720145,0.013104616500573929,0.004543781280517578
140,381,2.2303787191396,-0.006188740567585338,0.004306316375732422
141,381,2.1903619240588093,0.04001679508079059,0.011697053909301758
142,381,2.221286723619997,-0.030924799561187655,0.00493621826171875
143,381,2.2328124359210957,-0.011525712301098778,0.005148172378540039
144,381,2.22008956949229,0.012722866428805713,0.0048296451568603516
145,381,2.2320872229228184,-0.011997653430528388,0.00469660758972168
146,381,2.2293092422285103,0.002777980694308013,0.00501561164855957
147,381,2.2156481004449637,0.013661141783546604,0.004866838455200195
148,381,2.243927402446276,-0.028279302001312345,0.004766702651977539
149,381,2.2147167135724244,0.029210688873851698,0.005148172378540039
150,381,2.2250926901349244,-0.0103759765625,0.0057525634765625
151,381,2.243698961152805,-0.018606271017880704,0.0057010650634765625
152,381,2.229628034776903,0.014070926375902015,0.005713939666748047
153,381,2.2226487207287566,0.0069793140481464455,0.006016731262207031
154,381,2.2058574846723262,0.016791236056430403,0.005259037017822266
155,381,2.2120707354207676,-0.006213250748441368,0.005685329437255859
156,381,2.2377002145361713,-0.025629479115403697,0.004851102828979492
157,381,2.209617794968012,0.028082419568159267,0.005152225494384766
158,381,2.234548814027641,-0.024931019059629023,0.004874467849731445
159,381,2.212275147125164,0.022273666902477007,0.00496363639831543
160,381,2.1952698875287076,0.01700525959645649,0.004792690277099609
161,381,2.213900348332923,-0.0186304608042156,0.004961967468261719
162,381,2.222553723753281,-0.008653375420357712,0.0050220489501953125
163,381,2.204122067749344,0.018431656003937036,0.005218982696533203
164,381,2.2508756382258857,-0.04675357047654183,0.005465507507324219
165,381,2.1980107024585793,0.05286493576730633,0.005527496337890625
166,381,2.21708923500041,-0.019078532541830562,0.005148649215698242
167,381,2.2285276397945375,-0.01143840479412761,0.0052449703216552734
168,381,2.200817999251558,0.027709640542979308,0.005118370056152344
169,381,2.2274801099081363,-0.026662110656578086,0.0051305294036865234
170,381,2.194036528820128,0.03344358108800849,0.004967689514160156
171,381,2.21822647535269,-0.024189946532562345,0.00510406494140625
172,381,2.2058329744914698,0.012393500861220375,0.005024433135986328
173,381,2.2283288349942585,-0.022495860502788734,0.004891157150268555
174,381,2.2235174704724407,0.00481136452181774,0.004760026931762695
175,381,2.206088809516486,0.017428660955954633,0.005246400833129883
176,381,2.2239291774319225,-0.017840367915436417,0.004977226257324219
177,381,2.191808505321112,0.03212067211081049,0.005216836929321289
178,381,2.204492764210138,-0.012684258889025912,0.004973173141479492
179,381,2.2167869427698492,-0.012294178559711266,0.005082845687866211
180,381,2.2072286130249346,0.009558329744914662,0.00492548942565918
181,381,2.214199276421014,-0.006970663396079324,0.004555463790893555
182,381,2.1887623544127295,0.0254369220082844,0.004243612289428711
183,381,2.2136515619873687,-0.024889207574639194,0.004663705825805664
184,381,2.201819392326936,0.011832169660432879,0.0045545101165771484
185,381,2.211056045972769,-0.009236653645833037,0.004646778106689453
186,381,2.2154228630967028,-0.0043668171239339415,0.00483393669128418
187,381,2.2040337990588093,0.011389064037893526,0.00484156608581543
188,381,2.2201852072568076,-0.016151408197998318,0.005171060562133789
189,381,2.2088286632627954,0.011356543994012203,0.0047359466552734375
190,381,2.2237604897166174,-0.014931826453822072,0.0045146942138671875
191,381,2.2139040328699147,0.009856456846702777,0.004726886749267578
192,381,2.2018852334010006,0.012018799468914043,0.004634380340576172
193,381,2.2081486258919782,-0.006263392490977626,0.004708290100097656
194,381,2.220478688638041,-0.012330062746062964,0.004692554473876953
195,381,2.193740003690945,0.026738684947096303,0.005048274993896484
196,381,2.211613051847523,-0.017873048156578086,0.005209922790527344
197,381,2.224142560182907,-0.012529508335383799,0.005119800567626953
198,381,2.2256777305302657,-0.0015351703473589495,0.005006551742553711
199,381,2.1838279583948492,0.04184977213541652,0.005853414535522461
200,381,2.1889324839033795,-0.005104525508530244,0.00496220588684082
201,381,2.202969608657316,-0.014037124753936592,0.004699230194091797
202,381,2.2222096200377295,-0.019240011380413424,0.004496097564697266
203,381,2.2099894526123687,0.012220167425360806,0.0047070980072021484
204,381,2.2099572529630085,3.2199649360187266e-05,0.004661083221435547
205,381,2.2280414411089238,-0.01808418814591528,0.00472569465637207
206,381,2.2077176952612367,0.020323745847687036,0.004519462585449219
207,381,2.2009362248298063,0.006781470431430403,0.0048100948333740234
208,381,2.202400908382546,-0.001464683552739654,0.004823207855224609
209,381,2.194919536119997,0.00748137226254908,0.004742860794067383
210,381,2.187877745140256,0.007041790979740892,0.0045397281646728516
211,381,2.2256844588152065,-0.037806713674950476,0.004807233810424805
212,381,2.1861702025406005,0.03951425627460603,0.004972219467163086
213,381,2.199256716750738,-0.013086514210137512,0.004987478256225586
214,381,2.218176654004675,-0.018919937253937036,0.004678010940551758
215,381,2.1975403633017554,0.020636290702919613,0.0047931671142578125
216,381,2.2092993228141404,-0.011758959512385037,0.004472255706787109
217,381,2.2077836965325623,0.0015156262815780863,0.004444599151611328
218,381,2.1923531760068076,0.015430520525754776,0.004456043243408203
219,381,2.2230517770361713,-0.030698601029363726,0.0044705867767333984
220,381,2.214669935972359,0.008381841063812345,0.004403591156005859
221,381,2.218063074146982,-0.003393138174622834,0.004338741302490234
222,381,2.1995953737594323,0.018467700387549524,0.0044612884521484375
223,381,2.2054348842991307,-0.005839510539698445,0.00471043586730957
224,381,2.209376537893701,-0.003941653594570216,0.0046160221099853516
225,381,2.193107224511975,0.01626931338172577,0.004872560501098633
226,381,2.2130637982385992,-0.01995657372662407,0.004912853240966797
227,381,2.196068951464075,0.01699484677452423,0.004842042922973633
228,381,2.2012096815534776,-0.005140730089402634,0.004842042922973633
229,381,2.1863790997682906,0.014830581785187036,0.004775047302246094
230,381,2.1774316021776574,0.00894749759063318,0.0047664642333984375
231,381,2.2019545988147966,-0.024522996637139194,0.004803180694580078
232,381,2.2003172226152397,0.0016373761995569502,0.004690885543823242
233,381,2.196785033218504,0.0035321893967354967,0.004771709442138672
234,381,2.1906656580647144,0.006119375153789797,0.0046482086181640625
235,381,2.1976358408690126,-0.006970182804298286,0.004660367965698242
236,381,2.2121750238373523,-0.01453918296833967,0.004791975021362305
237,381,2.188032655891158,0.024142367946194287,0.004802703857421875
238,381,2.1922155665600394,-0.004182910668881323,0.004821062088012695
239,381,2.220898405460548,-0.02868283890050849,0.0049228668212890625
240,381,2.2009655409284776,0.019932864532070216,0.004873514175415039
241,381,2.197617097789534,0.0033484431389436686,0.004998445510864258
242,381,2.190915085199311,0.00670201259022285,0.005140781402587891
243,381,2.204052862532808,-0.01313777733349708,0.005093812942504883
244,381,2.1798646781701114,0.024188184362696763,0.004924774169921875
245,381,2.20789215007792,-0.028027471907808632,0.005049228668212891
246,381,2.1725902807681265,0.03530186930979351,0.004682302474975586
247,381,2.182952480366224,-0.010362199598097366,0.004645586013793945
248,381,2.1791686210732446,0.003783859292979308,0.004571676254272461
249,381,2.1913556276656823,-0.012187006592437655,0.004806995391845703
250,381,2.1951857839669455,-0.0038301563012632656,0.004917144775390625
251,381,2.210368479330709,-0.015182695363763266,0.004617452621459961
252,381,2.2104362427718995,-6.776344119074906e-05,0.0045375823974609375
253,381,2.215983553508448,-0.005547310736548461,0.004740476608276367
254,381,2.1866780278563813,0.029305525652066677,0.004563808441162109
255,381,2.1934623818385006,-0.0067843539821192955,0.004751682281494141
256,381,2.1798981593975557,0.013564222440944906,0.00458526611328125
257,381,2.205001550709482,-0.02510339131192607,0.004575490951538086
258,381,2.189040617054216,0.01596093365526574,0.004426479339599609
259,381,2.2255047174889273,-0.036464100434711266,0.004561185836791992
260,381,2.1861750084584153,0.03932970903051203,0.004297733306884766
261,381,2.1902089356750327,-0.004033927216617439,0.004466056823730469
262,381,2.1844362273929625,0.005772708282070216,0.0044994354248046875
263,381,2.1714938907172736,0.012942336675688892,0.0043604373931884766
264,381,2.185724213367372,-0.014230322650098604,0.004324197769165039
265,381,2.1922474458148784,-0.006523232447506189,0.0044858455657958984
266,381,2.1816308529671096,0.010616592847768835,0.004474163055419922
267,381,2.1899800137897802,-0.008349160822670676,0.005052089691162109
268,381,2.196073116592848,-0.00609310280306774,0.005126237869262695
269,381,2.184049190811598,0.01202392578125,0.00493311882019043
270,381,2.192438400949393,-0.008389210137794922,0.00452876091003418
271,381,2.1697485415641404,0.022689859385252475,0.0044193267822265625
272,381,2.184715451218012,-0.014966909653871596,0.00491023063659668
273,381,2.185320035679134,-0.000604584461121771,0.004631757736206055
274,381,2.1659457789944225,0.019374256684711266,0.00464630126953125
275,381,2.1855004177944553,-0.01955463880003272,0.0045354366302490234
276,381,2.194290601675279,-0.008790183880823754,0.004456996917724609
277,381,2.1746259073572833,0.019664694317995668,0.0050351619720458984
278,381,2.1957186000553643,-0.021092692698081006,0.004416704177856445
279,381,2.1869058283608105,0.008812771694553856,0.004904031753540039
280,381,2.172913238445292,0.01399258991551866,0.0045719146728515625
281,381,2.1901134581077755,-0.01720021966248364,0.004797697067260742
282,381,2.1686066554913057,0.021506802616469756,0.005629301071166992
283,381,2.178910703483842,-0.010304047992536258,0.004840850830078125
284,381,2.179890469929052,-0.0009797664452100285,0.005577802658081055
285,381,2.1959119581487863,-0.01602148821973426,0.005206584930419922
286,381,2.1898792497129267,0.006032708435859568,0.00533604621887207
287,381,2.1802427437048886,0.009636506008038115,0.005070209503173828
288,381,2.200129151031414,-0.019886407326525468,0.0048139095306396484
289,381,2.191322146438238,0.008807004593176071,0.004962444305419922
290,381,2.1821303480253444,0.009191798412893526,0.004920005798339844
291,381,2.187249771879101,-0.005119423853756633,0.0053255558013916016
292,381,2.181138566785597,0.006111205093504157,0.004906892776489258
293,381,2.17227645433481,0.008862112450787052,0.004631519317626953
294,381,2.17881041999877,-0.0065339656639600285,0.004762887954711914
295,381,2.1793220900488026,-0.0005116700500327198,0.00444793701171875
296,381,2.192372559875328,-0.013050469826525468,0.004497051239013672
297,381,2.218175692821112,-0.025803132945783958,0.0050640106201171875
298,381,2.183308438679052,0.034867254142060045,0.004960775375366211
299,381,2.200597888215633,-0.01728944953658118,0.0051457881927490234
300,381,2.18328216632833,0.017315721887303237,0.005068778991699219
301,381,2.2010989852464733,-0.01781681891814335,0.005026340484619141
302,381,2.185469499723179,0.01562948552329413,0.005032539367675781
303,381,2.180353440011893,0.005116059711286258,0.004713296890258789
304,381,2.1861959942995406,-0.005842554287647683,0.004708051681518555
305,381,2.173011919957759,0.013184074341781482,0.0044629573822021484
306,381,2.1715571686351707,0.0014547513225884323,0.004563331604003906
307,381,2.16265869140625,0.008898477228920676,0.004561901092529297
308,381,2.1767243312725557,-0.014065639866305713,0.004678964614868164
309,381,2.160175153276739,0.016549177995816677,0.004787445068359375
310,381,2.1851274785720145,-0.024952325295275468,0.004571676254272461
311,381,2.1715031821583826,0.013624296413631942,0.004683494567871094
312,381,2.1481691695886647,0.0233340125697179,0.004860639572143555
313,381,2.151999165692667,-0.0038299961040024755,0.0051496028900146484
314,381,2.17938232421875,-0.027383158526082862,0.004642963409423828
315,381,2.1759151749097767,0.003467149308973294,0.004691123962402344
316,381,2.156588176416913,0.0193269984928639,0.004960536956787109
317,381,2.19936661207144,-0.042778435654527325,0.0048065185546875
318,381,2.174681335609416,0.02468527646202423,0.004701137542724609
319,381,2.1798723676386156,-0.0051910320291996825,0.00499415397644043
320,381,2.156627745140256,0.02324462249835957,0.00465703010559082
321,381,2.1519096154240485,0.004718129716207553,0.004738330841064453
322,381,2.1571945230479,-0.005284907623851698,0.004504203796386719
323,381,2.1760050455729165,-0.01881052252501636,0.004957437515258789
324,381,2.1745930669188813,0.0014119786540351953,0.005618572235107422
325,381,2.2206765322547573,-0.04608346533587593,0.0052640438079833984
326,381,2.1420193569553807,0.07865717529937655,0.005093574523925781
327,381,2.1671869873687664,-0.025167630413385655,0.004858970642089844
328,381,2.1666373505679952,0.0005496368007711361,0.004995584487915039
329,381,2.1614278958538384,0.0052094547141567915,0.004994392395019531
330,381,2.19538635093709,-0.03395845508325168,0.0048410892486572266
331,381,2.168221220882546,0.02716513005454413,0.004943370819091797
332,381,2.1630250625410103,0.005196158341535639,0.004876613616943359
333,381,2.1614693869443076,0.0015556755967027769,0.005480766296386719
334,381,2.1743043914554625,-0.012835004511154935,0.005309581756591797
335,381,2.1663065432250654,0.007997848230397064,0.004735469818115234
336,381,2.185469179328658,-0.01916263610359259,0.004779338836669922
337,381,2.1771932286540356,0.00827595067462239,0.004913806915283203
338,381,2.1733670772842846,0.003826151369751063,0.004934072494506836
339,381,2.1658467770874346,0.007520300196850016,0.005328655242919922
340,381,2.1619200218380907,0.003926755249343827,0.0048792362213134766
341,381,2.157564899114173,0.004355122723917582,0.005132198333740234
342,381,2.1674340115444553,-0.009869112430282101,0.007514238357543945
343,381,2.1660157851972603,0.0014182263471949064,0.005088090896606445
344,381,2.173772856945128,-0.007757071747867439,0.004750251770019531
345,381,2.190151424858514,-0.0163785679133861,0.004806041717529297
346,381,2.154472611394767,0.035678813463746906,0.004320859909057617
347,381,2.180420242269521,-0.025947630874754157,0.004221916198730469
348,381,2.1690193236343505,0.011400918635170676,0.003991127014160156
349,381,2.159604370437582,0.00941495319676866,0.003935098648071289
350,381,2.1493869891629758,0.01021738127460603,0.004183292388916016
351,381,2.137742570691847,0.011644418471128848,0.004300832748413086
352,381,2.16385055902436,-0.026107988332513266,0.0043485164642333984
353,381,2.161999479679298,0.0018510793450623453,0.00424647331237793
354,381,2.174022444276985,-0.012022964597687036,0.004257917404174805
355,381,2.172556639343422,0.0014658049335629642,0.004297018051147461
356,381,2.1547258832636156,0.01783075607980633,0.004428863525390625
357,381,2.1664611335814468,-0.01173525031783118,0.004656314849853516
358,381,2.1316680507709975,0.03479308281044924,0.00493931770324707
359,381,2.1610342911847935,-0.029366240413795985,0.004589080810546875
360,381,2.1798273522084153,-0.01879306102362177,0.004399538040161133
361,381,2.162842758058563,0.016984594149852317,0.004586696624755859
362,381,2.148526409479577,0.014316348578986116,0.004288434982299805
363,381,2.1770503326976707,-0.028523923218093827,0.004439830780029297
364,381,2.1385352267367947,0.03851510596087593,0.0043487548828125
365,381,2.188655182445456,-0.050119955708661124,0.0040454864501953125
366,381,2.1609894359518536,0.027665746493602317,0.004008054733276367
367,381,2.160575486230725,0.0004139497211284038,0.00405430793762207
368,381,2.1604848145812827,9.067164944243089e-05,0.004333972930908203
369,381,2.1659312010437173,-0.00544638646243456,0.01250314712524414
370,381,2.1457620455524116,0.020169155491305713,0.00526738166809082
371,381,2.143978088859498,0.0017839566929134243,0.009357452392578125
372,381,2.178023210660679,-0.03404512180118102,0.0048029422760009766
373,381,2.182412455401083,-0.004389244740403697,0.017279863357543945
374,381,2.1726788698531823,0.009733585547900603,0.008924722671508789
375,381,2.1447793955565126,0.027899474296669613,0.01955413818359375
376,381,2.189700149175689,-0.044920753619176246,0.0060160160064697266
377,381,2.1451564999077264,0.044543649267962504,0.021791934967041016
378,381,2.149076046280348,-0.003919546372621596,0.013876914978027344
379,381,2.1685079739788384,-0.019431927698490448,0.018663644790649414
380,381,2.1615068731032645,0.007001100875573929,0.005624294281005859
381,381,2.1608891524667815,0.0006177206364830212,0.009240388870239258
382,381,2.1743782423925526,-0.013489089925771136,0.00794363021850586
383,381,2.1419152287360563,0.03246301365649629,0.008425474166870117
384,381,2.1416888700069716,0.0002263587290847191,0.008051395416259766
385,381,2.1582902723097113,-0.016601402302739654,0.00791621208190918
386,381,2.156302064109662,0.0019882082000490797,0.008397340774536133
387,381,2.1414570645710302,0.014844999538631942,0.007105350494384766
388,381,2.1466245476029364,-0.005167483031906173,0.008901596069335938
389,381,2.1627067505843995,-0.016082202981463123,0.007979869842529297
390,381,2.1540224570927657,0.008684293491633799,0.008024930953979492
391,381,2.16340072511688,-0.009378268024114345,0.008030414581298828
392,381,2.169905534879429,-0.00650480976254908,0.007967233657836914
393,381,2.1441546262405677,0.025750908638861425,0.011604070663452148
394,381,2.1481964031229497,-0.004041776882381942,0.008369684219360352
395,381,2.1407105453371065,0.0074858577858432085,0.008061647415161133
396,381,2.180045701074475,-0.03933515573736868,0.008087158203125
397,381,2.1661207144028873,0.013924986671587813,0.007900238037109375
398,381,2.131831772371227,0.03428894203166033,0.008067846298217773
399,381,2.148915208230807,-0.017083435859579943,0.01129293441772461
400,381,2.1390645184854824,0.009850689745324548,0.008568286895751953
401,381,2.1523365411232778,-0.013272022637795367,0.009951353073120117
402,381,2.131649307691519,0.020687233431758933,0.0058383941650390625
403,381,2.1564534505208335,-0.024804142829314646,0.006093502044677734
404,381,2.1341756184895835,0.02227783203125,0.004994392395019531
405,381,2.140940748800443,-0.006765130310859568,0.004960536956787109
406,381,2.1277856701628117,0.013155078637631323,0.004679441452026367
407,381,2.1472068646448492,-0.019421194482037496,0.004651069641113281
408,381,2.1293235638635992,0.01788330078125,0.004363298416137695
409,381,2.150667766260663,-0.021344202397063583,0.004689216613769531
410,381,2.1349863768249673,0.015681389435695525,0.004716157913208008
411,381,2.1465031180794782,-0.011516741254510965,0.004780769348144531
412,381,2.135804504234334,0.010698613845144145,0.0044286251068115234
413,381,2.1311679149237204,0.004636589310613726,0.0042612552642822266
414,381,2.142117878270587,-0.01094996334686682,0.005967378616333008
415,381,2.1368445048494915,0.005273373421095684,0.004475116729736328
416,381,2.141739332144029,-0.004894827294537496,0.00437617301940918
417,381,2.141845703125,-0.0001063709809709934,0.004422664642333984
418,381,2.1615087954703904,-0.01966309234539043,0.004300117492675781
419,381,2.130346102977362,0.031162692493028388,0.005518674850463867
420,381,2.1607837426693735,-0.03043763969201141,0.004677534103393555
421,381,2.149050094324147,0.011733648345226388,0.0048792362213134766
422,381,2.149216539277805,-0.00016644495365802925,0.005488395690917969
423,381,2.1330425432660762,0.016173996011728864,0.004752397537231445
424,381,2.1544775775098426,-0.02143503424376636,0.004502058029174805
425,381,2.1343356555528215,0.020141921957021136,0.004719972610473633
426,381,2.1376350783300526,-0.0032994227772311646,0.0048906803131103516
427,381,2.1172241851726543,0.020410893157398302,0.005120277404785156
428,381,2.14173644859334,-0.024512263420685798,0.00476837158203125
429,381,2.1210444092437664,0.020692039349573754,0.004713296890258789
430,381,2.1483490711122046,-0.027304661868438274,0.004386186599731445
431,381,2.138082188884104,0.01026688222810046,0.0042150020599365234
432,381,2.126457795070538,0.011624393813566058,0.004197835922241211
433,381,2.151379522689058,-0.024921727618520073,0.004931211471557617
434,381,2.140862091945538,0.010517430743520073,0.005137443542480469
435,381,2.147290167220308,-0.006428075274770073,0.004704952239990234
436,381,2.141058013195128,0.006232154025180403,0.004835367202758789
437,381,2.1129139176816767,0.028144095513451095,0.0048944950103759766
438,381,2.119273909120735,-0.006359991439058188,0.004643440246582031
439,381,2.1405168668491634,-0.021242957728428546,0.0046045780181884766
440,381,2.155891478531004,-0.015374611681840733,0.004652261734008789
441,381,2.1320632574126477,0.023828221118356474,0.004567623138427734
442,381,2.1474061500369093,-0.015342892624261584,0.004529714584350586
443,381,2.1281180794783463,0.019288070558562964,0.00472569465637207
444,381,2.139947846179872,-0.011829766701525912,0.004636287689208984
445,381,2.144881120816929,-0.00493327463705695,0.004790782928466797
446,381,2.1441911512159613,0.0006899696009678991,0.0045928955078125
447,381,2.130465449936434,0.013725701279527325,0.004477977752685547
448,381,2.128581369955709,0.0018840799807251507,0.0045087337493896484
449,381,2.1511302557517222,-0.02254888579601344,0.004505634307861328
450,381,2.12692092535064,0.02420933040108242,0.0048160552978515625
451,381,2.1356995750287076,-0.00877864967806774,0.004625797271728516
452,381,2.125121109128937,0.010578465899770517,0.004515171051025391
453,381,2.1333523647678807,-0.008231255638943669,0.004701137542724609
454,381,2.11785888671875,0.015493478049130704,0.0043942928314208984
455,381,2.1238863086450133,-0.0060274219262632656,0.0045506954193115234
456,381,2.124755218585958,-0.0008689099409449064,0.004618644714355469
457,381,2.153340977946604,-0.028585759360646,0.004687070846557617
458,381,2.1310112420029528,0.022329735943651396,0.004669189453125
459,381,2.13529235359252,-0.0042811115895671215,0.005120515823364258
460,381,2.129480557178888,0.005811796413631942,0.0047664642333984375
461,381,2.1109893077940454,0.01849124938484259,0.004904270172119141
462,381,2.116736384514436,-0.005747076720390432,0.004473686218261719
463,381,2.139509065883366,-0.022772681368930403,0.0042078495025634766
464,381,2.109374359210958,0.03013470667240803,0.004084587097167969
465,381,2.1481102169968014,-0.03873585778584321,0.004266023635864258
466,381,2.1372778384391404,0.010832378557660949,0.0043261051177978516
467,381,2.1120996350065617,0.025178203432578705,0.0048139095306396484
468,381,2.131460755515912,-0.01936112050935046,0.004703521728515625
469,381,2.0982265522473753,0.03323420326853688,0.004271030426025391
470,381,2.1565040728551508,-0.05827752060777547,0.004297733306884766
471,381,2.150619226490732,0.005884846364418994,0.004148721694946289
472,381,2.134067325141486,0.016551901349245668,0.00435948371887207
473,381,2.150020569328248,-0.015953244186762028,0.0050067901611328125
474,381,2.1129590933091373,0.037061476019110806,0.005053520202636719
475,381,2.1304370950213256,-0.017478001712188274,0.0051534175872802734
476,381,2.1146299507361386,0.015807144285187036,0.004960536956787109
477,381,2.143033245417077,-0.028403294680938274,0.004721879959106445
478,381,2.093492723199639,0.049540522217437655,0.004584550857543945
479,381,2.1163797854125654,-0.022887062212926246,0.00441288948059082
480,381,2.0982718880720963,0.018107897340469137,0.004469156265258789
481,381,2.1304747413775424,-0.032202853305446144,0.004334688186645508
482,381,2.120199048300115,0.010275693077427484,0.004186391830444336
483,381,2.118301511749508,0.001897536550607093,0.004263162612915039
484,381,2.108326188535515,0.009975323213992748,0.004323720932006836
485,381,2.138597383273868,-0.030271194738352936,0.004459381103515625
486,381,2.1332331780060696,0.005364205267798461,0.0042574405670166016
487,381,2.1231860864193735,0.010047091586696144,0.004225254058837891
488,381,2.1144921810921096,0.008693905327263884,0.004152774810791016
489,381,2.101088956897966,0.013403224194143526,0.004122257232666016
490,381,2.1159293107160435,-0.014840353818077467,0.004019498825073242
491,381,2.136551984651821,-0.020622673935777325,0.0042345523834228516
492,381,2.1298530158095472,0.0066989688422736116,0.004285097122192383
493,381,2.1385994658382548,-0.008746450028707553,0.004610300064086914
494,381,2.1024445461163057,0.036154919721949064,0.0043354034423828125
495,381,2.1141136349655514,-0.011669088849245668,0.004361867904663086
496,381,2.138499022155922,-0.024385387190370533,0.004423379898071289
497,381,2.1168930574352034,0.021605964720718518,0.004452705383300781
498,381,2.124102094354905,-0.007209036919701539,0.004380941390991211
499,381,2.136719711183563,-0.01261761682865803,0.00428462028503418
500,381,2.125136808460466,0.011582902723096922,0.004514932632446289
501,381,2.134239056604741,-0.00910224814427485,0.004610538482666016
502,381,2.0867158984887633,0.047523158115977626,0.004596710205078125
503,381,2.11989883863394,-0.033182940145176865,0.004968881607055664
504,381,2.113231428651985,0.006667409981955252,0.005283832550048828
505,381,2.114927276851624,-0.0016958481996391939,0.005284547805786133
506,381,2.1068704760293637,0.008056800822260346,0.005023956298828125
507,381,2.10634903394644,0.0005214420829235955,0.004750251770019531
508,381,2.1147967160843177,-0.00844768213787761,0.0047473907470703125
509,381,2.128063932804298,-0.013267216719980102,0.004586458206176758
510,381,2.1149493840735727,0.01311454873072515,0.004403591156005859
511,381,2.1163006479658795,-0.0013512638923067755,0.004900217056274414
512,381,2.1023631659079722,0.013937482057907236,0.004672527313232422
513,381,2.123479888195128,-0.021116722287155554,0.004805564880371094
514,381,2.1230223648191435,0.00045752337598425896,0.004902362823486328
515,381,2.119871124507874,0.0031512403112694543,0.004972219467163086
516,381,2.105406433265666,0.014464691242208172,0.005041599273681641
517,381,2.1153354594713747,-0.00992902620570879,0.0051381587982177734
518,381,2.113626795490896,0.001708663980478864,0.006197452545166016
519,381,2.111486239696112,0.0021405557947837828,0.005102396011352539
520,381,2.0842621570497046,0.02722408264640741,0.00498509407043457
521,381,2.1192526028850884,-0.0349904458353838,0.005212068557739258
522,381,2.118863643936598,0.00038895894849044765,0.004780292510986328
523,381,2.0992857765337924,0.019577867402805538,0.004915475845336914
524,381,2.1017116436495242,-0.0024258671157317835,0.004728794097900391
525,381,2.110963516035105,-0.009251872385580562,0.0048711299896240234
526,381,2.125239655101706,-0.014276139066601079,0.004876852035522461
527,381,2.1264238332513123,-0.001184178149606474,0.0051038265228271484
528,381,2.1176245181266404,0.008799315124671914,0.004984855651855469
529,381,2.103184497262549,0.014440020864091352,0.004884243011474609
530,381,2.0960810303375164,0.00710346692503272,0.004785776138305664
531,381,2.1159736853572015,-0.01989265501968518,0.004989147186279297
532,381,2.089776627347851,0.02619705800935046,0.0049402713775634766
533,381,2.110965758796752,-0.021189131448900778,0.005097150802612305
534,381,2.1195446424909776,-0.00857888369422577,0.004892587661743164
535,381,2.1251774985646326,-0.005632856073654935,0.004861593246459961
536,381,2.0720868448572833,0.05309065370734922,0.004548072814941406
537,381,2.1142116756889764,-0.04212483083169305,0.0044710636138916016
538,381,2.0994091284243765,0.014802547264599841,0.004283428192138672
539,381,2.1099768611076937,-0.010567732683317121,0.004359006881713867
540,381,2.0777084871227034,0.03226837398499027,0.004437446594238281
541,381,2.1071367238763123,-0.02942823675360895,0.0066738128662109375
542,381,2.087430218073327,0.019706505802985497,0.004559993743896484
543,381,2.0944474988722113,-0.007017280798884418,0.00495457649230957
544,381,2.103953123718422,-0.009505624846210647,0.0047261714935302734
545,381,2.1162383312315454,-0.012285207513123453,0.0053424835205078125
546,381,2.1148024831856955,0.0014358480458498413,0.004764556884765625
547,381,2.1211517414083003,-0.006349258222604792,0.004747152328491211
548,381,2.0909329311741307,0.030218810234169613,0.005286216735839844
549,381,2.098550951699885,-0.007618020525754332,0.004882097244262695
550,381,2.110838882566437,-0.012287930866552,0.00500178337097168
551,381,2.090939819656332,0.019899062910105236,0.004944324493408203
552,381,2.101985260570456,-0.011045440914124072,0.005082607269287109
553,381,2.0830952802042324,0.01888998036622347,0.004337310791015625
554,381,2.0892029609580054,-0.006107680753772993,0.004312038421630859
555,381,2.129753693508038,-0.04055073255003272,0.0045032501220703125
556,381,2.106603427196112,0.02315026631192607,0.00468897819519043
557,381,2.0905311564447997,0.016072270751312345,0.004848480224609375
558,381,2.0929065614234745,-0.0023754049786748332,0.004896879196166992
559,381,2.1235966719980315,-0.03069011057455695,0.005019187927246094
560,381,2.1027567705770176,0.020839901421013884,0.005101680755615234
561,381,2.122598963459646,-0.01984219288262823,0.005192279815673828
562,381,2.123233825203002,-0.00063486174335603,0.005927324295043945
563,381,2.1157825700254267,0.007451255177575167,0.005196571350097656
564,381,2.1020118533156986,0.01377071670972807,0.0049648284912109375
565,381,2.09274123785064,0.009270615465058807,0.0048313140869140625
566,381,2.114215360225968,-0.021474122375328086,0.004572629928588867
567,381,2.1040101539431593,0.010205206282808632,0.004658937454223633
568,381,2.0948008940288716,0.00920925991428767,0.0043375492095947266
569,381,2.1118705529240485,-0.017069658895176865,0.004214763641357422
570,381,2.1064377832287566,0.005432769695291828,0.004197835922241211
571,381,2.0903491723568735,0.01608861087188318,0.0042803287506103516
572,381,2.1035306835424867,-0.013181511185613282,0.007723569869995117
573,381,2.1173190219508693,-0.013788338408382561,0.004667997360229492
574,381,2.082482205288304,0.03483681666256544,0.004667520523071289
575,381,2.0940588603182415,-0.011576655029937655,0.004667043685913086
576,381,2.112455913713911,-0.018397053395669438,0.004446268081665039
577,381,2.1114513166933233,0.0010045970205876387,0.004488706588745117
578,381,2.1072092932353184,0.004242023458004951,0.00432133674621582
579,381,2.107269847799787,-6.0554564468517924e-05,0.004419803619384766
580,381,2.099822597553724,0.007447250246062964,0.004500150680541992
581,381,2.104239716617454,-0.004417119063730102,0.0045316219329833984
582,381,2.0910255251906986,0.013214191426755395,0.0044019222259521484
583,381,2.0884032562335957,0.0026222689571029356,0.004510641098022461
584,381,2.083434738199229,0.00496851803436682,0.004416942596435547
585,381,2.1112280017121883,-0.02779326351295941,0.004360198974609375
586,381,2.1010005280101707,0.010227473702017598,0.004313230514526367
587,381,2.0757193177390914,0.025281210271079324,0.0041866302490234375
588,381,2.081824435336696,-0.006105117597604792,0.00406956672668457
589,381,2.097324161078986,-0.015499725742289971,0.004243135452270508
590,381,2.080731569625574,0.016592591453412187,0.004220485687255859
591,381,2.1123456979986877,-0.031614128373113726,0.004136323928833008
592,381,2.094217455606135,0.018128242392552618,0.0040590763092041016
593,381,2.1235058401513287,-0.02928838454519367,0.004117012023925781
594,381,2.09720016839936,0.026305671751968518,0.00405430793762207
595,381,2.074885651195456,0.022314517203904316,0.004143953323364258
596,381,2.0969489790948983,-0.02206332789944243,0.003980159759521484
597,381,2.0856507469037076,0.011298232191190749,0.004063844680786133
598,381,2.1022989268065126,-0.016648179902805094,0.0042724609375
599,381,2.117770137436434,-0.015471210629921295,0.004362821578979492
600,381,2.099087932917077,0.018682204519357093,0.004691123962402344
601,381,2.110523133765994,-0.011435200848917138,0.004759550094604492
602,381,2.099832689981135,0.01069044378485895,0.004555702209472656
603,381,2.07938110671957,0.02045158326156482,0.004395484924316406
604,381,2.117315657808399,-0.037934551088828705,0.004779815673828125
605,381,2.098450347820292,0.018865309988107093,0.004507303237915039
606,381,2.0803493389620242,0.018101008858267598,0.0043981075286865234
607,381,2.105621898581037,-0.025272559619012647,0.004683732986450195
608,381,2.0852872593196357,0.02033463926140122,0.00493168830871582
609,381,2.0731103451546096,0.012176914165026087,0.006860017776489258
610,381,2.1142645407849407,-0.04115419563033118,0.004731655120849609
611,381,2.0999619691703577,0.014302571614583037,0.011358499526977539
612,381,2.080670854863845,0.019291114306512647,0.004524946212768555
613,381,2.0709428762200623,0.00972797864378272,0.0045015811920166016
614,381,2.093592846487451,-0.022649970267388575,0.004202842712402344
615,381,2.07477127035146,0.018821576135990892,0.0048236846923828125
616,381,2.0868065701382053,-0.012035299786745224,0.007550239562988281
617,381,2.0696150011277887,0.01719156901041652,0.007433176040649414
618,381,2.061348662288796,0.008266338838992748,0.005615234375
619,381,2.063943377317093,-0.002594715028297223,0.0048961639404296875
620,381,2.1026846818097935,-0.0387413044927003,0.0045092105865478516
621,381,2.066556034438566,0.03612864737122745,0.004786968231201172
622,381,2.0844575977075133,-0.017901563268947207,0.00451207160949707
623,381,2.098130113496555,-0.013672515789041828,0.004227638244628906
624,381,2.0872403843196357,0.010889729176919438,0.004526615142822266
625,381,2.088136047203084,-0.0008956628834484448,0.004728555679321289
626,381,2.060473344457431,0.02766270274565308,0.004570960998535156
627,381,2.0655945304810532,-0.005121186023622215,0.004658222198486328
628,381,2.094901337711204,-0.029306807230150778,0.0044803619384765625
629,381,2.0511469803457185,0.0437543573654855,0.0044176578521728516
630,381,2.073533586316847,-0.022386605971128404,0.004416227340698242
631,381,2.0889605825028705,-0.015426996186023612,0.005228757858276367
632,381,2.0888969841904528,6.359831241775638e-05,0.0047435760498046875
633,381,2.0982616354474244,-0.009364651256971612,0.004902839660644531
634,381,2.0991018700787403,-0.0008402346313158837,0.004690647125244141
635,381,2.089895814109662,0.009206055969078086,0.004686594009399414
636,381,2.0814702391937336,0.008425574915928546,0.004421234130859375
637,381,2.0811583351275424,0.00031190406619119315,0.004637241363525391
638,381,2.0747916154035435,0.006366719723998937,0.004561185836791992
639,381,2.0829350829437336,-0.00814346754019013,0.004639625549316406
640,381,2.0709693087680447,0.011965774175688892,0.008694171905517578
641,381,2.075134597738271,-0.0041652889702263884,0.0063016414642333984
642,381,2.0799967447916665,-0.0048621470533953826,0.00549626350402832
643,381,2.0912554082595145,-0.011258663467847985,0.006606578826904297
644,381,2.0836039065063154,0.007651501753199064,0.005711793899536133
645,381,2.075382903492044,0.00822100301427131,0.005086421966552734
646,381,2.073166414195784,0.002216489296260171,0.0063877105712890625
647,381,2.061551151626066,0.011615262569717899,0.004546642303466797
648,381,2.0777358808542488,-0.016184729228182704,0.004171133041381836
649,381,2.0810673430835793,-0.003331462229330562,0.004107952117919922
650,381,2.07986281988189,0.0012045232016895113,0.004394054412841797
651,381,2.0551232365485563,0.02473958333333348,0.004049777984619141
652,381,2.072509124835958,-0.01738588828740184,0.004162788391113281
653,381,2.064029723640502,0.008479401195456315,0.0045659542083740234
654,381,2.077599713182825,-0.013569989542323135,0.004021644592285156
655,381,2.0782175940165684,-0.0006178808337433672,0.004735231399536133
656,381,2.0929922669578414,-0.014774672941272993,0.00458216667175293
657,381,2.0739914300873523,0.019000836870489035,0.005252838134765625
658,381,2.065200925812008,0.008790504275344446,0.005050182342529297
659,381,2.05538451828043,0.009816407531578086,0.004942893981933594
660,381,2.0843818244032972,-0.02899730612286744,0.004663705825805664
661,381,2.0892763313033136,-0.00489450690001636,0.00498509407043457
662,381,2.0878390414821193,0.0014372898211942875,0.004865407943725586
663,381,2.0706936092827264,0.017145432199392907,0.004675388336181641
664,381,2.0637211837167815,0.006972425565944906,0.0044133663177490234
665,381,2.056844395915354,0.006876787801427309,0.005030393600463867
666,381,2.0746541661540356,-0.017809770238681466,0.0051724910736083984
667,381,2.05468429605479,0.019969870099245668,0.005394697189331055
668,381,2.0860662985974407,-0.03138200254265078,0.005248546600341797
669,381,2.0583465656270503,0.02771973297039043,0.0055713653564453125
670,381,2.07294982749959,-0.014603261872539797,0.005048513412475586
671,381,2.0728035674007548,0.00014626009883533797,0.005491971969604492
672,381,2.064461134863025,0.008342432537729927,0.004889726638793945
673,381,2.0658183260539698,-0.0013571911909449064,0.00502324104309082
674,381,2.0999240024196193,-0.03410567636564954,0.004937648773193359
675,381,2.0539565199003444,0.04596748251927485,0.005145072937011719
676,381,2.065407900672572,-0.011451380772227626,0.005038738250732422
677,381,2.084162033761893,-0.018754133089320835,0.005165576934814453
678,381,2.0762756828248032,0.00788635093708967,0.00484776496887207
679,381,2.0855685657090715,-0.009292882884268217,0.005159139633178711
680,381,2.0865906242310532,-0.0010220585219817835,0.005203723907470703
681,381,2.0633080349819553,0.023282589249097985,0.005261659622192383
682,381,2.0828492172121065,-0.01954118223015122,0.005188703536987305
683,381,2.076135510221867,0.006713706990239654,0.005262851715087891
684,381,2.093418071276247,-0.017282561054380086,0.005038261413574219
685,381,2.0795736638266895,0.013844407449557394,0.005029201507568359
686,381,2.0671083945927657,0.01246526923392377,0.004703521728515625
687,381,2.077839528481791,-0.010731133889025468,0.004752635955810547
688,381,2.0431210975947343,0.03471843088705695,0.00472259521484375
689,381,2.0625720887672245,-0.019450991172490273,0.0047762393951416016
690,381,2.0801769667097276,-0.017604877942503094,0.004550457000732422
691,381,2.0594040277436023,0.02077293896612531,0.004584074020385742
692,381,2.076851912370817,-0.017447884627214805,0.004516124725341797
693,381,2.0616498331385333,0.015202079232283783,0.004700422286987305
694,381,2.0625272335342846,-0.0008774003957512377,0.005045175552368164
695,381,2.061615550924787,0.0009116826094976993,0.005773305892944336
696,381,2.071040436351706,-0.009424885426918994,0.004749298095703125
697,381,2.086213519879839,-0.01517308352813318,0.0059163570404052734
698,381,2.0960046162442585,-0.009791096364419438,0.005681276321411133
699,381,2.1203911248154528,-0.024386508571194287,0.005808830261230469
700,381,2.074270493715141,0.046120631100311726,0.005308628082275391
701,381,2.078165369709646,-0.003894875994504776,0.005484580993652344
702,381,2.0534567044475884,0.024708665262057394,0.006098270416259766
703,381,2.0592183591186846,-0.005761654671096128,0.008197784423828125
704,381,2.0539456264866307,0.005272732632053856,0.005768299102783203
705,381,2.0354593432168637,0.01848628326976698,0.005203962326049805
706,381,2.0860025400877626,-0.05054319687089892,0.005052328109741211
707,381,2.0542773950131235,0.031725145074639194,0.0057942867279052734
708,381,2.0347930828104497,0.01948431220267377,0.00523829460144043
709,381,2.0781235582246556,-0.04333047541420587,0.005935192108154297
710,381,2.0671474827243275,0.010976075500328086,0.0058710575103759766
711,381,2.0658335447937173,0.0013139379306101873,0.007175445556640625
712,381,2.0746224470964565,-0.00878890230273921,0.005800485610961914
713,381,2.0479242920562664,0.02669815504019013,0.005926370620727539
714,381,2.058096177308891,-0.01017188525262469,0.004920005798339844
715,381,2.0699361966350884,-0.011840019326197382,0.005126237869262695
716,381,2.0499562341084316,0.01997996252665679,0.0047283172607421875
717,381,2.0233252017203904,0.02663103238804121,0.004975080490112305
718,381,2.0625618361425526,-0.03923663442216219,0.006150722503662109
719,381,2.0599177803580218,0.002644055784530863,0.0052645206451416016
720,381,2.052840105191929,0.00707767516609259,0.005783557891845703
721,381,2.0635933463029037,-0.010753241110974532,0.005621433258056641
722,381,2.0642781895915356,-0.0006848432886319422,0.005412101745605469
723,381,2.080759764343422,-0.016481574751886274,0.0052642822265625
724,381,2.0666483080606137,0.014111456282808188,0.004992485046386719
725,381,2.034439207062008,0.032209100998605855,0.00504612922668457
726,381,2.051100202745653,-0.016660995683645208,0.0059587955474853516
727,381,2.059664348291913,-0.008564145546259727,0.0071468353271484375
728,381,2.043587111425525,0.016077236866387956,0.005054473876953125
729,381,2.0622191742023457,-0.018632062776820835,0.005292415618896484
730,381,2.039544693754101,0.022674480448244605,0.004843950271606445
731,381,2.0710992287463093,-0.03155453499220817,0.0059969425201416016
732,381,2.0647337906003935,0.006365438145915725,0.004718303680419922
733,381,2.067138031085958,-0.002404240485564646,0.005181550979614258
734,381,2.03817276441519,0.02896526667076804,0.0048482418060302734
735,381,2.0535129336860236,-0.015340169270833481,0.005113363265991211
736,381,2.064342268495735,-0.010829334809711266,0.004704713821411133
737,381,2.054962718893537,0.009379549602198,0.007258415222167969
738,381,2.072722988178724,-0.017760269285187036,0.008968353271484375
739,381,2.0550303221374673,0.017692666041256633,0.009213685989379883
740,381,2.0631769936228674,-0.008146671485400159,0.01297450065612793
741,381,2.0941913434526738,-0.03101434982980633,0.009938240051269531
742,381,2.080004754654692,0.014186588797981958,0.0054318904876708984
743,381,2.08910812417979,-0.00910336952509816,0.008634328842163086
744,381,2.0644899703699147,0.02461815380987531,0.005936145782470703
745,381,2.0286580083251313,0.03583196204478334,0.005114078521728516
746,381,2.05781310874959,-0.02915510042445879,0.004778146743774414
747,381,2.0463229602403215,0.01149014850926866,0.004805564880371094
748,381,2.071446216012549,-0.025123255772227626,0.005235910415649414
749,381,2.0492079527046423,0.02223826330790679,0.005449056625366211
750,381,2.031228373369833,0.017979579334809426,0.00817108154296875
751,381,2.037118025652067,-0.005889652282234259,0.005634307861328125
752,381,2.047131636011319,-0.010013610359251857,0.006437540054321289
753,381,2.045000211460384,0.0021314245509351792,0.005364894866943359
754,381,2.0446948754818735,0.000305335978510346,0.004954814910888672
755,381,2.0546355960875986,-0.00994072060572515,0.004960060119628906
756,381,2.035822190011893,0.018813406075705696,0.0047321319580078125
757,381,2.0329770866654364,0.00284510334645649,0.004637002944946289
758,381,2.052403247262549,-0.019426160597112663,0.004976034164428711
759,381,2.0469099230027887,0.005493324259760346,0.004599094390869141
760,381,2.053606328688894,-0.006696405686105411,0.005143880844116211
761,381,2.05045044265707,0.003155886031823929,0.005274295806884766
762,381,2.0571836937130907,-0.006733251056020517,0.004937171936035156
763,381,2.0186461601357446,0.03853753357734613,0.005194187164306641
764,381,2.0407851011421423,-0.022138941006397683,0.005590200424194336
765,381,2.049300066129429,-0.008514964987286877,0.007235050201416016
766,381,2.032211824352034,0.017088241777395208,0.005216121673583984
767,381,2.049780978305446,-0.017569153953412187,0.00524139404296875
768,381,2.0484851426652724,0.0012958356401737703,0.0047452449798583984
769,381,2.042129636749508,0.006355505915764503,0.005533933639526367
770,381,2.010200560562254,0.03192907618725371,0.004831075668334961
771,381,2.0342858982837106,-0.02408533772145649,0.004923582077026367
772,381,2.04544860359252,-0.011162705308809251,0.004556417465209961
773,381,2.0622454465530677,-0.016796842960547842,0.004350185394287109
774,381,2.056232282182989,0.006013164370078705,0.004187822341918945
775,381,2.0488151490218995,0.007417133161089495,0.004971027374267578
776,381,2.066928813463747,-0.018113664441847366,0.0047609806060791016
777,381,2.0800856542712434,-0.013156840807496462,0.005098819732666016
778,381,2.024491597974081,0.05559405629716219,0.004976034164428711
779,381,2.033203445394521,-0.008711847420439955,0.0058596134185791016
780,381,2.040480085558153,-0.007276640163631942,0.0054700374603271484
781,381,2.0565472299971295,-0.01606714443897639,0.004842281341552734
782,381,2.033118060254675,0.02342916974245446,0.006103515625
783,381,2.0358412534858923,-0.00272319323121728,0.0054662227630615234
784,381,2.06097412109375,-0.025132867607857712,0.005459785461425781
785,381,2.030275359867126,0.03069876122662407,0.005538225173950195
786,381,2.044474764445948,-0.014199404578822072,0.005515575408935547
787,381,2.0141028056307415,0.03037195881520649,0.0062160491943359375
788,381,2.0282363691354988,-0.014133563504757252,0.0049190521240234375
789,381,2.0101073257566435,0.018129043378855236,0.004911899566650391
790,381,2.0588907557209644,-0.048783429964320835,0.005418539047241211
791,381,2.0222988178723753,0.03659193784858905,0.005005598068237305
792,381,2.022130770946112,0.00016804692626326556,0.0047473907470703125
793,381,2.059703596620735,-0.037572825674622834,0.004879951477050781
794,381,2.057817594272884,0.001886002347851079,0.004750728607177734
795,381,2.044066101234416,0.013751493038467899,0.005194664001464844
796,381,2.0452070261236877,-0.001140924889271755,0.004845142364501953
797,381,2.0492266957841205,-0.0040196696604328785,0.009711742401123047
798,381,2.034371123226296,0.014855572557824548,0.004392385482788086
799,381,2.037950731012139,-0.0035796077858432085,0.013496637344360352
800,381,2.0543941788160267,-0.016443447803887512,0.009092569351196289
801,381,2.0094468324516077,0.044947346364418994,0.008567571640014648
802,381,2.0295216317564795,-0.02007479930487177,0.007788658142089844
803,381,2.008293091781496,0.02122853997498364,0.007875919342041016
804,381,2.0249920542158795,-0.016698962434383624,0.008114099502563477
805,381,2.0211505239091205,0.0038415303067589335,0.008047103881835938
806,381,2.0228537411827427,-0.001703217273622215,0.007866382598876953
807,381,2.021300628742208,0.0015531124405345764,0.007987737655639648
808,381,2.043824844160105,-0.02252421541789662,0.007978439331054688
809,381,2.0277746806307415,0.01605016352936328,0.008088111877441406
810,381,2.0422249541195048,-0.014450273488763266,0.007889032363891602
811,381,2.039548538488353,0.0026764156311518406,0.007918357849121094
812,381,2.0422087741961943,-0.002660235707841352,0.008289813995361328
813,381,2.031550049468914,0.010658724727280244,0.007722139358520508
814,381,2.032930789657152,-0.0013807401882379722,0.008016586303710938
815,381,2.0315920211511647,0.0013387685059873533,0.010875463485717773
816,381,2.016185530214485,0.015406490936679784,0.00514984130859375
817,381,2.0062302316580545,0.009955298556430403,0.011920928955078125
818,381,2.0249294170870242,-0.018699185428969756,0.0050547122955322266
819,381,2.028340977946604,-0.003411560859579943,0.009087800979614258
820,381,2.0355335145484745,-0.0071925366018703585,0.008710622787475586
821,381,2.0184052234559546,0.0171282910925199,0.012615442276000977
822,381,2.04094177406291,-0.022536550606955252,0.012015342712402344
823,381,2.0586800963234086,-0.017738322260498762,0.005139827728271484
824,381,2.0421499818015914,0.016530114521817296,0.009041070938110352
825,381,2.0501880395443735,-0.008038057742782101,0.013024091720581055
826,381,2.004410070384268,0.045777969160105236,0.005086660385131836
827,381,2.0315128837044782,-0.02710281332021003,0.012015819549560547
828,381,2.005527446276247,0.02598543742823134,0.008179426193237305
829,381,1.9991628091166338,0.006364637159613107,0.00813603401184082
830,381,2.038394958015502,-0.03923214889886806,0.007957220077514648
831,381,2.040917424079314,-0.0025224660638123453,0.007897138595581055
832,381,2.0326156816457512,0.008301742433562964,0.007980585098266602
833,381,2.043329834625164,-0.010714152979412805,0.008008956909179688
834,381,2.0547410058850066,-0.01141117125984259,0.00796818733215332
835,381,2.015274167999508,0.03946683788549876,0.008198022842407227
836,381,2.0259665341514927,-0.010692366151984878,0.007856369018554688
837,381,2.04549682296793,-0.019530288816437036,0.00616765022277832
838,381,2.014633058562992,0.030863764404937655,0.005782127380371094
839,381,1.9947649137241634,0.019868144838828705,0.005865335464477539
840,381,2.027560016301673,-0.03279510257750973,0.006150722503662109
841,381,2.0027518685408463,0.02480814776082685,0.005459308624267578
842,381,2.0492308609128935,-0.04647899237204722,0.0052335262298583984
843,381,2.039465876701936,0.009764984210957728,0.004961729049682617
844,381,2.0273557647945375,0.012110111907398302,0.0047092437744140625
845,381,2.015174044711696,0.012181720082841352,0.004618644714355469
846,381,2.036459454714157,-0.021285410002460647,0.004389286041259766
847,381,2.027063404794127,0.009396049920029625,0.004107952117919922
848,381,2.0519944238537566,-0.024931019059629467,0.004082441329956055
849,381,2.0334320468852525,0.018562376968504157,0.004165172576904297
850,381,2.00772567308481,0.025706373800442606,0.004490852355957031
851,381,2.0179191849676017,-0.010193511882791828,0.004163980484008789
852,381,2.0313449969754758,-0.013425812007874072,0.00393986701965332
853,381,2.0150606250512633,0.016284371924212504,0.0038785934448242188
854,381,2.050678883950541,-0.035618258899277944,0.003912687301635742
855,381,2.0282357283464565,0.02244315560408472,0.0038771629333496094
856,381,1.9736265648068405,0.05460916353961598,0.003972053527832031
857,381,2.0383196653030677,-0.06469310049622723,0.004161834716796875
858,381,2.005697095175115,0.03262257012795278,0.004189014434814453
859,381,2.016218050258366,-0.010520955083251238,0.004122495651245117
860,381,1.9948860228531005,0.02133202740526574,0.004309415817260742
861,381,2.033098355991634,-0.03821233313853334,0.0044362545013427734
862,381,2.017942413570374,0.015155942421259727,0.00456547737121582
863,381,2.0232724968216864,-0.005330083251312345,0.00464940071105957
864,381,2.0050130528727856,0.018259443948900778,0.004437923431396484
865,381,1.9864236025672573,0.018589450305528388,0.004535675048828125
866,381,2.006485265696768,-0.020061663129510965,0.0044248104095458984
867,381,1.992379576515338,0.014105689181430181,0.004781246185302734
868,381,2.0337075861733105,-0.04132800965797245,0.004714250564575195
869,381,2.0190428085527397,0.014664777620570835,0.0044634342193603516
870,381,2.0131952881500164,0.005847520402723294,0.004413127899169922
871,381,1.986382431871309,0.02681285627870733,0.004262208938598633
872,381,2.015652714126066,-0.02927028225475703,0.004113674163818359
873,381,2.0208435859580054,-0.0051908718319393365,0.004065513610839844
874,381,2.027896911140502,-0.0070533251824964616,0.00396275520324707
875,381,2.007031538355069,0.02086537278543288,0.011509418487548828
876,381,2.005281863875902,0.0017496744791669627,0.004444122314453125
877,381,2.014663816437008,-0.009381952561105855,0.004794120788574219
878,381,2.021389217827264,-0.006725401390256014,0.004696369171142578
879,381,2.0212096366982446,0.00017958112901927947,0.0044939517974853516
880,381,2.0278179338910762,-0.006608297192831625,0.004517793655395508
881,381,2.016129781567831,0.011688152323245049,0.004467487335205078
882,381,1.9778573744566108,0.038272407111220375,0.004265308380126953
883,381,2.011267794711696,-0.03341042025508534,0.004525899887084961
884,381,1.98065185546875,0.030615939242946144,0.006258964538574219
885,381,2.0123100380885006,-0.03165818261975062,0.004342079162597656
886,381,1.9869754821296752,0.02533455595882539,0.004174232482910156
887,381,2.002867691160187,-0.015892209030511806,0.00408935546875
888,381,1.9914366554400427,0.011431035720144367,0.004163980484008789
889,381,1.96787628414124,0.023560371298802618,0.004339933395385742
890,381,2.010236604945866,-0.04236032080462615,0.004364967346191406
891,381,2.014823212711204,-0.0045866077653378134,0.004354238510131836
892,381,2.0168324067523784,-0.002009194041174389,0.0041959285736083984
893,381,2.0139238652907645,0.0029085414616139005,0.0041391849517822266
894,381,2.0009632661273784,0.0129605991633861,0.004008293151855469
895,381,2.0109989837085793,-0.01003571758120092,0.003952741622924805
896,381,2.0220947265625,-0.011095742853920676,0.003949165344238281
897,381,1.997985519449229,0.024109207113270914,0.004014253616333008
898,381,2.0346944012979824,-0.036708881848753316,0.0038688182830810547
899,381,2.0165717658095472,0.01812263548843518,0.003928661346435547
900,381,1.9754459250943242,0.04112584071522307,0.004086732864379883
901,381,1.969124541195046,0.006321383899278166,0.003858327865600586
902,381,2.0307078924704722,-0.061583351275426246,0.0039098262786865234
903,381,2.022919261862287,0.007788630608185354,0.004131317138671875
904,381,2.013796508468668,0.009122753393618677,0.004387378692626953
905,381,1.9972412429769522,0.016555265491716042,0.004136323928833008
906,381,2.0209211214320866,-0.023679878455134418,0.003993988037109375
907,381,2.014403015296916,0.006518106135170676,0.003919363021850586
908,381,1.9795376835219816,0.03486533177493434,0.0039708614349365234
909,381,2.032948731750328,-0.053411048228346525,0.0039768218994140625
910,381,2.025889479269193,0.0070592524811350366,0.0038220882415771484
911,381,2.0092251194430775,0.016664359826115582,0.004009246826171875
912,381,1.993350692308481,0.015874427134596525,0.003965616226196289
913,381,2.022834517511483,-0.02948382520300208,0.003945112228393555
914,381,1.9957831275118931,0.027051389999589892,0.00421905517578125
915,381,2.0156948460055775,-0.01991171849368434,0.00449061393737793
916,381,1.9941992571973426,0.021495588808234878,0.004543781280517578
917,381,2.003351166492372,-0.009151909295029625,0.0045130252838134766
