0,371,2.301043980847793,Nan,0.010109186172485352
1,371,2.2718515730289757,0.02919240781881749,0.005072593688964844
2,371,2.297805662746378,-0.02595408971740243,0.004691123962402344
3,371,2.292031013098046,0.005774649648332186,0.0042188167572021484
4,371,2.27069091796875,0.02134009512929591,0.004408597946166992
5,371,2.288584583210495,-0.017893665241745182,0.004105806350708008
6,371,2.2497201595666274,0.038864423643867774,0.0042684078216552734
7,371,2.2934101444049024,-0.04368998483827502,0.004182100296020508
8,371,2.2885525027375335,0.004857641667368906,0.004164934158325195
9,371,2.2806184259707716,0.007934076766761944,0.0039119720458984375
10,371,2.28607868698408,-0.005460261013308543,0.003988981246948242
11,371,2.2738014077240565,0.012277279260023644,0.003928184509277344
12,371,2.282329055498231,-0.008527647774174696,0.003990650177001953
13,371,2.3228743314100404,-0.04054527591180923,0.003964900970458984
14,371,2.2930358722203503,0.02983845918969008,0.0038907527923583984
15,371,2.288821320649427,0.0042145515709233194,0.0040209293365478516
16,371,2.292812296001095,-0.003990975351667814,0.003992319107055664
17,371,2.2591944280660377,0.033617867935057166,0.00425267219543457
18,371,2.263790655007581,-0.004596226941543158,0.00420379638671875
19,371,2.2629907818817387,0.0007998731258420655,0.004275321960449219
20,371,2.3002186078588274,-0.037227825977088624,0.004439115524291992
21,371,2.265808599014488,0.03441000884433931,0.004258155822753906
22,371,2.302607533745367,-0.03679893473087903,0.004324674606323242
23,371,2.2696460816416777,0.03296145210368939,0.00439143180847168
24,371,2.2655476778344004,0.004098403807277329,0.004723310470581055
25,371,2.263248741787399,0.0022989360470013764,0.004667043685913086
26,371,2.284119310404734,-0.02087056861733494,0.004560708999633789
27,371,2.279121995293548,0.0049973151111859515,0.0041828155517578125
28,371,2.2657263413915096,0.01339565390203834,0.004026651382446289
29,371,2.2843920766825305,-0.01866573529102089,0.0038611888885498047
30,371,2.2987452093160377,-0.014353132633507126,0.0039980411529541016
31,371,2.271419720508339,0.027325488807698584,0.004100799560546875
32,371,2.2918850880748822,-0.020465367566543158,0.004283905029296875
33,371,2.265987427086843,0.02589766098803903,0.004328489303588867
34,371,2.288761272584653,-0.02277384549780992,0.004363298416137695
35,371,2.3029967768173014,-0.0142355042326483,0.004325389862060547
36,371,2.2863052244777626,0.016691552339538784,0.0044918060302734375
37,371,2.2519279541673685,0.03437727031039417,0.004411458969116211
38,371,2.272865480489808,-0.020937526322439393,0.004555702209472656
39,371,2.282483041768447,-0.009617561278639108,0.004362583160400391
40,371,2.250702480100236,0.03178056166821097,0.004439115524291992
41,371,2.293132607184973,-0.042430127084736924,0.00439906120300293
42,371,2.275618149585158,0.017514457599814737,0.005036115646362305
43,371,2.2668126355605627,0.008805514024595507,0.004746913909912109
44,371,2.2431698205336086,0.02364281502695409,0.004498720169067383
45,371,2.2635014372051887,-0.02033161667158012,0.004479885101318359
46,371,2.243767339906924,0.019734097298264697,0.0044078826904296875
47,371,2.268257079420064,-0.02448973951314004,0.004326581954956055
48,371,2.256123092939269,0.012133986480795222,0.004393100738525391
49,371,2.2743999141888476,-0.018276821249578745,0.0041468143463134766
50,371,2.291275065542874,-0.016875151354026396,0.004212856292724609
51,371,2.269977908892773,0.021297156650101012,0.004005908966064453
52,371,2.260958525048433,0.009019383844339757,0.003901243209838867
53,371,2.2468735522658356,0.014084972782597571,0.004008293151855469
54,371,2.2660983103626178,-0.019224758096782146,0.004143476486206055
55,371,2.319710045169306,-0.053611734806688016,0.004218578338623047
56,371,2.262493123262719,0.057216921906587004,0.004265308380126953
57,371,2.2537262703209233,0.008766852941795467,0.004319667816162109
58,371,2.259686493166695,-0.005960222845771579,0.004441022872924805
59,371,2.253262008296833,0.006424484869862024,0.004613161087036133
60,371,2.244623970792621,0.00863803750421166,0.004396200180053711
61,371,2.2576608169432277,-0.013036846150606518,0.004126787185668945
62,371,2.251686939332042,0.0059738776111859515,0.004282236099243164
63,371,2.2630245075071596,-0.011337568175117774,0.005850076675415039
64,371,2.2706274150838106,-0.007602907576651052,0.004809856414794922
65,371,2.245204051549865,0.025423363533945587,0.004719257354736328
66,371,2.2563497949481977,-0.01114574339833263,0.005013942718505859
67,371,2.275403128158693,-0.019053333210495182,0.005079030990600586
68,371,2.2808752342697103,-0.00547210611101745,0.00520634651184082
69,371,2.2470699834695083,0.033805250800202025,0.004532337188720703
70,371,2.2695411209147576,-0.022471137445249312,0.0048143863677978516
71,371,2.242122187447355,0.02741893346740243,0.004491090774536133
72,371,2.2497649077135278,-0.007642720266172631,0.004505157470703125
73,371,2.25493611543969,-0.005171207726162308,0.004332065582275391
74,371,2.244976033418969,0.009960082020721295,0.004377603530883789
75,371,2.2349211906165767,0.010054842802392105,0.004240274429321289
76,371,2.2514332568227764,-0.016512066206199716,0.004335641860961914
77,371,2.2560865705546664,-0.004653313731890041,0.004270076751708984
78,371,2.246104114460495,0.009982456094171255,0.004284858703613281
79,371,2.26511516725278,-0.019011052792284655,0.004139900207519531
80,371,2.262886643731048,0.002228523521731862,0.004351615905761719
81,371,2.268509445807362,-0.0056228020763140485,0.004338264465332031
82,371,2.260280393204599,0.008229052602763076,0.00438380241394043
83,371,2.2305995396205356,0.02968085358406336,0.0038623809814453125
84,371,2.26043701171875,-0.029837472098214413,0.003999471664428711
85,371,2.249126095013477,0.011310916705272955,0.003907680511474609
86,371,2.2717372349330356,-0.022611139919558543,0.0040471553802490234
87,371,2.2599273434867757,0.01180989144625988,0.0038857460021972656
88,371,2.2493690840317555,0.010558259455020202,0.003890514373779297
89,371,2.243778526943649,0.005590557088106518,0.0039517879486083984
90,371,2.278197748641762,-0.034419221698112956,0.00400090217590332
91,371,2.246463251242419,0.031734497399342754,0.003938436508178711
92,371,2.2522750813363377,-0.005811830093918502,0.0037992000579833984
93,371,2.243701533808541,0.008573547527796599,0.003979921340942383
94,371,2.236706839096193,0.0069946947123482595,0.0048983097076416016
95,371,2.2415796161661894,-0.004872777069996559,0.004274845123291016
96,371,2.2503055048117417,-0.008725888645552349,0.00429534912109375
97,371,2.2214399887866407,0.028865516025101012,0.004083395004272461
98,371,2.2643991969023753,-0.042959208115734615,0.004048347473144531
99,371,2.2671512079367417,-0.0027520110343663973,0.003801107406616211
100,371,2.2564225106869102,0.010728697249831498,0.00403904914855957
101,371,2.2421164294137466,0.014306081273163684,0.0038909912109375
102,371,2.241029148153218,0.0010872812605287052,0.0038347244262695312
103,371,2.2498336750863377,-0.008804526933119838,0.0038471221923828125
104,371,2.231880784356048,0.017952890730289717,0.003911495208740234
105,371,2.2519516443627863,-0.0200708600067383,0.0039806365966796875
106,371,2.242786170980037,0.009165473382749312,0.003966093063354492
107,371,2.2420400943396226,0.0007460766404143726,0.003964662551879883
108,371,2.2407550657534534,0.0012850285861691901,0.004122495651245117
109,371,2.2367280615629213,0.004027004190532146,0.004292726516723633
110,371,2.2484925468012973,-0.011764485238376032,0.0042378902435302734
111,371,2.2342236459737195,0.014268900827577813,0.0043182373046875
112,371,2.2570711943017185,-0.022847548327999068,0.004434823989868164
113,371,2.2279651569870285,0.02910603731469008,0.004141330718994141
114,371,2.227435911440785,0.0005292455462435619,0.004252195358276367
115,371,2.2530428739892185,-0.025606962548433643,0.0041959285736083984
116,371,2.22222818133002,0.03081469265919834,0.004302978515625
117,371,2.2457147068733154,-0.023486525543295222,0.011428594589233398
118,371,2.230800906281587,0.014913800591728421,0.0051136016845703125
119,371,2.2399051799928404,-0.009104273711253441,0.004994392395019531
120,371,2.2298748499620955,0.010030330030744938,0.004789113998413086
121,371,2.2091353999957883,0.020739449966307166,0.004549980163574219
122,371,2.2532486825619102,-0.0441132825661219,0.004647731781005859
123,371,2.2440550770721024,0.009193605489807855,0.014610767364501953
124,371,2.2293906815932445,0.014664395478857895,0.005532503128051758
125,371,2.2493230197628873,-0.019932338169642794,0.0050470829010009766
126,371,2.2373709871441205,0.011952032618766761,0.005014657974243164
127,371,2.224732103373484,0.0126388837706366,0.0046083927154541016
128,371,2.245093003758844,-0.020360900385360203,0.004752397537231445
129,371,2.207637324166105,0.03745567959273899,0.004738330841064453
130,371,2.2561168413599226,-0.04847951719381749,0.00455164909362793
131,371,2.2240626908376853,0.03205415052223737,0.004263162612915039
132,371,2.2519705636160716,-0.027907872778386356,0.004428386688232422
133,371,2.2247490484438175,0.02722151517225413,0.004337310791015625
134,371,2.228263587643194,-0.0035145391993767205,0.0044269561767578125
135,371,2.2212833702724897,0.006980217370704533,0.0042569637298583984
136,371,2.2268902143699463,-0.005606844097456598,0.0045166015625
137,371,2.2593627271626517,-0.032472512792705466,0.0044269561767578125
138,371,2.2199294097982647,0.039433317364387044,0.004574775695800781
139,371,2.216278158429498,0.0036512513687667614,0.0044558048248291016
140,371,2.2095894620746295,0.006688696354868462,0.004498481750488281
141,371,2.234161952756486,-0.024572490681856518,0.004442453384399414
142,371,2.247004506401617,-0.012842553645131094,0.004541635513305664
143,371,2.2595468197228774,-0.012542313321260323,0.00440669059753418
144,371,2.215438801644626,0.044108018078251376,0.004627704620361328
145,371,2.2477234380264486,-0.03228463638182255,0.004491329193115234
146,371,2.212627565121715,0.03509587290473348,0.0042989253997802734
147,371,2.211326578556688,0.0013009865650270847,0.0045244693756103516
148,371,2.2027456278428232,0.008580950713864777,0.00434422492980957
149,371,2.2087190119082716,-0.0059733840654483394,0.00403141975402832
150,371,2.242366986133339,-0.03364797422506749,0.004820585250854492
151,371,2.22168051007623,0.02068647605710927,0.004850864410400391
152,371,2.2218450253221866,-0.0001645152459568422,0.005667448043823242
153,371,2.2453361572923685,-0.023491131970181822,0.0047223567962646484
154,371,2.2054504230016003,0.03988573429076814,0.004547595977783203
155,371,2.210239297296159,-0.004788874294558543,0.004464864730834961
156,371,2.219959187057783,-0.009719889761623968,0.005083799362182617
157,371,2.20861043184594,0.011348755211842754,0.0052487850189208984
158,371,2.216158884876179,-0.0075484530302389885,0.00498652458190918
159,371,2.1872385852741747,0.028920299602004373,0.005816936492919922
160,371,2.2060385650058962,-0.01879997973172154,0.00554966926574707
161,371,2.234643324366156,-0.028604759360259635,0.0049304962158203125
162,371,2.2431232627190028,-0.008479938352846883,0.004853010177612305
163,371,2.2315581699587264,0.011565092760276396,0.004623889923095703
164,371,2.228481734859333,0.003076435099393482,0.004857063293457031
165,371,2.2190685015161726,0.009413233343160243,0.004660367965698242
166,371,2.2054078135528976,0.01366068796327502,0.0047168731689453125
167,371,2.219909174423012,-0.014501360870114333,0.004628658294677734
168,371,2.220535812994862,-0.00062663857185008,0.004609823226928711
169,371,2.2222828003916777,-0.001746987396815669,0.005460500717163086
170,371,2.1950900753874665,0.027192725004211216,0.004499673843383789
171,371,2.222571524648332,-0.02748144926086571,0.004268646240234375
172,371,2.199429000484333,0.023142524163999312,0.004239320755004883
173,371,2.2028866174086086,-0.003457616924275708,0.004272937774658203
174,371,2.1844579485870113,0.018428668821597327,0.0041964054107666016
175,371,2.2297379732774596,-0.04528002469044834,0.004435539245605469
176,371,2.2149065948239555,0.01483137845350413,0.004523754119873047
177,371,2.2409942709210746,-0.02608767609711915,0.004272937774658203
178,371,2.2030284295506233,0.037965841370451336,0.004509449005126953
179,371,2.216300367987702,-0.013271938437078745,0.0044901371002197266
180,371,2.2128963830336086,0.003403984954093442,0.004804134368896484
181,371,2.2089590396521226,0.0039373433814859915,0.004775285720825195
182,371,2.22280069438595,-0.013841654733827369,0.00490117073059082
183,371,2.188271411988292,0.03452928239765818,0.00461888313293457
184,371,2.1960287993808962,-0.007757387392604453,0.0049359798431396484
185,371,2.22230468091939,-0.026275881538493806,0.004660129547119141
186,371,2.225818397542537,-0.003513716623146923,0.004813671112060547
187,371,2.215686397089791,0.01013200045274587,0.004734992980957031
188,371,2.23652669490187,-0.020840297812078745,0.00574803352355957
189,371,2.19946206804877,0.037064626853099636,0.00467991828918457
190,371,2.1731170901069743,0.02634497794179591,0.00634312629699707
191,371,2.2212960379464284,-0.04817894783945409,0.004734992980957031
192,371,2.2226244985575305,-0.0013284606111021446,0.004638195037841797
193,371,2.199757043884771,0.022867454672759635,0.004484653472900391
194,371,2.1932266111965126,0.006530432688258259,0.004762887954711914
195,371,2.195858197070839,-0.0026315858743264364,0.0044155120849609375
196,371,2.2049874770994777,-0.009129280028638664,0.0048105716705322266
197,371,2.211147750484333,-0.006160273384855142,0.005146980285644531
198,371,2.1952226746757075,0.015925075808625344,0.00511622428894043
199,371,2.1944173725467486,0.0008053021289589068,0.005614519119262695
200,371,2.1992889980100236,-0.00487162546327502,0.005361795425415039
201,371,2.2083034463969846,-0.009014448386960972,0.004816293716430664
202,371,2.1963282171285377,0.011975229268446963,0.00495600700378418
203,371,2.221268399385108,-0.024940182256570242,0.004899501800537109
204,371,2.2125716299380898,0.008696769447018138,0.0050144195556640625
205,371,2.2098697960537397,0.00270183388435008,0.004774332046508789
206,371,2.1990678895194575,0.010801906534282146,0.004830121994018555
207,371,2.198689504453757,0.0003783850657006482,0.004652738571166992
208,371,2.2100854755411894,-0.01139597108743251,0.005038261413574219
209,371,2.2004669271710746,0.009618548370114777,0.010978221893310547
210,371,2.2188411414462603,-0.018374214275185707,0.005333900451660156
211,371,2.205997765224899,0.012843376221361336,0.004906892776489258
212,371,2.201480341086169,0.0045174241387297975,0.004782199859619141
213,371,2.217044470445165,-0.01556412935899587,0.0046384334564208984
214,371,2.214836675844424,0.002207794600741053,0.0046007633209228516
215,371,2.2198079975467486,-0.004971321702324616,0.004654645919799805
216,371,2.2145132388708726,0.005294758675876032,0.004771232604980469
217,371,2.192086026996294,0.022427211874578745,0.0048258304595947266
218,371,2.201328493514151,-0.009242466517857206,0.00497889518737793
219,371,2.208049599372473,-0.006721105858321863,0.006615400314331055
220,371,2.1903438105416106,0.017705788830862268,0.0051572322845458984
221,371,2.2118439790052222,-0.02150016846361158,0.004814624786376953
222,371,2.206280237902207,0.005563741103015385,0.004975080490112305
223,371,2.1908549594107987,0.015425278491408179,0.004661083221435547
224,371,2.196751021310647,-0.0058960618998482595,0.0046880245208740234
225,371,2.180775603836759,0.015975417473887976,0.0045473575592041016
226,371,2.1881468739471024,-0.007371270110343442,0.0043904781341552734
227,371,2.2179285753769373,-0.02978170142983494,0.004086971282958984
228,371,2.197691554971782,0.02023702040515518,0.004164457321166992
229,371,2.1926710432109164,0.005020511760865709,0.004182577133178711
230,371,2.1962864302560647,-0.0036153870451482994,0.004106283187866211
231,371,2.20591797533061,-0.009631545074545222,0.004094123840332031
232,371,2.172965242534956,0.032952732795653805,0.004299163818359375
233,371,2.197386379190532,-0.024421136655575992,0.004319906234741211
234,371,2.18122884333937,0.016157535851162308,0.004473447799682617
235,371,2.1952289262550537,-0.014000082915683887,0.004542112350463867
236,371,2.1807830070228267,0.014445919232227045,0.004533529281616211
237,371,2.208031338180172,-0.027248331157345262,0.004430055618286133
238,371,2.1809490029059972,0.027082335274174696,0.00461888313293457
239,371,2.1836154660124665,-0.00266646310646923,0.0046269893646240234
240,371,2.20471882370283,-0.021103357690363644,0.0044710636138916016
241,371,2.174796461737702,0.029922361965128097,0.0043010711669921875
242,371,2.1942494024806267,-0.019452940742924696,0.004254817962646484
243,371,2.1704952106321596,0.023754191848467165,0.0042378902435302734
244,371,2.1947536417094846,-0.02425843107732506,0.0043375492095947266
245,371,2.2011891491008253,-0.006435507391340689,0.00438690185546875
246,371,2.1939340267541274,0.007255122346697895,0.004393339157104492
247,371,2.216964680550876,-0.023030653796748624,0.004224300384521484
248,371,2.1766666710537397,0.040298009497136356,0.004317045211791992
249,371,2.1848840430740397,-0.00821737202030004,0.004263162612915039
250,371,2.1919925823365904,-0.007108539262550728,0.004425525665283203
251,371,2.1880394454914924,0.003953136845098015,0.004266023635864258
252,371,2.188099987102005,-6.054161051238793e-05,0.004133462905883789
253,371,2.189057136802982,-0.0009571497009770447,0.004239082336425781
254,371,2.168910764298349,0.020146372504632915,0.004442691802978516
255,371,2.1912479863333894,-0.022337222035040405,0.004318952560424805
256,371,2.189209477920738,0.0020385084126512965,0.004420042037963867
257,371,2.211995168516257,-0.022785690595518826,0.004418611526489258
258,371,2.1770065595518866,0.03498860896437028,0.004598855972290039
259,371,2.1821603286619777,-0.005153769110091133,0.004355907440185547
260,371,2.1934788130685647,-0.011318484406587004,0.0045185089111328125
261,371,2.210758507412399,-0.01727969434383425,0.004809379577636719
262,371,2.1766291615776616,0.03412934583473737,0.005003452301025391
263,371,2.197651906797507,-0.021022745219845262,0.004355430603027344
264,371,2.212878121841307,-0.015226215043800284,0.0048675537109375
265,371,2.1896273466454685,0.023250775195838624,0.004674434661865234
266,371,2.2114168974267185,-0.02178955078125,0.005074739456176758
267,371,2.2030090167516003,0.008407880675118218,0.004477262496948242
268,371,2.178714556835411,0.024294459916189393,0.004415988922119141
269,371,2.171558308151533,0.007156248683878097,0.004073143005371094
270,371,2.1956275466960076,-0.024069238544474736,0.003993988037109375
271,371,2.1776590270173517,0.01796851967865587,0.004096269607543945
272,371,2.189086256001516,-0.011427228984164373,0.0041315555572509766
273,371,2.200037871409619,-0.010951615408103077,0.0041544437408447266
274,371,2.182042206715381,0.0179956646942383,0.004271745681762695
275,371,2.195766397563595,-0.013724190848213969,0.004210710525512695
276,371,2.2108672519899764,-0.015100854426381538,0.004376649856567383
277,371,2.1859644146942387,0.024902837295737612,0.004434108734130859
278,371,2.1920868495725236,-0.006122434878284899,0.004651308059692383
279,371,2.2031829093665767,-0.011096059794053037,0.004514217376708984
280,371,2.1470458655344506,0.05613704383212603,0.00454401969909668
281,371,2.197613245714707,-0.050567380180256194,0.004552364349365234
282,371,2.187225424054498,0.010387821660208907,0.004895210266113281
283,371,2.1790628356111017,0.008162588443396235,0.004626750946044922
284,371,2.2197365979300034,-0.04067376231890174,0.004564046859741211
285,371,2.1783161009097034,0.04142049702030004,0.004862070083618164
286,371,2.166034873283777,0.012281227625926316,0.004440784454345703
287,371,2.188975866271479,-0.022940992987702025,0.004679441452026367
288,371,2.164795086390246,0.02418077988123324,0.004666566848754883
289,371,2.1924456573239555,-0.027650570933709595,0.004612922668457031
290,371,2.19338174907345,-0.0009360917494944943,0.004830598831176758
291,371,2.170570229584316,0.022811519489133847,0.00446629524230957
292,371,2.184177614607901,-0.01360738502358494,0.004518985748291016
293,371,2.1758176078693565,0.008360006738544534,0.004436969757080078
294,371,2.193256882001769,-0.017439274132412308,0.004808902740478516
295,371,2.1718470324081873,0.021409849593581498,0.004510641098022461
296,371,2.17746868287778,-0.00562165046959251,0.004961967468261719
297,371,2.1574371420148246,0.02003154086295522,0.0047893524169921875
298,371,2.1726250250063175,-0.015187882991492874,0.005307674407958984
299,371,2.1741688360743767,-0.001543811068059231,0.00514984130859375
300,371,2.182575071597035,-0.008406235522658179,0.005292177200317383
301,371,2.1689546898690195,0.013620381728015385,0.005866050720214844
302,371,2.1940054263708726,-0.025050736501853077,0.005689382553100586
303,371,2.156380460590044,0.037624965780828745,0.004993915557861328
304,371,2.1858204638540264,-0.02944000326398255,0.005269765853881836
305,371,2.1816388153322945,0.004181648521731862,0.006205081939697266
306,371,2.1676117519162736,0.01402706341602089,0.005429744720458984
307,371,2.1669912004085243,0.0006205515077493118,0.005036592483520508
308,371,2.1788532431877528,-0.011862042779228421,0.005103111267089844
309,371,2.18221149290347,-0.0033582497157174096,0.005033016204833984
310,371,2.160383774585158,0.021827718318311984,0.005641937255859375
311,371,2.1797973961842994,-0.019413621599141173,0.004923582077026367
312,371,2.1704690527080523,0.009328343476247003,0.004961729049682617
313,371,2.18126668184594,-0.010797629137887732,0.005345344543457031
314,371,2.1702176734122305,0.011049008433709595,0.0050356388092041016
315,371,2.1564847632559805,0.01373291015625,0.005019187927246094
316,371,2.160077118166695,-0.0035923549107144126,0.005129814147949219
317,371,2.16461181640625,-0.004534698239555102,0.004972219467163086
318,371,2.17076172533061,-0.006149908924359959,0.005143880844116211
319,371,2.1688053100256908,0.00195641530491919,0.004813671112060547
320,371,2.1567019233806435,0.012103386645047287,0.005011558532714844
321,371,2.152660112817975,0.004041810562668502,0.004826784133911133
322,371,2.1540198313258085,-0.0013597185078335627,0.005142688751220703
323,371,2.1715948305361352,-0.01757499921032668,0.005044460296630859
324,371,2.1941508578482987,-0.02255602731216344,0.00509190559387207
325,371,2.1753219234332883,0.018828934415010323,0.0048961639404296875
326,371,2.169948526469845,0.005373396963443522,0.005191326141357422
327,371,2.1561070362512633,0.013841490218581498,0.005127906799316406
328,371,2.1887725254274764,-0.032665489176213036,0.005297422409057617
329,371,2.147514898500674,0.04125762692680235,0.004918336868286133
330,371,2.20115723314311,-0.05364233464243595,0.004912614822387695
331,371,2.1680046143236185,0.0331526188194915,0.005634307861328125
332,371,2.1673146373820753,0.0006899769415431578,0.005171060562133789
333,371,2.159728510360512,0.00758612702156336,0.004933595657348633
334,371,2.194537633191543,-0.034809122831031214,0.005236625671386719
335,371,2.1588700698071093,0.03566756338443389,0.005014896392822266
336,371,2.1688035003579853,-0.009933430550876032,0.006011009216308594
337,371,2.1741543587327326,-0.005350858374747247,0.005130290985107422
338,371,2.1348559438700305,0.039298414862702025,0.0052378177642822266
339,371,2.166945629685394,-0.032089685815363644,0.005133152008056641
340,371,2.143832060204683,0.02311356948071097,0.005123615264892578
341,371,2.1736155713022236,-0.029783511097540405,0.005368709564208984
342,371,2.1938201822039254,-0.02020461090170178,0.0054187774658203125
343,371,2.174033275511708,0.019786906692217165,0.0059146881103515625
344,371,2.1517095437268363,0.022323731784871903,0.005196571350097656
345,371,2.1753630522447778,-0.023653508517941457,0.004819393157958984
346,371,2.1641830896752863,0.011179962569491497,0.005180835723876953
347,371,2.158829270026112,0.005353819649174252,0.004883527755737305
348,371,2.1477184038599226,0.011110866166189393,0.00487828254699707
349,371,2.191474852857564,-0.04375644899764142,0.00494384765625
350,371,2.173915482595603,0.01755937026196097,0.005453586578369141
351,371,2.1468370956873315,0.02707838690827158,0.005114078521728516
352,371,2.154449380633002,-0.007612284945670567,0.004990100860595703
353,371,2.1415234177581706,0.012925962874831498,0.004506349563598633
354,371,2.174750726499326,-0.033227308741155426,0.0046193599700927734
355,371,2.18151082247094,-0.0067600959716140885,0.0046541690826416016
356,371,2.169901804139993,0.011609018330946963,0.004746198654174805
357,371,2.186141433098888,-0.01623962895889486,0.004901409149169922
358,371,2.154221362502106,0.031920070596782146,0.004831790924072266
359,371,2.1379677497473044,0.016253612754801416,0.00664210319519043
360,371,2.160492190132244,-0.022524440384939393,0.00490117073059082
361,371,2.1537026459316038,0.006789544200640041,0.0049898624420166016
362,371,2.1747196331178404,-0.02101698718623668,0.004913806915283203
363,371,2.1570403312415767,0.017679301876263764,0.004750967025756836
364,371,2.1463683917516003,0.010671939489976356,0.0048444271087646484
365,371,2.173549271658103,-0.027180879906502753,0.0046825408935546875
366,371,2.138470672854195,0.03507859880390818,0.004959583282470703
367,371,2.156859693501516,-0.018389020647321175,0.004730701446533203
368,371,2.1469951948386963,0.009864498662819798,0.005192756652832031
369,371,2.150248483827493,-0.003253288988796843,0.005021333694458008
370,371,2.1613215114871127,-0.011073027659619594,0.005422353744506836
371,371,2.1314491621567555,0.029872349330357206,0.0051763057708740234
372,371,2.1688173196386455,-0.03736815748189004,0.005099296569824219
373,371,2.1490384741934805,0.01977884544516506,0.005169391632080078
374,371,2.180045814205694,-0.031007340012213724,0.004849910736083984
375,371,2.1386391364660544,0.0414066777396398,0.004662990570068359
376,371,2.152850127927055,-0.014210991461000688,0.004814624786376953
377,371,2.176368733943312,-0.023518606016256882,0.004655599594116211
378,371,2.1527736283376853,0.02359510560562672,0.004882335662841797
379,371,2.1529174146626517,-0.00014378632496647725,0.004609107971191406
380,371,2.1462005862007243,0.006716828461927449,0.0048863887786865234
381,371,2.1672873278512466,-0.021086741650522267,0.004620790481567383
382,371,2.1749441964285716,-0.00765686857732506,0.005171298980712891
383,371,2.141529340307025,0.0334148561215466,0.004879474639892578
384,371,2.1551011900374832,-0.013571849730458219,0.005251407623291016
385,371,2.148861291273585,0.0062398987638982994,0.0058667659759521484
386,371,2.1596051239260445,-0.010743832652459595,0.006799459457397461
387,371,2.165965612365229,-0.006360488439184575,0.005789041519165039
388,371,2.124836965391257,0.04112864697397223,0.006182432174682617
389,371,2.155052987070418,-0.03021602167916093,0.006344795227050781
390,371,2.1431930829893866,0.011859904081031214,0.006112337112426758
391,371,2.1406047646247472,0.0025883183646393526,0.00521087646484375
392,371,2.1692799365102764,-0.02867517188552915,0.005029916763305664
393,371,2.1587456962811657,0.010534240229110647,0.004613161087036133
394,371,2.1432172667305425,0.01552842955062328,0.006103992462158203
395,371,2.1221899150838106,0.021027351646731862,0.005621910095214844
396,371,2.151950723077409,-0.02976080799359826,0.00496220588684082
397,371,2.1343173209547674,0.017633402122641417,0.004836320877075195
398,371,2.146388627126853,-0.012071306172085627,0.00507044792175293
399,371,2.1557251963653976,-0.009336569238544534,0.005114316940307617
400,371,2.146804850699124,0.008920345666273644,0.008405208587646484
401,371,2.151108240502864,-0.004303389803740121,0.005251646041870117
402,371,2.131389936668211,0.019718303834653117,0.0052280426025390625
403,371,2.136764649753622,-0.0053747130854109315,0.005002498626708984
404,371,2.145546802613292,-0.008782152859669878,0.005022525787353516
405,371,2.1512890427581706,-0.005742240144878785,0.0056705474853515625
406,371,2.1377007415031164,0.01358830125505417,0.005350828170776367
407,371,2.1188268944259603,0.018873847077156114,0.010292768478393555
408,371,2.127817981647995,-0.0089910872220349,0.005384206771850586
409,371,2.1531804745409366,-0.025362492892941457,0.01446223258972168
410,371,2.127621056898585,0.0255594176423517,0.006317615509033203
411,371,2.145027098951314,-0.01740604205272911,0.010053873062133789
412,371,2.147965012213612,-0.0029379132622979753,0.012001514434814453
413,371,2.150864099877864,-0.0028990876642520647,0.005703926086425781
414,371,2.106277013403386,0.04458708647447818,0.013739824295043945
415,371,2.134938366008255,-0.028661352604868906,0.013934850692749023
416,371,2.1409286951440363,-0.005990329135781458,0.022396326065063477
417,371,2.16656576398248,-0.025637068838443522,0.012277841567993164
418,371,2.1325846463843496,0.03398111759813016,0.005673408508300781
419,371,2.1149537119903976,0.017630934393952025,0.03438258171081543
420,371,2.146091348077409,-0.031137636087011256,0.005777835845947266
421,371,2.1617018707357647,-0.01561052265835583,0.0066335201263427734
422,371,2.1665859993577326,-0.004884128621967854,0.008865118026733398
423,371,2.124264287820081,0.04232171153765174,0.010927677154541016
424,371,2.1445110146247472,-0.020246726804666437,0.005338191986083984
425,371,2.1443499541989555,0.00016106042579178137,0.006787776947021484
426,371,2.1262226773079513,0.01812727689100413,0.005171537399291992
427,371,2.1396925275859164,-0.0134698502779651,0.010726451873779297
428,371,2.129113045664168,0.010579481921748624,0.005254507064819336
429,371,2.1283447594655494,0.0007682861986184619,0.01067352294921875
430,371,2.1192447631506908,0.009099996314858583,0.012146234512329102
431,371,2.1242697168231977,-0.005024953672506882,0.005244016647338867
432,371,2.1344015527606977,-0.0101318359375,0.014922857284545898
433,371,2.1401164833747472,-0.005714930614049596,0.0053403377532958984
434,371,2.1402385536872472,-0.0001220703125,0.014652252197265625
435,371,2.1592736257054415,-0.01903507201819421,0.011759757995605469
436,371,2.1151830462432613,0.0440905794621802,0.005902290344238281
437,371,2.146404585105711,-0.031221538862449716,0.021826505661010742
438,371,2.1115359077556435,0.03486867735006749,0.028980016708374023
439,371,2.1161554958621127,-0.00461958810646923,0.0058786869049072266
440,371,2.164969801581452,-0.04881430571933931,0.0052034854888916016
441,371,2.1507053426655154,0.01426445891593664,0.004347801208496094
442,371,2.1466303000231637,0.0040750426423517006,0.004217386245727539
443,371,2.119876830725657,0.026753469297506882,0.004287004470825195
444,371,2.1347202187921157,-0.014843388066458907,0.004533290863037109
445,371,2.1199544819217486,0.014765736870367085,0.004229545593261719
446,371,2.1517435983827493,-0.03178911646100069,0.004385948181152344
447,371,2.155822589391004,-0.0040789910082548175,0.004495859146118164
448,371,2.143113457610344,0.012709131780660243,0.0059549808502197266
449,371,2.142547031618514,0.0005664259918298775,0.004660606384277344
450,371,2.1133595592570753,0.029187472361438704,0.005432605743408203
451,371,2.1372657631928065,-0.023906203935731174,0.004974365234375
452,371,2.141537237038831,-0.004271473846024332,0.005083560943603516
453,371,2.107150589359417,0.034386647679413684,0.00480341911315918
454,371,2.1306130956768023,-0.023462506317385223,0.005514621734619141
455,371,2.1476055464011963,-0.016992450724393926,0.004853010177612305
456,371,2.118896319859754,0.028709226541442145,0.005766391754150391
457,371,2.120144826061321,-0.0012485062015668014,0.005015850067138672
458,371,2.1453334263392856,-0.025188600277964657,0.0050542354583740234
459,371,2.135653349267183,0.009680077072102389,0.004651546478271484
460,371,2.117306115492335,0.01834723377484826,0.004661083221435547
461,371,2.1256822447249832,-0.0083761292326483,0.004502773284912109
462,371,2.1364119290662904,-0.010729684341307166,0.004406929016113281
463,371,2.112221607300792,0.024190321765498624,0.004365205764770508
464,371,2.1329246993977424,-0.020703092096950648,0.005115985870361328
465,371,2.1296064268867925,0.00331827251094996,0.004721879959106445
466,371,2.130339835853268,-0.0007334089664756682,0.0051767826080322266
467,371,2.1197942440721866,0.010545591781081498,0.005243778228759766
468,371,2.122527993914252,-0.002733749842065425,0.005101203918457031
469,371,2.150020301181351,-0.027492307267098948,0.0046253204345703125
470,371,2.13105712232564,0.01896317885571097,0.004728555679321289
471,371,2.11351848098467,0.017538641340970162,0.004501819610595703
472,371,2.1279614389424695,-0.014442957957799596,0.00474238395690918
473,371,2.131275598572271,-0.0033141596298014164,0.004515647888183594
474,371,2.121470489913241,0.009805108659029838,0.00465846061706543
475,371,2.096031168400438,0.025439321512803037,0.0049440860748291016
476,371,2.142386958284198,-0.04635578988375988,0.0047779083251953125
477,371,2.144092487839033,-0.0017055295548349392,0.004538536071777344
478,371,2.1354386568712096,0.00865383096782324,0.00446772575378418
479,371,2.140697222192975,-0.005258565321765385,0.004456996917724609
480,371,2.1286374320881065,0.012059790104868462,0.004491090774536133
481,371,2.134250198734417,-0.005612766646310607,0.00440216064453125
482,371,2.1190674157155494,0.015182783018867774,0.004659414291381836
483,371,2.118522212190448,0.0005452035251014564,0.004464387893676758
484,371,2.1375864034071768,-0.019064191216728865,0.004569530487060547
485,371,2.1219921677581706,0.015594235649006194,0.004569053649902344
486,371,2.126125284282345,-0.004133116524174252,0.004843473434448242
487,371,2.1093343647342486,0.016790919548096195,0.004685878753662109
488,371,2.1341450734922507,-0.024810708758002065,0.0045871734619140625
489,371,2.155749380106553,-0.02160430661430235,0.0043141841888427734
490,371,2.1278974425117925,0.027851937594760567,0.00438380241394043
491,371,2.112457028617756,0.015440413894036276,0.004316568374633789
492,371,2.1241619593370955,-0.011704930719339313,0.0043566226959228516
493,371,2.1089421603878873,0.015219798949208219,0.0041697025299072266
494,371,2.148108963053824,-0.03916680266593664,0.004355192184448242
495,371,2.1382874028701986,0.009821560183625344,0.004380941390991211
496,371,2.117753432446092,0.020533970424106762,0.004961490631103516
497,371,2.088749888129633,0.029003544316458907,0.004687309265136719
498,371,2.106864332831452,-0.01811444470181911,0.004705190658569336
499,371,2.134349894973467,-0.02748556214201514,0.005059242248535156
500,371,2.112307977804919,0.022041917168547975,0.004490852355957031
501,371,2.136319142467571,-0.02401116466265174,0.008040666580200195
502,371,2.1269064026701483,0.009412739797422631,0.004989147186279297
503,371,2.129367715264909,-0.0024613125947605674,0.004620552062988281
504,371,2.1294303955736185,-6.268030870959507e-05,0.0045011043548583984
505,371,2.103175242956115,0.02625515261750344,0.004326581954956055
506,371,2.1251388508675877,-0.02196360791147267,0.004507303237915039
507,371,2.0967270678908356,0.028411782976752065,0.00436711311340332
508,371,2.111607142857143,-0.014880074966307166,0.004430294036865234
509,371,2.08204589185689,0.029561251000252753,0.00429844856262207
510,371,2.1169479658018866,-0.03490207394499656,0.004663705825805664
511,371,2.0960793713675034,0.02086859443438316,0.004746913909912109
512,371,2.132225016056688,-0.036145644689184575,0.00476384162902832
513,371,2.1055343915831366,0.026690624473551416,0.0043256282806396484
514,371,2.111845525448534,-0.006311133865397611,0.004879951477050781
515,371,2.1260440137508425,-0.014198488302308299,0.00421595573425293
516,371,2.1110892488628705,0.014954764887971983,0.004309892654418945
517,371,2.1138642920316713,-0.002775043168800728,0.00413060188293457
518,371,2.1204626695165096,-0.00659837748483838,0.004043102264404297
519,371,2.1058757607184972,0.014586908798012388,0.003914594650268555
520,371,2.1106024482500843,-0.004726687531587004,0.0049266815185546875
521,371,2.114512317585495,-0.0039098693354109315,0.004314899444580078
522,371,2.120624058972793,-0.006111741387297975,0.004642009735107422
523,371,2.0969874955251853,0.023636563447607895,0.004884958267211914
524,371,2.1307957075998147,-0.03380821207462947,0.005116939544677734
525,371,2.110069254337938,0.02072645326187672,0.0045964717864990234
526,371,2.0924465457062835,0.017622708631654493,0.005105257034301758
527,371,2.1209706925960243,-0.02852414688974081,0.0047032833099365234
528,371,2.1090599533039924,0.011910739292031902,0.0049321651458740234
529,371,2.117500737028302,-0.008440783724309675,0.00448918342590332
530,371,2.1197871699166106,-0.0022864328883085427,0.004651308059692383
531,371,2.109222658882244,0.010564511034366841,0.004518032073974609
532,371,2.1068408071512805,0.0023818517309632803,0.0045773983001708984
533,371,2.082613798485933,0.024227008665347327,0.004442453384399414
534,371,2.1134432975172674,-0.03082949903133425,0.004461050033569336
535,371,2.086506229205273,0.026937068311994494,0.0043849945068359375
536,371,2.106239997473046,-0.019733768267772955,0.005074501037597656
537,371,2.1065849859438175,-0.0003449884707715789,0.004520893096923828
538,371,2.0907656934383425,0.01581929250547498,0.004749298095703125
539,371,2.0953400398521733,-0.00457434641383081,0.004651546478271484
540,371,2.1288401148711253,-0.033500075018952025,0.004569292068481445
541,371,2.093815970613629,0.03502414425749656,0.004315614700317383
542,371,2.0758068156692215,0.018009154944407246,0.004440784454345703
543,371,2.1089607506106804,-0.03315393494145891,0.004119873046875
544,371,2.100361045158777,0.008599705451903361,0.004060029983520508
545,371,2.1235904333726414,-0.023229388213864333,0.003877401351928711
546,371,2.0906163135950133,0.0329741197776281,0.00413060188293457
547,371,2.0873511795085076,0.00326513408650575,0.0038726329803466797
548,371,2.130687292052729,-0.04333611254422154,0.003958940505981445
549,371,2.1046160674802055,0.026071224572523644,0.004128456115722656
550,371,2.0867105571407514,0.01790551033945409,0.00449371337890625
551,371,2.0950263092781336,-0.008315752137382226,0.004314422607421875
552,371,2.131072915789252,-0.03604660651111846,0.004285573959350586
553,371,2.081634768257244,0.04943814753200826,0.004011869430541992
554,371,2.078280960453167,0.0033538078040766806,0.003934144973754883
555,371,2.1015960611101754,-0.02331510065700826,0.003980159759521484
556,371,2.1132680887803232,-0.011672027670147855,0.004015684127807617
557,371,2.0912528230816205,0.022015265698702713,0.00421595573425293
558,371,2.099444859754043,-0.008192036672422631,0.004523515701293945
559,371,2.1153041294642856,-0.01585926971024243,0.0041081905364990234
560,371,2.104038618966897,0.011265510497388664,0.004152059555053711
561,371,2.1129078003916777,-0.00886918142478077,0.004158496856689453
562,371,2.1340241547864722,-0.021116354394794534,0.00462794303894043
563,371,2.100972219297507,0.033051935488965345,0.004606008529663086
564,371,2.1102798338527626,-0.00930761455525575,0.004389762878417969
565,371,2.1034256351604617,0.006854198692300972,0.0041065216064453125
566,371,2.1010941250947606,0.0023315100657010923,0.004117727279663086
567,371,2.0971863944575473,0.00390773063721328,0.004068851470947266
568,371,2.0948267522847877,0.002359642172759635,0.004300117492675781
569,371,2.0904868400964456,0.0043399121883420655,0.0043141841888427734
570,371,2.092133966738966,-0.0016471266425202025,0.004462003707885742
571,371,2.0799083452661726,0.012225621472793158,0.004106044769287109
572,371,2.103370687068312,-0.023462341802139353,0.004105806350708008
573,371,2.0859968900037904,0.01737379706452158,0.004174470901489258
574,371,2.114597536482901,-0.028600646479110647,0.004307985305786133
575,371,2.086409165210158,0.028188371272742874,0.004410505294799805
576,371,2.0974708413178065,-0.0110616761076483,0.006546974182128906
577,371,2.0965206012571596,0.000950240060646923,0.004691123962402344
578,371,2.0676323821281164,0.028888219129043158,0.004789113998413086
579,371,2.0832767949271394,-0.015644412799022955,0.004474639892578125
580,371,2.0939548214812165,-0.010678026554077125,0.004216194152832031
581,371,2.099356844097456,-0.005402022616239677,0.004195690155029297
582,371,2.1096252276891003,-0.01026838359164417,0.0040569305419921875
583,371,2.0959726009728774,0.013652626716222915,0.003869295120239258
584,371,2.109207687994862,-0.013235087021984615,0.003806591033935547
585,371,2.1010539833747472,0.008153704620114777,0.003772258758544922
586,371,2.1188377524321935,-0.017783769057446275,0.0039033889770507812
587,371,2.0943170840528134,0.02452066837938016,0.0043294429779052734
588,371,2.0939151733069408,0.00040191074587259124,0.004167079925537109
589,371,2.1124854897553065,-0.01857031644836571,0.004167318344116211
590,371,2.0986189932193398,0.013866496535966721,0.004316091537475586
591,371,2.1179138348108997,-0.01929484159155992,0.004214286804199219
592,371,2.07549966570502,0.04241416910587947,0.004308223724365234
593,371,2.099353553792537,-0.02385388808751676,0.004252195358276367
594,371,2.08579387819028,0.013559675602257126,0.0043447017669677734
595,371,2.0694606400564353,0.016333238133844574,0.00421452522277832
596,371,2.091033853289252,-0.0215732132328168,0.004153728485107422
597,371,2.094169842907682,-0.0031359896184297575,0.004045009613037109
598,371,2.07607135618472,0.01809848672296166,0.004021406173706055
599,371,2.108036174928403,-0.031964818743682955,0.003997802734375
600,371,2.114337766909535,-0.006301591981131782,0.004268646240234375
601,371,2.0606375229005223,0.05370024400901263,0.004288911819458008
602,371,2.0956721961337603,-0.035034673233238056,0.004509449005126953
603,371,2.0850050275859164,0.010667168547843886,0.004303455352783203
604,371,2.0764051576187668,0.008599869967149676,0.0041882991790771484
605,371,2.0700792173812332,0.006325940237533523,0.0041468143463134766
606,371,2.099860918811068,-0.02978170142983494,0.003988504409790039
607,371,2.0913740708178907,0.008486847993177449,0.003899812698364258
608,371,2.0681436955125507,0.02323037530534,0.0038628578186035156
609,371,2.0762235327872305,-0.008079837274679758,0.003864288330078125
610,371,2.1023771794979784,-0.026153646710747935,0.003958463668823242
611,371,2.107704018646816,-0.005326839148837692,0.0040130615234375
612,371,2.0977490365987195,0.009954982048096639,0.003909111022949219
613,371,2.1208553674086086,-0.02310633080988911,0.004016399383544922
614,371,2.0922695273016343,0.028585840106974292,0.004164934158325195
615,371,2.07524861543969,0.01702091186194421,0.004093170166015625
616,371,2.1221339799001853,-0.04688536446049518,0.004090070724487305
617,371,2.0692370638371798,0.052896916063005506,0.003876924514770508
618,371,2.1035294442806602,-0.034292380443480486,0.004094123840332031
619,371,2.092601519067975,0.010927925212685263,0.0037708282470703125
620,371,2.09571085721656,-0.003109338148584939,0.004093170166015625
621,371,2.098075105816206,-0.002364248599646235,0.00439906120300293
622,371,2.071316043000337,0.02675906281586915,0.00513768196105957
623,371,2.0647115784513983,0.006604464548938704,0.006006956100463867
624,371,2.0965248786535544,-0.031813300202156114,0.004586458206176758
625,371,2.0766856561131233,0.019839222540431134,0.006053924560546875
626,371,2.071572193238292,0.005113462874831498,0.008106708526611328
627,371,2.084590449166105,-0.01301825592781336,0.004651546478271484
628,371,2.0765979694870285,0.00799247967907668,0.004725933074951172
629,371,2.078079758307362,-0.0014817888203335627,0.0046384334564208984
630,371,2.081805864113039,-0.0037261058056770047,0.004271745681762695
631,371,2.091281777764909,-0.009475913651869838,0.004136085510253906
632,371,2.083159660072018,0.008122117692890729,0.004121303558349609
633,371,2.091719223803908,-0.00855956373189004,0.004219770431518555
634,371,2.1040035772195083,-0.01228435341560008,0.006644248962402344
635,371,2.0813165957715634,0.0226869814479449,0.004422426223754883
636,371,2.0698182962011455,0.011498299570417814,0.0045168399810791016
637,371,2.106387074102931,-0.03656877790178559,0.004644870758056641
638,371,2.07920899095561,0.027178083147321175,0.004535198211669922
639,371,2.066787596340128,0.012421394615481862,0.0045278072357177734
640,371,2.0736906560604784,-0.006903059720350324,0.004334926605224609
641,371,2.058513137529481,0.015177518530997247,0.004395484924316406
642,371,2.0779504493240397,-0.019437311794558543,0.004540681838989258
643,371,2.0839480171306435,-0.005997567806603765,0.004305839538574219
644,371,2.0959273592802394,-0.01197934214959595,0.004467487335205078
645,371,2.066260818522574,0.029666540757665505,0.0043909549713134766
646,371,2.076605372673096,-0.010344554150522267,0.004405021667480469
647,371,2.087699458284198,-0.0110940856111017,0.004387378692626953
648,371,2.0974394189058287,-0.00973996062163085,0.0047914981842041016
649,371,2.0555102407450305,0.04192917816079822,0.004355430603027344
650,371,2.063128941785293,-0.007618701040262632,0.004857778549194336
651,371,2.0718104113144373,-0.00868146952914417,0.004839181900024414
652,371,2.074535770878959,-0.002725359564521579,0.004642486572265625
653,371,2.0911404591686322,-0.01660468828967332,0.0046291351318359375
654,371,2.058197761802982,0.032942697365650364,0.0048770904541015625
655,371,2.104923546474899,-0.046725784671917125,0.0047359466552734375
656,371,2.0824858056245787,0.022437740850320242,0.004321575164794922
657,371,2.0390995159303404,0.0433862896942383,0.004034996032714844
658,371,2.074410245746294,-0.0353107298159534,0.003930807113647461
659,371,2.087959885918548,-0.01354964017225413,0.0039288997650146484
660,371,2.052131426623568,0.0358284592949798,0.004101991653442383
661,371,2.0562571399616747,-0.004125713338106518,0.004243612289428711
662,371,2.0821557880411894,-0.025898648079514697,0.0041010379791259766
663,371,2.074696666789505,0.007459121251684575,0.004210233688354492
664,371,2.1035862020405154,-0.028889535251010567,0.004238128662109375
665,371,2.075324950513814,0.028261251526701336,0.004337787628173828
666,371,2.074936694533356,0.00038825598045821863,0.004303693771362305
667,371,2.0708554003116575,0.0040812942216983394,0.0042569637298583984
668,371,2.0723901630411894,-0.0015347627295319022,0.004457712173461914
669,371,2.0707483008865397,0.0016418621546496759,0.0043599605560302734
670,371,2.0938858895931602,-0.023137588706620527,0.005254030227661133
671,371,2.0936953809383425,0.00019050865481773371,0.004445552825927734
672,371,2.0925455838843496,0.0011497970539928737,0.004481077194213867
673,371,2.0648349648858657,0.027710618998483927,0.004271268844604492
674,371,2.0827251753074463,-0.017890210421580566,0.004328012466430664
675,371,2.073067307793548,0.0096578675138983,0.0042552947998046875
676,371,2.091602253464033,-0.01853494567048486,0.004487514495849609
677,371,2.0703503385065702,0.021251914957462592,0.004242420196533203
678,371,2.0924131491113545,-0.02206281060478421,0.004350185394287109
679,371,2.0865310710074123,0.0058820781039421455,0.00416111946105957
680,371,2.0313975701756233,0.05513350083178903,0.00426483154296875
681,371,2.0411391759497137,-0.009741605774090445,0.004240751266479492
682,371,2.069332318164589,-0.028193142214875344,0.0042841434478759766
683,371,2.0636581873315363,0.005674130833052793,0.004037141799926758
684,371,2.0605368395699966,0.0031213477615397167,0.00402522087097168
685,371,2.085880248694407,-0.025343409124410243,0.0037980079650878906
686,371,2.0719808491092486,0.013899399585158179,0.0038831233978271484
687,371,2.073295161409198,-0.0013143122999492718,0.0037293434143066406
688,371,2.086273440132244,-0.01297827872304591,0.0038323402404785156
689,371,2.066166057740903,0.02010738239134069,0.0037779808044433594
690,371,2.063869095876853,0.00229696186405004,0.003925323486328125
691,371,2.0377249910503705,0.02614410482648255,0.003930807113647461
692,371,2.058937751379296,-0.021212760328925384,0.004290103912353516
693,371,2.116519732616661,-0.05758198123736502,0.0043392181396484375
694,371,2.050032870146142,0.06648686247051883,0.0041964054107666016
695,371,2.075164054603268,-0.025131184457126032,0.004325389862060547
696,371,2.0419760650058962,0.0331879895973719,0.004752159118652344
697,371,2.072983240502864,-0.031007175496967854,0.0045244693756103516
698,371,2.083763101994188,-0.010779861491323928,0.004574775695800781
699,371,2.049700713864555,0.034062388129632915,0.004641294479370117
700,371,2.0988336856153134,-0.04913297175075826,0.004846334457397461
701,371,2.055808177855458,0.04302550775985514,0.0045070648193359375
702,371,2.0603468244609164,-0.004538646605458219,0.004585981369018555
703,371,2.0810604455336086,-0.020713621072692145,0.005278587341308594
704,371,2.0690394810267856,0.012020964506822995,0.00453948974609375
705,371,2.073135910651112,-0.004096429624326436,0.004459857940673828
706,371,2.1140339072502528,-0.04089799659914073,0.00557398796081543
707,371,2.059764440490229,0.054269466760023644,0.0045163631439208984
708,371,2.067631888582379,-0.007867448092149676,0.004827260971069336
709,371,2.0663768017709736,0.0012550868114051816,0.004405975341796875
710,371,2.076846881054161,-0.010470079283187328,0.0043604373931884766
711,371,2.0591563921411726,0.0176904889129883,0.004276275634765625
712,371,2.047893513887719,0.011262878253453845,0.004402637481689453
713,371,2.0612899903659874,-0.013396476478268582,0.004235744476318359
714,371,2.0632765119609164,-0.0019865215949290693,0.004431962966918945
715,371,2.071869636802982,-0.008593124842065425,0.0048351287841796875
716,371,2.019242690258592,0.05262694654439004,0.00480198860168457
717,371,2.0875364236754548,-0.06829373341686296,0.004585981369018555
718,371,2.059534941722119,0.028001481953335627,0.004461765289306641
719,371,2.0856229468497305,-0.026088005127611336,0.004347324371337891
720,371,2.0764698121104277,0.009153134739302793,0.00421595573425293
721,371,2.069623016604195,0.0068467955062327945,0.004124879837036133
722,371,2.0727951995767353,-0.003172182972540405,0.004157304763793945
723,371,2.056212720845266,0.01658247873146923,0.004019498825073242
724,371,2.031387205715128,0.024825515130137976,0.004058122634887695
725,371,2.0302550117924527,0.001132193922675384,0.004290580749511719
726,371,2.073794465180677,-0.04353945338822429,0.004325151443481445
727,371,2.027064896658103,0.04672956852257393,0.004555702209472656
728,371,2.079289603426129,-0.05222470676802571,0.004437923431396484
729,371,2.0232216559973044,0.05606794742882437,0.004590272903442383
730,371,2.081088742155913,-0.05786708615860858,0.004956483840942383
731,371,2.0321939884813007,0.04889475367461227,0.0045473575592041016
732,371,2.0620502153175537,-0.029856226836252997,0.004669666290283203
733,371,2.0643014419432277,-0.0022512266256740077,0.004464626312255859
734,371,2.054169441490482,0.01013200045274587,0.004567623138427734
735,371,2.0678602357437668,-0.0136907942532849,0.0043752193450927734
736,371,2.0515039654754887,0.016356270268278017,0.004648923873901367
737,371,2.0564445228268196,-0.00494055735133081,0.004628419876098633
738,371,2.0737974264551045,-0.0173529036282849,0.004540205001831055
739,371,2.07792643009813,-0.004129003643025708,0.004337310791015625
740,371,2.040343580220266,0.03758284987786409,0.004443645477294922
741,371,2.0740257736164924,-0.033682193396226356,0.00427699089050293
742,371,2.0476409829851754,0.026384790631317045,0.004404306411743164
743,371,2.0450618774743092,0.002579105510866153,0.004198551177978516
744,371,2.0644476959968836,-0.019385818522574372,0.004101276397705078
745,371,2.0415424028175537,0.022905293179329878,0.0040013790130615234
746,371,2.067719081662736,-0.026176678845182266,0.004113435745239258
747,371,2.068076902322692,-0.000357820659956154,0.005375385284423828
748,371,2.057747319059552,0.01032958326314004,0.0046863555908203125
749,371,2.0368530602467994,0.020894258812752753,0.004574298858642578
750,371,2.0520491690005898,-0.015196108753790405,0.0050296783447265625
751,371,2.059661289431014,-0.007612120430424252,0.005295515060424805
752,371,2.0284412312057785,0.031220058225235547,0.004993915557861328
753,371,2.0476077509054917,-0.01916651969971328,0.005007028579711914
754,371,2.0306559354468496,0.016951815458642105,0.0048542022705078125
755,371,2.0512323508044137,-0.02057641535756405,0.0046498775482177734
756,371,2.0585123149532514,-0.007279964148837692,0.00465083122253418
757,371,2.0398742182235514,0.01863809672969996,0.00445866584777832
758,371,2.0365951003411387,0.003279117882412752,0.004859209060668945
759,371,2.049216380980458,-0.012621280639319554,0.004631996154785156
760,371,2.060335966454683,-0.01111958547422498,0.004523515701293945
761,371,2.038608273405913,0.021727693048770202,0.004488468170166016
762,371,2.0259825508549527,0.012625722550960283,0.004714250564575195
763,371,2.039461943017183,-0.013479392162230486,0.004725456237792969
764,371,2.042816902427982,-0.0033549594107986636,0.005499839782714844
765,371,2.057133677192133,-0.014316774764151052,0.004766702651977539
766,371,2.0514427658039924,0.005690911388140485,0.004971504211425781
767,371,2.0634380659324463,-0.011995300128453845,0.004673957824707031
768,371,2.0263439908503202,0.03709407508212603,0.004582405090332031
769,371,2.065712653723046,-0.03936866287272567,0.00434565544128418
770,371,2.0881745783145216,-0.022461924591475668,0.004294395446777344
771,371,2.022519011381823,0.06565556693269858,0.005197286605834961
772,371,2.022660659008592,-0.00014164762676882603,0.004225969314575195
773,371,2.0176019797106637,0.005058679297928137,0.0041615962982177734
774,371,2.0336129324776784,-0.016010952767014697,0.004163980484008789
775,371,2.051320201945755,-0.017707269468076436,0.00402522087097168
776,371,2.045279860175202,0.006040341770552793,0.004014730453491211
777,371,2.0440287217297,0.0012511384455020647,0.003909587860107422
778,371,2.0552279325829685,-0.011199210853268582,0.0040056705474853516
779,371,2.0042361030681435,0.05099182951482506,0.004042863845825195
780,371,2.0208297688363377,-0.01659366576819421,0.004778146743774414
781,371,2.0429560823260613,-0.022126313489723604,0.004714488983154297
782,371,2.012562713211759,0.03039336911430235,0.0047953128814697266
783,371,2.047019279870704,-0.03445656665894514,0.004658937454223633
784,371,2.0487075353247137,-0.001688255454009635,0.004138469696044922
785,371,2.053616670264067,-0.004909134939353077,0.0042266845703125
786,371,2.0605008107311322,-0.006884140467065425,0.004237651824951172
787,371,2.024731083378959,0.03576972735217332,0.004471540451049805
788,371,2.0410481990186993,-0.016317115639740365,0.004431724548339844
789,371,2.0244719718665767,0.01657622715212259,0.004427194595336914
790,371,2.040942744746041,-0.016470772879464413,0.00447392463684082
791,371,2.035678585905913,0.005264158840128097,0.004714012145996094
792,371,2.032433358164168,0.0032452277417451825,0.0044536590576171875
793,371,2.051136438416021,-0.018703080251853077,0.004408359527587891
794,371,2.043643591538915,0.00749284687710583,0.0044176578521728516
795,371,2.05866942701314,-0.01502583547422498,0.004250288009643555
796,371,2.0373962895889486,0.021273137424191457,0.004587888717651367
797,371,2.030247279575893,0.00714901001305579,0.004805803298950195
798,371,2.0190409945670487,0.01120628500884413,0.004503726959228516
799,371,1.9923051284008593,0.026735866166189393,0.004416465759277344
800,371,2.0222110388413914,-0.029905910440532146,0.004510164260864258
801,371,2.043567914525775,-0.021356875684383603,0.0041637420654296875
802,371,2.0358569204325305,0.007710994093244494,0.004029273986816406
803,371,2.02641275822313,0.009444162209400364,0.004074573516845703
804,371,2.0085613733995955,0.017851384823534655,0.004172086715698242
805,371,2.0350169055866747,-0.02645553218707919,0.004199028015136719
806,371,2.034411324966307,0.0006055806203675296,0.004612922668457031
807,371,2.01033040583937,0.024080919126937328,0.004880666732788086
808,371,2.0199680379780154,-0.009637632138645547,0.004999876022338867
809,371,2.0530948279038914,-0.03312678992587603,0.0047380924224853516
810,371,2.0518068380432952,0.0012879898605961948,0.004730701446533203
811,371,2.0519891209358154,-0.00018228289252020247,0.004427671432495117
812,371,2.0355504285293127,0.016438692406502753,0.004611492156982422
813,371,2.0537341341496798,-0.018183705620367085,0.004289865493774414
814,371,2.0370322173496462,0.016701916800033523,0.004472255706787109
815,371,2.043819293821597,-0.006787076471950648,0.004277467727661133
816,371,2.034904541673686,0.008914752147910932,0.004401445388793945
817,371,2.0158640406523753,0.019040501021310607,0.004496335983276367
818,371,2.0290288796643363,-0.013164839011960972,0.004690885543823242
819,371,2.0105877076840466,0.018441171980289717,0.004462718963623047
820,371,1.9963716162504213,0.014216091433625344,0.004518985748291016
821,371,2.0291502919158524,-0.032778675665431134,0.004380941390991211
822,371,2.0411179534829853,-0.011967661567132915,0.0045053958892822266
823,371,2.014129062868514,0.026988890614471295,0.004522562026977539
824,371,2.0220243140372305,-0.007895251168716477,0.004551887512207031
825,371,2.044197349856806,-0.022173035819575304,0.004339456558227539
826,371,2.031989825061068,0.012207524795737612,0.004532575607299805
827,371,2.0329162104110514,-0.0009263853499832386,0.0047092437744140625
828,371,2.0364162722687835,-0.0035000618577321063,0.004747629165649414
829,371,2.029545786567133,0.006870485701650608,0.004461526870727539
830,371,2.0444587645826315,-0.014912978015498624,0.0046215057373046875
831,371,2.0139359219697606,0.03052284261287097,0.004382610321044922
832,371,2.049351118966897,-0.035415196997136356,0.004793882369995117
833,371,2.033355630633002,0.01599548833389486,0.004740238189697266
834,371,2.0363257888835076,-0.0029701582505055057,0.0046155452728271484
835,371,2.006938924043969,0.029386864839538784,0.0044498443603515625
836,371,2.018299195323029,-0.011360271279060363,0.0045168399810791016
837,371,2.017624353784114,0.0006748415389150608,0.004427194595336914
838,371,2.0391327480100236,-0.021508394225909555,0.004655599594116211
839,371,2.044280759086506,-0.00514801107648255,0.0044553279876708984
840,371,2.030209605584569,0.014071153501937328,0.0044591426849365234
841,371,2.0305124781523753,-0.0003028725678064781,0.004275798797607422
842,371,2.0299011394983997,0.0006113386539756682,0.0043637752532958984
843,371,2.029732346856048,0.00016879264235170055,0.004480838775634766
844,371,2.031902138434973,-0.00216979157892494,0.004731893539428711
845,371,1.9974964069870282,0.034405731447944676,0.00466609001159668
846,371,2.02923501726752,-0.03173861028049196,0.004563570022583008
847,371,2.0127196607564017,0.016515356511118462,0.004369974136352539
848,371,2.025065871904481,-0.012346211148079433,0.004614830017089844
849,371,2.0104643212495787,0.014601550654902429,0.004380464553833008
850,371,2.0083632970434637,0.002101024206115021,0.0048673152923583984
851,371,2.0087096016362027,-0.0003463045927389885,0.004427194595336914
852,371,2.0013830796727596,0.007326521963443078,0.0045468807220458984
853,371,2.0534220487280996,-0.05203896905534,0.004292726516723633
854,371,2.0089285714285716,0.04449347729952802,0.004399299621582031
855,371,2.02265095260908,-0.013722381180508503,0.004225969314575195
856,371,1.9943403465085916,0.028310606100488522,0.004372358322143555
857,371,1.9923710990144878,0.001969247494103765,0.00530242919921875
858,371,2.038593302518531,-0.04622220350404338,0.0045757293701171875
859,371,2.001097974751516,0.03749532776701514,0.004469394683837891
860,371,2.0262391946386455,-0.025141219887129473,0.004496335983276367
861,371,1.993140536819828,0.03309865781881749,0.004662752151489258
862,371,2.015251714906924,-0.02211117808709595,0.004410505294799805
863,371,2.011885897489892,0.003365817417031902,0.004534482955932617
864,371,1.997562542115903,0.01432335537398921,0.004645824432373047
865,371,1.9983606055740397,-0.0007980634581368218,0.004544973373413086
866,371,2.0162917802918634,-0.017931174717823684,0.0045604705810546875
867,371,2.030883295516762,-0.014591515224898544,0.004458189010620117
868,371,2.013073368535209,0.017809926981553037,0.0046844482421875
869,371,2.0098167892414924,0.0032565792937164773,0.004453182220458984
870,371,2.0036494417010613,0.006167347540431134,0.004908323287963867
871,371,2.0095960097814185,-0.005946568080357206,0.004556894302368164
872,371,2.026264529986523,-0.016668520205104453,0.004651069641113281
873,371,2.0152120667326483,0.011052463253874656,0.004489898681640625
874,371,2.039362904839117,-0.024150838106468786,0.004687070846557617
875,371,1.9963123907618767,0.043050514077240365,0.00471186637878418
876,371,2.00476765182783,-0.008455261065953401,0.004967927932739258
877,371,2.0188460440005898,-0.014078392172759635,0.004919528961181641
878,371,2.0095346455946768,0.009311398405912996,0.0048482418060302734
879,371,1.9991675528554582,0.010367092739218542,0.006476640701293945
880,371,2.011814497873147,-0.012646945017688704,0.009317636489868164
881,371,2.0009410272068733,0.010873470666273644,0.012909173965454102
882,371,1.9956138590275438,0.005327168179329433,0.005259037017822266
883,371,2.0156203935731134,-0.020006534545569554,0.013251543045043945
884,371,1.9954669469129043,0.02015344666020913,0.005201101303100586
885,371,2.0040569459652966,-0.008589999052392328,0.01697850227355957
886,371,2.018367962695839,-0.01431101673054247,0.005593538284301758
887,371,2.00019083768531,0.01817712501052915,0.017188072204589844
888,371,2.0332432667200133,-0.0330524290347034,0.013817310333251953
889,371,2.0196283139951148,0.013614952724898544,0.01761317253112793
890,371,1.9679308785903806,0.05169743540473415,0.005795001983642578
891,371,2.0064458718518363,-0.03851499326145569,0.006960868835449219
892,371,1.966403683562163,0.04004218828967332,0.010970115661621094
893,371,2.053500851530913,-0.08709716796875,0.0050737857818603516
894,371,2.0280240205420315,0.025476830988881538,0.009429216384887695
895,371,2.013617091423096,0.014406929118935263,0.020320892333984375
896,371,1.9810458694828168,0.03257122194027939,0.009673357009887695
897,371,2.0087222693101414,-0.027676399827324616,0.00849771499633789
898,371,2.0407593102467994,-0.032037040936657935,0.007999897003173828
899,371,2.011062169653386,0.02969714059341344,0.008262395858764648
900,371,2.0271504445860007,-0.016088274932614777,0.011604785919189453
901,371,2.041111866418885,-0.013961421832884291,0.015207767486572266
902,371,2.0057022629401113,0.035409603478773644,0.006038188934326172
903,371,2.021007280786725,-0.015305017846613644,0.013749837875366211
904,371,2.0177365531818565,0.003270727604868462,0.005697488784790039
905,371,1.9711816998504885,0.046554853331367996,0.017786264419555664
906,371,2.0399762176760445,-0.06879451782555601,0.013026237487792969
907,371,2.0057440498125843,0.03423216786346028,0.030420303344726562
908,371,2.0160586621883425,-0.010314612375758259,0.006256580352783203
909,371,2.0208985362091476,-0.004839874020805102,0.005468130111694336
910,371,2.008093492040094,0.012805044169053481,0.00554203987121582
911,371,2.003773815227005,0.004319676813089313,0.0045430660247802734
912,371,1.9717112744272238,0.03206254079978099,0.004728794097900391
913,371,2.0007385089391003,-0.0290272345118765,0.004481315612792969
914,371,2.01287150832842,-0.012132999389319554,0.0044193267822265625
915,371,1.98477904944407,0.028092458884349858,0.004734516143798828
916,371,1.9834344663388646,0.0013445831052054658,0.004982948303222656
917,371,2.0143259876179247,-0.03089152127906014,0.004771709442138672
918,371,1.9886913865081706,0.02563460110975413,0.004935503005981445
919,371,1.9948679469023753,-0.0061765603942047775,0.004983186721801758
920,371,1.9901605076545654,0.004707439247809919,0.005010366439819336
921,371,2.005726117650775,-0.015565609996209595,0.004931211471557617
922,371,2.0111850625421157,-0.005458944891340689,0.005361080169677734
923,371,1.9838480576672002,0.027337004874915527,0.005138874053955078
924,371,2.004795290389151,-0.02094723272195087,0.00558924674987793
925,371,2.022693233027291,-0.01789794263814004,0.004891395568847656
926,371,1.9965162251516173,0.026177007875673786,0.0055866241455078125
927,371,2.0017456712748483,-0.005229446123230952,0.005085945129394531
928,371,1.979865966138814,0.02187970513603421,0.0049707889556884766
929,371,1.985381997820502,-0.005516031681688016,0.005238056182861328
930,371,2.004047568596277,-0.01866557077577502,0.004987001419067383
931,371,1.9572332747220351,0.04681429387424196,0.0046498775482177734
932,371,1.9957150359038074,-0.03848176118177227,0.004416465759277344
933,371,1.9929669732353437,0.0027480626684637244,0.004217386245727539
934,371,2.015415407576651,-0.02244843434130739,0.004288911819458008
935,371,1.9849975256907009,0.030417881885950182,0.004143714904785156
936,371,1.9980679329514826,-0.01307040726078168,0.004246711730957031
937,371,2.0204752384813007,-0.022407305529818178,0.004225015640258789
938,371,2.0086304698028976,0.011844768678403117,0.00481414794921875
939,371,2.010156019678656,-0.0015255498757582586,0.004508256912231445
940,371,1.9717955062331536,0.03836051344550229,0.004317522048950195
941,371,1.9868374642014826,-0.015041957968328967,0.003992319107055664
942,371,1.9880969929245282,-0.0012595287230456886,0.004054069519042969
