1,431,2.2619631738507833,Nan,0.019620180130004883
2,431,2.240662895609774,0.02130027824100944,0.010653495788574219
3,431,2.296865370323376,-0.05620247471360207,0.00802159309387207
4,431,2.2792398050047127,0.017625565318663217,0.005174160003662109
5,431,2.287922799448956,-0.008682994444243253,0.004706859588623047
6,431,2.239654895047854,0.04826790440110207,0.00479888916015625
7,431,2.2681629862420243,-0.028508091194170415,0.004742622375488281
8,431,2.2782849092771174,-0.010121923035093072,0.0053462982177734375
9,431,2.2657759593423723,0.01250894993474505,0.0046689510345458984
10,431,2.248072223707584,0.01770373563478822,0.004496097564697266
11,431,2.2652688435777986,-0.01719661987021448,0.004233598709106445
12,431,2.2537398548524505,0.011528988725348022,0.004700660705566406
13,431,2.2162932995577145,0.03744655529473606,0.004057645797729492
14,431,2.258014864821998,-0.04172156526428372,0.004127979278564453
15,431,2.2343972332239703,0.023617631598027877,0.004106283187866211
16,431,2.229229353973318,0.00516787925065243,0.004165172576904297
17,431,2.229385269766894,-0.00015591579357598917,0.003899812698364258
18,431,2.2220359855350926,0.007349284231801256,0.004137754440307617
19,431,2.2317864579556987,-0.009750472420606116,0.004849672317504883
20,431,2.2285384246755364,0.0032480332801623213,0.004513740539550781
21,431,2.2120214050717806,0.016517019603755845,0.004571437835693359
22,431,2.2179052791020157,-0.005883874030235159,0.004402875900268555
23,431,2.2009232027624708,0.01698207633954496,0.004423618316650391
24,431,2.2071856080517693,-0.006262405289298556,0.004137516021728516
25,431,2.197989550101508,0.009196057950261238,0.003985404968261719
26,431,2.2189097393416475,-0.020920189240139386,0.0042688846588134766
27,431,2.2003505202291183,0.018559219112529224,0.004156589508056641
28,431,2.1974957459487383,0.002854774280379946,0.004064798355102539
29,431,2.1842733502664586,0.013222395682279675,0.004357099533081055
30,431,2.178524291708962,0.005749058557496856,0.004887580871582031
31,431,2.188217269295606,-0.009692977586644336,0.004223346710205078
32,431,2.175529320665966,0.012687948629640289,0.0046613216400146484
33,431,2.1876471357943013,-0.01211781512833543,0.00417780876159668
34,431,2.1773018892292635,0.010345246565037769,0.00402069091796875
35,431,2.1855967227378192,-0.008294833508555755,0.004430055618286133
36,431,2.1870180913301187,-0.0014213685922994657,0.004254817962646484
37,431,2.1667423823593386,0.020275708970780126,0.004179716110229492
38,431,2.1804776999347446,-0.013735317575406025,0.004311084747314453
39,431,2.1452792492930683,0.03519845064167626,0.00447392463684082
40,431,2.1506036107888633,-0.00532436149579496,0.004022359848022461
41,431,2.16279095784694,-0.012187347058076892,0.003865480422973633
42,431,2.1623576223988543,0.00043333544808588087,0.004957675933837891
43,431,2.15222536162268,0.010132260776174462,0.004087686538696289
44,431,2.1436644374909366,0.008560924131743253,0.0038983821868896484
45,431,2.1392693397893705,0.0043950977015660975,0.004534006118774414
46,431,2.1362949026156466,0.0029744371737239206,0.0038564205169677734
47,431,2.1342487379459105,0.0020461646697360614,0.0039958953857421875
48,431,2.132774972583744,0.0014737653621663682,0.004087209701538086
49,431,2.139673219756018,-0.00689824717227383,0.003959178924560547
50,431,2.158042960819678,-0.018369741063660072,0.004033088684082031
51,431,2.1226513501939532,0.03539161062572482,0.0043256282806396484
52,431,2.1313497804433728,-0.00869843024941952,0.004498481750488281
53,431,2.1389467456224622,-0.0075969651790894765,0.004189491271972656
54,431,2.110477881199246,0.028468864423216278,0.003933906555175781
55,431,2.1179992250942576,-0.0075213438950116895,0.00506281852722168
56,431,2.1239422933131524,-0.005943068218894787,0.009786605834960938
57,431,2.093401915512616,0.030540377800536422,0.007834672927856445
58,431,2.085687978085122,0.007713937427494155,0.00492405891418457
59,431,2.0956654559708525,-0.009977477885730668,0.005437612533569336
60,431,2.1289947580572073,-0.03332930208635476,0.004696369171142578
61,431,2.0861460957892257,0.04284866226798156,0.004191398620605469
62,431,2.0924880875235643,-0.006341991734338581,0.005814552307128906
63,431,2.105253640017764,-0.012765552494199639,0.004214048385620117
64,431,2.08412216434346,0.021131475674303957,0.004235267639160156
65,431,2.1205525055285674,-0.03643034118510746,0.004139900207519531
66,431,2.0844113378679667,0.036141167660600715,0.004261016845703125
67,431,2.0903517154419227,-0.005940377573955935,0.005640506744384766
68,431,2.094864918295026,-0.004513202853103415,0.00783395767211914
69,431,2.0805916133446924,0.014273304950333632,0.00430750846862793
70,431,2.0628343480369056,0.017757265307786874,0.0039865970611572266
71,431,2.0688755539896317,-0.00604120595272617,0.00418853759765625
72,431,2.0650537052729843,0.00382184871664748,0.0043697357177734375
73,431,2.093883540956714,-0.028829835683729765,0.005250215530395508
74,431,2.0595765434672275,0.03430699748948651,0.004083871841430664
75,431,2.1177195396334834,-0.058142996166255845,0.004561424255371094
76,431,2.088687622353538,0.02903191727994514,0.004545450210571289
77,431,2.0555701731529146,0.03311744920062365,0.004518032073974609
78,431,2.09528140180902,-0.03971122865610521,0.0041882991790771484
79,431,2.0523190243891385,0.04296237741988129,0.004868030548095703
80,431,2.0476596770319753,0.004659347357163224,0.003981828689575195
81,431,2.058526059037848,-0.010866382005872754,0.004404306411743164
82,431,2.05104295062355,0.007483108414298112,0.00461578369140625
83,431,2.0407220614758557,0.010320889147694245,0.004241943359375
84,431,2.0488149550010877,-0.008092893525232014,0.005423307418823242
85,431,2.0656222810324825,-0.016807326031394787,0.0042612552642822266
86,431,2.026078863652842,0.03954341737964029,0.004460334777832031
87,431,2.051392734465632,-0.025313870812790018,0.004629373550415039
88,431,2.042396492305322,0.008996242160310253,0.004205942153930664
89,431,2.039701315753698,0.002695176551624101,0.004176139831542969
90,431,2.0267205116643705,0.012980804089327336,0.004795551300048828
91,431,2.0329847579212585,-0.00626424625688804,0.0043718814849853516
