1,471,2.2686347718451434,Nan,0.010220527648925781
2,471,2.2970377604166665,-0.028402988571523125,0.004348039627075195
3,471,2.268374562516587,0.028663197900079318,0.00442194938659668
4,471,2.275156073762606,-0.006781511246019001,0.0044820308685302734
5,471,2.2791408530719215,-0.0039847793093152895,0.007839202880859375
6,471,2.2890334726645434,-0.009892619592621887,0.004693746566772461
7,471,2.275015602192808,0.014017870471735527,0.004553079605102539
8,471,2.2784232040372876,-0.0034076018444797462,0.0048258304595947266
9,471,2.2490356186139864,0.02938758542330122,0.004438638687133789
10,471,2.238570745836651,0.010464872777335543,0.004438638687133789
11,471,2.2399057440950108,-0.0013349982583599207,0.0047092437744140625
12,471,2.247695436902866,-0.007789692807855353,0.005336284637451172
13,471,2.2221871475252124,0.025508289377653703,0.005521535873413086
14,471,2.237118860718551,-0.014931713193338414,0.004509449005126953
15,471,2.2404497474621814,-0.003330886743630579,0.004409074783325195
16,471,2.2200557117502653,0.020394035711916114,0.0038983821868896484
17,471,2.246832910363588,-0.026777198613322728,0.005353212356567383
18,471,2.223396187881502,0.023436722482085948,0.004701852798461914
19,471,2.229669461584395,-0.00627327370289299,0.004786491394042969
20,471,2.2181575313495223,0.011511930234872736,0.006345987319946289
21,471,2.2314111017117835,-0.013253570362261158,0.005546092987060547
22,471,2.226803530553344,0.004607571158439683,0.0046520233154296875
23,471,2.2137829563926488,0.01302057416069502,0.005224704742431641
24,471,2.2130399084394905,0.0007430479531582712,0.0055484771728515625
25,471,2.2194536537121814,-0.006413745272690896,0.005942106246948242
26,471,2.199274990462447,0.020178663249734274,0.004899501800537109
27,471,2.1856355120421975,0.013639478420249596,0.004759073257446289
28,471,2.1980146339238322,-0.012379121881634703,0.0047910213470458984
29,471,2.203739757497346,-0.005725123573513624,0.004473209381103516
30,471,2.2123616536458335,-0.008621896148487629,0.005931377410888672
31,471,2.1935109909932327,0.018850662652600825,0.004425525665283203
32,471,2.1738686855178475,0.019642305475385147,0.004813671112060547
33,471,2.2025276070694004,-0.02865892155155292,0.004877328872680664
34,471,2.2001642117834397,0.0023633952859607454,0.004536628723144531
35,471,2.1788226409069797,0.021341570876459937,0.0043256282806396484
36,471,2.1630445994642384,0.01577804144274131,0.004263877868652344
37,471,2.183311251824575,-0.020266652360336757,0.0041828155517578125
38,471,2.1675084593949046,0.015802792429670642,0.004184722900390625
39,471,2.1608921707056132,0.006616288689291316,0.004281759262084961
40,471,2.19677993547638,-0.03588776477076694,0.004105329513549805
41,471,2.1728183884023355,0.02396154707404463,0.0054662227630615234
42,471,2.1566454974455946,0.016172890956740904,0.004225969314575195
43,471,2.157465001326964,-0.0008195038813694211,0.004372119903564453
44,471,2.1659902260814756,-0.008525224754511562,0.004213809967041016
45,471,2.1642669872113856,0.0017232388700900714,0.004324913024902344
46,471,2.1584685177813165,0.005798469430069009,0.004143238067626953
47,471,2.1611009342655256,-0.002632416484209088,0.003995180130004883
48,471,2.162416235403397,-0.001315301137871483,0.004736185073852539
49,471,2.157293947385881,0.00512228801751613,0.004111528396606445
50,471,2.1363117193720145,0.02098222801386651,0.004911661148071289
51,471,2.139047286566149,-0.0027355671941347026,0.015073060989379883
52,471,2.1507306595010616,-0.011683372934912395,0.0052411556243896484
53,471,2.1509808906830545,-0.0002502311819929659,0.006356954574584961
54,471,2.142584474729631,0.008396415953423553,0.009567022323608398
55,471,2.1162469624966826,0.026337512232948335,0.005328655242919922
56,471,2.1303810718965632,-0.014134109399880579,0.004495143890380859
57,471,2.126651059290406,0.0037300126061570182,0.006085395812988281
58,471,2.1277570785230893,-0.0011060192326830531,0.005585432052612305
59,471,2.130295933684979,-0.002538855161889675,0.005838632583618164
60,471,2.1028092499751194,0.027486683709859516,0.005194187164306641
61,471,2.127877593799761,-0.025068343824641737,0.0045318603515625
62,471,2.131034446116972,-0.0031568523172107454,0.004512310028076172
63,471,2.11511100882431,0.01592343729266199,0.0043964385986328125
64,471,2.1117746794552814,0.003336329369028501,0.004445075988769531
65,471,2.0995108893975583,0.012263790057723156,0.0049970149993896484
66,471,2.11039704729797,-0.010886157900411586,0.004087209701538086
67,471,2.0973631257464174,0.013033921551552474,0.0053484439849853516
68,471,2.1075330600617037,-0.010169934315286344,0.004162788391113281
69,471,2.106004459842755,0.001528600218948739,0.004497528076171875
70,471,2.0908442859690153,0.01516017387373969,0.004459857940673828
71,471,2.0939666683253715,-0.0031223823563562014,0.004458427429199219
72,471,2.1114744279541533,-0.017507759628781816,0.00528717041015625
73,471,2.0968844338840236,0.01458999407012973,0.004476070404052734
74,471,2.105300028612659,-0.008415594728635512,0.004853248596191406
75,471,2.1067546350434583,-0.001454606430799199,0.004426240921020508
76,471,2.096312699044586,0.010441935998872331,0.004458904266357422
77,471,2.073175320959395,0.023137378085190896,0.0045871734619140625
78,471,2.076210362136744,-0.003035041177348763,0.004840373992919922
79,471,2.0835336737825108,-0.007323311645766939,0.004748344421386719
80,471,2.067765221727375,0.01576845205513555,0.006891012191772461
81,471,2.0756184118315417,-0.007853190104166519,0.006548881530761719
82,471,2.08558683942078,-0.009968427589238438,0.005690097808837891
83,471,2.063332332926951,0.022254506493829318,0.005889415740966797
84,471,2.101151711368763,-0.03781937844181238,0.012392044067382812
85,471,2.0528130338956343,0.04833867747312892,0.004897594451904297
86,471,2.0637473979067145,-0.010934364011080167,0.0056231021881103516
87,471,2.0521960734308653,0.011551324475849167,0.0051958560943603516
88,471,2.0602752620753715,-0.008079188644506186,0.0044002532958984375
89,471,2.054568151000199,0.0057071110751723,0.0046880245208740234
90,471,2.076834579435377,-0.022266428435177676,0.004819393157958984
91,471,2.0522035894373674,0.0246309899980095,0.004555702209472656
92,471,2.0680250422969744,-0.01582145285960701,0.005106210708618164
93,471,2.048334271538283,0.0196907707586913,0.004368305206298828
