0,311,2.30162416317,Nan,0.018000125885
1,311,2.13047922999,0.171144933179,0.0130000114441
2,311,1.98765127299,0.142827957006,0.0139999389648
3,311,1.86321471972,0.124436553268,0.0139999389648
4,311,1.86432120271,-0.00110648299337,0.0140001773834
5,311,1.58530261662,0.279018586088,0.0139999389648
6,311,1.35806048721,0.227242129409,0.0149998664856
7,311,1.3221482648,0.0359122224176,0.0140001773834
8,311,1.47999224402,-0.157843979225,0.0199999809265
9,311,1.64591494251,-0.165922698484,0.0189998149872
10,311,1.5362544903,0.109660452202,0.0190000534058
11,311,1.31919384923,0.217060641077,0.0150001049042
12,311,1.05435337668,0.264840472549,0.0160000324249
13,311,0.861332933236,0.193020443441,0.0149998664856
14,311,0.660535070291,0.200797862945,0.0139999389648
15,311,0.690600183616,-0.0300651133252,0.0150001049042
16,311,0.737511834148,-0.0469116505319,0.0139999389648
17,311,0.684004412587,0.053507421561,0.0139999389648
18,311,0.676021907107,0.00798250547943,0.0199999809265
19,311,0.725637503376,-0.0496155962683,0.0139999389648
20,311,0.985924625703,-0.260287122328,0.0139999389648
21,311,0.878166272326,0.107758353377,0.0140001773834
22,311,0.54611588751,0.332050384816,0.0149998664856
23,311,0.553049461635,-0.00693357412455,0.0140001773834
24,311,0.59734459782,-0.0442951361849,0.0149998664856
25,311,0.592240998983,0.00510359883692,0.0139999389648
26,311,0.719278022791,-0.127037023808,0.0150001049042
27,311,0.4596582149,0.25961980789,0.0139999389648
28,311,0.432661933531,0.0269962813693,0.0150001049042
29,311,0.487642392468,-0.0549804589373,0.0149998664856
30,311,0.508447236187,-0.0208048437186,0.0140001773834
31,311,0.57538965354,-0.0669424173533,0.0149998664856
32,311,0.403583293559,0.171806359981,0.0139999389648
33,311,0.430279747083,-0.0266964535238,0.0150001049042
34,311,0.435146810158,-0.00486706307463,0.0139999389648
35,311,0.490443533257,-0.055296723099,0.0150001049042
36,311,0.375017343993,0.115426189263,0.0139999389648
37,311,0.374638695426,0.000378648567813,0.0150001049042
38,311,0.465384431207,-0.0907457357818,0.0139999389648
39,311,0.568812330436,-0.103427899229,0.0139999389648
40,311,0.521795291226,0.0470170392101,0.0139999389648
41,311,0.464761126846,0.0570341643796,0.0149998664856
42,311,0.43037998408,0.0343811427665,0.0169999599457
43,311,0.347933631235,0.0824463528452,0.0190000534058
44,311,0.359715403468,-0.0117817722333,0.0150001049042
45,311,0.488505127346,-0.128789723878,0.0149998664856
46,311,0.359824545514,0.128680581832,0.0139999389648
47,311,0.324806581356,0.0350179641576,0.0140001773834
48,311,0.394800756522,-0.0699941751658,0.0130000114441
49,311,0.361923340433,0.0328774160894,0.0139999389648
50,311,0.396023544851,-0.0341002044187,0.0139999389648
51,311,0.399408690032,-0.00338514518124,0.0150001049042
52,311,0.376857181071,0.0225515089618,0.0139999389648
53,311,0.318575009656,0.058282171415,0.0139999389648
54,311,0.310249647527,0.00832536212884,0.0140001773834
55,311,0.246009213365,0.0642404341621,0.0139999389648
56,311,0.279393481288,-0.0333842679235,0.0149998664856
57,311,0.335536355758,-0.0561428744693,0.0140001773834
58,311,0.300297826049,0.0352385297082,0.0149998664856
59,311,0.299449515879,0.000848310170066,0.0139999389648
60,311,0.271839963662,0.0276095522178,0.0140001773834
61,311,0.233149513171,0.0386904504905,0.0149998664856
62,311,0.263646656294,-0.0304971431229,0.0139999389648
63,311,0.318248344004,-0.0546016877104,0.0140001773834
64,311,0.394058448325,-0.0758101043211,0.0139999389648
65,311,0.358154738448,0.0359037098777,0.0139999389648
66,311,0.340318931261,0.017835807187,0.0150001049042
67,311,0.331629173549,0.00868975771202,0.0139999389648
68,311,0.30039094882,0.0312382247287,0.0150001049042
69,311,0.273310793174,0.0270801556455,0.0139999389648
70,311,0.251452798629,0.0218579945457,0.0139999389648
71,311,0.330674935001,-0.0792221363718,0.0139999389648
72,311,0.426867567841,-0.0961926328408,0.0140001773834
73,311,0.387791747066,0.0390758207757,0.0139999389648
74,311,0.406377786225,-0.0185860391598,0.0139999389648
75,311,0.297336688762,0.109041097463,0.0150001049042
76,311,0.249226683589,0.0481100051733,0.0139999389648
77,311,0.241271678274,0.00795500531457,0.0139999389648
78,311,0.237104556951,0.00416712132298,0.0150001049042
79,311,0.243914294473,-0.00680973752135,0.0169999599457
80,311,0.300290564632,-0.0563762701593,0.0160000324249
81,311,0.263881940934,0.0364086236984,0.0149998664856
82,311,0.337808149037,-0.0739262081036,0.0150001049042
83,311,0.222165638228,0.11564251081,0.0139999389648
84,311,0.334170694137,-0.112005055909,0.0139999389648
85,311,0.215799705775,0.118370988361,0.0140001773834
86,311,0.218186970309,-0.00238726453382,0.0130000114441
87,311,0.226675321818,-0.00848835150912,0.0149998664856
88,311,0.326021077932,-0.0993457561137,0.0139999389648
89,311,0.365389072627,-0.0393679946948,0.0140001773834
90,311,0.301553045438,0.0638360271883,0.0149998664856
91,311,0.219274441146,0.0822786042928,0.0140001773834
92,311,0.296775180044,-0.0775007388983,0.0149998664856
93,311,0.232538327527,0.0642368525171,0.0139999389648
94,311,0.238596900866,-0.00605857333953,0.0150001049042
95,311,0.226516870824,0.0120800300426,0.0539999008179
96,311,0.296270560605,-0.0697536897813,0.0150001049042
97,311,0.264912865936,0.0313576946688,0.0179998874664
98,311,0.258293102792,0.00661976314434,0.0160000324249
99,311,0.258801794512,-0.000508691720257,0.0160000324249
100,311,0.186160967664,0.0726408268478,0.0139999389648
101,311,0.230619154559,-0.0444581868948,0.0150001049042
102,311,0.2529302272,-0.0223110726409,0.0139999389648
103,311,0.187013092532,0.0659171346683,0.0139999389648
104,311,0.205797790331,-0.0187846977994,0.0140001773834
105,311,0.201602457421,0.00419533291047,0.0139999389648
106,311,0.224925369312,-0.0233229118911,0.0139999389648
107,311,0.221581216794,0.00334415251802,0.0150001049042
108,311,0.183080176449,0.0385010403452,0.0139999389648
109,311,0.16120843182,0.0218717446281,0.0139999389648
110,311,0.225274579701,-0.0640661478809,0.0140001773834
111,311,0.212101853545,0.0131727261559,0.0139999389648
112,311,0.263513031496,-0.051411177951,0.0149998664856
113,311,0.213338919391,0.0501741121053,0.0190000534058
114,311,0.20683313106,0.00650578833086,0.0150001049042
115,311,0.209670946912,-0.00283781585203,0.0149998664856
116,311,0.185144859878,0.0245260870342,0.0139999389648
117,311,0.218573665312,-0.0334288054341,0.0149998664856
118,311,0.262677453339,-0.0441037880263,0.0160000324249
119,311,0.234985400626,0.0276920527124,0.0160000324249
120,311,0.223488663554,0.0114967370723,0.0150001049042
121,311,0.209905961702,0.0135827018517,0.0139999389648
122,311,0.235364588894,-0.0254586271918,0.0149998664856
123,311,0.29833606585,-0.0629714769566,0.0140001773834
124,311,0.237245565825,0.0610905000251,0.0149998664856
125,311,0.317855540579,-0.0806099747538,0.0140001773834
126,311,0.187703675396,0.130151865183,0.0149998664856
127,311,0.151157146098,0.0365465292977,0.0190000534058
128,311,0.20802025013,-0.0568631040322,0.0199999809265
129,311,0.197737764316,0.0102824858147,0.0179998874664
130,311,0.143502397936,0.0542353663797,0.0170001983643
131,311,0.177701858079,-0.0341994601431,0.0139999389648
132,311,0.219198858623,-0.041497000544,0.0139999389648
133,311,0.211721217901,0.00747764072234,0.018000125885
134,311,0.19659205495,0.0151291629509,0.0169999599457
135,311,0.258150278564,-0.061558223614,0.0160000324249
136,311,0.1529432585,0.105207020063,0.0139999389648
137,311,0.169995715764,-0.0170524572636,0.0490000247955
138,311,0.181525963296,-0.0115302475319,0.0169999599457
139,311,0.14434826719,0.0371776961054,0.0160000324249
140,311,0.233169433005,-0.0888211658147,0.0279998779297
141,311,0.159578967324,0.0735904656806,0.0210001468658
142,311,0.18722889891,-0.0276499315857,0.021999835968
143,311,0.17690992202,0.0103189768899,0.0190000534058
144,311,0.143409017581,0.033500904439,0.018000125885
145,311,0.201699799663,-0.0582907820821,0.0269999504089
146,311,0.189075298248,0.0126245014154,0.0190000534058
147,311,0.209526503584,-0.0204512053364,0.0159997940063
148,311,0.124539844476,0.0849866591083,0.0150001049042
149,311,0.182900358243,-0.0583605137669,0.0139999389648
150,311,0.156918185317,0.0259821729261,0.0140001773834
151,311,0.167346500507,-0.0104283151903,0.0139999389648
152,311,0.195706137507,-0.0283596369998,0.0149998664856
153,311,0.235392211718,-0.0396860742109,0.0140001773834
154,311,0.175764273984,0.0596279377339,0.0139999389648
155,311,0.152739178329,0.0230250956545,0.0149998664856
156,311,0.183867525058,-0.0311283467284,0.0140001773834
157,311,0.16232661649,0.0215409085682,0.0139999389648
158,311,0.166952360098,-0.00462574360838,0.0150001049042
159,311,0.149002406375,0.0179499537232,0.0149998664856
160,311,0.244808430074,-0.0958060236989,0.0139999389648
161,311,0.169672460035,0.075135970039,0.0140001773834
162,311,0.128596327313,0.0410761327222,0.0139999389648
163,311,0.159563684004,-0.030967356691,0.0139999389648
164,311,0.20247501729,-0.0429113332865,0.0139999389648
165,311,0.246185081948,-0.043710064658,0.018000125885
166,311,0.147294722186,0.098890359762,0.0139999389648
167,311,0.172063502468,-0.0247687802821,0.0150001049042
