0,341,2.263680108481488,Nan,0.010800361633300781
1,341,2.2791261197534824,-0.015446011271994298,0.0052814483642578125
2,341,2.2747296196274744,0.004396500126008007,0.005248546600341797
3,341,2.261935147372159,0.01279447225531527,0.004546165466308594
4,341,2.3077503551136362,-0.04581520774147707,0.00481104850769043
5,341,2.267391618745418,0.040358736368218295,0.004847526550292969
6,341,2.2884421250687317,-0.021050506323313734,0.005093097686767578
7,341,2.2731201529852454,0.01532197208348629,0.004807233810424805
8,341,2.3145551485749634,-0.04143499558971797,0.00481104850769043
9,341,2.274929013070473,0.039626135504490456,0.00482177734375
10,341,2.282864478326613,-0.007935465256140084,0.005045652389526367
11,341,2.275788516942357,0.007075961384256146,0.004822492599487305
12,341,2.2794953734993584,-0.0037068565570015366,0.004894256591796875
13,341,2.3064770293026027,-0.026981655803244298,0.004575967788696289
14,341,2.2591081994020343,0.04736882990056834,0.005022287368774414
15,341,2.2655480348469577,-0.006439835444923325,0.0043642520904541016
16,341,2.2631757182459675,0.002372316600990132,0.004247903823852539
17,341,2.273781874312683,-0.010606156066715666,0.0043182373046875
18,341,2.2957126472003297,-0.021930772887646555,0.004227161407470703
19,341,2.3067451544171553,-0.011032507216825582,0.004068136215209961
20,341,2.2964549134553702,0.010290240961785102,0.004230022430419922
21,341,2.283628402217742,0.012826511237628235,0.004397153854370117
22,341,2.267844102249817,0.015784299967925186,0.004675626754760742
23,341,2.277801245188783,-0.00995714293896599,0.004633188247680664
24,341,2.282964712014296,-0.005163466825513385,0.0044176578521728516
25,341,2.262111093291789,0.02085361872250724,0.004125118255615234
26,341,2.2811365211464443,-0.01902542785465533,0.0044939517974853516
27,341,2.2693615686858504,0.011774952460593902,0.0040166378021240234
28,341,2.27953475101952,-0.010173182333669484,0.004122018814086914
29,341,2.265286890292797,0.014247860726722905,0.004448652267456055
30,341,2.3008639427923385,-0.03557705249954157,0.004512310028076172
31,341,2.261328733561675,0.03953520923066334,0.004439592361450195
32,341,2.2508174415208027,0.010511292040872533,0.00457310676574707
33,341,2.266325024915231,-0.01550758339442826,0.00446009635925293
34,341,2.293608097736437,-0.027283072821206122,0.004622220993041992
35,341,2.2824868121105206,0.01112128562591641,0.004376888275146484
36,341,2.2673429338114004,0.015143878299120228,0.004853010177612305
37,341,2.285492032853739,-0.018149099042338523,0.004718780517578125
38,341,2.262079054309476,0.02341297854426294,0.0046613216400146484
39,341,2.2950264044171553,-0.03294735010767935,0.00464177131652832
40,341,2.2632990414795637,0.0317273629375916,0.00438237190246582
41,341,2.259244946790231,0.004054094689332821,0.003961324691772461
42,341,2.2806883333715176,-0.02144338658128664,0.0041010379791259766
43,341,2.259602387280059,0.02108594609145875,0.0040700435638427734
44,341,2.255011684384164,0.004590702895894694,0.004033088684082031
45,341,2.27228320169309,-0.017271517308925954,0.004069089889526367
46,341,2.2802193829041424,-0.007936181211052329,0.004029989242553711
47,341,2.28936320106305,-0.009143818158907635,0.0040051937103271484
48,341,2.281377260985612,0.007985940077437803,0.004172325134277344
49,341,2.275725691898827,0.005651569086785102,0.004154682159423828
50,341,2.2826888903844393,-0.006963198485612221,0.004377126693725586
51,341,2.268529092111895,0.014159798272544322,0.004443645477294922
52,341,2.272368221338893,-0.003839129226998139,0.004660129547119141
53,341,2.265897778821481,0.006470442517412245,0.00447392463684082
54,341,2.2578191225829363,0.008078656238544646,0.004453182220458984
55,341,2.271120669904692,-0.013301547321755702,0.004713773727416992
56,341,2.2994551225142046,-0.028334452609512617,0.004815578460693359
57,341,2.2872568617118767,0.012198260802327887,0.00410151481628418
58,341,2.251515676548754,0.03574118516312286,0.0046961307525634766
59,341,2.2715566864461145,-0.020041009897360684,0.0043871402740478516
60,341,2.2753584070289588,-0.0038017205828442258,0.0046558380126953125
61,341,2.258264446538215,0.017093960490743854,0.0045778751373291016
62,341,2.2458603486986806,0.012404097839534334,0.004624605178833008
63,341,2.2543580175494866,-0.00849766885080605,0.004297971725463867
64,341,2.243122895092559,0.011235122456927815,0.004597663879394531
65,341,2.266050635195198,-0.022927740102639316,0.004835605621337891
66,341,2.239676825112262,0.026373810082936266,0.0049877166748046875
67,341,2.271243993138288,-0.03156716802602633,0.004718303680419922
68,341,2.248312852249817,0.02293114088847137,0.005137443542480469
69,341,2.2490284491843844,-0.000715596934567575,0.0047454833984375
70,341,2.257353393912665,-0.008324944728280492,0.005011796951293945
71,341,2.2685133411038305,-0.011159947191165642,0.004544496536254883
72,341,2.2380954597003297,0.03041788140350077,0.004587411880493164
73,341,2.2650552788787572,-0.02695981917842749,0.0045430660247802734
74,341,2.262718581034641,0.0023366978441163866,0.004582405090332031
75,341,2.2471573010218107,0.015561280012830192,0.0056304931640625
76,341,2.2838618035190614,-0.03670450249725077,0.006208896636962891
77,341,2.276608285316624,0.007253518202437359,0.0050394535064697266
78,341,2.259800169824505,0.016808115492119136,0.00525665283203125
79,341,2.2353454768832477,0.02445469294125724,0.004521369934082031
80,341,2.252800815615836,-0.0174553387325882,0.0043828487396240234
81,341,2.2315428613567634,0.02125795425907251,0.004069089889526367
82,341,2.2513633571412206,-0.019820495784457215,0.004312038421630859
83,341,2.2613054650270343,-0.009942107885813734,0.00454258918762207
84,341,2.2314354681199595,0.029869996907074814,0.0047647953033447266
85,341,2.265044897532533,-0.03360942941257328,0.006034374237060547
86,341,2.23840868997434,0.026636207558192737,0.0051457881927490234
87,341,2.250514413604289,-0.012105723629948884,0.004781007766723633
88,341,2.212883823428336,0.03763059017595305,0.004942893981933594
89,341,2.265320361184934,-0.05243653775659807,0.004698514938354492
90,341,2.260168170649285,0.0051521905356488595,0.004654645919799805
91,341,2.2340229291720126,0.026145241477272485,0.004452228546142578
92,341,2.2731242697259897,-0.03910134055397707,0.004553318023681641
93,341,2.2400224523460412,0.03310181737994844,0.004331827163696289
94,341,2.245815780505407,-0.005793328159365618,0.004599094390869141
95,341,2.2592553281364554,-0.013439547631048487,0.004431009292602539
96,341,2.2674397667132515,-0.008184438576796182,0.004270315170288086
97,341,2.2711407166422286,-0.003700949928977071,0.00409245491027832
98,341,2.256069149789223,0.015071566853005702,0.004038333892822266
99,341,2.2647252236643145,-0.008656073875091597,0.004319190979003906
100,341,2.2539191371884164,0.010806086475898091,0.004673004150390625
101,341,2.2496461392847324,0.004272997903683962,0.0042836666107177734
102,341,2.267249322706653,-0.017603183421920576,0.004675149917602539
103,341,2.2652120730044905,0.002037249702162569,0.004619598388671875
104,341,2.229116311171188,0.03609576183330265,0.0046579837799072266
105,341,2.257743768328446,-0.028627457157258007,0.004563808441162109
106,341,2.2565434699184386,0.001200298410007239,0.00455021858215332
107,341,2.2469713317334126,0.009572138185026002,0.004303455352783203
108,341,2.2488263709104657,-0.0018550391770530972,0.004415750503540039
109,341,2.226843512302969,0.021982858607496603,0.0040323734283447266
110,341,2.243924406616569,-0.017080894313600048,0.004275083541870117
111,341,2.249277780482496,-0.005353373865927047,0.004039764404296875
112,341,2.2285662788100256,0.0207115016724706,0.004075288772583008
113,341,2.2346286270275844,-0.0060623482175587995,0.004182577133178711
114,341,2.238136448119043,-0.0035078210914587515,0.003998517990112305
115,341,2.25072078760768,-0.012584339488636687,0.004016399383544922
116,341,2.232789696836052,0.01793109077162791,0.0045928955078125
117,341,2.238644597117852,-0.005854900281800024,0.004545688629150391
118,341,2.232358512990286,0.006286084127566038,0.00441288948059082
119,341,2.2338410766243584,-0.001482563634072509,0.008530139923095703
120,341,2.2481879181176687,-0.014346841493310336,0.005277156829833984
121,341,2.2897245793048935,-0.041536661187224766,0.0046045780181884766
122,341,2.2493427533907626,0.040381825914130864,0.004730224609375
123,341,2.245819539268695,0.003523214122067575,0.0044384002685546875
124,341,2.248527817712152,-0.0027082784434568907,0.004732370376586914
125,341,2.217920745223149,0.030607072489003073,0.004532814025878906
126,341,2.234493848515396,-0.016573103292246927,0.004687070846557617
127,341,2.247397324906067,-0.01290347639067102,0.004533529281616211
128,341,2.227593296084586,0.019804028821480912,0.004370689392089844
129,341,2.20270401851173,0.02488927757285575,0.00415802001953125
130,341,2.215759814309934,-0.013055795798203818,0.003900766372680664
131,341,2.2350012815592923,-0.01924146724935838,0.0042269229888916016
132,341,2.2514437230800954,-0.016442441520803097,0.0042803287506103516
133,341,2.222346241523094,0.029097481557001537,0.004564046859741211
134,341,2.228604582397819,-0.00625834087472521,0.004735708236694336
135,341,2.221834691738453,0.006769890659366062,0.004523754119873047
136,341,2.2482874358504397,-0.026452744111986615,0.004643440246582031
137,341,2.23871028598103,0.009577149869409496,0.004533290863037109
138,341,2.22815030900614,0.010559976974890084,0.005099773406982422
139,341,2.2335922822924306,-0.00544197328629048,0.004923582077026367
140,341,2.2319067454407993,0.0016855368516313085,0.0046193599700927734
141,341,2.239450583360062,-0.007543837919262941,0.0046863555908203125
142,341,2.2231853406799855,0.016265242680076675,0.004820108413696289
143,341,2.2152092449825878,0.007976095697397767,0.004456281661987305
144,341,2.2105464096293073,0.004662835353280492,0.004318714141845703
145,341,2.2161675506323313,-0.005621141003024022,0.0043947696685791016
146,341,2.2251742634255867,-0.009006712793255378,0.004306316375732422
147,341,2.2169758637280057,0.00819839969758096,0.004102945327758789
148,341,2.2145903019611435,0.002385561766862221,0.00406956672668457
149,341,2.217170424475348,-0.002580122514204586,0.004204511642456055
150,341,2.224486051766404,-0.007315627291055726,0.004751682281494141
151,341,2.207219188164406,0.017266863601997695,0.004430055618286133
152,341,2.2415821601218844,-0.03436297195747828,0.004488706588745117
153,341,2.232701276404417,0.008880883717467203,0.0043811798095703125
154,341,2.2139522071458027,0.018749069258614526,0.004343509674072266
155,341,2.2170488911290325,-0.00309668398322982,0.004244327545166016
156,341,2.213198306623442,0.003850584505590504,0.004289388656616211
157,341,2.2449809770779874,-0.031782670454545414,0.004314899444580078
158,341,2.219324911794355,0.0256560652836324,0.004633188247680664
159,341,2.2099503771650477,0.009374534629307263,0.004601478576660156
160,341,2.2251100064722324,-0.01515962930718473,0.005311489105224609
161,341,2.234438898975898,-0.009328892503665642,0.00518035888671875
162,341,2.2209073511386546,0.01353154783724353,0.005063295364379883
163,341,2.2064439879834126,0.014463363155241993,0.00481104850769043
164,341,2.2056929512807,0.000751036702712593,0.0059430599212646484
165,341,2.2000148918621703,0.005678059418529724,0.0052225589752197266
166,341,2.2118045213984603,-0.011789629536290036,0.0060498714447021484
167,341,2.2329545454545454,-0.021150024056085126,0.005124568939208984
168,341,2.209256437866569,0.023698107587976303,0.0058972835540771484
169,341,2.2177088225691897,-0.008452384702620552,0.005488157272338867
170,341,2.2194437603097508,-0.0017349377405611044,0.00544285774230957
171,341,2.210883266415414,0.008560493894336663,0.0054874420166015625
172,341,2.2239195524422652,-0.01303628602685114,0.0050051212310791016
173,341,2.2338364229174306,-0.009916870475165318,0.00487208366394043
174,341,2.237178858424212,-0.0033424355067812606,0.0048656463623046875
175,341,2.2203895367485336,0.01678932167567826,0.0045166015625
176,341,2.2196818153179985,0.0007077214305351021,0.004791736602783203
177,341,2.232297298845308,-0.012615483527309568,0.005335330963134766
178,341,2.2297497522796004,0.002547546565707659,0.0049288272857666016
179,341,2.1940193064401576,0.03573044583944274,0.004592418670654297
180,341,2.2329302029875366,-0.038910896547379004,0.004673004150390625
181,341,2.2207072417407443,0.012222961246792341,0.004912376403808594
182,341,2.1980413621471775,0.022665879593566807,0.004817962646484375
183,341,2.220369668999725,-0.02232830685254772,0.004302501678466797
184,341,2.206271263860887,0.0140984051388382,0.004515886306762695
185,341,2.2104350786404874,-0.004163814779600372,0.005466461181640625
186,341,2.201533253241844,0.008901825398643481,0.0045816898345947266
187,341,2.2060711544629767,-0.004537901221132845,0.004429340362548828
188,341,2.2116509490698313,-0.005579794606854538,0.004368305206298828
189,341,2.2190805921806267,-0.007429643110795414,0.00419163703918457
190,341,2.207583967192082,0.011496624988544646,0.004482269287109375
191,341,2.224125389479472,-0.016541422287390084,0.0044097900390625
192,341,2.2309031556428702,-0.006777766163398091,0.004645347595214844
193,341,2.196438339099157,0.03446481654371336,0.004542112350463867
194,341,2.241388315329454,-0.04494997623029695,0.0048198699951171875
195,341,2.2005391498464992,0.040849165482954586,0.00469660758972168
196,341,2.191002272440891,0.00953687740560838,0.005676984786987305
197,341,2.207489998109879,-0.01648772566898815,0.0045359134674072266
198,341,2.1938095316509347,0.013680466458944274,0.004874467849731445
199,341,2.193534783953446,0.0002747476974889196,0.004580974578857422
200,341,2.186298627657625,0.007236156295820972,0.004771709442138672
201,341,2.2192773007927054,-0.032978673135080516,0.0043718814849853516
202,341,2.2273679492760263,-0.008090648483320972,0.004547834396362305
203,341,2.218259749873992,0.009108199402034334,0.0052263736724853516
204,341,2.2137927281891496,0.004467021684842365,0.004854440689086914
205,341,2.1905451352295637,0.023247592959585894,0.00479578971862793
206,341,2.2181553994455645,-0.02761026421600077,0.0047910213470458984
207,341,2.186208059361254,0.03194734008431066,0.004816770553588867
208,341,2.2192889350600256,-0.03308087569877172,0.0048329830169677734
209,341,2.209412695026118,0.009876240033907635,0.004702329635620117
210,341,2.216154663443915,-0.006741968417796951,0.004803895950317383
211,341,2.2463856806153775,-0.030231017171462593,0.005041599273681641
212,341,2.191925317311217,0.054460363304160264,0.0050847530364990234
213,341,2.2114458279875366,-0.019520510676319436,0.005429506301879883
214,341,2.191050241419996,0.02039558656754048,0.0051670074462890625
215,341,2.198771636157441,-0.007721394737445042,0.0045969486236572266
216,341,2.1940427539635263,0.004728882193914874,0.00488734245300293
217,341,2.217427989254949,-0.023385235291422557,0.005528688430786133
218,341,2.22302156599386,-0.0055935767389110325,0.005501508712768555
219,341,2.22455370950559,-0.001532143511730144,0.0054476261138916016
220,341,2.213224259989003,0.011329449516586987,0.00579524040222168
221,341,2.1934984492416607,0.019725810747342365,0.004790544509887695
222,341,2.1806526072214076,0.012845842020253073,0.0047550201416015625
223,341,2.2091794727135263,-0.02852686549211869,0.004309177398681641
224,341,2.2178240913100256,-0.008644618596499232,0.004388332366943359
225,341,2.2014820624656344,0.016342028844391177,0.0041637420654296875
226,341,2.1916283750114554,0.009853687454179028,0.0040798187255859375
227,341,2.182535389651301,0.009092985360154238,0.0037636756896972656
228,341,2.186127693422379,-0.003592303771077887,0.003803253173828125
229,341,2.2155043973950694,-0.029376703972690432,0.004042387008666992
230,341,2.2044208783907626,0.011083519004306819,0.004228830337524414
231,341,2.2104660436904324,-0.006045165299669808,0.004215717315673828
232,341,2.1885213096820015,0.02194473400843089,0.004349946975708008
233,341,2.188632640670821,-0.00011133098881943582,0.004545450210571289
234,341,2.1886464228028775,-1.378213205649459e-05,0.004624366760253906
235,341,2.1906323027401027,-0.00198587993722521,0.004354715347290039
236,341,2.217630604495051,-0.02699830175494844,0.004334688186645508
237,341,2.208348428049395,0.009282176445656098,0.004263877868652344
238,341,2.177009291662848,0.03133913638654695,0.004295825958251953
239,341,2.2001199582455095,-0.023110666582661477,0.004190921783447266
240,341,2.1963144788993767,0.003805479346132845,0.004320621490478516
241,341,2.210721997571481,-0.014407518672104214,0.004128932952880859
242,341,2.193847119283816,0.016874878287664874,0.004237651824951172
243,341,2.185708143843933,0.008138975439882845,0.00413966178894043
244,341,2.196808129811217,-0.01109998596728401,0.004389286041259766
245,341,2.2173939813966275,-0.020585851585410264,0.0042591094970703125
246,341,2.1900131807299306,0.027380800666696903,0.004650115966796875
247,341,2.1867546909365836,0.0032584897933469747,0.004422187805175781
248,341,2.1786905327850072,0.00806415815157635,0.00442051887512207
249,341,2.177698398265671,0.0009921345193362185,0.004137754440307617
250,341,2.2053131371998718,-0.027614738934200744,0.004349946975708008
251,341,2.1975879836991385,0.007725153500733217,0.003843069076538086
252,341,2.2116251746929985,-0.014037190993859916,0.0037872791290283203
253,341,2.1861774522887645,0.025447722404233986,0.003826618194580078
254,341,2.188297394783266,-0.0021199424945015366,0.003892660140991211
255,341,2.194491120727181,-0.006193725943914874,0.0038099288940429688
256,341,2.210226914749817,-0.01573579402263592,0.003841400146484375
257,341,2.21253067866798,-0.0023037639181633374,0.0038459300994873047
258,341,2.184669114277859,0.027861564390120996,0.0038919448852539062
259,341,2.183323834998167,0.0013452792796919688,0.003805875778198242
260,341,2.1610855594758065,0.022238275522360684,0.003767728805541992
261,341,2.1880040322580645,-0.026918472782258007,0.0038537979125976562
262,341,2.2001136936400294,-0.012109661381964898,0.0040264129638671875
263,341,2.1532100554435485,0.04690363819648091,0.0037827491760253906
264,341,2.1726589706286656,-0.019448915185117155,0.003943204879760742
265,341,2.183989136100165,-0.011330165471499232,0.004191160202026367
266,341,2.2075721539360336,-0.02358301783586869,0.004479885101318359
267,341,2.194978149056085,0.01259400487994844,0.0043370723724365234
268,341,2.196223194648094,-0.0012450455920087755,0.004375457763671875
269,341,2.1853453336922652,0.010877860955828655,0.004313468933105469
270,341,2.1867530800380317,-0.0014077463457664585,0.004229068756103516
271,341,2.193866987032625,-0.007113906994593133,0.008576154708862305
272,341,2.1774719775247435,0.01639500950788131,0.004534482955932617
273,341,2.1882127331149195,-0.010740755590175954,0.010769128799438477
274,341,2.2016479850164954,-0.013435251901575906,0.009160995483398438
275,341,2.1804983189378664,0.021149666078629004,0.004816293716430664
276,341,2.1950245071366385,-0.01452618819877216,0.009650945663452148
277,341,2.1925813109993584,0.002443196137280168,0.012868642807006836
278,341,2.162961540334036,0.02961977066532251,0.005118131637573242
279,341,2.1683244006025477,-0.005362860268511849,0.004861116409301758
280,341,2.160860212667247,0.007464187935300792,0.008913993835449219
281,341,2.185213240010997,-0.02435302734375,0.008973360061645508
282,341,2.170226513815066,0.014986726195930888,0.025346755981445312
283,341,2.1876988564768145,-0.017472342661748463,0.0278775691986084
284,341,2.172732356007148,0.01496650046966641,0.02777099609375
285,341,2.1853453336922652,-0.012612977685117155,0.029098987579345703
286,341,2.1921891466962977,-0.006843813004032473,0.02899336814880371
287,341,2.1950755189241202,-0.002886372227822509,0.00722050666809082
288,341,2.1917574258843473,0.003318093039772929,0.00542902946472168
289,341,2.184290374129399,0.007467051754948439,0.004939079284667969
290,341,2.1740017440661656,0.010288630063233217,0.004755973815917969
291,341,2.1559663028661107,0.018035441200054958,0.004717588424682617
292,341,2.167660173432918,-0.011693870566807263,0.0047647953033447266
293,341,2.1503541112994866,0.017306062133431332,0.004492998123168945
294,341,2.1684921130406893,-0.018138001741202725,0.0046770572662353516
295,341,2.1618265728097508,0.006665540230938571,0.004615068435668945
296,341,2.1940479446366385,-0.03222137182688778,0.005751132965087891
297,341,2.1738710822947214,0.02017686234191718,0.0049228668212890625
298,341,2.163238256907533,0.010632825387188571,0.005139827728271484
299,341,2.176455679527126,-0.013217422619593133,0.004921436309814453
300,341,2.190492154566074,-0.014036475038948115,0.0055389404296875
301,341,2.154820953995601,0.035671200570472905,0.005031585693359375
302,341,2.2022493871425954,-0.0474284331469943,0.005124330520629883
303,341,2.204250302132973,-0.002000914990377467,0.00487518310546875
304,341,2.1663039758408176,0.03794632629215533,0.004836082458496094
305,341,2.169741812339626,-0.0034378364988083554,0.004692554473876953
306,341,2.1702435177442267,-0.0005017054046008163,0.004724264144897461
307,341,2.1847698849317267,-0.0145263671875,0.004723787307739258
308,341,2.1901325662115103,-0.0053626812797835655,0.004977226257324219
309,341,2.1723072577781344,0.01782530843337593,0.0050356388092041016
310,341,2.1640107722576065,0.008296485520527863,0.004778385162353516
311,341,2.1762915468635446,-0.012280774605938127,0.004439115524291992
312,341,2.1551579897704363,0.02113355709310838,0.004193782806396484
313,341,2.171785684624725,-0.016627694854288944,0.0040509700775146484
314,341,2.1811043747708942,-0.00931869014616904,0.004202127456665039
315,341,2.181251682494043,-0.00014730772314885954,0.004184722900390625
316,341,2.1853141896535924,-0.004062507159549256,0.005349397659301758
317,341,2.173364902171921,0.011949287481671345,0.004567623138427734
318,341,2.1678321816005317,0.005532720571389316,0.005619525909423828
319,341,2.164102772463801,0.003729409136730588,0.004473686218261719
320,341,2.1803354391953813,-0.016232666731580192,0.004641532897949219
321,341,2.1683593034045088,0.011976135790872533,0.0044367313385009766
322,341,2.1443615686858504,0.023997734718658403,0.004776954650878906
323,341,2.1448740134141313,-0.0005124447282809363,0.004668474197387695
324,341,2.1692855700719393,-0.02441155665780803,0.004834175109863281
325,341,2.163059447168255,0.006226122903684406,0.00458836555480957
326,341,2.1582527048776576,0.004806742290597299,0.004733562469482422
327,341,2.1836889720032993,-0.02543626712564162,0.004793405532836914
328,341,2.182920036427786,0.0007689355755133853,0.005258083343505859
329,341,2.160927870406433,0.021992166021352677,0.005158185958862305
330,341,2.165680379112445,-0.004752508706011849,0.004624843597412109
331,341,2.1836682093108504,-0.01798783019840533,0.00464177131652832
332,341,2.153340180248809,0.030328029062041573,0.004950761795043945
333,341,2.1717880114781893,-0.01844783122938054,0.004607200622558594
334,341,2.171317450112262,0.000470561365927491,0.004849672317504883
335,341,2.131227017847324,0.0400904322649378,0.004589080810546875
336,341,2.169685430890304,-0.038458413042980144,0.007375001907348633
337,341,2.1790587125985152,-0.009373281708211056,0.005005836486816406
338,341,2.1560812136294905,0.02297749896902479,0.0051920413970947266
339,341,2.1449735311469027,0.011107682482587755,0.004773378372192383
340,341,2.167750383751833,-0.02277685260493012,0.004978179931640625
341,341,2.160773940100348,0.006976443651484754,0.004929304122924805
342,341,2.154318711624817,0.0064552284755312606,0.004854679107666016
343,341,2.151943710192907,0.00237500143190994,0.0045680999755859375
344,341,2.152007609168805,-6.389897589809124e-05,0.00786590576171875
345,341,2.1475260893969943,0.00448151977181066,0.0071489810943603516
346,341,2.1600868023735336,-0.012560712976539268,0.005635261535644531
347,341,2.1502220176182183,0.00986478475531527,0.006346464157104492
348,341,2.1639610133912206,-0.013738995773002305,0.00615239143371582
349,341,2.1625878118699595,0.0013732015212610804,0.0052220821380615234
350,341,2.1580096381850256,0.004578173684933962,0.005552768707275391
351,341,2.1436583219735152,0.014351316211510312,0.004731893539428711
352,341,2.187258723194648,-0.043600401221132845,0.008414506912231445
353,341,2.1355408251809935,0.05171789801365456,0.005799770355224609
354,341,2.149354459253574,-0.013813634072580516,0.006933689117431641
355,341,2.1742147406524928,-0.024860281398918715,0.006398200988769531
356,341,2.1647705794079912,0.009444161244501537,0.0071713924407958984
357,341,2.1672159234100072,-0.0024453440020160144,0.006214141845703125
358,341,2.1501071068548385,0.017108816555168715,0.005099296569824219
359,341,2.1529433622388194,-0.0028362553839809124,0.004647493362426758
360,341,2.1679485242737355,-0.015005162034916086,0.00455927848815918
361,341,2.1584880750549855,0.00946044921875,0.004622220993041992
362,341,2.1561109257583393,0.0023771492966462304,0.004889249801635742
363,341,2.1574189753826065,-0.0013080496242672268,0.0051076412200927734
364,341,2.1603153709791973,-0.0028963955965908283,0.007216691970825195
365,341,2.173336621952896,-0.01302125097369844,0.004930257797241211
366,341,2.1571773405997985,0.0161592813530973,0.00532221794128418
367,341,2.1314579133064515,0.025719427293346975,0.005453348159790039
368,341,2.1676526559063416,-0.036194742599890084,0.005362510681152344
369,341,2.1771710974729657,-0.00951844156662407,0.005638599395751953
370,341,2.1460229420592007,0.031148155413764922,0.005587100982666016
371,341,2.1537060332088527,-0.007683091149651933,0.006122112274169922
372,341,2.143886532601723,0.009819500607129772,0.007177829742431641
373,341,2.1433674652905057,0.0005190673112172028,0.0059278011322021484
374,341,2.147187263734879,-0.0038197984443733013,0.005130290985107422
375,341,2.1709134725531527,-0.023726208818273697,0.005353212356567383
376,341,2.129632944235704,0.041280528317448884,0.005465507507324219
377,341,2.1448865426250916,-0.015253598389387779,0.004590749740600586
378,341,2.1591523022246153,-0.014265759599523697,0.006214141845703125
379,341,2.1278140607817084,0.03133824144290687,0.0054781436920166016
380,341,2.1413413128894794,-0.013527252107770948,0.004920244216918945
381,341,2.155733796508431,-0.014392483618951513,0.005558013916015625
382,341,2.1290798690661656,0.026653927442265246,0.0047397613525390625
383,341,2.166805144279234,-0.03772527521306834,0.005074739456176758
384,341,2.1320673699253114,0.03473777435392256,0.004978179931640625
385,341,2.130395257228281,0.0016721126970304923,0.004918098449707031
386,341,2.162656185564058,-0.032260928335777095,0.005354642868041992
387,341,2.156527969494593,0.006128216069464898,0.004987001419067383
388,341,2.1805301789314515,-0.02400220943685838,0.005784511566162109
389,341,2.149411198680352,0.031118980251099604,0.0049016475677490234
390,341,2.176150861723332,-0.026739663042980144,0.007154226303100586
391,341,2.1468294652675954,0.029321396455736615,0.005529880523681641
392,341,2.1544039102593473,-0.007574444991751861,0.005784511566162109
393,341,2.15504093114232,-0.0006370208829729052,0.004972696304321289
394,341,2.1375608919652676,0.017480039177052653,0.0049364566802978516
395,341,2.1489026917040874,-0.01134179973881988,0.005822658538818359
396,341,2.1409376933078264,0.00796499839626108,0.005001544952392578
397,341,2.1468498699825878,-0.005912176674761405,0.006810665130615234
398,341,2.1436014035580095,0.0032484664245782113,0.0049092769622802734
399,341,2.146788297860154,-0.0031868943021442497,0.005841970443725586
400,341,2.147861514273277,-0.0010732164131233013,0.007637739181518555
401,341,2.142301050449047,0.005560463824230144,0.005364418029785156
402,341,2.1397574416353558,0.0025436088136912005,0.005263566970825195
403,341,2.1305969775247435,0.009160464110612221,0.005140781402587891
404,341,2.1279738977158176,0.0026230798089259544,0.005126476287841797
405,341,2.1516920520413305,-0.02371815432551294,0.0058057308197021484
406,341,2.1354196498121336,0.016272402229196903,0.0046803951263427734
407,341,2.1339589228028775,0.0014607270092561464,0.004784107208251953
408,341,2.1483050483412756,-0.014346125538398091,0.00442957878112793
409,341,2.1187323517114187,0.029572696629856843,0.005603313446044922
410,341,2.1448779511661473,-0.026145599454728607,0.0047512054443359375
411,341,2.167512507732313,-0.022634556566165642,0.004727840423583984
412,341,2.1540937227937134,0.013418784938599604,0.0047283172607421875
413,341,2.164570648998809,-0.010476926205095438,0.0049211978912353516
414,341,2.128138925323039,0.036431723675769856,0.004755735397338867
415,341,2.170231346510722,-0.04209242118768319,0.010058164596557617
416,341,2.12262499856809,0.04760634794263208,0.0071794986724853516
417,341,2.147771303954362,-0.02514630538627216,0.005251884460449219
418,341,2.109766806325605,0.03800449762875724,0.004866838455200195
419,341,2.139169821641312,-0.029403015315707215,0.004744768142700195
420,341,2.132883737513746,0.006286084127566038,0.004541158676147461
421,341,2.1516580441830095,-0.018774306669263385,0.007324695587158203
422,341,2.1479170007789588,0.0037410434040507923,0.007212400436401367
423,341,2.1443914598034275,0.0035255409755312606,0.0068967342376708984
424,341,2.140902611517137,0.00348884828629048,0.010011434555053711
425,341,2.149013306737995,-0.008110695220858055,0.004830121994018555
426,341,2.1411906043804985,0.007822702357496603,0.004794120788574219
427,341,2.151520759828629,-0.01033015544813054,0.00462031364440918
428,341,2.1454360380200694,0.006084721808559568,0.006033182144165039
429,341,2.146544157235154,-0.0011081192150843577,0.004889011383056641
430,341,2.1255634565157626,0.020980700719391177,0.0049250125885009766
431,341,2.1299309604678336,-0.004367503952070972,0.004775285720825195
432,341,2.1425036656891496,-0.012572705221316038,0.006601572036743164
433,341,2.12891251460548,0.013591151083669484,0.004843711853027344
434,341,2.1122773022246153,0.01663521238086485,0.004929065704345703
435,341,2.1263323920912756,-0.014055089866660264,0.005008697509765625
436,341,2.1436935827529324,-0.017361190661656867,0.0046193599700927734
437,341,2.1057170073657443,0.03797657538718813,0.004838228225708008
438,341,2.131294854575238,-0.025577847209493854,0.00473332405090332
439,341,2.1322402730365653,-0.0009454184613271188,0.004771232604980469
440,341,2.118309759324597,0.013930513711968295,0.004889965057373047
441,341,2.1177931978555717,0.000516561469025234,0.004500627517700195
442,341,2.121639128654234,-0.003845930798662245,0.004969596862792969
443,341,2.1366716759645343,-0.015032547310300348,0.004551887512207031
444,341,2.146465044217375,-0.009793368252840828,0.00481724739074707
445,341,2.115338546439699,0.031126497777675954,0.004863739013671875
446,341,2.115931536095583,-0.0005929896558836134,0.0048198699951171875
447,341,2.145503874747984,-0.029572338652401164,0.004700422286987305
448,341,2.124881330473332,0.020622544274651933,0.00463414192199707
449,341,2.1391098604174306,-0.014228529944098511,0.004570960998535156
450,341,2.119809505876558,0.019300354540872533,0.0047833919525146484
451,341,2.1493345915047652,-0.029525085628207215,0.005408048629760742
452,341,2.1177889021260996,0.03154568937866564,0.0051212310791015625
453,341,2.1425928020756966,-0.024803899949596975,0.004886150360107422
454,341,2.098240469208211,0.04435233286748552,0.005259990692138672
455,341,2.123167692391404,-0.024927223183192737,0.004557371139526367
456,341,2.131404395676778,-0.00823670328537407,0.00474858283996582
457,341,2.163389860360154,-0.03198546468337593,0.004645824432373047
458,341,2.129276398689516,0.03411346167063778,0.004740476608276367
459,341,2.1526909881323313,-0.02341458944281527,0.004532814025878906
460,341,2.125664585147086,0.02702640298524539,0.0046193599700927734
461,341,2.11986767721316,0.005796907933925954,0.004610538482666016
462,341,2.1391370667040874,-0.01926938949092749,0.005137205123901367
463,341,2.115047868745418,0.024089197958669484,0.0047762393951416016
464,341,2.144341342959586,-0.029293474214167947,0.0051116943359375
465,341,2.1212328242416607,0.023108518717925186,0.005128622055053711
466,341,2.159303726688508,-0.0380709024468473,0.005245208740234375
467,341,2.121314264112903,0.03798946257560498,0.0049724578857421875
468,341,2.1265140656502015,-0.005199801537298487,0.0055789947509765625
469,341,2.1269144634347508,-0.0004003977845492557,0.004754304885864258
470,341,2.118949823015946,0.007964640418804958,0.004790306091308594
471,341,2.116512175529234,0.0024376474867118247,0.00536656379699707
472,341,2.134771531628024,-0.018259356098790036,0.005467653274536133
473,341,2.1268792026553336,0.007892328972690432,0.005215644836425781
474,341,2.1447829081515764,-0.01790370549624276,0.0048596858978271484
475,341,2.1265761747388194,0.018206733412756915,0.004719734191894531
476,341,2.1246409486116202,0.0019352261271992077,0.005416393280029297
477,341,2.1308069313026943,-0.006165982691074046,0.0051419734954833984
478,341,2.1166170629238454,0.014189868378848836,0.005242347717285156
479,341,2.1419128238980023,-0.025295760974156867,0.005501270294189453
480,341,2.1291303438874634,0.012782480010538944,0.005017518997192383
481,341,2.1322604987628297,-0.0031301548753663866,0.005407094955444336
482,341,2.138722707798754,-0.006462209035924094,0.005483865737915039
483,341,2.132377020424762,0.006345687373991993,0.004689455032348633
484,341,2.1373446735818367,-0.004967653157074814,0.004845142364501953
485,341,2.115142911759989,0.022201761821847743,0.004651308059692383
486,341,2.110255803530517,0.004887108229472137,0.009082555770874023
487,341,2.1199781132583393,-0.009722309727822509,0.009401798248291016
488,341,2.144660658850348,-0.024682545592008776,0.005344390869140625
489,341,2.1072233765006416,0.03743728234970645,0.004606723785400391
490,341,2.100250512623717,0.006972863876924418,0.005697727203369141
491,341,2.1137822394496886,-0.013531726825971369,0.00461888313293457
492,341,2.1446015925701065,-0.030819353120417947,0.004574775695800781
493,341,2.126240033907625,0.01836155866248168,0.004095554351806641
494,341,2.1145733696274744,0.011666664280150396,0.0038051605224609375
495,341,2.1560957117164588,-0.04152234208898431,0.004080772399902344
496,341,2.097373805787207,0.05872190592925186,0.0037965774536132812
497,341,2.1180847704934935,-0.02071096470628664,0.0038700103759765625
498,341,2.1214060853303702,-0.0033213148368766987,0.0039064884185791016
499,341,2.1263911003940614,-0.0049850150636912005,0.005029201507568359
500,341,2.0995252502978374,0.026865850096223998,0.004827976226806641
501,341,2.137083529027676,-0.03755827872983852,0.006042957305908203
502,341,2.1279386369364004,0.009144892091275558,0.004743814468383789
503,341,2.1293105855365653,-0.001371948600164874,0.004736900329589844
504,341,2.139832795889846,-0.010522210353280936,0.004659891128540039
505,341,2.099093350497159,0.040739445392687035,0.004645824432373047
506,341,2.1135724646604657,-0.014479114163306495,0.0046575069427490234
507,341,2.094606461063508,0.01896600359695766,0.004443645477294922
508,341,2.129254562064699,-0.0346481010011912,0.004698991775512695
509,341,2.125767861643145,0.0034867004215541897,0.004411935806274414
510,341,2.134152051640396,-0.008384189997250768,0.004822492599487305
511,341,2.1104365821458027,0.023715469494593133,0.004475593566894531
512,341,2.11542285013059,-0.004986267984787407,0.0045053958892822266
513,341,2.1176376566509347,-0.00221480652034467,0.0043811798095703125
514,341,2.095965164497801,0.021672492153133938,0.0045206546783447266
515,341,2.100766000160374,-0.004800835662573277,0.004216432571411133
516,341,2.126455178358688,-0.025689178198313734,0.0043811798095703125
517,341,2.1436445398414588,-0.01718936148277095,0.004366874694824219
518,341,2.1370153343223057,0.006629205519153025,0.004557609558105469
519,341,2.1056588360291424,0.03135649829316334,0.004305124282836914
520,341,2.116391537126558,-0.010732701097415642,0.0045185089111328125
521,341,2.1043291287687866,0.012062408357771393,0.004404783248901367
522,341,2.093876008064516,0.010453120704270624,0.00429987907409668
523,341,2.107156971682551,-0.013280963618035102,0.004266262054443359
524,341,2.1538646172218656,-0.0467076455393145,0.004294395446777344
525,341,2.1227955748258798,0.031069042395985846,0.00434112548828125
526,341,2.108855395722599,0.013940179103280936,0.004261493682861328
527,341,2.1195003923432916,-0.010644996620692737,0.004227399826049805
528,341,2.107917494787848,0.011582897555443505,0.004313945770263672
529,341,2.1020591937202164,0.005858301067631633,0.004107236862182617
530,341,2.1297691546577164,-0.0277099609375,0.0043714046478271484
531,341,2.1005957818800405,0.029173372777675954,0.004548788070678711
532,341,2.132349993126833,-0.03175421124679234,0.00512385368347168
533,341,2.1241898970170454,0.008160096109787407,0.004374980926513672
534,341,2.127559180833028,-0.003369283815982449,0.0043947696685791016
535,341,2.089455344460227,0.03810383637280079,0.004170894622802734
536,341,2.086154076360887,0.00330126809934006,0.004105806350708008
537,341,2.0964129942952714,-0.010258917934384382,0.0045318603515625
538,341,2.125063362009714,-0.028650367714442737,0.004233598709106445
539,341,2.107947027927969,0.017116334081745066,0.004378557205200195
540,341,2.120846566566624,-0.012899538638655006,0.004424333572387695
541,341,2.085175544984879,0.035671021581745066,0.005027294158935547
542,341,2.1435967498510813,-0.05842120486620228,0.004384040832519531
543,341,2.1019662985703813,0.041630451280699976,0.004669189453125
544,341,2.1104507222553153,-0.008484423684933962,0.004430532455444336
545,341,2.0959229231579912,0.014527799097324046,0.004260063171386719
546,341,2.0880841118149744,0.007838811343016783,0.004230499267578125
547,341,2.094846305959036,-0.006762194144061429,0.003968715667724609
548,341,2.1262248198657443,-0.03137851390670843,0.004050493240356445
549,341,2.103334488407258,0.02289033145848629,0.003989458084106445
550,341,2.1010298295454546,0.0023046588618034214,0.00443720817565918
551,341,2.1198288366591824,-0.01879900711372784,0.004354000091552734
552,341,2.072773237032625,0.04705559962655759,0.004691362380981445
553,341,2.0968674466756783,-0.02409420964305342,0.004454374313354492
554,341,2.1303451403844393,-0.03347769370876108,0.004242420196533203
555,341,2.091917334413948,0.038427805970491224,0.004190921783447266
556,341,2.1001656719666424,-0.008248337552694274,0.004061460494995117
557,341,2.1036054773414588,-0.0034398053748163626,0.003764629364013672
558,341,2.0997883637280057,0.0038171136134530492,0.006255388259887695
559,341,2.0946490603807733,0.005139303347232449,0.003887176513671875
560,341,2.094458258396719,0.0001908019840541897,0.003978252410888672
561,341,2.0951933651026393,-0.0007351067059202521,0.0036432743072509766
562,341,2.100462793255132,-0.005269428152492761,0.0037708282470703125
563,341,2.0996537642045454,0.0008090290505866626,0.005534172058105469
564,341,2.085088198485612,0.014565565718933193,0.00399470329284668
565,341,2.1426026464557366,-0.057514447970124394,0.009850740432739258
566,341,2.097803915700605,0.04479873075513163,0.0046765804290771484
567,341,2.096467406868585,0.001336508832019856,0.004819631576538086
568,341,2.110318807562775,-0.013851400694189664,0.004652500152587891
569,341,2.088111139112903,0.022207668449871765,0.004358530044555664
570,341,2.1212500071595493,-0.03313886804664623,0.0043392181396484375
571,341,2.1111049260561767,0.010145081103372533,0.0040874481201171875
572,341,2.0638597773666607,0.047245148689516014,0.0046710968017578125
573,341,2.098733583153867,-0.03487380578720645,0.004113674163818359
574,341,2.1136383325123718,-0.01490474935850461,0.004209756851196289
575,341,2.1038381626878664,0.009800169824505378,0.004153251647949219
576,341,2.0847280731648645,0.01911008952300186,0.004126787185668945
577,341,2.1087793255131966,-0.024051252348332053,0.004148006439208984
578,341,2.1224594339946847,-0.013680108481488151,0.004065036773681641
579,341,2.0767061563530973,0.04575327764158743,0.004067659378051758
580,341,2.09576237026897,-0.019056213915872533,0.0038831233978271484
581,341,2.1144480775178702,-0.018685707248900396,0.004013776779174805
582,341,2.0978252153592374,0.016622862158632845,0.003874540328979492
583,341,2.0808864380956744,0.016938777263562965,0.0038068294525146484
584,341,2.1095205178358687,-0.028634079740194274,0.003782510757446289
585,341,2.1102554455530607,-0.0007349277171919688,0.0038530826568603516
586,341,2.0864971977524744,0.02375824780058622,0.0038793087005615234
587,341,2.0850976848881966,0.0013995128642778631,0.0037260055541992188
588,341,2.1033778036794355,-0.01828011879123892,0.004330158233642578
589,341,2.1017912475943916,0.0015865560850438776,0.0038080215454101562
590,341,2.0913472553152492,0.010443992279142389,0.00399017333984375
591,341,2.1180237353372435,-0.026676480021994298,0.003945827484130859
592,341,2.102541568342192,0.01548216699505156,0.004191160202026367
593,341,2.098031231385172,0.004510336957019856,0.004153251647949219
594,341,2.081769210502199,0.016262020882972905,0.00403904914855957
595,341,2.076356949344758,0.0054122611574412005,0.003997087478637695
596,341,2.0856257016358137,-0.009268752291055726,0.004160881042480469
597,341,2.0846357149812134,0.0009899866546003722,0.004080057144165039
598,341,2.0908389273277126,-0.006203212346499232,0.00415492057800293
599,341,2.094725488567632,-0.0038865612399194838,0.004317522048950195
600,341,2.0832045211120787,0.011520967455553421,0.004683017730712891
601,341,2.0868997434017595,-0.0036952222896808884,0.00406646728515625
602,341,2.1172728776232588,-0.03037313422149923,0.004151105880737305
603,341,2.0968486528592374,0.020424224764021393,0.0038716793060302734
604,341,2.0897930961899744,0.007055556669262941,0.0037856101989746094
605,341,2.099155817563233,-0.009362721373258776,0.0037958621978759766
606,341,2.106915694877199,-0.0077598773139659905,0.003684520721435547
607,341,2.089414893007698,0.017500801869501093,0.003692150115966797
608,341,2.0920324241660557,-0.002617531158357611,0.003862142562866211
609,341,2.0941009968956195,-0.0020685727295637335,0.0038089752197265625
610,341,2.0844089362628297,0.009692060632789712,0.00409388542175293
611,341,2.0879622204912023,-0.003553284228372533,0.004258155822753906
612,341,2.084904735039406,0.0030574854517961825,0.004302263259887695
613,341,2.078029599007973,0.006875136031433193,0.003958702087402344
614,341,2.096810528260172,-0.018780929252199208,0.003862619400024414
615,341,2.0636158157303885,0.033194712529783565,0.0037500858306884766
616,341,2.0768885458669355,-0.01327273013654695,0.0037190914154052734
617,341,2.086213142641129,-0.009324596774193505,0.0036590099334716797
618,341,2.081081714797929,0.005131427843199976,0.003751039505004883
619,341,2.084711606201888,-0.0036298914039587515,0.003713369369506836
620,341,2.0944947720972324,-0.00978316589534467,0.0037889480590820312
621,341,2.0700628107244317,0.024431961372800792,0.003715991973876953
622,341,2.0942389972049122,-0.024176186480480588,0.003774404525756836
623,341,2.076414941692632,0.017824055512280168,0.003863811492919922
624,341,2.093935969288398,-0.017521027595766014,0.0036857128143310547
625,341,2.086086597610429,0.007849371677969064,0.0036950111389160156
626,341,2.063662889765854,0.022423707844574814,0.004008769989013672
627,341,2.084440080301503,-0.02077719053564886,0.0041582584381103516
628,341,2.0974724285763378,-0.013032348274834682,0.004150390625
629,341,2.0498222283953447,0.047650200180993085,0.003824472427368164
630,341,2.0806970680214443,-0.030874839626099604,0.003819704055786133
631,341,2.073907846579454,0.006789221441990456,0.0037200450897216797
632,341,2.0741990612399195,-0.00029121466046566624,0.0036916732788085938
633,341,2.1010557829110152,-0.026856721671095762,0.003661632537841797
634,341,2.0936005444121153,0.007455238498899952,0.004049539566040039
635,341,2.0797668636019977,0.013833680810117599,0.0037441253662109375
636,341,2.0520160932345126,0.027750770367485078,0.003748178482055664
637,341,2.061349102478922,-0.009333009244409496,0.003740549087524414
638,341,2.0702684687729107,-0.008919366293988595,0.003718852996826172
639,341,2.0864746451727454,-0.016206176399834682,0.0038559436798095703
640,341,2.0913760725004584,-0.004901427327713037,0.004137277603149414
641,341,2.047464588870051,0.04391148363040731,0.00419926643371582
642,341,2.0506407438485152,-0.0031761549784641296,0.004309892654418945
643,341,2.072601944819923,-0.021961200971407635,0.004438161849975586
644,341,2.0833611362490836,-0.010759191429160708,0.004540443420410156
645,341,2.0794858512990286,0.003875284950054958,0.004319906234741211
646,341,2.0842099007972874,-0.0047240494982587755,0.004440784454345703
647,341,2.075349779772269,0.00886012102501832,0.004312753677368164
648,341,2.0771484375,-0.0017986577277309124,0.00429224967956543
649,341,2.0676178246998718,0.009530612800128235,0.004258394241333008
650,341,2.071290136432368,-0.0036723117324961585,0.004617214202880859
651,341,2.0716812268030607,-0.0003910903706927371,0.004178285598754883
652,341,2.0622639138677603,0.009417312935300348,0.004293203353881836
653,341,2.070058157017504,-0.007794243149743529,0.004090785980224609
654,341,2.058841291410832,0.011216865606671789,0.003939628601074219
655,341,2.0983791854724156,-0.03953789406158359,0.0038492679595947266
656,341,2.0528406943044355,0.045538491167980144,0.0040090084075927734
657,341,2.0409646132125183,0.011876081091917179,0.003894805908203125
658,341,2.0452839691967557,-0.004319355984237383,0.004039764404296875
659,341,2.093293220766129,-0.0480092515693733,0.0037221908569335938
660,341,2.075966932906433,0.01732628785969581,0.004583120346069336
661,341,2.0650215932001466,0.010945339706286639,0.003985881805419922
662,341,2.0527816280241935,0.01223996517595305,0.003938913345336914
663,341,2.0727315326589992,-0.019949904634805726,0.0045011043548583984
664,341,2.0860434613269794,-0.013311928667980144,0.0040094852447509766
665,341,2.1020724388860885,-0.016028977559109148,0.003967761993408203
666,341,2.075191911714168,0.026880527171920576,0.004156827926635742
667,341,2.0702754493333027,0.004916462380865294,0.004218578338623047
668,341,2.052372101814516,0.01790334751878664,0.004238128662109375
669,341,2.0767849113934203,-0.024412809578904238,0.0042972564697265625
670,341,2.051819205633706,0.02496570575971413,0.004300117492675781
671,341,2.092288020069648,-0.04046881443594197,0.004227876663208008
672,341,2.032966322912848,0.059321697156800024,0.004655122756958008
673,341,2.041971424807551,-0.00900510189470305,0.004694938659667969
674,341,2.0976197362994866,-0.0556483114919355,0.004629373550415039
675,341,2.080099424658633,0.01752031164085377,0.004416704177856445
676,341,2.0730521014708576,0.007047323187775234,0.004391908645629883
677,341,2.08372860010768,-0.010676498636822185,0.0044100284576416016
678,341,2.0858965115812866,-0.0021679114736068428,0.004481792449951172
679,341,2.062033555374817,0.023862956206469832,0.004324913024902344
680,341,2.069797907406983,-0.007764352032166411,0.004411458969116211
681,341,2.0582701383797652,0.011527769027217971,0.004216670989990234
682,341,2.0581158500962244,0.00015428828354080437,0.004171133041381836
683,341,2.089321460891679,-0.031205610795454586,0.004119157791137695
684,341,2.07257617044309,0.016745290448588968,0.004370450973510742
685,341,2.047884138448497,0.024692031994593133,0.004975318908691406
686,341,2.0292777232061034,0.01860641524239348,0.004540443420410156
687,341,2.0429513880933836,-0.013673664887280168,0.004470109939575195
688,341,2.078464004650843,-0.03551261655745952,0.004537105560302734
689,341,2.0740587340771626,0.004405270573680564,0.004418134689331055
690,341,2.06048494490011,0.013573789177052653,0.004335641860961914
691,341,2.0399048209539954,0.020580123946114526,0.004396915435791016
692,341,2.0722387766907993,-0.032333955736803865,0.004362583160400391
693,341,2.073395759828629,-0.001156983137829748,0.004130125045776367
694,341,2.034021282475715,0.039374477352914106,0.004576444625854492
695,341,2.0815542450398645,-0.04753296256414963,0.004415988922119141
696,341,2.055687689012097,0.02586655602776755,0.004241466522216797
697,341,2.0830208786771442,-0.027333189665047275,0.004278421401977539
698,341,2.0559651215405057,0.027055757136638547,0.00394749641418457
699,341,2.063375254879949,-0.007410133339443181,0.003732442855834961
700,341,2.0833876265808287,-0.020012371700879772,0.004100799560546875
701,341,2.0495417530585596,0.03384587352226909,0.0038683414459228516
702,341,2.0775022982152676,-0.027960545156707983,0.004091978073120117
703,341,2.075378238980022,0.00212405923524539,0.004223346710205078
704,341,2.063942112181543,0.011436126798479052,0.0042724609375
705,341,2.078914519279234,-0.014972407097690876,0.004317283630371094
706,341,2.0659453540253847,0.01296916525384928,0.012451887130737305
707,341,2.0762196649903775,-0.010274310964992761,0.00805807113647461
708,341,2.0616684183696847,0.014551246620692737,0.007990360260009766
709,341,2.055630770596591,0.0060376477730939015,0.008466243743896484
710,341,2.0515523334402492,0.004078437156341597,0.008368492126464844
711,341,2.0408781616568916,0.010674171783357611,0.007927894592285156
712,341,2.0540599655196115,-0.013181803862719832,0.008092880249023438
713,341,2.049202032452804,0.004857933066807263,0.008283376693725586
714,341,2.054541624186675,-0.005339591733870996,0.007616996765136719
715,341,2.0652861385401393,-0.01074451435346413,0.0059435367584228516
716,341,2.0495762978830645,0.015709840657074814,0.0051724910736083984
717,341,2.0391709671691713,0.010405330713893157,0.004926204681396484
718,341,2.059872982439058,-0.020702015269886687,0.005001544952392578
719,341,2.0670856912115103,-0.007212708772452281,0.0069732666015625
720,341,2.0522856502588893,0.014800040952620996,0.016632080078125
721,341,2.057672316028226,-0.005386665769336663,0.0268709659576416
722,341,2.069862522337793,-0.012190206309567131,0.028445959091186523
723,341,2.048561789772727,0.02130073256506604,0.029027700424194336
724,341,2.0355700719391496,0.012991717833577443,0.028663158416748047
725,341,2.059233634702621,-0.02366356276347137,0.0062868595123291016
726,341,2.0530860878505317,0.006147546852089292,0.0059015750885009766
727,341,2.038237361963893,0.014848725886638547,0.005183219909667969
728,341,2.074777731797562,-0.03654036983366904,0.004845619201660156
729,341,2.05804264370647,0.016735088091092365,0.0045070648193359375
730,341,2.072757307035832,-0.014714663329362221,0.00452876091003418
731,341,2.0559221642457843,0.01683514279004772,0.0043277740478515625
732,341,2.0394725631758615,0.01644960106992288,0.004345893859863281
733,341,2.0584902945152126,-0.01901773133935114,0.004219532012939453
734,341,2.0760684195152126,-0.017578125,0.004609823226928711
735,341,2.038727791078629,0.03734062843658359,0.004255056381225586
736,341,2.0602481428129584,-0.021520351734329424,0.0041162967681884766
737,341,2.0609981055833027,-0.0007499627703442258,0.004057407379150391
738,341,2.0684948694671004,-0.007496763883797719,0.004169464111328125
739,341,2.0409277415345493,0.027567127932551116,0.004568576812744141
740,341,2.047338043839351,-0.006410302304801885,0.005158185958862305
741,341,2.0556125137463344,-0.008274469906983217,0.004289388656616211
742,341,2.048550871460319,0.007061642286015246,0.004599809646606445
743,341,2.0294885719276943,0.019062299532624838,0.004173755645751953
744,341,2.0506913976585412,-0.021202825730846975,0.005188703536987305
745,341,2.049067432929344,0.001623964729197347,0.005422353744506836
746,341,2.027614917922929,0.021452515006414874,0.004533052444458008
747,341,2.031488949951888,-0.0038740320289587515,0.00497126579284668
748,341,2.0515376563645527,-0.020048706412664874,0.004651546478271484
749,341,2.0622361706149195,-0.01069851425036683,0.004214763641357422
750,341,2.052248062626008,0.009988107988911477,0.004394054412841797
751,341,2.0127083786771442,0.03953968394886376,0.004075050354003906
752,341,2.04113590542522,-0.028427526748075582,0.00428462028503418
753,341,2.0296890393030607,0.011446866122159172,0.004196882247924805
754,341,2.0330746110932916,-0.0033855717902309124,0.0042150020599365234
755,341,2.070227838331653,-0.03715322723836145,0.00416111946105957
756,341,2.0671268586189515,0.0031009797127015126,0.004412651062011719
757,341,2.0682577094024928,-0.0011308507835412485,0.0043027400970458984
758,341,2.030729858756415,0.03752785064607789,0.004273176193237305
759,341,2.0348976112880317,-0.004167752531616831,0.004124641418457031
760,341,2.046210951819098,-0.011313340531066363,0.003924131393432617
761,341,2.034504194063875,0.01170675775522323,0.0039441585540771484
762,341,2.034667789761272,-0.00016359569739732294,0.004041194915771484
763,341,2.0557277824871703,-0.02105999272589809,0.0043680667877197266
764,341,2.0504506578193733,0.005277124667796951,0.0043032169342041016
765,341,2.049773901438783,0.0006767563805905041,0.004255533218383789
766,341,2.0344401160992485,0.015333785339534334,0.004068851470947266
767,341,2.0256320807940797,0.008808035305168715,0.0039598941802978516
768,341,2.049441340382148,-0.023809259588068343,0.004087686538696289
769,341,2.046001177029875,0.003440163352272929,0.004225492477416992
770,341,2.05120670620647,-0.00520552917659467,0.004387617111206055
771,341,2.0533425786977637,-0.0021358724912938776,0.004218578338623047
772,341,2.0227179653134164,0.0306246133843473,0.004293203353881836
773,341,2.0353647718681267,-0.012646806554710288,0.004107952117919922
774,341,2.0590940234947763,-0.023729251626649628,0.004320383071899414
775,341,2.0368881449321847,0.022205878562591597,0.004171609878540039
776,341,2.035737605388563,0.0011505395436217647,0.004062175750732422
777,341,2.0036864518420088,0.03205115354655419,0.005399942398071289
778,341,2.01891463383202,-0.01522818199001108,0.004372835159301758
779,341,2.0285853948061767,-0.009670760974156867,0.0042934417724609375
780,341,2.034052784491844,-0.005467389685667179,0.004372596740722656
781,341,2.0063575006300405,0.02769528386180342,0.004313945770263672
782,341,2.0514649869409824,-0.04510748631094197,0.004896879196166992
783,341,2.0337084101791607,0.01775657676182174,0.006697654724121094
784,341,2.0459956283793073,-0.012287218200146555,0.004688739776611328
785,341,2.0428277068823313,0.0031679214969759784,0.004334449768066406
786,341,1.9946382136638563,0.04818949321847499,0.004911661148071289
787,341,2.0529280408037023,-0.058289827139845984,0.004892826080322266
788,341,2.0222042676640397,0.03072377313966257,0.005171298980712891
789,341,2.0057791880498534,0.016425079614186266,0.0048830509185791016
790,341,2.0300797716962977,-0.024300583646444274,0.004691600799560547
791,341,2.0298052029875366,0.0002745687087610804,0.004393100738525391
792,341,2.02526318502566,0.004542017961876699,0.004416942596435547
793,341,2.033785912298387,-0.008522727272727071,0.004258871078491211
794,341,2.0381133227753847,-0.004327410476997695,0.004323005676269531
795,341,2.0656550343085596,-0.027541711533174862,0.004166603088378906
796,341,2.0558632769542706,0.009791757354288944,0.0043544769287109375
797,341,2.0465213182734603,0.009341958680810336,0.00434112548828125
798,341,2.042814282727731,0.0037070355457293758,0.004334211349487305
799,341,2.057282299589901,-0.014468016862170252,0.004277467727661133
800,341,2.0280887010859603,0.029193598503940876,0.004591226577758789
801,341,2.0696187396902492,-0.041530038604288944,0.004216194152832031
802,341,2.065495913329362,0.004122826360887011,0.004196643829345703
803,341,2.048189135241019,0.017306778088343133,0.004025459289550781
804,341,2.046356469654967,0.0018326655860518848,0.00391840934753418
805,341,2.0262290082019794,0.020127461452987827,0.003925323486328125
806,341,2.038972468669813,-0.01274346046783359,0.0038781166076660156
807,341,2.090540911095583,-0.051568442425769856,0.0038254261016845703
808,341,2.0660232141220676,0.024517696973515246,0.003943920135498047
809,341,2.023685936354472,0.04233727776759544,0.004036903381347656
810,341,2.046199854517962,-0.022513918163489688,0.00383758544921875
811,341,2.0316376895848607,0.01456216493310114,0.003986358642578125
812,341,1.9938476204522544,0.037790069132606297,0.0039675235748291016
813,341,2.034639330553519,-0.0407917101012647,0.004261016845703125
814,341,2.047221880154875,-0.012582549601356074,0.004479169845581055
815,341,2.0376381077025294,0.009583772452345762,0.004172086715698242
816,341,2.0105725061858504,0.027065601516679028,0.003968477249145508
817,341,2.029997794858871,-0.019425288673020624,0.003790140151977539
818,341,2.0183765937156344,0.011621201143236615,0.0037543773651123047
819,341,1.9996384427694283,0.018738150946206122,0.0037784576416015625
820,341,2.0152067033426504,-0.015568260573222137,0.003829479217529297
821,341,1.9983332569648093,0.01687344637784105,0.003955364227294922
822,341,2.058260651977181,-0.05992739501237154,0.004006147384643555
823,341,2.029840284778226,0.02842036719895491,0.003983736038208008
824,341,2.0416973930649744,-0.011857108286748463,0.004016876220703125
825,341,2.0573248989071664,-0.01562750584219197,0.003893613815307617
826,341,2.029881452185667,0.02744344672149923,0.003996849060058594
827,341,2.0415278907395527,-0.011646438553885474,0.0037865638732910156
828,341,2.0175314089419905,0.023996481797562197,0.0038728713989257812
829,341,2.054200471671096,-0.03666906272910575,0.003806591033935547
830,341,2.0323352086578996,0.02186526301319658,0.0037717819213867188
831,341,1.9966334010149376,0.03570180764296205,0.0037741661071777344
832,341,2.0338695000343656,-0.03723609901942804,0.0037441253662109375
833,341,2.0162704333531893,0.01759906668117628,0.0037326812744140625
834,341,2.0338299435254767,-0.017559510172287407,0.003862142562866211
835,341,2.019447483275293,0.014382460250183637,0.003855466842651367
836,341,2.052218350497159,-0.03277086722186606,0.005263090133666992
837,341,2.0116493023735336,0.040569048123625606,0.004381895065307617
838,341,2.017301587415231,-0.005652285041697347,0.004452228546142578
839,341,2.0429930924670088,-0.025691505051777863,0.004007816314697266
840,341,2.024966421714626,0.018026670752382845,0.0037834644317626953
841,341,2.015291901977181,0.009674519737445042,0.004086971282958984
842,341,2.0350202185667157,-0.019728316589534778,0.004072904586791992
843,341,2.023900006873167,0.011120211693548487,0.00393986701965332
844,341,2.041482069625183,-0.017582062752016014,0.0038747787475585938
845,341,2.0338965273322946,0.007585542292888547,0.0036971569061279297
846,341,2.0258402446847508,0.008056282647543878,0.0040781497955322266
847,341,2.0159686583577714,0.009871586326979376,0.004324197769165039
848,341,2.018942198096133,-0.0029735397383614526,0.00465846061706543
849,341,2.058225570186492,-0.03928337209035915,0.0044553279876708984
850,341,2.021909294240286,0.03631627594620612,0.004860401153564453
851,341,2.0113301654714992,0.010579128768786639,0.004383563995361328
852,341,2.0173162644909275,-0.005986099019428259,0.004441499710083008
853,341,2.0201562786381966,-0.0028400141472690876,0.004214763641357422
854,341,2.0283954877657626,-0.008239209127566038,0.004434823989868164
855,341,2.03741455078125,-0.009019063015487383,0.003925323486328125
856,341,2.0430915362674122,-0.005676985486162245,0.004285097122192383
857,341,2.0081232244318183,0.0349683118355939,0.004077911376953125
858,341,1.9973246554824964,0.010798568949321963,0.0039768218994140625
859,341,2.014305853074597,-0.016981197592100594,0.004277944564819336
860,341,2.013374037756598,0.0009318153179989075,0.004075765609741211
861,341,2.0088592260813782,0.004514811675219832,0.004066944122314453
862,341,2.00056095067357,0.008298275407808031,0.004049062728881836
863,341,2.0282417364484053,-0.027680785774835126,0.0039141178131103516
864,341,1.986728701773277,0.041513034675128235,0.0038690567016601562
865,341,2.0446233218016863,-0.05789462002840917,0.0038199424743652344
866,341,2.0331027123235885,0.011520609478097743,0.003906965255737305
867,341,2.017697331492852,0.015405380830736615,0.003844022750854492
868,341,2.0059001844299855,0.011797147062866387,0.003915309906005859
869,341,2.0103994240858687,-0.004499239655883169,0.0043528079986572266
870,341,2.0273523414589443,-0.016952917373075582,0.0045049190521240234
871,341,1.9923945899583029,0.0349577515006414,0.0043146610260009766
872,341,2.017706101940524,-0.025311511982221147,0.004374504089355469
873,341,2.0284583128092923,-0.01075221086876832,0.0043184757232666016
874,341,2.00970279995647,0.01875551285282251,0.004577159881591797
875,341,2.007786009668255,0.001916790288214898,0.004392385482788086
876,341,2.0161238415849523,-0.008337831916697347,0.004490852355957031
877,341,1.993926017515121,0.022197824069831285,0.004279375076293945
878,341,2.0269172198611622,-0.03299120234604125,0.00443577766418457
879,341,2.025535426880957,0.0013817929802053541,0.004910945892333984
880,341,2.0206773148254213,0.004858112055535546,0.004421234130859375
881,341,2.0135331587357954,0.00714415608962593,0.004662036895751953
882,341,2.0327273729609603,-0.019194214225164874,0.004362583160400391
883,341,2.0125007517526576,0.020226621208302653,0.004278421401977539
884,341,2.018190087461052,-0.00568933570839425,0.0044629573822021484
885,341,2.0359402206286656,-0.017750133167613757,0.004239797592163086
886,341,2.0092297327483504,0.02671048788031527,0.004609107971191406
887,341,2.023129997365286,-0.013900264616935498,0.0042645931243896484
888,341,2.004615940306543,0.01851405705874276,0.004374265670776367
889,341,1.997347387050953,0.00726855325559006,0.0041620731353759766
890,341,2.0102333225462794,-0.01288593549532635,0.004003047943115234
891,341,1.99353116838114,0.016702154165139316,0.004012107849121094
892,341,2.0203683802808836,-0.02683721189974353,0.003907442092895508
893,341,2.036802767308926,-0.01643438702804234,0.0039403438568115234
894,341,1.991575000572764,0.04522776673616202,0.003808259963989258
895,341,2.023929719002016,-0.03235471842925208,0.003951311111450195
896,341,1.9962106296393878,0.027719089362628235,0.003873586654663086
897,341,2.015538906421829,-0.0193282767824412,0.0037689208984375
898,341,2.022610930054069,-0.007072023632240132,0.003762960433959961
899,341,2.018427784491844,0.00418314556222521,0.003869771957397461
900,341,2.036042065214901,-0.017614280723057263,0.004162788391113281
901,341,2.036376953125,-0.00033488791009883556,0.0039005279541015625
902,341,2.0154945172172836,0.020882435907716435,0.003990650177001953
903,341,2.0225654669171553,-0.007070949699871765,0.004065752029418945
904,341,2.0038001096842923,0.01876535723286299,0.004405021667480469
905,341,1.9883397793140578,0.015460330370234532,0.004114866256713867
906,341,2.0165876013792157,-0.028247822065157857,0.004485130310058594
907,341,2.0100598824688416,0.00652771891037407,0.004297494888305664
908,341,2.036446221762738,-0.026386339293896555,0.0044438838958740234
909,341,2.020784708062225,0.01566151370051294,0.004205465316772461
910,341,2.0303618579316347,-0.009577149869409496,0.004454612731933594
911,341,1.9817728618722508,0.04858899605938394,0.004162311553955078
912,341,1.9868797682597141,-0.005106906387463361,0.00435638427734375
913,341,1.9950491717833578,-0.008169403523643703,0.004251241683959961
914,341,1.9710895616637647,0.023959610119593133,0.004530429840087891
915,341,2.0215117602753847,-0.050422198611620006,0.004538297653198242
916,341,1.9903757760951246,0.03113598418026009,0.004738569259643555
917,341,1.9901051451383798,0.00027063095674484394,0.004683732986450195
918,341,2.003084691738453,-0.012979546600073277,0.0047914981842041016
919,341,1.9754656570747802,0.02761903466367288,0.004843711853027344
920,341,2.0163706670408725,-0.040905009966092365,0.0049474239349365234
921,341,2.007050723973607,0.00931994306726569,0.00469660758972168
922,341,2.0172083342879397,-0.010157610314332821,0.004591703414916992
923,341,2.0019135684911107,0.01529476579682898,0.004355192184448242
924,341,1.9841822291399376,0.017731339351173103,0.004316806793212891
925,341,1.9964075172401943,-0.012225288100256693,0.004001140594482422
926,341,2.0135311898597874,-0.017123672619593133,0.0039980411529541016
927,341,2.0230066741316897,-0.009475484271902257,0.0037794113159179688
928,341,2.009739850623167,0.013266823508522485,0.0038313865661621094
929,341,1.9979085167132515,0.011831333909915642,0.0038166046142578125
930,341,2.0251259006712794,-0.027217383958027863,0.0037424564361572266
931,341,2.002718480800953,0.02240741987032635,0.0044438838958740234
932,341,1.9693505071824597,0.03336797361849331,0.004254579544067383
933,341,1.9815280052923387,-0.012177498109879004,0.0041429996490478516
934,341,1.9884128067150844,-0.006884801422745612,0.004265308380126953
935,341,1.9751758743241385,0.01323693239094581,0.004296779632568359
936,341,1.9804606955072397,-0.0052848211831011405,0.004962444305419922
937,341,1.9858180071251832,-0.005357311617943505,0.004445314407348633
938,341,2.0170057190478374,-0.031187711922654238,0.004641056060791016
939,341,1.9894298206676135,0.027575898380223896,0.00433039665222168
940,341,2.010686343016862,-0.021256522349248685,0.004875898361206055
941,341,1.9923598661450697,0.018326476871792563,0.004780292510986328
942,341,1.989044636924945,0.003315229220124616,0.004836559295654297
943,341,1.9719501394680168,0.01709449745692826,0.004668712615966797
944,341,2.0019445335410557,-0.029994394073038944,0.004734039306640625
945,341,2.0039250438164404,-0.001980510275384706,0.004655599594116211
946,341,1.9845942611918073,0.01933078262463317,0.0047719478607177734
947,341,2.0138154239598607,-0.02922116276805342,0.004678249359130859
948,341,1.9668004547745601,0.04701496918530057,0.004858493804931641
949,341,1.9921101768695015,-0.025309722094941423,0.004499197006225586
950,341,1.9968372691761365,-0.004727092306634928,0.00518488883972168
951,341,2.0276369335364737,-0.03079966436033721,0.0043010711669921875
952,341,1.9637100353968109,0.06392689813966279,0.0042514801025390625
953,341,1.959073511386547,0.004636524010263932,0.004422187805175781
954,341,2.0159280279165137,-0.05685451652996676,0.004718780517578125
955,341,1.996826171875,0.01910185604151371,0.004570722579956055
956,341,1.994594003448039,0.0022321684269610564,0.004678010940551758
957,341,2.025264616935484,-0.030670613487445042,0.004835605621337891
958,341,1.9812831487124267,0.04398146822305726,0.00479888916015625
959,341,1.999846248682643,-0.018563099970216212,0.004711151123046875
960,341,1.9863175646650477,0.013528684017595216,0.004755258560180664
961,341,2.0299458881277492,-0.04362832346270151,0.004733562469482422
962,341,1.9835310681474523,0.04641481998029695,0.004796504974365234
963,341,1.9873526564791055,-0.0038215883316532473,0.004774332046508789
964,341,1.970456836510264,0.016895819968841597,0.004790067672729492
965,341,2.0015620346293073,-0.03110519811904333,0.0044782161712646484
966,341,1.9633402446847508,0.038221789944556495,0.00459599494934082
967,341,1.9915963002313966,-0.028256055546645786,0.004287242889404297
968,341,2.002598916330645,-0.011002616099248463,0.0043027400970458984
969,341,2.0038368023735336,-0.0012378860428885474,0.0040433406829833984
970,341,1.9599999570427054,0.04383684533082821,0.003975629806518555
971,341,1.9849225265189698,-0.024922569476264478,0.00438690185546875
972,341,1.9729537292659458,0.011968797253024022,0.004700183868408203
973,341,2.0200028852982954,-0.047049156032349604,0.004290342330932617
974,341,1.9839864154714992,0.03601646982679618,0.004749774932861328
975,341,1.9847526662160924,-0.0007662507445931332,0.0044422149658203125
976,341,1.9632684702048204,0.02148419601127194,0.004675865173339844
977,341,1.9634322448909458,-0.00016377468612538415,0.004388093948364258
978,341,1.9751216407395529,-0.011689395848607065,0.004565238952636719
979,341,2.0354558771306817,-0.06033423639112878,0.004725456237792969
980,341,1.991520945976906,0.04393493115377556,0.004658937454223633
981,341,1.983824430672654,0.007696515304252083,0.004364967346191406
982,341,1.9538975153500733,0.02992691532258074,0.004500389099121094
983,341,1.9960926760676319,-0.04219516071755858,0.005231380462646484
984,341,1.9797592386821847,0.016333437385447125,0.00476837158203125
985,341,1.9902467252222324,-0.010487486540047719,0.0046880245208740234
986,341,1.957578418541514,0.03266830668071852,0.004693746566772461
987,341,2.034699470766129,-0.07712105222461507,0.008124351501464844
988,341,2.0239989876397546,0.010700483126374394,0.004999637603759766
989,341,1.9715835705530609,0.05241541708669373,0.0048596858978271484
990,341,1.986540047653959,-0.014956477100898091,0.005295515060424805
991,341,1.954223095846316,0.032316951807642935,0.005776643753051758
992,341,1.9946659569166971,-0.040442861070381086,0.0052754878997802734
993,341,1.9508013683330279,0.04386458858366926,0.006073951721191406
994,341,1.959076912172379,-0.00827554383935114,0.004908084869384766
995,341,1.9672984014158725,-0.00822148924349353,0.004489421844482422
996,341,1.9860660855021994,-0.018767684086326897,0.0043756961822509766
997,341,1.9815231725966826,0.004542912905516783,0.004106283187866211
998,341,1.9854927846063966,-0.003969612009713908,0.004203319549560547
999,341,1.976260188038398,0.009232596567998463,0.0044934749603271484
1000,341,1.948792935816074,0.027467252222324046,0.004856109619140625
1001,341,1.9719673223859053,-0.023174386569831285,0.0041697025299072266
1002,341,1.9822342948130498,-0.010266972427144472,0.00427556037902832
1003,341,1.9570853045958578,0.02514899021719197,0.004355430603027344
1004,341,1.9667376297310302,-0.009652325135172335,0.004568338394165039
1005,341,1.9689696191692632,-0.0022319894382329952,0.004335641860961914
1006,341,1.9737121045065067,-0.004742485337243529,0.004572868347167969
1007,341,1.9842427273300036,-0.010530622823496927,0.004725933074951172
1008,341,1.9932204439493217,-0.008977716619318121,0.004903554916381836
1009,341,1.9922587375137464,0.0009617064355753602,0.004733085632324219
1010,341,1.997530671508431,-0.00527193399468473,0.004918575286865234
1011,341,1.9774952102616385,0.020035461246792563,0.004727840423583984
1012,341,1.9625104529417154,0.014984757319923103,0.004994869232177734
1013,341,1.977172672573772,-0.014662219632056495,0.004967689514160156
1014,341,1.957090853246426,0.020081819327345984,0.00510406494140625
1015,341,1.9935861179206378,-0.036495264674211825,0.005166292190551758
1016,341,2.0026456323886546,-0.009059514468016783,0.005465507507324219
1017,341,1.987337442437225,0.015308189951429574,0.005875825881958008
1018,341,1.9877750698771994,-0.00043762743997444176,0.005254507064819336
1019,341,1.9786783257537572,0.00909674412344219,0.004973173141479492
1020,341,1.9653785683192815,0.013299757434475756,0.004415750503540039
1021,341,1.9696886168896628,-0.0043100485703813085,0.004359722137451172
1022,341,1.9837170374358504,-0.014028420546187581,0.0047914981842041016
1023,341,1.9472507689355756,0.03646626850027479,0.004477977752685547
1024,341,1.9567801288146078,-0.009529359879032251,0.004709720611572266
1025,341,1.9823151977181086,-0.02553506890350077,0.004935503005981445
