1,51,2.2516105502259496,Nan,0.009808778762817383
2,51,2.1304219563802085,0.1211885938457411,0.002983570098876953
3,51,2.2464360255821076,-0.11601406920189916,0.003147125244140625
4,51,2.2376192878274357,0.008816737754671955,0.0027985572814941406
5,51,2.2544000663009345,-0.016780778473498792,0.002567768096923828
6,51,2.2053635541130516,0.04903651218788285,0.0024285316467285156
7,51,2.0531173406862746,0.15224621342677702,0.002508878707885742
8,51,2.108617894789752,-0.055500554103477207,0.002592325210571289
9,51,2.1053267834233305,0.003291111366421351,0.0028967857360839844
10,51,2.097743165259268,0.0075836181640625,0.0031371116638183594
11,51,2.1084171369964,-0.010673971737132248,0.002431631088256836
12,51,2.034188064874387,0.07422907212201313,0.002924680709838867
13,51,2.033629024730009,0.0005590401443780202,0.0024683475494384766
14,51,2.0150507010665595,0.01857832366344958,0.002682924270629883
15,51,1.9616069419711244,0.053443759095435084,0.0026526451110839844
16,51,2.0697262333888635,-0.10811929141773913,0.00260162353515625
17,51,1.868499755859375,0.20122647752948852,0.002503633499145508
18,51,1.9498483994427849,-0.08134864358340987,0.002907276153564453
19,51,1.9486692839977788,0.0011791154450060404,0.0028319358825683594
20,51,1.8199368645163143,0.12873241948146452,0.0033996105194091797
21,51,1.7796324187634038,0.04030444575291048,0.0038788318634033203
22,51,1.8471260818780637,-0.06749366311465987,0.002440929412841797
23,51,1.7356519512101716,0.11147413066789214,0.0030503273010253906
24,51,1.7749222400141698,-0.03927028880399819,0.002808094024658203
25,51,1.868184257956112,-0.09326201794194233,0.003968954086303711
26,51,1.6638642853381587,0.20431997261795343,0.0031235218048095703
27,51,1.6785776474896599,-0.014713362151501208,0.0027310848236083984
28,51,1.7644252403109681,-0.08584759282130827,0.0025186538696289062
29,51,1.7902806599934895,-0.025855419682521363,0.002858877182006836
30,51,1.6403889375574447,0.14989172243604476,0.0042188167572021484
31,51,1.6703986373602175,-0.030009699802772793,0.0024907588958740234
32,51,1.6553259456858915,0.015072691674326011,0.002943277359008789
33,51,1.5898863848517923,0.06543956083409919,0.0026421546936035156
34,51,1.5979864083084405,-0.008100023456648175,0.0026235580444335938
35,51,1.7373015459846048,-0.13931513767616432,0.003366708755493164
36,51,1.5409815171185661,0.19632002886603872,0.00410771369934082
37,51,1.5331760481292127,0.007805468989353415,0.0026171207427978516
38,51,1.6049578797583486,-0.07178183162913587,0.002617359161376953
39,51,1.4840539670458026,0.12090391271254597,0.002521991729736328
40,51,1.4829185336243873,0.0011354334214153106,0.0025777816772460938
41,51,1.5334946875478708,-0.05057615392348347,0.0026216506958007812
42,51,1.469528647030101,0.06396604051776977,0.0027153491973876953
43,51,1.4138077380610448,0.05572090896905624,0.0027282238006591797
44,51,1.4157050637637867,-0.0018973257027419255,0.0025167465209960938
45,51,1.3608281752642464,0.05487688849954031,0.00238800048828125
46,51,1.4803079343309589,-0.11947975906671249,0.0024886131286621094
47,51,1.2035856059953278,0.27672232833563104,0.0023450851440429688
48,51,1.3650017532647825,-0.16141614726945464,0.003093719482421875
49,51,1.3027695300532323,0.0622322232115502,0.0027785301208496094
50,51,1.3420703364353554,-0.03930080638212319,0.0031867027282714844
51,51,1.2053903317918964,0.13668000464345909,0.0030257701873779297
52,51,1.2172373603372013,-0.01184702854530495,0.0027620792388916016
53,51,1.2903623393937653,-0.07312497905656401,0.0030562877655029297
54,51,1.2834833182540595,0.006879021139705843,0.0032601356506347656
55,51,1.2458969564998852,0.03758636175417429,0.002724885940551758
56,51,1.116251926796109,0.12964502970377612,0.002857208251953125
57,51,1.146019131529565,-0.029767204733455843,0.009099006652832031
58,51,1.2432149999281938,-0.09719586839862893,0.002662181854248047
59,51,1.334538179285386,-0.09132317935719225,0.0031321048736572266
60,51,1.256285125134038,0.0782530541513482,0.0031044483184814453
61,51,1.1323364856196385,0.12394863951439938,0.0027735233306884766
62,51,1.204305985394646,-0.07196949977500755,0.002645254135131836
63,51,1.2393934960458792,-0.03508751065123317,0.003347635269165039
64,51,1.097457810944202,0.1419356851016773,0.0029692649841308594
65,51,1.0785139495251226,0.018943861419079333,0.003021240234375
66,51,0.9384156021417356,0.140098347383387,0.0025887489318847656
67,51,0.949915418437883,-0.01149981629614738,0.003923654556274414
68,51,0.8861798305137485,0.06373558792413447,0.008171319961547852
69,51,0.9880219253839231,-0.1018420948701746,0.003045320510864258
70,51,1.0407922034170114,-0.052770278033088314,0.003448963165283203
71,51,0.9860676784141391,0.05472452500287228,0.002550840377807617
72,51,0.9427575504078585,0.043310128006280646,0.0034749507904052734
73,51,1.0754523183785232,-0.1326947679706647,0.0025708675384521484
74,51,0.9642812691482843,0.1111710492302389,0.0043489933013916016
75,51,1.1882824617273666,-0.22400119257908235,0.0028595924377441406
76,51,1.0444724887025123,0.14380997302485432,0.0025463104248046875
77,51,0.9959176007439109,0.04855488795860141,0.002365589141845703
78,51,0.8994091258329504,0.09650847491096048,0.0026633739471435547
79,51,0.9040706110935585,-0.004661485260608056,0.0027761459350585938
80,51,0.8519697750315947,0.05210083606196381,0.0027246475219726562
81,51,0.9025153365789675,-0.050545561547372886,0.0025103092193603516
82,51,1.0459825852338005,-0.14346724865483296,0.0023517608642578125
83,51,0.8778525707768459,0.16813001445695464,0.0023496150970458984
84,51,0.9095079758588005,-0.031655405081954635,0.0026111602783203125
85,51,0.9180236517214307,-0.008515675862630245,0.0023832321166992188
86,51,0.952846975887523,-0.03482332416609224,0.002741098403930664
87,51,0.8855934143066406,0.06725356158088236,0.0028209686279296875
88,51,0.7549914939730775,0.1306019203335631,0.0036106109619140625
89,51,0.9123710931516161,-0.1573795991785386,0.002675771713256836
90,51,0.895846123788871,0.016524969362745168,0.0035390853881835938
91,51,0.8298249338187423,0.06602118997012862,0.0024802684783935547
92,51,0.8419793072868796,-0.012154373468137303,0.002918243408203125
93,51,0.9225632162655101,-0.08058390897863044,0.0027115345001220703
94,51,0.8283398946126302,0.09422332165287983,0.003309488296508789
95,51,0.7596449010512408,0.06869499356138942,0.002715587615966797
96,51,0.8540758619121477,-0.09443096086090685,0.0028421878814697266
97,51,0.8116532120050168,0.04242264990713085,0.0023872852325439453
98,51,0.8436628603467754,-0.03200964834175857,0.002526521682739258
99,51,0.7534902984020757,0.09017256194469969,0.0032176971435546875
100,51,0.836393767712163,-0.0829034693100873,0.002639293670654297
