1,28,1.38576945337,Nan,0.167000055313
2,28,0.565502390536,0.820267062837,0.128000020981
3,28,0.418874056773,0.146628333764,0.121999979019
4,28,0.357656635209,0.0612174215642,0.118999958038
5,28,0.320866135305,0.0367904999039,0.12700009346
6,28,0.29480693557,0.0260591997342,0.121999979019
7,28,0.274790709533,0.020016226037,0.121000051498
8,28,0.258187083697,0.0166036258367,0.119999885559
9,28,0.243904262104,0.014282821593,0.121000051498
10,28,0.231549032981,0.0123552291231,0.121000051498
11,28,0.22068344971,0.0108655832708,0.119999885559
12,28,0.210641804608,0.0100416451015,0.120000123978
13,28,0.20131028789,0.00933151671832,0.12099981308
14,28,0.192813780633,0.00849650725722,0.120000123978
15,28,0.184961424903,0.00785235572945,0.121000051498
16,28,0.177589792555,0.00737163234841,0.118999958038
17,28,0.170681852102,0.00690794045275,0.121999979019
18,28,0.164273083684,0.00640876841816,0.119999885559
19,28,0.158172463355,0.00610062032938,0.121000051498
20,28,0.152331965146,0.005840498209,0.118999958038
21,28,0.146791240641,0.00554072450508,0.125
22,28,0.141480109163,0.00531113147736,0.120000123978
23,28,0.136533746327,0.00494636283679,0.121000051498
24,28,0.131684366004,0.00484938032248,0.12099981308
25,28,0.127084108578,0.0046002574265,0.126000165939
26,28,0.122686202553,0.00439790602435,0.123999834061
27,28,0.1183703155,0.0043158870529,0.131000041962
28,28,0.114245345918,0.00412496958267,0.125
29,28,0.110239181871,0.00400616404685,0.125
30,28,0.106410677867,0.00382850400426,0.12700009346
31,28,0.102691933039,0.00371874482794,0.126999855042
32,28,0.0992336708714,0.00345826216719,0.132000207901
33,28,0.0957811706445,0.00345250022682,0.130999803543
34,28,0.0925348382782,0.00324633236636,0.130000114441
35,28,0.0894425673918,0.00309227088636,0.12299990654
36,28,0.0864450639622,0.00299750342965,0.126000165939
37,28,0.0836041088131,0.00284095514904,0.125999927521
38,28,0.0807661196048,0.00283798920837,0.12299990654
39,28,0.0781876577572,0.00257846184752,0.121999979019
40,28,0.0755518262359,0.00263583152132,0.121000051498
41,28,0.073045429181,0.00250639705495,0.123000144958
42,28,0.0705734481188,0.00247198106213,0.12299990654
43,28,0.0682158371942,0.00235761092468,0.207999944687
44,28,0.0658565448766,0.00235929231752,0.131000041962
45,28,0.0637237951837,0.00213274969296,0.119999885559
46,28,0.0616092644632,0.00211453072049,0.121000051498
47,28,0.0595401389355,0.00206912552769,0.118999958038
48,28,0.0575801431455,0.00195999578996,0.136000156403
49,28,0.0557037432085,0.001876399937,0.158999919891
50,28,0.0538515337489,0.00185220945965,0.120000123978
51,28,0.0521387090737,0.00171282467517,0.12099981308
52,28,0.0504339940846,0.00170471498912,0.123000144958
53,28,0.0488036461174,0.00163034796715,0.121000051498
54,28,0.0472256935456,0.00157795257189,0.125999927521
55,28,0.0457954957404,0.00143019780517,0.148999929428
56,28,0.0442566150291,0.00153888071125,0.121999979019
57,28,0.0429489957338,0.00130761929534,0.12099981308
58,28,0.0416005011309,0.00134849460288,0.119000196457
59,28,0.0403512368825,0.00124926424839,0.121999979019
60,28,0.0390952216631,0.00125601521947,0.12099981308
61,28,0.037966141037,0.0011290806261,0.12700009346
62,28,0.0368296377022,0.00113650333475,0.121000051498
63,28,0.035805897347,0.00102374035526,0.118999958038
64,28,0.0347508395937,0.00105505775322,0.121999979019
65,28,0.0337637840347,0.00098705555905,0.121999979019
66,28,0.03281497278,0.000948811254718,0.120000123978
67,28,0.0319480636919,0.000866909088059,0.119999885559
68,28,0.0310224178501,0.000925645841794,0.118999958038
69,28,0.0302335389974,0.000788878852671,0.123000144958
70,28,0.0293911139396,0.000842425057834,0.12099981308
71,28,0.0286109670319,0.000780146907676,0.121000051498
72,28,0.0278733884069,0.000737578625029,0.120000123978
73,28,0.0271640505303,0.000709337876602,0.12099981308
74,28,0.0264436024156,0.000720448114655,0.122000217438
75,28,0.025762713836,0.00068088857965,0.119999885559
76,28,0.0251521231099,0.000610590726137,0.120000123978
77,28,0.0245064632459,0.000645659863949,0.121999979019
78,28,0.0239332501184,0.000573213127526,0.12099981308
79,28,0.0233094852079,0.000623764910481,0.120000123978
80,28,0.0227632769807,0.000546208227223,0.118999958038
81,28,0.0222349951213,0.000528281859376,0.121999979019
82,28,0.0216870412908,0.000547953830524,0.118999958038
83,28,0.0211640286175,0.000523012673313,0.123000144958
84,28,0.0207026155835,0.000461413033984,0.119999885559
85,28,0.0202159681781,0.000486647405408,0.121000051498
86,28,0.0197471032088,0.000468864969232,0.119999885559
87,28,0.0193137349053,0.000433368303559,0.123000144958
88,28,0.0188753331249,0.000438401780345,0.119999885559
89,28,0.0184501678429,0.000425165282054,0.121000051498
90,28,0.0180419592017,0.000408208641139,0.120000123978
91,28,0.0176424545998,0.000399504601955,0.119999885559
92,28,0.0172466082329,0.000395846366882,0.124000072479
93,28,0.0168732331558,0.000373375077139,0.121999979019
94,28,0.0165214954452,0.000351737710563,0.119999885559
95,28,0.016161547398,0.000359948047183,0.119000196457
96,28,0.015823153,0.000338394398039,0.121999979019
97,28,0.0154646071521,0.000358545847914,0.121999979019
98,28,0.0151571592824,0.000307447869669,0.118999958038
99,28,0.0148298877884,0.000327271493998,0.118999958038
100,28,0.0145422822372,0.000287605551156,0.121999979019
101,28,0.0142339139499,0.000308368287303,0.121000051498
102,28,0.0139494572173,0.000284456732598,0.121000051498
103,28,0.0136630692943,0.000286387923089,0.119999885559
104,28,0.0134080878036,0.000254981490699,0.120000123978
105,28,0.0131385799836,0.000269507819956,0.121999979019
106,28,0.0128863254054,0.0002522545782,0.12299990654
107,28,0.0126494911584,0.000236834247004,0.118999958038
108,28,0.0124048119919,0.000244679166512,0.123000144958
109,28,0.0121753975749,0.000229414416985,0.123999834061
110,28,0.0119609902528,0.000214407322082,0.121000051498
111,28,0.0117457437922,0.000215246460655,0.120000123978
112,28,0.0115338924934,0.000211851298809,0.121999979019
113,28,0.0113326907158,0.000201201777567,0.121000051498
114,28,0.0111410699107,0.000191620805047,0.12299990654
115,28,0.0109468934888,0.000194176421924,0.118999958038
116,28,0.0107609398663,0.000185953622515,0.118999958038
117,28,0.010577076538,0.000183863328262,0.121000051498
118,28,0.0104137912393,0.000163285298781,0.124000072479
119,28,0.010236608508,0.000177182731303,0.119999885559
120,28,0.0100814100694,0.000155198438601,0.120000123978
121,28,0.00991787002845,0.000163540040905,0.118999958038
122,28,0.00975975340063,0.000158116627823,0.125
123,28,0.00960896272551,0.00015079067512,0.118999958038
124,28,0.00946603579955,0.000142926925963,0.120000123978
125,28,0.00932525504719,0.000140780752355,0.121000051498
126,28,0.00918483761224,0.000140417434952,0.12099981308
127,28,0.0090496588837,0.000135178728537,0.123000144958
128,28,0.00891044708815,0.000139211795547,0.119999885559
129,28,0.00879316208037,0.00011728500778,0.118999958038
130,28,0.00865952860225,0.000133633478121,0.122000217438
131,28,0.0085442899303,0.000115238671953,0.12299990654
132,28,0.00842492174019,0.000119368190115,0.144999980927
133,28,0.0083065145395,0.000118407200683,0.128999948502
134,28,0.00819059827111,0.000115916268392,0.121000051498
135,28,0.00807642665776,0.000114171613346,0.121999979019
136,28,0.00797175629572,0.000104670362039,0.121000051498
137,28,0.00786293717948,0.000108819116246,0.118999958038
138,28,0.00776260373267,0.000100333446806,0.121000051498
139,28,0.00765842876651,0.000104174966162,0.121999979019
140,28,0.00756130245599,9.71263105219e-05,0.121000051498
141,28,0.0074596573006,0.000101645155386,0.121000051498
142,28,0.00737264427272,8.70130278847e-05,0.119999885559
143,28,0.00727578943426,9.6854838458e-05,0.121000051498
144,28,0.00718000084162,9.5788592642e-05,0.123999834061
145,28,0.00709942335432,8.05774872953e-05,0.119000196457
146,28,0.0070132764903,8.61468640241e-05,0.119999885559
147,28,0.00692768489773,8.5591592572e-05,0.125999927521
148,28,0.00684396421367,8.37206840515e-05,0.123000144958
149,28,0.00675897964022,8.4984573451e-05,0.121000051498
150,28,0.00668462934819,7.43502920324e-05,0.119999885559
151,28,0.00660271752964,8.19118185477e-05,0.120000123978
152,28,0.00652769505978,7.50224698674e-05,0.119999885559
153,28,0.00645417720079,7.35178589821e-05,0.12299990654
154,28,0.00638116002083,7.3017179966e-05,0.119000196457
155,28,0.00630795400251,7.32060183178e-05,0.121999979019
156,28,0.00623620789159,7.17461109161e-05,0.119999885559
157,28,0.00616980614987,6.64017417214e-05,0.121999979019
158,28,0.00610146468336,6.83414665135e-05,0.120000123978
159,28,0.00603412349116,6.73411922021e-05,0.121000051498
160,28,0.00597287145528,6.12520358779e-05,0.119999885559
161,28,0.00590747391636,6.53975389221e-05,0.120000123978
162,28,0.00584210902452,6.53648918325e-05,0.121999979019
163,28,0.00578231499954,5.97940249877e-05,0.12099981308
164,28,0.00572304386984,5.92711296949e-05,0.120000123978
165,28,0.00566110285846,6.19410113855e-05,0.119999885559
166,28,0.00560295812108,5.81447373737e-05,0.121999979019
167,28,0.00554901686582,5.3941255266e-05,0.121000051498
168,28,0.00548917136409,5.98455017263e-05,0.120000123978
169,28,0.00543599751863,5.31738454645e-05,0.118999958038
170,28,0.00538050857457,5.54889440536e-05,0.12299990654
171,28,0.00532660213384,5.39064407349e-05,0.121000051498
172,28,0.00527786084197,4.87412918698e-05,0.121000051498
173,28,0.00522373101928,5.41298226877e-05,0.119999885559
174,28,0.00517448918386,4.92418354208e-05,0.121000051498
175,28,0.00512328554283,5.12036410245e-05,0.12299990654
176,28,0.00507572835142,4.75571914153e-05,0.121000051498
177,28,0.00502719594674,4.85324046829e-05,0.120000123978
178,28,0.00497946590185,4.77300448851e-05,0.119999885559
179,28,0.00493284463882,4.66212630272e-05,0.121999979019
180,28,0.00488925047896,4.35941598632e-05,0.12900018692
181,28,0.00484235340899,4.68970699744e-05,0.119999885559
182,28,0.00479968759147,4.26658175208e-05,0.119999885559
183,28,0.00475554520434,4.414238713e-05,0.122000217438
184,28,0.00471293248914,4.26127152009e-05,0.12099981308
185,28,0.00467241406441,4.05184247277e-05,0.121000051498
186,28,0.00462995957245,4.24544919621e-05,0.118999958038
187,28,0.00458900400183,4.09555706111e-05,0.121000051498
188,28,0.00454818958586,4.0814415975e-05,0.125
189,28,0.00450869893486,3.94906510006e-05,0.118999958038
190,28,0.00446949763732,3.92012975433e-05,0.123000144958
191,28,0.00443216630004,3.73313372785e-05,0.121999979019
192,28,0.00439415695992,3.80093401129e-05,0.123999834061
193,28,0.00435672510754,3.7431852384e-05,0.121000051498
194,28,0.00432134717703,3.53779305111e-05,0.120000123978
195,28,0.00428332754157,3.80196354606e-05,0.121000051498
196,28,0.00424926091324,3.40666283261e-05,0.12299990654
197,28,0.00421283177354,3.64291397008e-05,0.121000051498
198,28,0.00417948378758,3.33479859612e-05,0.118999958038
199,28,0.00414610478011,3.33790074695e-05,0.119999885559
200,28,0.00411160886288,3.44959172336e-05,0.121000051498
