1,32,1.32483473041,Nan,0.12700009346
2,32,0.564736999707,0.760097730702,0.130000114441
3,32,0.420694042065,0.144042957642,0.125999927521
4,32,0.359266898171,0.0614271438935,0.121999979019
5,32,0.32231335789,0.0369535402818,0.117000102997
6,32,0.295918881893,0.0263944759965,0.118999958038
7,32,0.275322727182,0.0205961547115,0.118999958038
8,32,0.258335206184,0.0169875209982,0.120000123978
9,32,0.243908967349,0.0144262388349,0.12299990654
10,32,0.231140721996,0.0127682453529,0.118000030518
11,32,0.219446331195,0.0116943908009,0.144000053406
12,32,0.20870212452,0.0107442066751,0.127999782562
13,32,0.199110955135,0.00959116938439,0.120000123978
14,32,0.190188995952,0.00892195918343,0.118000030518
15,32,0.181817417795,0.00837157815695,0.118000030518
16,32,0.174008698287,0.00780871950767,0.118999958038
17,32,0.166774774681,0.0072339236059,0.119999885559
18,32,0.159898942167,0.00687583251433,0.118000030518
19,32,0.153185272352,0.00671366981485,0.125
20,32,0.146937377886,0.00624789446592,0.128000020981
21,32,0.140909955447,0.00602742243897,0.134000062943
22,32,0.135445850072,0.00546410537579,0.148999929428
23,32,0.130106726492,0.00533912357959,0.138000011444
24,32,0.125086031041,0.00502069545063,0.161000013351
25,32,0.120245342295,0.00484068874608,0.125999927521
26,32,0.115883393382,0.00436194891279,0.134999990463
27,32,0.11138969653,0.00449369685216,0.152000188828
28,32,0.10723988468,0.00414981185035,0.140999794006
29,32,0.103279449046,0.00396043563431,0.172000169754
30,32,0.0994135753675,0.00386587367816,0.15499997139
31,32,0.0957563497803,0.00365722558715,0.134000062943
32,32,0.0924278329719,0.00332851680842,0.169999837875
33,32,0.0889781585471,0.0034496744248,0.141000032425
34,32,0.0858557687564,0.00312238979069,0.133000135422
35,32,0.0827917470173,0.00306402173909,0.132999897003
36,32,0.0799000640484,0.0028916829689,0.138999938965
37,32,0.0770363385027,0.00286372554573,0.134999990463
38,32,0.0744026278908,0.00263371061195,0.128000020981
39,32,0.0718436619775,0.00255896591327,0.121999979019
40,32,0.0694233191284,0.00242034284906,0.130000114441
41,32,0.0671120078049,0.00231131132353,0.260999917984
42,32,0.0648227892816,0.00228921852329,0.171000003815
43,32,0.0626056795093,0.00221710977229,0.145000219345
44,32,0.0606139563701,0.00199172313918,0.138999938965
45,32,0.0586697700349,0.00194418633526,0.132999897003
46,32,0.0566980169578,0.00197175307707,0.12700009346
47,32,0.0548978273841,0.00180018957366,0.128999948502
48,32,0.0531396234577,0.00175820392641,0.130000114441
49,32,0.0514285221696,0.00171110128815,0.125
50,32,0.0498351573944,0.00159336477518,0.127999782562
51,32,0.0482814776627,0.00155367973176,0.124000072479
52,32,0.046753391759,0.00152808590369,0.150000095367
53,32,0.0453757109967,0.00137768076225,0.162999868393
54,32,0.0439853381704,0.00139037282629,0.148000001907
55,32,0.0425863074308,0.00139903073961,0.12700009346
56,32,0.0413579494438,0.00122835798697,0.125999927521
57,32,0.0401329316199,0.00122501782396,0.124000072479
58,32,0.0388995377855,0.0012333938344,0.124000072479
59,32,0.0378009158779,0.00109862190756,0.12099981308
60,32,0.0366773627021,0.00112355317582,0.122000217438
61,32,0.0356026785618,0.00107468414036,0.117999792099
62,32,0.0345633073287,0.00103937123309,0.118000030518
63,32,0.033587089926,0.000976217402653,0.116999864578
64,32,0.0325920514762,0.000995038449764,0.117000102997
65,32,0.0317305719311,0.000861479545181,0.121999979019
66,32,0.0308087048205,0.000921867110512,0.118999958038
67,32,0.0299341610887,0.000874543731863,0.118999958038
68,32,0.0291376067833,0.000796554305337,0.118999958038
69,32,0.0283434304324,0.00079417635094,0.118999958038
70,32,0.0275458218699,0.000797608562491,0.117000102997
71,32,0.0268445517529,0.000701270117001,0.121000051498
72,32,0.0261323792013,0.000712172551589,0.118000030518
73,32,0.025414802134,0.000717577067288,0.118000030518
74,32,0.0247706768188,0.000644125315276,0.117999792099
75,32,0.0241455305706,0.000625146248124,0.119000196457
76,32,0.0235287734731,0.000616757097569,0.118999958038
77,32,0.0229202433743,0.000608530098742,0.116999864578
78,32,0.0223487473347,0.000571496039629,0.119000196457
79,32,0.0218128465116,0.000535900823095,0.119999885559
80,32,0.0212401715869,0.000572674924677,0.118000030518
81,32,0.0207102571021,0.000529914484783,0.118999958038
82,32,0.0202333931896,0.000476863912561,0.118999958038
83,32,0.0197259352966,0.000507457893003,0.117000102997
84,32,0.019251933423,0.000474001873623,0.119999885559
85,32,0.0187733581798,0.000478575243191,0.118000030518
86,32,0.018345884166,0.000427474013784,0.118000030518
87,32,0.017926347933,0.000419536232948,0.118999958038
88,32,0.0175104052506,0.000415942682461,0.118999958038
89,32,0.01709721041,0.000413194840605,0.141000032425
90,32,0.0167077023197,0.000389508090236,0.131000041962
91,32,0.0163271684538,0.000380533865907,0.118000030518
92,32,0.0159712295641,0.000355938889764,0.118999958038
93,32,0.0156272103841,0.000344019179994,0.118999958038
94,32,0.0152765899897,0.000350620394403,0.118999958038
95,32,0.0149712765759,0.000305313413793,0.134000062943
96,32,0.0146631223912,0.00030815418471,0.128000020981
97,32,0.014360913702,0.000302208689126,0.12700009346
98,32,0.0140550631014,0.000305850600654,0.118999958038
99,32,0.0137761442499,0.000278918851506,0.124000072479
100,32,0.013521844555,0.000254299694842,0.126999855042
101,32,0.0132595716552,0.000262272899801,0.121999979019
102,32,0.0129832127555,0.000276358899745,0.121000051498
103,32,0.0127496778965,0.000233534858985,0.121999979019
104,32,0.0125222034752,0.000227474421263,0.128000020981
105,32,0.012291451679,0.000230751796202,0.12299990654
106,32,0.0120594092391,0.000232042439959,0.128000020981
107,32,0.011850912869,0.000208496370099,0.118000030518
108,32,0.0116397943009,0.000211118568074,0.12700009346
109,32,0.0114303536036,0.000209440697323,0.12299990654
110,32,0.0112442976372,0.000186055966399,0.118000030518
111,32,0.0110496309671,0.000194666670127,0.118000030518
112,32,0.0108595226976,0.000190108269453,0.125999927521
113,32,0.0106795469468,0.000179975750771,0.12700009346
114,32,0.0105122609572,0.000167285989631,0.125999927521
115,32,0.0103429985317,0.000169262425466,0.124000072479
116,32,0.0101704071869,0.000172591344877,0.178999900818
117,32,0.010004326498,0.000166080688888,0.166000127792
118,32,0.00985660458153,0.000147721916437,0.21799993515
119,32,0.00969997122884,0.000156633352691,0.176000118256
120,32,0.00955889570442,0.000141075524417,0.174999952316
121,32,0.00940612222661,0.000152773477814,0.194999933243
122,32,0.00926798243414,0.000138139792464,0.137000083923
123,32,0.00913665606217,0.000131326371973,0.125
124,32,0.00898418738083,0.000152468681335,0.131000041962
125,32,0.00887170169841,0.000112485682422,0.161999940872
126,32,0.00873576124961,0.000135940448804,0.128000020981
127,32,0.0086112386801,0.000124522569505,0.123999834061
128,32,0.00849552052942,0.000115718150681,0.126000165939
129,32,0.00837667638605,0.000118844143369,0.125999927521
130,32,0.00826061801477,0.000116058371284,0.128999948502
131,32,0.0081448293545,0.000115788660266,0.12700009346
132,32,0.00803469135003,0.000110138004476,0.125
133,32,0.00793276388537,0.000101927464659,0.128000020981
134,32,0.00782453878359,0.000108225101774,0.123999834061
135,32,0.00771881897341,0.000105719810182,0.12700009346
136,32,0.00762403051962,9.47884537957e-05,0.124000072479
137,32,0.00752520520579,9.88253138282e-05,0.119999885559
138,32,0.00742396671664,0.000101238489151,0.121999979019
139,32,0.00732593319633,9.80335203084e-05,0.12900018692
140,32,0.0072411977432,8.47354531288e-05,0.125
141,32,0.00715028237213,9.09153710712e-05,0.131999969482
142,32,0.00706212899902,8.81533731114e-05,0.119999885559
143,32,0.00697374980558,8.8379193436e-05,0.124000072479
144,32,0.00688890733502,8.48424705592e-05,0.119999885559
145,32,0.00680724504319,8.16622918302e-05,0.120000123978
146,32,0.00672857680104,7.86682421511e-05,0.165999889374
147,32,0.00664489973675,8.36770642887e-05,0.197000026703
148,32,0.00656929679892,7.56029378284e-05,0.158999919891
149,32,0.00649345950647,7.58372924545e-05,0.200000047684
150,32,0.00641893446445,7.45250420137e-05,0.131000041962
151,32,0.00634555071592,7.33837485313e-05,0.128000020981
152,32,0.00627716590058,6.83848153461e-05,0.128000020981
153,32,0.00620518841527,7.19774853099e-05,0.128999948502
154,32,0.00613326972181,7.19186934558e-05,0.124000072479
155,32,0.00606785159219,6.54181296175e-05,0.197999954224
156,32,0.00600517514077,6.2676451423e-05,0.158999919891
157,32,0.00593747076663,6.770437414e-05,0.125
158,32,0.00587485690009,6.26138665459e-05,0.120000123978
159,32,0.00581085492264,6.40019774437e-05,0.124000072479
160,32,0.00574882003394,6.2034888701e-05,0.123999834061
161,32,0.00568834461949,6.04754144495e-05,0.125
162,32,0.00563336312771,5.49814917825e-05,0.121999979019
163,32,0.00557194338603,6.14197416739e-05,0.123000144958
164,32,0.00551709559831,5.4847787727e-05,0.159999847412
165,32,0.00546074807644,5.63475218686e-05,0.126000165939
166,32,0.00540459210222,5.61559742147e-05,0.121999979019
167,32,0.00535428022796,5.03118742596e-05,0.119999885559
168,32,0.00529911572283,5.51645051349e-05,0.15700006485
169,32,0.00524945611304,4.96596097946e-05,0.125999927521
170,32,0.00519421561198,5.5240501057e-05,0.128999948502
171,32,0.00514823726632,4.59783456542e-05,0.124000072479
172,32,0.00509758076885,5.06564974785e-05,0.123000144958
173,32,0.00504712570797,5.04550608722e-05,0.116999864578
174,32,0.00500086749142,4.62582165545e-05,0.125
175,32,0.00495429824699,4.65692444281e-05,0.118999958038
176,32,0.00490897663615,4.53216108409e-05,0.118000030518
177,32,0.00486303147945,4.59451567043e-05,0.118000030518
178,32,0.00481464537707,4.83861023729e-05,0.118999958038
179,32,0.00477538610047,3.92592766068e-05,0.117000102997
180,32,0.00473024289716,4.51432033019e-05,0.119999885559
181,32,0.00468684678728,4.33961098844e-05,0.118999958038
182,32,0.004647178677,3.96681102839e-05,0.120000123978
183,32,0.00460235043006,4.48282469403e-05,0.121000051498
184,32,0.00456633188508,3.60185449774e-05,0.15299987793
185,32,0.00452263937755,4.36925075271e-05,0.121999979019
186,32,0.00448637225411,3.62671234391e-05,0.121000051498
187,32,0.00444602031599,4.03519381176e-05,0.134999990463
188,32,0.00440972488035,3.62954356454e-05,0.160000085831
189,32,0.00437082174149,3.89031388543e-05,0.118999958038
190,32,0.00433186861602,3.89531254768e-05,0.128000020981
191,32,0.0042980752208,3.37933952158e-05,0.118000030518
192,32,0.00425955233249,3.85228883136e-05,0.125
193,32,0.00422636365349,3.31886790015e-05,0.12299990654
194,32,0.0041913124648,3.50511886857e-05,0.125
195,32,0.0041560059244,3.53065404025e-05,0.131000041962
196,32,0.0041239829226,3.20230018009e-05,0.125999927521
197,32,0.00409041981805,3.35631045428e-05,0.123000144958
198,32,0.00405459241434,3.58274037188e-05,0.125
199,32,0.00402462577278,2.99666415561e-05,0.123999834061
200,32,0.00399149168621,3.31340865655e-05,0.179000139236
