1,2.330371537208557,371,1.9426581859588623,Nan
2,2.282052011966705,371,0.16277599334716797,0.04831952524185201
3,2.235597189903259,371,0.15357089042663574,0.04645482206344598
4,2.1900800008773804,371,0.16328859329223633,0.04551718902587876
5,2.145574254989624,371,0.15316271781921387,0.044505745887756465
6,2.1010355224609376,371,0.15366911888122559,0.04453873252868634
7,2.0567373633384705,371,0.16277456283569336,0.04429815912246715
8,2.0119883177280427,371,0.153670072555542,0.04474904561042781
9,1.967180460691452,371,0.14714956283569336,0.044807857036590626
10,1.9215895855426788,371,0.1536715030670166,0.04559087514877325
11,1.87523104429245,371,0.16277527809143066,0.04635854125022876
12,1.8282408680915831,371,0.1536705493927002,0.04699017620086687
13,1.7804517595767975,371,0.1469268798828125,0.04778910851478568
14,1.732202712059021,371,0.15366792678833008,0.04824904751777637
15,1.683655603647232,371,0.1677858829498291,0.048547108411789
16,1.6347600684165955,371,0.14865636825561523,0.04889553523063661
17,1.5860967514514923,371,0.15366339683532715,0.048663316965103176
18,1.5375355739593506,371,0.1627788543701172,0.04856117749214173
19,1.4893444595336913,371,0.153672456741333,0.048191114425659265
20,1.4421396741867065,371,0.16277289390563965,0.0472047853469848
21,1.395706477880478,371,0.1536693572998047,0.04643319630622855
22,1.350525114297867,371,0.14715194702148438,0.045181363582611045
23,1.3067388701438905,371,0.1536695957183838,0.04378624415397647
24,1.2643553791046143,371,0.16928696632385254,0.04238349103927619
25,1.223573433160782,371,0.14669322967529297,0.04078194594383233
26,1.1845562398433684,371,0.16929364204406738,0.03901719331741349
27,1.146997456073761,371,0.14681625366210938,0.03755878376960742
28,1.1113244128227233,371,0.15366792678833008,0.035673043251037706
29,1.0772018539905548,371,0.1623821258544922,0.034122558832168526
30,1.0448370908498763,371,0.15366554260253906,0.03236476314067849
31,1.014310084581375,371,0.16878652572631836,0.030527006268501244
32,0.984897579908371,371,0.14766168594360352,0.029412504673004047
33,0.9575264625549317,371,0.15366411209106445,0.027371117353439334
34,0.9312865951061249,371,0.1624462604522705,0.026239867448806797
35,0.906533607840538,371,0.15366816520690918,0.024752987265586834
36,0.8832067896127701,371,0.16277265548706055,0.023326818227767943
37,0.8608668013811112,371,0.15357232093811035,0.022339988231658947
38,0.8397542735338211,371,0.16636896133422852,0.021112527847290008
39,0.8198649734258652,371,0.14966225624084473,0.019889300107955976
40,0.8009829262495041,371,0.15316319465637207,0.018882047176361105
41,0.7832456173896789,371,0.16288518905639648,0.017737308859825163
42,0.7661435301303864,371,0.15326714515686035,0.01710208725929252
43,0.7499619942903518,371,0.16277384757995605,0.016181535840034567
44,0.7344860702753067,371,0.15361380577087402,0.015475924015045162
45,0.7199280092716217,371,0.1471421718597412,0.014558061003684952
46,0.705974085688591,371,0.153672456741333,0.013953923583030714
47,0.6926523295640945,371,0.1677849292755127,0.013321756124496487
48,0.6800606348514557,371,0.14824390411376953,0.012591694712638768
49,0.6679383333921433,371,0.15366649627685547,0.012122301459312479
50,0.6567184767723083,371,0.16277837753295898,0.011219856619834934
51,0.6455865864753723,371,0.15343046188354492,0.011131890296936064
52,0.6351694436073303,371,0.16277384757995605,0.010417142868041962
53,0.625135283112526,371,0.15332794189453125,0.010034160494804323
54,0.6154318376779556,371,0.14677715301513672,0.009703445434570357
55,0.6061326172351837,371,0.1536695957183838,0.009299220442771872
56,0.5973723986148834,371,0.16878938674926758,0.008760218620300297
57,0.5887769838571548,371,0.14742159843444824,0.008595414757728626
58,0.5806813069581985,371,0.1688852310180664,0.008095676898956294
59,0.5729906027317047,371,0.14714884757995605,0.007690704226493872
60,0.5654184221029281,371,0.1533362865447998,0.007572180628776515
61,0.5584927660226822,371,0.16277432441711426,0.006925656080245979
62,0.5510776252746582,371,0.1536705493927002,0.007415140748023963
63,0.5441855671405792,371,0.16928935050964355,0.006892058134079004
64,0.5379827833175659,371,0.1471540927886963,0.006202783823013314
65,0.5314557497501373,371,0.15366411209106445,0.006527033567428564
66,0.525521229982376,371,0.16234064102172852,0.0059345197677612704
67,0.5194946646094322,371,0.15366864204406738,0.006026565372943882
68,0.513887846827507,371,0.16240358352661133,0.0056068177819251774
69,0.5082969639897347,371,0.15354084968566895,0.005590882837772315
70,0.5030217719078064,371,0.16929078102111816,0.005275192081928282
71,0.4978617258667946,371,0.14715003967285156,0.005160046041011779
72,0.4928243728876114,371,0.15316128730773926,0.0050373529791832294
73,0.48827439016103746,371,0.16307425498962402,0.00454998272657392
74,0.48348724883794786,371,0.15325355529785156,0.004787141323089605
75,0.4790440497994423,371,0.14714956283569336,0.004443199038505541
76,0.47467987883090973,371,0.16929197311401367,0.004364170968532588
77,0.4703405459523201,371,0.14714837074279785,0.004339332878589619
78,0.466317422747612,371,0.15343999862670898,0.004023123204708101
79,0.4621886034607887,371,0.16878843307495117,0.004128819286823293
80,0.45815852934122087,371,0.1475086212158203,0.00403007411956785
81,0.45421852058172224,371,0.15367341041564941,0.0039400087594986255
82,0.45066949605941775,371,0.1626739501953125,0.003549024522304489
83,0.4470097319483757,371,0.1692960262298584,0.0036597641110420742
84,0.44326714020967484,371,0.1677861213684082,0.00374259173870084
85,0.43998225194215773,371,0.14866852760314941,0.0032848882675171054
86,0.4365442529916763,371,0.16927742958068848,0.0034379989504814135
87,0.43312836092710494,371,0.14714884757995605,0.0034158920645713797
88,0.4300591658949852,371,0.16929149627685547,0.0030691950321197203
89,0.4268596949577331,371,0.16929244995117188,0.0031994709372520913
90,0.4238662384748459,371,0.16277837753295898,0.0029934564828872356
91,0.42097149389982225,371,0.1692957878112793,0.0028947445750236445
92,0.41812244534492493,371,0.1677858829498291,0.0028490485548973155
93,0.4153964481949806,371,0.1628739833831787,0.0027259971499443147
94,0.41257714480161667,371,0.1682758331298828,0.0028193033933639478
95,0.4097573357820511,371,0.16426873207092285,0.002819809019565578
96,0.40724356716871263,371,0.15285372734069824,0.002513768613338463
97,0.40440691554546354,371,0.16277647018432617,0.002836651623249087
98,0.40190361309051514,371,0.15366864204406738,0.0025033024549483973
99,0.3994035968184471,371,0.16828680038452148,0.0025000162720680286
100,0.39690624421834947,371,0.1476733684539795,0.0024973526000976465
