1,2.0308392590454645,31,1.6724815368652344,Nan
2,1.4913036021505084,31,0.5165789127349854,0.5395356568949561
3,1.0435773743391037,31,0.500441312789917,0.4477262278114047
4,0.7792697569642748,31,0.500746488571167,0.2643076173748289
5,0.6317753474542073,31,0.48487424850463867,0.14749440951006754
6,0.54244556753976,31,0.49991774559020996,0.08932977991444724
7,0.4834666012099811,31,0.5166878700256348,0.05897896632977895
8,0.4413732624053955,31,0.48520851135253906,0.0420933388045856
9,0.4089975491804736,31,0.47933459281921387,0.03237571322492189
10,0.3835261870069163,31,0.5009927749633789,0.025471362173557277
11,0.3630543635530131,31,0.4854707717895508,0.020471823453903193
12,0.34572291530668736,31,0.4854905605316162,0.017331448246325765
13,0.3318266236909798,31,0.4849205017089844,0.013896291615707546
14,0.318009564523186,31,0.4850912094116211,0.0138170591677938
15,0.3053557378202677,31,0.4857354164123535,0.012653826702918314
16,0.29499614917167594,31,0.4967615604400635,0.010359588648591767
17,0.28606532676943713,31,0.4827892780303955,0.008930822402238803
18,0.276039446373071,31,0.4856436252593994,0.01002588039636615
19,0.2693975696180548,31,0.48507189750671387,0.006641876755016207
20,0.2614380827205522,31,0.5006818771362305,0.007959486897502588
21,0.2544783371942384,31,0.48540616035461426,0.0069597455263137875
22,0.2483689861616918,31,0.48517417907714844,0.006109351032546589
23,0.24100535717606544,31,0.48516392707824707,0.007363628985626369
24,0.23526353990393026,31,0.47836947441101074,0.005741817272135186
25,0.22968168576061726,31,0.48500871658325195,0.0055818541433129976
26,0.2242619397342205,31,0.5003824234008789,0.005419746026396749
27,0.21948555147754295,31,0.48511791229248047,0.004776388256677561
28,0.21426931134717805,31,0.4844202995300293,0.005216240130364896
29,0.20899521796086004,31,0.4848964214324951,0.005274093386318013
30,0.204600551897926,31,0.49498438835144043,0.004394666062934038
31,0.20040943413014922,31,0.486879825592041,0.004191117767776781
32,0.19576260679853813,31,0.4834721088409424,0.004646827331611092
33,0.19163477693923883,31,0.4846506118774414,0.004127829859299298
34,0.18866314715892077,31,0.4851102828979492,0.0029716297803180636
35,0.18496623663817133,31,0.4855051040649414,0.0036969105207494413
36,0.18117026999752436,31,0.48535633087158203,0.003795966640646964
37,0.17712502162903548,31,0.48440074920654297,0.00404524836848888
38,0.172926495632955,31,0.47928881645202637,0.004198525996080477
39,0.17034860503992863,31,0.4852569103240967,0.0025778905930263774
40,0.1658463809756296,31,0.48573851585388184,0.004502224064299037
41,0.16419802195472377,31,0.485424280166626,0.0016483590209058208
42,0.1602233945631555,31,0.48534488677978516,0.003974627391568258
43,0.15650366227754525,31,0.4849121570587158,0.003719732285610261
44,0.1537691088616848,31,0.48519420623779297,0.002734553415860458
45,0.15123732448369265,31,0.49785709381103516,0.0025317843779921467
46,0.14903746538556048,31,0.4814181327819824,0.0021998590981321675
47,0.14536245331966452,31,0.48531603813171387,0.0036750120658959606
48,0.14283940653715815,31,0.48531603813171387,0.0025230467825063663
49,0.14013418314073767,31,0.5169844627380371,0.0027052233964204864
50,0.1368826561107167,31,0.5010991096496582,0.003251527030020962
51,0.1355732383802533,31,0.5391557216644287,0.0013094177304633914
52,0.13279164903983473,31,0.47884607315063477,0.002781589340418583
53,0.13057977565111858,31,0.5005497932434082,0.0022118733887161457
54,0.12765793085470795,31,0.48430609703063965,0.0029218447964106387
55,0.1250249592044524,31,0.48577070236206055,0.0026329716502555556
56,0.12293343932873436,31,0.484846830368042,0.002091519875718026
57,0.12054769325149911,31,0.4850490093231201,0.002385746077235254
58,0.11938904505968094,31,0.5004153251647949,0.0011586481918181707
59,0.11722984651369708,31,0.4852333068847656,0.0021591985459838564
60,0.11506741445405143,31,0.4789700508117676,0.0021624320596456553
61,0.11243883053266576,31,0.5009212493896484,0.002628583921385666
62,0.11025310585328511,31,0.4849224090576172,0.002185724679380649
63,0.10885137644303697,31,0.48500871658325195,0.0014017294102481453
64,0.1068882621835385,31,0.48459959030151367,0.0019631142594984663
65,0.10479338612726756,31,0.4852747917175293,0.0020948760562709418
66,0.10320531723062908,31,0.48528265953063965,0.0015880688966384837
67,0.10051458693774683,31,0.4960289001464844,0.0026907302928822485
68,0.10003832464505519,31,0.6222853660583496,0.0004762622926916399
69,0.0969313163390117,31,0.547433614730835,0.0031070083060434905
70,0.09547039696520992,31,0.4854130744934082,0.0014609193738017723
71,0.09435706459810692,31,0.4853956699371338,0.0011133323671030093
72,0.09304478817433119,31,0.48543500900268555,0.001312276423775724
73,0.09108530187606811,31,0.5166101455688477,0.0019594862982630773
74,0.08946620221276369,31,0.5010271072387695,0.0016190996633044241
75,0.08832243585267237,31,0.5167019367218018,0.0011437663600913223
76,0.085803192147719,31,0.4855763912200928,0.002519243704953364
77,0.08507407412039382,31,0.5011565685272217,0.0007291180273251846
78,0.0833472465045218,31,0.4854698181152344,0.0017268276158720203
79,0.08162179586584015,31,0.4846348762512207,0.0017254506386816526
80,0.07971969564578363,31,0.5005629062652588,0.0019021002200565185
81,0.07920381272903511,31,0.47919559478759766,0.0005158829167485196
82,0.07799051217654986,31,0.4844217300415039,0.0012133005524852525
83,0.07616339576297573,31,0.5008945465087891,0.001827116413574123
84,0.07517241160305484,31,0.4852159023284912,0.0009909841599208963
85,0.07347236803014363,31,0.48505687713623047,0.001700043572911203
86,0.07312636072507926,31,0.4854705333709717,0.00034600730506437194
87,0.07143705111342881,31,0.4839046001434326,0.0016893096116504525
88,0.06999224730048861,31,0.4992635250091553,0.0014448038129401958
89,0.06939331507576363,31,0.4796454906463623,0.0005989322247249851
90,0.06781868101762874,31,0.48542308807373047,0.001574634058134891
91,0.06680552572517523,31,0.4853484630584717,0.0010131552924535075
92,0.06556673478840717,31,0.48522043228149414,0.0012387909367680555
93,0.0648877941487091,31,0.5010981559753418,0.0006789406396980752
94,0.06329693300276995,31,0.48493218421936035,0.0015908611459391486
95,0.06259838458430023,31,0.48481297492980957,0.0006985484184697244
96,0.06160820491319256,31,0.4786052703857422,0.0009901796711076633
97,0.06048229878794934,31,0.5009238719940186,0.0011259061252432215
98,0.05984837684567486,31,0.48502159118652344,0.0006339219422744832
99,0.05798070779895144,31,0.48534536361694336,0.0018676690467234192
100,0.05739238179608115,31,0.48560643196105957,0.0005883260028702875
