1,2.3184929915155683,351,1.9045329093933105,Nan
2,2.269273649965014,351,0.1467912197113037,0.04921934155055441
3,2.2232790765081134,351,0.15366339683532715,0.0459945734569005
4,2.1796093967301506,351,0.16292381286621094,0.04366967977796277
5,2.136969209466662,351,0.15366840362548828,0.04264018726348873
6,2.0948547746794564,351,0.14705324172973633,0.04211443478720556
7,2.0528148072106496,351,0.16929364204406738,0.04203996746880678
8,2.0106070835590364,351,0.14714908599853516,0.04220772365161318
9,1.967805620942797,351,0.1535482406616211,0.042801462616239405
10,1.924444869995117,351,0.16728734970092773,0.04336075094767988
11,1.8803428598812648,351,0.1491556167602539,0.044102010113852286
12,1.835614723954882,351,0.15366578102111816,0.04472813592638292
13,1.7900639408997128,351,0.16277813911437988,0.04555078305516913
14,1.7439168105466025,351,0.1535496711730957,0.046147130353110244
15,1.6970657633713313,351,0.14714932441711426,0.04685104717527122
16,1.6498965037209647,351,0.16893386840820312,0.04716925965036656
17,1.6025197128908975,351,0.14714956283569336,0.047376790830067295
18,1.5551533167702811,351,0.1536695957183838,0.04736639612061633
19,1.5079141629764012,351,0.16878795623779297,0.047239153793879884
20,1.461014894757952,351,0.14723992347717285,0.04689926821844925
21,1.4147158326762064,351,0.15301942825317383,0.04629906208174561
22,1.3692708726610456,351,0.16294026374816895,0.04544496001516074
23,1.324751368045807,351,0.15331649780273438,0.04451950461523868
24,1.281469803401402,351,0.14714765548706055,0.04328156464440491
25,1.239451984984534,351,0.16927218437194824,0.042017818416868025
26,1.1987265422344209,351,0.14715027809143066,0.04072544275011314
27,1.1596008214609963,351,0.15343999862670898,0.03912572077342458
28,1.1217432562964302,351,0.16878581047058105,0.037857565164566065
29,1.085850875377655,351,0.15334367752075195,0.035892380918775224
30,1.0516736910002573,351,0.1475543975830078,0.034177184377397696
31,1.0188604745864869,351,0.1627800464630127,0.03281321641377044
32,0.9880019362994603,351,0.1536722183227539,0.03085853828702656
33,0.9588490223543985,351,0.14714717864990234,0.02915291394506181
34,0.9309271326405661,351,0.16882729530334473,0.02792188971383236
35,0.9047089375257492,351,0.14715218544006348,0.026218195114816933
36,0.8799091404506139,351,0.15366768836975098,0.024799797075135355
37,0.8562643154008048,351,0.166046142578125,0.023644825049809026
38,0.8342088506732668,351,0.1496717929840088,0.022055464727538054
39,0.8132346767187119,351,0.15332961082458496,0.02097417395455492
40,0.7934765747104372,351,0.16251277923583984,0.01975810200827466
41,0.7745322075060436,351,0.15323305130004883,0.01894436720439363
42,0.7569909191301891,351,0.14715051651000977,0.017541288375854447
43,0.740019541655268,351,0.168900728225708,0.016971377474921168
44,0.7243279294286455,351,0.14667057991027832,0.01569161222662241
45,0.7092150558744158,351,0.15416908264160156,0.015112873554229744
46,0.6949810238736016,351,0.16378068923950195,0.01423403200081419
47,0.6813767616237912,351,0.15266108512878418,0.013604262249810373
48,0.668470243692398,351,0.15366482734680176,0.012906517931393191
49,0.6562214125905718,351,0.14715290069580078,0.012248831101826285
50,0.6445606887681143,351,0.15366840362548828,0.01166072382245742
51,0.6335903074571064,351,0.16277408599853516,0.010970381311007915
52,0.622938610638891,351,0.1532599925994873,0.010651696818215428
53,0.6127451131003243,351,0.16277527809143066,0.010193497538566687
54,0.6031814288922719,351,0.15366578102111816,0.009563684208052425
55,0.5939011219399316,351,0.16328001022338867,0.009280306952340278
56,0.5850961522715432,351,0.15316128730773926,0.008804969668388396
57,0.5765188150405883,351,0.15366363525390625,0.008577337230954885
58,0.5686264771733965,351,0.1471538543701172,0.00789233786719179
59,0.5607196448189872,351,0.1689755916595459,0.007906832354409365
60,0.5532273359469005,351,0.14714980125427246,0.007492308872086628
61,0.5458322616474969,351,0.15336823463439941,0.00739507429940367
62,0.5390029183541025,351,0.16277790069580078,0.006829343293394352
63,0.5323404467276165,351,0.15366721153259277,0.006662471626486033
64,0.52593685481378,351,0.14704251289367676,0.006403591913836437
65,0.5198497193029948,351,0.1689295768737793,0.006087135510785213
66,0.5139002584985324,351,0.1533210277557373,0.005949460804462459
67,0.5082127535087722,351,0.1471564769744873,0.005687504989760228
68,0.5028791426164764,351,0.15366315841674805,0.0053336108922957814
69,0.49723769696269715,351,0.16248393058776855,0.00564144565377922
70,0.49213700013501305,351,0.15366506576538086,0.005100696827684104
71,0.4871211668763842,351,0.16277527809143066,0.005015833258628866
72,0.48220709585292,351,0.15366888046264648,0.004914071023464195
73,0.47754256362574443,351,0.16327786445617676,0.004664532227175555
74,0.4730649297577994,351,0.15316271781921387,0.00447763386794503
75,0.46866719968829834,351,0.15365982055664062,0.00439773006950106
76,0.46419287038700924,351,0.17840290069580078,0.004474329301289104
77,0.4601679752724511,351,0.15367507934570312,0.0040248951145581136
78,0.45625614523887636,351,0.16878890991210938,0.003911830033574759
79,0.4523588617529188,351,0.14719939231872559,0.003897283485957581
80,0.44848735626254765,351,0.1536715030670166,0.00387150549037113
81,0.4448375748055322,351,0.1623823642730713,0.003649781457015444
82,0.4411176938670022,351,0.1533951759338379,0.0037198809385299847
83,0.4376237499458449,351,0.16277360916137695,0.0034939439211573164
84,0.43421370561633793,351,0.15350341796875,0.0034100443295069782
85,0.4310706414835794,351,0.16377902030944824,0.003143064132758555
86,0.42795293870142526,351,0.1521601676940918,0.0031177027821541192
87,0.42465667912789756,351,0.15316152572631836,0.0032962595735276934
88,0.42133887558323996,351,0.14719271659851074,0.003317803544657605
89,0.4185073574100222,351,0.15275001525878906,0.002831518173217751
90,0.41560580493722643,351,0.16304445266723633,0.0029015524727957764
91,0.4127061237352235,351,0.15318608283996582,0.002899681202002957
92,0.40982273591416224,351,0.16327643394470215,0.002883387821061234
93,0.4071993657180241,351,0.15329980850219727,0.0026233701961381195
94,0.404623296558857,351,0.16928887367248535,0.002576069159167138
95,0.40187192202465877,351,0.1627795696258545,0.0027513745341982143
96,0.39951818322283883,351,0.15366840362548828,0.002353738801819938
97,0.3969695613980293,351,0.16277432441711426,0.002548621824809527
98,0.39440078448397775,351,0.16929411888122559,0.0025687769140515515
99,0.3920885260956628,351,0.15366792678833008,0.0023122583883149472
100,0.389837712424142,351,0.17990493774414062,0.0022508136715208016
