1,2.2599570731435503,111,1.5032367706298828,Nan
2,2.104655172279903,111,0.2226862907409668,0.15530190086364737
3,1.9565588950770243,111,0.23169708251953125,0.14809627720287866
4,1.8045925526959556,111,0.2320258617401123,0.15196634238106865
5,1.6479300298350197,111,0.23494887351989746,0.15666252286093596
6,1.4922663920947483,111,0.21902704238891602,0.15566363774027137
7,1.344035754271916,111,0.23165559768676758,0.1482306378228324
8,1.2080616202013834,111,0.23180317878723145,0.1359741340705325
9,1.0899501878363747,111,0.2538750171661377,0.11811143236500876
10,0.9881330554996218,111,0.23134446144104004,0.10181713233675282
11,0.902489324433463,111,0.21616888046264648,0.08564373106615886
12,0.8309452131986618,111,0.22230052947998047,0.0715441112348012
13,0.770611543910844,111,0.23179864883422852,0.060333669287817804
14,0.7199756536313465,111,0.2474222183227539,0.05063589027949744
15,0.6776605656998498,111,0.23769879341125488,0.04231508793149674
16,0.6407440303649221,111,0.2317972183227539,0.03691653533492767
17,0.6089776234456471,111,0.24491047859191895,0.031766406919275014
18,0.5813223559686116,111,0.24081635475158691,0.027655267477035506
19,0.5568587609188898,111,0.2474210262298584,0.024463595049721842
20,0.535642441553729,111,0.23831796646118164,0.021216319365160774
21,0.5161928056137902,111,0.2313399314880371,0.01944963593993876
22,0.4992052270429475,111,0.2317965030670166,0.01698757857084271
23,0.4832726789542607,111,0.22218608856201172,0.015932548088686826
24,0.46952193239756995,111,0.23145127296447754,0.01375074655669073
25,0.4569806459886687,111,0.231156587600708,0.012541286408901231
26,0.44523858870778765,111,0.2161710262298584,0.011742057280881069
27,0.43428432646819526,111,0.23776817321777344,0.010954262239592394
28,0.42470241288627897,111,0.21614384651184082,0.00958191358191629
29,0.41552101857321605,111,0.2312021255493164,0.009181394313062918
30,0.4062158847280911,111,0.21614313125610352,0.009305133845124935
31,0.398162783401353,111,0.23769116401672363,0.008053101326738088
32,0.3905496917111533,111,0.21616840362548828,0.007613091690199747
33,0.383970380621297,111,0.2313549518585205,0.006579311089856266
34,0.3774576411162104,111,0.21618103981018066,0.006512739505086629
35,0.3706056919523648,111,0.2223055362701416,0.006851949163845572
36,0.36446267671244487,111,0.23180246353149414,0.006143015239919947
37,0.35886669751576017,111,0.231795072555542,0.005595979196684697
38,0.35424673513003757,111,0.23740243911743164,0.004619962385722598
39,0.34845299541950225,111,0.23188090324401855,0.005793739710535317
40,0.3441231289122786,111,0.2660558223724365,0.0043298665072236675
41,0.3389830275561128,111,0.23530840873718262,0.005140101356165772
42,0.33467017123954634,111,0.2470262050628662,0.004312856316566471
43,0.33028758637394223,111,0.23795628547668457,0.004382584865604111
44,0.3262076280542782,111,0.23125672340393066,0.004079958319664012
45,0.3223081715149539,111,0.231705904006958,0.003899456539324331
46,0.3186926354425294,111,0.2539479732513428,0.0036155360724244856
47,0.3147487995709692,111,0.23098993301391602,0.0039438358715602195
48,0.31078814076100075,111,0.23720288276672363,0.0039606588099684314
49,0.30748357642548424,111,0.24756979942321777,0.0033045643355165133
50,0.3039631634269442,111,0.23178935050964355,0.0035204129985400567
51,0.3004397088927882,111,0.23724627494812012,0.0035234545341559786
52,0.29759530215178215,111,0.2322216033935547,0.002844406741006056
53,0.2948267223068646,111,0.21593046188354492,0.0027685798449175736
54,0.2917296835780144,111,0.2158057689666748,0.003097038728850199
55,0.28886231204015866,111,0.22187399864196777,0.002867371537855712
56,0.28613983325873105,111,0.2154550552368164,0.0027224787814276175
57,0.28372434516038214,111,0.23179340362548828,0.0024154880983489058
58,0.28101204369323596,111,0.21616578102111816,0.002712301467146183
59,0.27822470462322235,111,0.23304033279418945,0.002787339070013606
60,0.27541969636508395,111,0.20539259910583496,0.0028050082581383973
61,0.2731028000605958,111,0.23176002502441406,0.0023168963044881696
62,0.2709209740970816,111,0.2157604694366455,0.0021818259635141835
63,0.26852242287141936,111,0.2317953109741211,0.0023985512256622377
64,0.2661959070265293,111,0.253751277923584,0.002326515844890076
65,0.26371163543207304,111,0.21592950820922852,0.0024842715944562443
66,0.2616745080436979,111,0.2524561882019043,0.0020371273883751373
67,0.25940851082120625,111,0.23283147811889648,0.002265997222491656
68,0.2578558175776686,111,0.23230266571044922,0.0015526932435376284
69,0.2551538950204849,111,0.25350379943847656,0.0027019225571837113
70,0.25360350363595147,111,0.21593618392944336,0.001550391384533445
71,0.2511369264423847,111,0.2665712833404541,0.0024665771935667435
72,0.24927783711041723,111,0.23430252075195312,0.0018590893319674895
73,0.247443924422775,111,0.2154221534729004,0.0018339126876422418
74,0.24609766697883606,111,0.23150014877319336,0.0013462574439389308
75,0.24360981039064272,111,0.2225508689880371,0.002487856588193338
76,0.242031151166984,111,0.21534037590026855,0.0015786592236587127
77,0.24036461168101855,111,0.2630455493927002,0.001666539485965457
78,0.23835491388184685,111,0.22269105911254883,0.0020096977991717058
79,0.23673550358840398,111,0.23101472854614258,0.001619410293442869
80,0.23474147295951844,111,0.23137784004211426,0.0019940306288855347
81,0.23340389966113226,111,0.23548603057861328,0.0013375732983861854
82,0.2315113090085132,111,0.21785521507263184,0.0018925906526190694
83,0.2298874953176294,111,0.23135924339294434,0.0016238136908837963
84,0.2285092845218522,111,0.21567869186401367,0.001378210795777185
85,0.22692900611673084,111,0.23627281188964844,0.0015802784051213714
86,0.22468472671508788,111,0.21737170219421387,0.002244279401642957
87,0.22388902100494928,111,0.2474219799041748,0.0007957057101385945
88,0.22223311777625765,111,0.23820924758911133,0.0016559032286916353
89,0.22061224947869779,111,0.23156332969665527,0.0016208682975598632
90,0.21904214230605534,111,0.21619081497192383,0.0015701071726424431
91,0.21775917697804315,111,0.23179841041564941,0.0012829653280121978
92,0.21614257403356688,111,0.22205018997192383,0.0016166029444762697
93,0.21525614270142146,111,0.23122572898864746,0.0008864313321454154
94,0.21349350888388496,111,0.2313985824584961,0.0017626338175364964
95,0.211947972414749,111,0.2161717414855957,0.0015455364691359663
96,0.21118119198509624,111,0.2379910945892334,0.0007667804296527525
97,0.209444047372256,111,0.2161698341369629,0.0017371446128402468
98,0.20849056061250823,111,0.23145604133605957,0.0009534867597477681
99,0.206714650411691,111,0.21587157249450684,0.0017759102008172434
100,0.20517260646820068,111,0.2379138469696045,0.0015420439434903066
