1,2.285416877405984,311,1.819960117340088,Nan
2,2.2249982506207058,311,0.15316295623779297,0.06041862678527821
3,2.1684495179993766,311,0.1628248691558838,0.0565487326213292
4,2.1139304759161814,311,0.16929197311401367,0.054519042083195135
5,2.0605013451576233,311,0.16566205024719238,0.05342913075855815
6,2.006455204997744,311,0.15065860748291016,0.0540461401598793
7,1.951187913451876,311,0.169295072555542,0.05526729154586807
8,1.8944408734185354,311,0.16231656074523926,0.05674704003334052
9,1.8369837552479336,311,0.15366601943969727,0.05745711817060184
10,1.7782667164461954,311,0.16929388046264648,0.058717038801738175
11,1.7185845686708179,311,0.16277480125427246,0.0596821477753775
12,1.658742968048368,311,0.15331602096557617,0.05984160062244981
13,1.598234993321555,311,0.15941739082336426,0.06050797472681313
14,1.5380670812129975,311,0.17087912559509277,0.06016791210855743
15,1.4782794801848276,311,0.15417170524597168,0.059787601028169934
16,1.4198806045736585,311,0.1629190444946289,0.05839887561116908
17,1.362794103860855,311,0.16891026496887207,0.05708650071280341
18,1.3072439591884613,311,0.16678500175476074,0.05555014467239383
19,1.2539024094513485,311,0.14908552169799805,0.0533415497371128
20,1.2028265235424043,311,0.16929316520690918,0.051075885908944185
21,1.1540965416431428,311,0.16277408599853516,0.048729981899261476
22,1.108604495048523,311,0.1849198341369629,0.045492046594619806
23,1.06550030204228,311,0.18491911888122559,0.04310419300624302
24,1.02525076513631,311,0.2005445957183838,0.040249536905969885
25,0.9874651067597525,311,0.20054173469543457,0.03778565837655756
26,0.9521502232551575,311,0.20012497901916504,0.035314883504594996
27,0.9189927897453308,311,0.16929364204406738,0.033157433509826695
28,0.8883073081459318,311,0.162489652633667,0.03068548159939899
29,0.8595664154291153,311,0.15322637557983398,0.02874089271681657
30,0.8331669148887907,311,0.1688234806060791,0.026399500540324583
31,0.8081973958526338,311,0.1627819538116455,0.02496951903615685
32,0.7854806870903288,311,0.1536703109741211,0.022716708762305027
33,0.7639087393965039,311,0.16277313232421875,0.021571947693824867
34,0.7435038452999932,311,0.16923785209655762,0.020404894096510695
35,0.7246224679265704,311,0.15299201011657715,0.01888137737342288
36,0.7070273189204079,311,0.1628410816192627,0.017595149006162436
37,0.6905643526315689,311,0.16929244995117188,0.01646296628883903
38,0.6747245978798185,311,0.16377973556518555,0.015839754751750368
39,0.660067633492606,311,0.15228033065795898,0.014656964387212534
40,0.6462873104470117,311,0.16888427734375,0.01378032304559429
41,0.6331175367832184,311,0.1627817153930664,0.01316977366379335
42,0.6204887407677514,311,0.16907477378845215,0.012628796015466959
43,0.6089300041028431,311,0.15325450897216797,0.011558736664908253
44,0.5981044494765145,311,0.1784071922302246,0.010825554626328615
45,0.5873814027309417,311,0.16889739036560059,0.010723046745572784
46,0.5774187581879752,311,0.16929411888122559,0.009962644542966581
47,0.5679270451750074,311,0.16277360916137695,0.009491713012967806
48,0.5586915601321629,311,0.16922831535339355,0.009235485042844438
49,0.5500362209592546,311,0.16929340362548828,0.008655339172908283
50,0.541907525922571,311,0.16277432441711426,0.008128695036683675
51,0.5338660760947637,311,0.1692965030670166,0.008041449827807301
52,0.5262713392972946,311,0.15366578102111816,0.007594736797469026
53,0.5190755593947002,311,0.17840361595153809,0.007195779902594457
54,0.5118726776923452,311,0.16926884651184082,0.007202881702354946
55,0.5053506703632219,311,0.16930437088012695,0.006522007329123336
56,0.49910616366352356,311,0.16277718544006348,0.006244506699698338
57,0.4930670225364821,311,0.1529548168182373,0.0060391411270414586
58,0.4869678323013442,311,0.16878890991210938,0.006099190235137886
59,0.481079115152359,311,0.16297626495361328,0.005888717148985201
60,0.47560924375057223,311,0.15335941314697266,0.0054698714017867855
61,0.47034722591297967,311,0.16275382041931152,0.005262017837592559
62,0.4654734502008983,311,0.16912412643432617,0.004873775712081363
63,0.4605167389171464,311,0.1532905101776123,0.004956711283751913
64,0.455740795314312,311,0.1627802848815918,0.004775943602834398
65,0.45123155788012914,311,0.16929101943969727,0.004509237434182856
66,0.44675587390150345,311,0.16478419303894043,0.0044756839786256886
67,0.44234366991690227,311,0.15166044235229492,0.004412203984601182
68,0.438103384741715,311,0.1691296100616455,0.004240285175187264
69,0.4340783835564341,311,0.16230297088623047,0.00402500118528093
70,0.4303080731460026,311,0.15386652946472168,0.0037703104104314655
71,0.42653458899259566,311,0.16829299926757812,0.0037734841534069474
72,0.4226973542400769,311,0.14781689643859863,0.003837234752518792
73,0.4189968575324331,311,0.16929030418395996,0.0037004967076437745
74,0.4154826944555555,311,0.1625385284423828,0.0035141630768775745
75,0.4120442584497588,311,0.15296196937561035,0.003438436005796741
76,0.4086445398926735,311,0.16879057884216309,0.003399718557085263
77,0.40541938860075816,311,0.14767694473266602,0.0032251512919153624
78,0.4022066327588899,311,0.16888070106506348,0.0032127558418682534
79,0.399249802844865,311,0.16228294372558594,0.0029568299140249055
80,0.39639459382636205,311,0.1539773941040039,0.0028552090185029466
81,0.3932795802610261,311,0.16889262199401855,0.0031150135653359445
82,0.39045577675955634,311,0.14715194702148438,0.0028238035014697682
83,0.38755541541746685,311,0.16929101943969727,0.002900361342089486
84,0.3850260407584054,311,0.16244006156921387,0.002529374659061445
85,0.38231797084638053,311,0.15366792678833008,0.0027080699120248797
86,0.3798216773867607,311,0.16852879524230957,0.002496293459619825
87,0.37719632611955917,311,0.16303777694702148,0.0026253512672015367
88,0.37457467573029657,311,0.15322446823120117,0.0026216503892625975
89,0.3722699538384165,311,0.16277575492858887,0.0023047218918800794
90,0.3698301182900156,311,0.16930174827575684,0.0024398355484008816
91,0.36732765672036577,311,0.15366911888122559,0.0025024615696498387
92,0.36531326233489175,311,0.16277837753295898,0.0020143943854740165
93,0.36295076360872813,311,0.16897106170654297,0.00236249872616362
94,0.3608855519975935,311,0.16478323936462402,0.002065211611134654
95,0.3586571188739368,311,0.15110564231872559,0.00222843312365667
96,0.3565075602531433,311,0.16929388046264648,0.0021495586207935236
97,0.35430809156383786,311,0.16277527809143066,0.0021994686893054283
98,0.352383575626782,311,0.15366744995117188,0.0019245159370558373
99,0.35035322231054306,311,0.1692957878112793,0.002030353316238964
100,0.3485238497938429,311,0.1627790927886963,0.0018293725167001784
