1,2.1659266664300647,51,1.673173427581787,Nan
2,1.857862316608429,51,0.4476606845855713,0.3080643498216358
3,1.5275609717369079,51,0.40073609352111816,0.3303013448715211
4,1.2173121045998165,51,0.4500710964202881,0.3102488671370913
5,0.9781276306424822,51,0.3512744903564453,0.23918447395733433
6,0.8121358541931425,51,0.353940486907959,0.1659917764493397
7,0.6983732670375279,51,0.39885687828063965,0.1137625871556146
8,0.6187253721611841,51,0.3797307014465332,0.07964789487634383
9,0.5604583652870996,51,0.38474178314208984,0.05826700687408448
10,0.5156669890795436,51,0.36989545822143555,0.04479137620755602
11,0.4826534291761262,51,0.3690359592437744,0.03301355990341737
12,0.4542828677594662,51,0.34731268882751465,0.02837056141666
13,0.43040743869543074,51,0.384765625,0.023875429064035447
14,0.4114156575628689,51,0.4323389530181885,0.018991781132561836
15,0.39468056145736147,51,0.3533976078033447,0.01673509610550744
16,0.37903628063627653,51,0.3799271583557129,0.015644280821084933
17,0.3669774221607617,51,0.3530123233795166,0.012058858475514855
18,0.35516326722928454,51,0.3691716194152832,0.011814154931477139
19,0.3452198453077248,51,0.43620753288269043,0.009943421921559725
20,0.3369392759587084,51,0.38472843170166016,0.008280569349016442
21,0.32798127102851865,51,0.3627440929412842,0.008958004930189722
22,0.31875798449346,51,0.35392141342163086,0.009223286535058661
23,0.31221055067862785,51,0.36904430389404297,0.006547433814832138
24,0.30512755014640947,51,0.4009850025177002,0.0070830005322183864
25,0.299383057483605,51,0.37813830375671387,0.005744492662804468
26,0.29259566748993737,51,0.35325193405151367,0.006787389993667625
27,0.2865306370598929,51,0.3846762180328369,0.006065030430044471
28,0.2816297299691609,51,0.363126277923584,0.004900907090731987
29,0.2768304974394185,51,0.3859412670135498,0.004799232529742403
30,0.27197378840829645,51,0.5020670890808105,0.004856709031122064
31,0.26728735966128964,51,0.3827321529388428,0.00468642874700681
32,0.2625136976859399,51,0.40109801292419434,0.00477366197534973
33,0.2589938178743635,51,0.38497281074523926,0.0035198798115764207
34,0.2542353759557009,51,0.3691086769104004,0.004758441918662593
35,0.2503228026266609,51,0.37876319885253906,0.003912573329039992
36,0.24715627614302293,51,0.3691060543060303,0.003166526483637966
37,0.24326778250506945,51,0.35343360900878906,0.0038884936379534885
38,0.23901496454008989,51,0.3631312847137451,0.0042528179649795605
39,0.2350598426929542,51,0.36979174613952637,0.003955121847135673
40,0.23382720421680384,51,0.36847591400146484,0.0012326384761503772
41,0.22950453847220967,51,0.3466489315032959,0.004322665744594167
42,0.22642338402569295,51,0.353229284286499,0.003081154446516715
43,0.22286593750970704,51,0.363037109375,0.0035574465159859125
44,0.22005895265085357,51,0.43544602394104004,0.002806984858853473
45,0.21776408797928265,51,0.3665330410003662,0.0022948646715709176
46,0.214195639403803,51,0.35396337509155273,0.003568448575479638
47,0.21128869883716106,51,0.3631606101989746,0.0029069405666419523
48,0.20935627999688897,51,0.35375356674194336,0.0019324188402720932
49,0.20605487620617663,51,0.3473520278930664,0.0033014037907123372
50,0.2034362893349358,51,0.43877196311950684,0.0026185868712408356
51,0.20112792298197746,51,0.4475722312927246,0.0023083663529583354
52,0.19858617718943528,51,0.38524603843688965,0.0025417457925421827
53,0.1971432597626533,51,0.3530459403991699,0.0014429174267819866
54,0.19381885328250273,51,0.37921953201293945,0.00332440648015056
55,0.19188803460342543,51,0.36922383308410645,0.0019308186790772952
56,0.18996201946054186,51,0.36982226371765137,0.0019260151428835692
57,0.18705031634654318,51,0.34691309928894043,0.002911703113998687
58,0.18485312300707613,51,0.36876940727233887,0.0021971933394670518
59,0.18303441195189954,51,0.36579227447509766,0.0018187110551765862
60,0.18041849406808616,51,0.35074567794799805,0.002615917883813379
61,0.17796055311816078,51,0.36876916885375977,0.00245794094992538
62,0.17613726284035613,51,0.34737205505371094,0.0018232902778046456
63,0.17451813974763666,51,0.35361385345458984,0.001619123092719471
64,0.17228091561794281,51,0.36298680305480957,0.002237224129693849
65,0.17060188709731613,51,0.3693692684173584,0.0016790285206266797
66,0.16903892513683863,51,0.35370802879333496,0.0015629619604775047
67,0.16638455739298036,51,0.36377429962158203,0.0026543677438582713
68,0.16445982365203754,51,0.3533170223236084,0.001924733740942819
69,0.16239196301996708,51,0.36369824409484863,0.0020678606320704562
70,0.161534948118031,51,0.35333919525146484,0.0008570149019360707
71,0.1590374041710581,51,0.3472473621368408,0.0024975439469729077
72,0.1578388409816793,51,0.36931753158569336,0.001198563189378804
73,0.15601722417878253,51,0.3538236618041992,0.001821616802896775
74,0.15436963788739272,51,0.347334623336792,0.0016475862913898076
75,0.15219398245854038,51,0.35370850563049316,0.002175655428852341
76,0.15068081728049687,51,0.3634359836578369,0.0015131651780435074
77,0.14897558944991657,51,0.36926698684692383,0.0017052278305803026
78,0.1475731121131352,51,0.34726953506469727,0.0014024773367813659
79,0.14559085332921573,51,0.40070271492004395,0.0019822587839194716
80,0.1443833914569446,51,0.3538808822631836,0.0012074618722711372
81,0.14286628805952412,51,0.3473083972930908,0.0015171033974204773
82,0.14093423798148122,51,0.35350823402404785,0.0019320500780428962
83,0.13922768470432076,51,0.36721038818359375,0.0017065532771604608
84,0.13837149503401347,51,0.348919153213501,0.0008561896703072891
85,0.13687551679994378,51,0.35291290283203125,0.0014959782340696892
86,0.13437689223566227,51,0.362607479095459,0.0024986245642815152
87,0.13431810030447586,51,0.354109525680542,5.879193118640824e-05
88,0.13187480176346641,51,0.36331725120544434,0.002443298541009442
89,0.13103506609797477,51,0.38485240936279297,0.0008397356654916421
90,0.12938279126797403,51,0.38499951362609863,0.001652274830000744
91,0.12770265492584024,51,0.38447070121765137,0.0016801363421337923
92,0.12658836539196117,51,0.36933302879333496,0.0011142895338790704
93,0.1257206996610122,51,0.36342310905456543,0.0008676657309489577
94,0.12415902369788714,51,0.36955714225769043,0.0015616759631250643
95,0.12241472794115543,51,0.36865878105163574,0.0017442957567317119
96,0.12153584701355015,51,0.39658260345458984,0.0008788809276052828
97,0.12056534092341151,51,0.3518698215484619,0.0009705060901386425
98,0.11891176570792283,51,0.35373854637145996,0.001653575215488673
99,0.11739160612438407,51,0.3473334312438965,0.001520159583538766
100,0.1168213754221797,51,0.3854246139526367,0.000570230702204369
