1,2.3249584503855023,471,2.2057650089263916,Nan
2,2.289742413043976,471,0.14714837074279785,0.03521603734152645
3,2.2560591221536908,471,0.15366888046264648,0.0336832908902851
4,2.2233654964310783,471,0.16277647018432617,0.032693625722612474
5,2.1911019120897564,471,0.1536715030670166,0.03226358434132193
6,2.1590663740975518,471,0.15366363525390625,0.0320355379922046
7,2.127101682322366,471,0.16137170791625977,0.031964691775185905
8,2.0952262703350613,471,0.1572575569152832,0.03187541198730459
9,2.0632428684915816,471,0.15825867652893066,0.0319834018434797
10,2.030492181301117,471,0.1572577953338623,0.03275068719046459
11,1.9972571392399925,471,0.15775704383850098,0.03323504206112449
12,1.9637032228537967,471,0.15886807441711426,0.03355391638619576
13,1.9295655695710863,471,0.14791202545166016,0.034137653282710456
14,1.8945456348146712,471,0.15366458892822266,0.03501993475641507
15,1.8590693075997489,471,0.14715576171875,0.03547632721492233
16,1.823081826857158,471,0.1528775691986084,0.03598748074259084
17,1.7864528724125452,471,0.14725971221923828,0.03662895444461278
18,1.749561314208167,471,0.15366148948669434,0.03689155820437828
19,1.712342668567385,471,0.1468641757965088,0.03721864564078192
20,1.6747030232293265,471,0.1531660556793213,0.037639645338058525
21,1.6367022526604789,471,0.14719700813293457,0.03800077056884765
22,1.5988286298343113,471,0.15366482734680176,0.037873622826167574
23,1.5608175703116827,471,0.14715099334716797,0.03801105952262862
24,1.5229665649959019,471,0.15266132354736328,0.037851005315780784
25,1.485174142735345,471,0.14773082733154297,0.03779242226055679
26,1.447732174055917,471,0.15366363525390625,0.03744196867942806
27,1.4110980184418815,471,0.14715218544006348,0.03663415561403549
28,1.3744150660378593,471,0.15349841117858887,0.036682952404022195
29,1.3387203316688538,471,0.14715337753295898,0.0356947343690055
30,1.3037159772941045,471,0.15105748176574707,0.03500435437474936
31,1.269565883908953,471,0.1340336799621582,0.034150093385151514
32,1.2361565351826804,471,0.16678428649902344,0.03340934872627255
33,1.2035048906462533,471,0.13403010368347168,0.032651644536427105
34,1.1719664252485549,471,0.1652836799621582,0.031538465397698445
35,1.141304499387741,471,0.13509821891784668,0.030661925860813843
36,1.1117750220298768,471,0.16306304931640625,0.029529477357864264
37,1.083332152400698,471,0.13715386390686035,0.028442869629178746
38,1.0556210469688687,471,0.14714884757995605,0.027711105431829308
39,1.0293108305249896,471,0.15366816520690918,0.026310216443879098
40,1.0041024098226001,471,0.14714956283569336,0.02520842070238949
41,0.9797910694905689,471,0.1536695957183838,0.024311340332031195
42,0.9563675129243305,471,0.14688777923583984,0.0234235565662384
43,0.9341473127944129,471,0.15367436408996582,0.022220200129917655
44,0.9127967242172786,471,0.14714932441711426,0.021350588577134233
45,0.8923798982756479,471,0.15322446823120117,0.020416825941630745
46,0.8727763704231807,471,0.14715099334716797,0.019603527852467217
47,0.8541167315585273,471,0.15366697311401367,0.018659638864653383
48,0.8361980627604894,471,0.14693808555603027,0.01791866879803794
49,0.8193216368300574,471,0.15366768836975098,0.016876425930431926
50,0.8028645144871303,471,0.14715051651000977,0.016457122342927177
51,0.7873957642827715,471,0.15366578102111816,0.015468750204358783
52,0.7724581676040377,471,0.14714956283569336,0.014937596678733733
53,0.7582319386345999,471,0.15366649627685547,0.014226228969437815
54,0.7448215360471181,471,0.14715075492858887,0.013410402587481829
55,0.7317192467280796,471,0.15366625785827637,0.013102289319038452
56,0.7192267447369439,471,0.14698410034179688,0.012492501991135718
57,0.707252919963428,471,0.15366792678833008,0.01197382477351594
58,0.6958690368618284,471,0.14715051651000977,0.011383883101599546
59,0.6848657072782517,471,0.15366721153259277,0.011003329583576749
60,0.6743873883656093,471,0.14708781242370605,0.010478318912642393
61,0.6645773002420153,471,0.13804411888122559,0.009810088123593963
62,0.654747443318367,471,0.16277670860290527,0.00982985692364835
63,0.6453159558091844,471,0.13759255409240723,0.009431487509182546
64,0.6361981479610715,471,0.16277647018432617,0.009117807848112891
65,0.6277222048214504,471,0.13779997825622559,0.00847594313962119
66,0.6194640629291535,471,0.16277670860290527,0.0082581418922969
67,0.611268349477223,471,0.13769006729125977,0.008195713451930486
68,0.6036833168438502,471,0.14715051651000977,0.007585032633372735
69,0.5962743165322713,471,0.15366864204406738,0.007409000311578984
70,0.5892644189596176,471,0.14714741706848145,0.007009897572653689
71,0.5821738507577351,471,0.15322661399841309,0.0070905682018824745
72,0.5754781280415399,471,0.14714932441711426,0.006695722716195229
73,0.568983310529164,471,0.15366601943969727,0.0064948175123759055
74,0.5627632148606436,471,0.14715123176574707,0.006220095668520331
75,0.5567653263296399,471,0.15322470664978027,0.005997888531003692
76,0.5509352379015514,471,0.14670300483703613,0.00583008842808852
77,0.5452219050271171,471,0.15366721153259277,0.005713332874434318
78,0.5396621271882739,471,0.14714837074279785,0.005559777838843205
79,0.5345023538214819,471,0.15366578102111816,0.005159773366791964
80,0.5293354989205088,471,0.14683175086975098,0.005166854900973128
81,0.5241127171857016,471,0.1536705493927002,0.005222781734807169
82,0.5194379839641707,471,0.14714789390563965,0.004674733221530891
83,0.5147658507398196,471,0.13754010200500488,0.004672133224351116
84,0.5101464426602637,471,0.1476144790649414,0.0046194080795559644
85,0.5056706425717898,471,0.15339207649230957,0.004475800088473814
86,0.5014320936288152,471,0.14715266227722168,0.004238548942974596
87,0.4971747530358178,471,0.15337634086608887,0.004257340592997427
88,0.4930712445633752,471,0.14716553688049316,0.0041035084724426185
89,0.48903489186082566,471,0.15316486358642578,0.004036352702549539
90,0.4850573123693466,471,0.14743280410766602,0.003977579491479033
91,0.48154670355149676,471,0.15369892120361328,0.0035106088178498696
92,0.4777163056731224,471,0.14715218544006348,0.0038303978783743586
93,0.4739794176220894,471,0.15316319465637207,0.003736888051033005
94,0.47051926596675603,471,0.14751362800598145,0.0034601516553333656
95,0.46706219853673664,471,0.15366315841674805,0.0034570674300193893
96,0.4637403511490141,471,0.14715147018432617,0.003321847387722565
97,0.46052974090405874,471,0.15316414833068848,0.0032106102449553364
98,0.4573881149547441,471,0.14725041389465332,0.0031416259493146637
99,0.4543105498552322,471,0.15366387367248535,0.0030775650995118475
100,0.4510219182542392,471,0.14715075492858887,0.0032886316009930194
