1,281,489.4223269391741,Nan,0.12608599662780762
2,281,251.75393698992048,237.66838994925365,0.14909934997558594
3,281,196.41782648141043,55.336110508510046,0.1100766658782959
4,281,170.73121036202568,25.68661611938475,0.10907101631164551
5,281,114.21712164960589,56.51408871241979,0.10907196998596191
6,281,91.37865958077568,22.83846206883021,0.11107516288757324
7,281,71.65196583884104,19.72669374193464,0.11607766151428223
8,281,57.51685869053432,14.135107148306716,0.10707259178161621
9,281,49.349921004704065,8.166937685830256,0.10807323455810547
10,281,48.971942278180805,0.3779787265232599,0.1120748519897461
11,281,43.46657262965611,5.505369648524692,0.11408209800720215
12,281,42.132257234845845,1.3343153948102682,0.11006951332092285
13,281,40.23365784072876,1.8985993941170847,0.10606837272644043
14,281,45.99050045013428,-5.756842609405517,0.10607099533081055
15,281,35.4825294581822,10.507970991952078,0.10607147216796875
16,281,33.190312129974366,2.2922173282078333,0.11108255386352539
17,281,27.943477504185267,5.2468346257890985,0.1110677719116211
18,281,26.001943788528443,1.9415337156568242,0.10807204246520996
19,281,26.830336393083844,-0.8283926045554004,0.10707211494445801
20,281,27.727172348567418,-0.8968359554835743,0.1981351375579834
21,281,29.257343615940638,-1.5301712673732197,0.1090705394744873
22,281,31.150667775017876,-1.8933241590772383,0.10807156562805176
23,281,36.02140487561907,-4.870737100601193,0.10807275772094727
24,281,32.75756590488979,3.2638389707292816,0.11107516288757324
25,281,30.879735586166383,1.8778303187234044,0.11407947540283203
26,281,36.28153805923462,-5.401802473068237,0.1090707778930664
27,281,39.64766704913548,-3.366128989900858,0.12007975578308105
28,281,35.93857759094238,3.709089458193098,0.10607171058654785
29,281,33.655466262817384,2.2831113281249955,0.11007404327392578
30,281,47.68876855686733,-14.033302294049946,0.12308335304260254
31,281,37.83344500841413,9.8553235484532,0.11507606506347656
32,281,28.739023987361364,9.094421021052767,0.10506868362426758
33,281,24.192675531932284,4.546348455429079,0.11107659339904785
34,281,20.80198528780256,3.3906902441297255,0.10807299613952637
35,281,20.57568499347142,0.22630029433113918,0.16510939598083496
36,281,22.846948943274363,-2.271263949802943,0.1531078815460205
37,281,19.674346046311516,3.1726028969628466,0.11707425117492676
38,281,14.94474271079472,4.729603335516796,0.12108302116394043
39,281,9.944795004640307,4.999947706154414,0.11107254028320312
40,281,8.087528095790319,1.8572669088499882,0.11207342147827148
41,281,7.259456826210022,0.8280712695802963,0.10807466506958008
42,281,5.475886875391007,1.7835699508190155,0.10807204246520996
43,281,4.964103028740202,0.5117838466508049,0.11607766151428223
44,281,4.827413787637438,0.13668924110276404,0.11507678031921387
45,281,4.347015790752002,0.4803979968854355,0.11207723617553711
46,281,4.232008325099945,0.11500746565205766,0.10907220840454102
47,281,3.9202912510633467,0.311717074036598,0.10807085037231445
48,281,3.9528057546104702,-0.032514503547123486,0.12108230590820312
49,281,3.7697524744272233,0.18305328018324696,0.1070711612701416
50,281,3.5555158341271538,0.2142366403000695,0.10507059097290039
51,281,3.394276219742639,0.16123961438451495,0.1070718765258789
52,281,3.350078836270741,0.04419738347189783,0.1070704460144043
53,281,3.411562429904938,-0.061483593634196865,0.11407804489135742
54,281,3.507469104545457,-0.09590667464051927,0.1691138744354248
55,281,3.2246701515231813,0.28279895302227587,0.12208199501037598
56,281,3.229251611317907,-0.004581459794725795,0.11407637596130371
57,281,3.0947947290199145,0.13445688229799257,0.17011547088623047
58,281,2.9363481059244703,0.15844662309544422,0.11907815933227539
59,281,2.710593848509448,0.22575425741502242,0.12208294868469238
60,281,2.7415838666047367,-0.030990018095288896,0.1190786361694336
61,281,2.6042915835039957,0.13729228310074104,0.15310263633728027
62,281,2.549592304212706,0.05469927929128948,0.1120762825012207
63,281,2.425441291689873,0.12415101252283334,0.1120750904083252
64,281,2.3962223684191706,0.0292189232707023,0.11307597160339355
65,281,2.3551561770864895,0.04106619133268108,0.11507868766784668
66,281,2.2514507623229707,0.1037054147635188,0.10806870460510254
67,281,2.592172076174191,-0.3407213138512204,0.10707283020019531
68,281,2.276376434155873,0.3157956420183181,0.10907196998596191
69,281,2.209905601688794,0.06647083246707908,0.10607242584228516
70,281,2.3625837263720375,-0.1526781246832436,0.14709806442260742
71,281,2.170323440168585,0.1922602862034526,0.11307358741760254
72,281,2.2029082554919377,-0.03258481532335278,0.10407018661499023
73,281,1.9458298688658646,0.2570783866260731,0.10407114028930664
74,281,1.840064823878663,0.10576504498720163,0.10406875610351562
75,281,1.7868666088155338,0.05319821506312916,0.11207389831542969
76,281,1.7218853212680136,0.0649812875475202,0.10807394981384277
77,281,1.6285931930329118,0.0932921282351018,0.1070718765258789
78,281,1.6732211705829416,-0.044627977550029785,0.1621084213256836
79,281,1.7715500042949404,-0.09832883371199874,0.17111515998840332
80,281,1.5838407231058393,0.18770928118910102,0.11607646942138672
81,281,1.646279232612678,-0.06243850950683871,0.11407732963562012
82,281,1.6456394505075047,0.0006397821051733477,0.12308168411254883
83,281,1.7654337285203594,-0.1197942780128547,0.12308406829833984
84,281,1.561190856461014,0.20424287205934544,0.1330890655517578
85,281,1.4892775024814264,0.07191335397958754,0.1721174716949463
86,281,1.4198119041451387,0.06946559833628774,0.13108515739440918
87,281,1.369937974278416,0.04987392986672279,0.13409066200256348
88,281,1.3779881484082768,-0.008050174129860865,0.10807108879089355
89,281,1.3119563103318215,0.0660318380764553,0.10707330703735352
90,281,1.2889078424062048,0.023048467925616656,0.10807251930236816
91,281,1.275347477538245,0.013560364867959862,0.10807371139526367
92,281,1.3580425697607654,-0.08269509222252047,0.11807656288146973
93,281,1.4808360983984812,-0.12279352863771575,0.1641101837158203
94,281,1.3453098826876708,0.13552621571081036,0.10907483100891113
95,281,1.3876909059967313,-0.04238102330906046,0.11007165908813477
96,281,1.3431074097071376,0.04458349628959368,0.11508035659790039
97,281,1.493608104450362,-0.15050069474322436,0.10606908798217773
98,281,1.2878585449244295,0.20574955952593244,0.10606980323791504
99,281,1.1938716393368585,0.09398690558757106,0.1100759506225586
100,281,1.1395952939305987,0.05427634540625981,0.10506963729858398
