1,421,773.2181684657505,Nan,0.12608575820922852
2,421,297.5867476370675,475.631420828683,0.08105325698852539
3,421,307.60768729073664,-10.020939653669132,0.08905959129333496
4,421,180.52484239850725,127.08284489222939,0.09506511688232422
5,421,145.1976598249163,35.32718257359096,0.09406185150146484
6,421,138.00652860151018,7.191131223406103,0.0880584716796875
7,421,110.35432032339914,27.652208278111047,0.09506464004516602
8,421,93.01329364231654,17.341026681082596,0.12908601760864258
9,421,79.27178643798828,13.741507204328258,0.08905982971191406
10,421,76.07313933890207,3.198647099086216,0.09005999565124512
11,421,69.20725640542166,6.865882933480407,0.0930631160736084
12,421,65.78220300619942,3.425053399222236,0.08505749702453613
13,421,53.14175958142962,12.640443424769806,0.09006047248840332
14,421,53.71006120627267,-0.5683016248430519,0.08005213737487793
15,421,49.29305101667132,4.417010189601349,0.0860598087310791
16,421,44.71829970659528,4.574751310076039,0.09005880355834961
17,421,48.66197036198207,-3.9436706553867893,0.08405685424804688
18,421,51.5148545968192,-2.852884234837127,0.09506392478942871
19,421,47.32066179656982,4.194192800249375,0.08605813980102539
20,421,36.64532802472796,10.675333771841863,0.08505558967590332
21,421,38.75791485105242,-2.11258682632446,0.08906078338623047
22,421,38.2691681741987,0.4887466768537223,0.08905911445617676
23,421,31.182500621795654,7.086667552403043,0.08705806732177734
24,421,28.57555288696289,2.606947734832765,0.0930635929107666
25,421,21.571589402879987,7.003963484082902,0.08305525779724121
26,421,15.700610069956099,5.870979332923888,0.08405613899230957
27,421,15.385264642442976,0.31534542751312244,0.08705902099609375
28,421,10.558866996765136,4.82639764567784,0.0860590934753418
29,421,8.55812220287323,2.000744793891906,0.0880575180053711
30,421,7.625635024888175,0.9324871779850552,0.09506511688232422
31,421,6.528446787970407,1.0971882369177681,0.08305501937866211
32,421,5.960887804985046,0.5675589829853607,0.08505678176879883
33,421,5.575976725169591,0.38491107981545536,0.09206271171569824
34,421,5.167557357788086,0.4084193673815051,0.1310868263244629
35,421,4.865812285831996,0.30174507195608946,0.09106135368347168
36,421,4.662016921452113,0.2037953643798831,0.09006071090698242
37,421,4.41691642175402,0.24510049969809344,0.08305573463439941
38,421,4.281579407555716,0.13533701419830368,0.09206295013427734
39,421,4.045168722970145,0.23641068458557069,0.08705949783325195
40,421,3.9381258108956474,0.10704291207449801,0.0760488510131836
41,421,3.7489043103626796,0.18922150053296782,0.08605790138244629
42,421,3.576733732564109,0.1721705777985707,0.09106183052062988
43,421,3.348488602774484,0.22824512978962508,0.09006023406982422
44,421,3.1556263342584883,0.19286226851599553,0.09706497192382812
45,421,2.943763315337045,0.2118630189214432,0.09106183052062988
46,421,2.7165270938192094,0.22723622151783562,0.0760502815246582
47,421,2.5391852217742374,0.17734187204497198,0.0880587100982666
48,421,2.3843696107183185,0.1548156110559189,0.08305621147155762
49,421,2.2859849304471695,0.098384680271149,0.12508416175842285
50,421,2.181988667488098,0.10399626295907138,0.08705782890319824
51,421,2.0996122034617835,0.08237646402631471,0.0880587100982666
52,421,2.025999728679657,0.07361247478212629,0.07705187797546387
53,421,1.9584442845412664,0.06755544413839076,0.09106230735778809
54,421,1.8857098663193839,0.07273441822188254,0.08005237579345703
55,421,1.8214133059978486,0.0642965603215353,0.08505725860595703
56,421,1.7677643336227962,0.053648972375052395,0.08705854415893555
57,421,1.7077464367662156,0.060017896856580544,0.08705854415893555
58,421,1.6616618307999202,0.04608460596629538,0.08205485343933105
59,421,1.6073710598264421,0.05429077097347812,0.08705902099609375
60,421,1.5636764051914216,0.043694654635020536,0.08705782890319824
61,421,1.515979212658746,0.04769719253267568,0.08305525779724121
62,421,1.4779026818956646,0.03807653076308126,0.09506440162658691
63,421,1.437443381684167,0.040459300211497684,0.0810542106628418
64,421,1.3964079017298563,0.04103547995431067,0.08305621147155762
65,421,1.364072647367205,0.03233525436265139,0.09506464004516602
66,421,1.329425230230604,0.03464741713660091,0.09206056594848633
67,421,1.2960875943217958,0.03333763590880823,0.08906030654907227
68,421,1.2660385577508382,0.030049036570957588,0.10106754302978516
69,421,1.2346858429227556,0.03135271482808255,0.09106302261352539
70,421,1.2097227948222842,0.024963048100471452,0.09005904197692871
71,421,1.1796515533242906,0.03007124149799356,0.09206151962280273
72,421,1.1538771137339727,0.025774439590317888,0.09406304359436035
73,421,1.1280175542661122,0.02585955946786056,0.08405590057373047
74,421,1.1044031300885337,0.02361442417757842,0.0880589485168457
75,421,1.0811600449255534,0.023243085162980348,0.08005356788635254
76,421,1.0616289444480624,0.01953110047749096,0.12308263778686523
77,421,1.0372111304317202,0.024417814016342243,0.09106111526489258
78,421,1.017637836422239,0.019573294009481268,0.08505725860595703
79,421,0.9982441309349878,0.019393705487251167,0.08405637741088867
80,421,0.9801245805365699,0.01811955039841784,0.09106111526489258
81,421,0.9601322228057044,0.019992357730865495,0.08505797386169434
82,421,0.9442491351536342,0.01588308765207025,0.08205461502075195
83,421,0.9247928916897092,0.019456243463924938,0.08705830574035645
84,421,0.9098393198762621,0.014953571813447142,0.0880591869354248
85,421,0.8937491393259593,0.016090180550302757,0.0810537338256836
86,421,0.8779608907018389,0.015788248624120427,0.09306478500366211
87,421,0.8631131025723049,0.014847788129534023,0.08005428314208984
88,421,0.8483921167509897,0.014720985821315202,0.09306216239929199
89,421,0.832997660108975,0.015394456642014664,0.0880589485168457
90,421,0.8207052223001208,0.01229243780885425,0.12808537483215332
91,421,0.8086604232788086,0.01204479902131217,0.08305644989013672
92,421,0.7936184413603374,0.01504198191847117,0.09606385231018066
93,421,0.7820022241047451,0.011616217255592365,0.08305621147155762
94,421,0.7707365177529198,0.011265706351825222,0.08505773544311523
95,421,0.7569411873306547,0.013795330422265106,0.0880582332611084
96,421,0.7468094349588666,0.010131752371788094,0.08405661582946777
97,421,0.7359146438155856,0.010894791143281068,0.09406399726867676
98,421,0.7247810613087246,0.011133582506861028,0.0880584716796875
99,421,0.7139414057135582,0.010839655595166309,0.09806609153747559
100,421,0.7042079907996314,0.009733414913926874,0.10406970977783203
101,421,0.694617257467338,0.009590733332293322,0.12808680534362793
102,421,0.6840551370637757,0.010562120403562303,0.09706473350524902
103,421,0.6743385205439159,0.009716616519859889,0.09106230735778809
104,421,0.6665710795521737,0.007767440991742203,0.08705902099609375
105,421,0.6567052389979362,0.009865840554237448,0.09506416320800781
106,421,0.6485560196042061,0.008149219393730145,0.0880577564239502
107,421,0.6391256372417723,0.009430382362433765,0.0860586166381836
108,421,0.6320395315800394,0.007086105661732844,0.09105920791625977
109,421,0.6229822351847376,0.00905729639530184,0.09006094932556152
110,421,0.6153949374982289,0.007587297686508676,0.08205628395080566
111,421,0.608567968249321,0.00682696924890791,0.09106111526489258
112,421,0.599802798305239,0.008765169944082052,0.08705878257751465
113,421,0.5925848213859967,0.007217976919242308,0.08605718612670898
114,421,0.5853082290717534,0.007276592314243269,0.08905982971191406
115,421,0.5786974813852991,0.00661074768645431,0.0880591869354248
116,421,0.5711445969683784,0.007552884416920702,0.13408946990966797
117,421,0.5651575800350734,0.005987016933304945,0.09106111526489258
118,421,0.5580629541703633,0.007094625864710102,0.08205533027648926
119,421,0.551745529796396,0.0063174243739673175,0.09706425666809082
120,421,0.5452975347978728,0.006447994998523221,0.08605694770812988
121,421,0.5392555487326214,0.006041986065251415,0.08205556869506836
122,421,0.5329178124751364,0.006337736257485016,0.08905959129333496
123,421,0.5276484150035041,0.005269397471632242,0.09706616401672363
124,421,0.521373476752213,0.006274938251291107,0.08905982971191406
125,421,0.5156150193214416,0.005758457430771413,0.09406375885009766
126,421,0.5100818742087909,0.005533145112650684,0.08605647087097168
127,421,0.5043672858646938,0.005714588344097105,0.08005380630493164
128,421,0.4996399786131723,0.00472730725152154,0.08705878257751465
129,421,0.49381482934100285,0.005825149272169428,0.08605813980102539
130,421,0.4889816924078124,0.0048331369331904295,0.0810537338256836
131,421,0.4842058801054955,0.00477581230231694,0.13909435272216797
132,421,0.478491226034505,0.005714654070990477,0.08105325698852539
133,421,0.4741479861991746,0.004343239835330415,0.0810551643371582
134,421,0.46913758615085055,0.005010400048324037,0.09006118774414062
135,421,0.4646732850415366,0.004464301109313951,0.09406399726867676
136,421,0.4599706108570099,0.0047026741845266895,0.08605718612670898
137,421,0.4556730296441487,0.004297581212861223,0.10207128524780273
138,421,0.45093286830186846,0.004740161342280225,0.0880587100982666
139,421,0.44697267873798097,0.003960189563887495,0.08405566215515137
140,421,0.44263800814322063,0.004334670594760337,0.08705878257751465
141,421,0.4379869722042765,0.004651035938944115,0.07905220985412598
142,421,0.434648272054536,0.0033387001497405255,0.08005332946777344
143,421,0.4302289450934955,0.004419326961040471,0.0930631160736084
144,421,0.4261206645965576,0.004108280496937899,0.08905816078186035
145,421,0.42223578413895196,0.003884880457605655,0.08605837821960449
146,421,0.4187133535231863,0.0035224306157656815,0.09406256675720215
147,421,0.4148515221817153,0.0038618313414710004,0.08705854415893555
148,421,0.410884237408638,0.003967284773077284,0.08705854415893555
149,421,0.40724687779801233,0.003637359610625668,0.09106230735778809
150,421,0.4036827482836587,0.0035641295143536422,0.08905768394470215
151,421,0.4002715830632618,0.003411165220396861,0.07805228233337402
152,421,0.39664908373355867,0.003622499329703155,0.0950624942779541
153,421,0.39334588394846237,0.0033031997850963,0.08405566215515137
154,421,0.3899378188422748,0.0034080651061875744,0.09206175804138184
155,421,0.38647908043009893,0.0034587384121758658,0.09306192398071289
156,421,0.3831937594498907,0.0032853209802082284,0.09106135368347168
157,421,0.3802189336333956,0.002974825816495108,0.08405804634094238
158,421,0.376873979985714,0.0033449536476816144,0.13508939743041992
159,421,0.374042114845344,0.0028318651403699824,0.08305692672729492
160,421,0.37082918684823174,0.003212927997112258,0.08305573463439941
161,421,0.3676814636502947,0.003147723197937047,0.0930628776550293
162,421,0.3648599181771278,0.0028215454731668754,0.08505535125732422
163,421,0.3619133417265756,0.0029465764505522407,0.08205461502075195
164,421,0.35891216242313384,0.0030011793034417367,0.09406328201293945
165,421,0.35621628777469905,0.002695874648434793,0.08505725860595703
166,421,0.35336269949589455,0.0028535882788044975,0.08205509185791016
167,421,0.3505545376198632,0.0028081618760313343,0.08705830574035645
168,421,0.34788992037091937,0.0026646172489438458,0.09106111526489258
169,421,0.3453499214351177,0.002539998935801646,0.08405685424804688
170,421,0.34249205597383636,0.0028578654612813614,0.09206175804138184
171,421,0.3397130853278296,0.00277897064600674,0.08405566215515137
172,421,0.33745398798159193,0.002259097346237693,0.1290891170501709
173,421,0.3346805930052485,0.002773394976343435,0.08905768394470215
174,421,0.33229089599847794,0.0023896970067705525,0.0880587100982666
175,421,0.3296157045492104,0.0026751914492675333,0.09206128120422363
176,421,0.32740212648681233,0.0022135780623980805,0.08205437660217285
177,421,0.3247632910438946,0.0026388354429177086,0.08305573463439941
178,421,0.32271255060178894,0.0020507404421056807,0.09106111526489258
179,421,0.31998919043796403,0.002723360163824906,0.08906030654907227
180,421,0.3178874272746699,0.0021017631632941347,0.08905959129333496
181,421,0.31566260432771276,0.002224822946957139,0.0930624008178711
182,421,0.31329974850160736,0.0023628558261054033,0.08705782890319824
183,421,0.31091256789650235,0.0023871806051050104,0.07505059242248535
184,421,0.3090221981533936,0.001890369743108744,0.08705854415893555
185,421,0.3065494344234467,0.002472763729946925,0.0950632095336914
186,421,0.30461992594599724,0.0019295084774494375,0.08005356788635254
187,421,0.30242969579356055,0.0021902301524366896,0.10307002067565918
188,421,0.30039944432462967,0.002030251468930877,0.08505749702453613
189,421,0.2984077561710562,0.0019916881535734787,0.08905887603759766
190,421,0.2961901237453733,0.0022176324256829028,0.0930640697479248
191,421,0.2944639709123543,0.001726152833018968,0.08505606651306152
192,421,0.2922408137917519,0.002223157120602448,0.0880584716796875
193,421,0.2904616477532046,0.0017791660385472752,0.09706568717956543
194,421,0.28843705307160106,0.002024594681603542,0.08505582809448242
195,421,0.2865879617886884,0.0018490912829126627,0.08805990219116211
196,421,0.2846661213040352,0.0019218404846532144,0.09005999565124512
197,421,0.28267334235140257,0.0019927789526326123,0.08505678176879883
198,421,0.2808928456221308,0.0017804967292717744,0.08705854415893555
199,421,0.2791080889616694,0.0017847566604614062,0.13709211349487305
200,421,0.2774013451891286,0.0017067437725407641,0.08405685424804688
