1,101,111.9011031276158,Nan,0.1430954933166504
2,101,40.68288041087559,71.2182227167402,0.12608671188354492
3,101,33.179960349491665,7.502920061383925,0.13409137725830078
4,101,26.189859573636735,6.9901007758549305,0.12708616256713867
5,101,22.813824038641794,3.3760355349949407,0.12808704376220703
6,101,19.46426320866176,3.3495608299800352,0.12808561325073242
7,101,18.7508926386152,0.7133705700465605,0.1340923309326172
8,101,16.1202930087362,2.630599629878997,0.12408328056335449
9,101,13.827780171530588,2.2925128372056136,0.1290886402130127
10,101,14.06593215901511,-0.23815198748452282,0.12408328056335449
11,101,11.35561147390093,2.71032068511418,0.13109207153320312
12,101,7.886841796568461,3.468769677332469,0.12908530235290527
13,101,8.498453633853368,-0.6116118372849062,0.12708306312561035
14,101,7.705344576614244,0.793109057239124,0.12708759307861328
15,101,5.773807345041207,1.9315372315730368,0.12608599662780762
16,101,4.429009730952127,1.3447976140890798,0.13709211349487305
17,101,4.304949249557087,0.12406048139504033,0.1260850429534912
18,101,4.209782776809164,0.09516647274792245,0.12708783149719238
19,101,4.114367899571146,0.09541487723801811,0.1260833740234375
20,101,4.163831891611219,-0.04946399204007257,0.13308954238891602
21,101,2.3256974609834806,1.838134430627738,0.12508535385131836
22,101,1.2251554985892559,1.1005419623942247,0.1290888786315918
23,101,1.0333813236057758,0.19177417498348004,0.12508463859558105
24,101,0.9981824919251459,0.03519883168062998,0.1360924243927002
25,101,0.8099741005008774,0.18820839142426848,0.13409185409545898
26,101,0.605758591375979,0.2042155091248984,0.13308954238891602
27,101,0.21437412983125875,0.39138446154472023,0.13208842277526855
28,101,0.10745741507583963,0.10691671475541913,0.1410975456237793
29,101,0.0688140831243779,0.03864333195146173,0.1280837059020996
30,101,0.04975072230438569,0.019063360819992207,0.1290886402130127
31,101,0.04547141721731584,0.0042793050870698485,0.12808656692504883
32,101,0.04196491534209677,0.003506501875219066,0.13409018516540527
33,101,0.039354146750510806,0.002610768591585967,0.1260852813720703
34,101,0.037374477692214504,0.0019796690582963017,0.12708687782287598
35,101,0.03557329696330375,0.0018011807289107576,0.12508487701416016
36,101,0.03410858566101108,0.0014647113022926636,0.13509106636047363
37,101,0.03284959188130285,0.0012589937797082354,0.12908720970153809
38,101,0.03167420946021697,0.001175382421085877,0.12708592414855957
39,101,0.030640218771994115,0.0010339906882228557,0.12808656692504883
40,101,0.029724268394655414,0.0009159503773387007,0.13809466361999512
41,101,0.028846452614292504,0.0008778157803629102,0.1290876865386963
42,101,0.028092927043259677,0.0007535255710328266,0.12808609008789062
43,101,0.027359013468625824,0.0007339135746338536,0.12508511543273926
44,101,0.026678632290036017,0.0006803811785898069,0.1380939483642578
45,101,0.026043416013874644,0.0006352162761613725,0.12808561325073242
46,101,0.025458264404974347,0.0005851516089002973,0.12608623504638672
47,101,0.024869095246440598,0.0005891691585337491,0.12908720970153809
48,101,0.02435300039386909,0.0005160948525715081,0.13208961486816406
49,101,0.023849839042938713,0.000503161350930377,0.12908625602722168
50,101,0.023383950547448226,0.00046588849549048655,0.12808752059936523
51,101,0.022947753687522242,0.0004361968599259844,0.13008785247802734
52,101,0.02250334894477523,0.00044440474274701214,0.13409018516540527
53,101,0.022116435337878233,0.0003869136068969971,0.13008856773376465
54,101,0.02174219207512215,0.00037424326275608405,0.13209009170532227
55,101,0.021366550547802555,0.0003756415273195937,0.12908697128295898
56,101,0.02102643100797598,0.00034011953982657564,0.136091947555542
57,101,0.020675396758264727,0.00035103424971125174,0.1290884017944336
58,101,0.02037940300256014,0.00029599375570458705,0.12708520889282227
59,101,0.020048274569745575,0.0003311284328145654,0.12508440017700195
60,101,0.019765916414026703,0.00028235815571887174,0.12608838081359863
61,101,0.0194636586013117,0.00030225781271500315,0.13208746910095215
62,101,0.019199751916008867,0.0002639066853028331,0.1310887336730957
63,101,0.018923613902780093,0.0002761380132287744,0.1310873031616211
64,101,0.018670054519415967,0.0002535593833641256,0.12708711624145508
65,101,0.01841759027261287,0.0002524642468030962,0.13409042358398438
66,101,0.01817698868743277,0.0002406015851801023,0.12908720970153809
67,101,0.0179407026257499,0.00023628606168286936,0.12708783149719238
68,101,0.01771034320270909,0.00023035942304081014,0.1290874481201172
69,101,0.017493305317724923,0.0002170378849841656,0.13509058952331543
70,101,0.01727268019524802,0.00022062512247690222,0.1290907859802246
71,101,0.017071889709548226,0.00020079048569979566,0.126082181930542
72,101,0.016867094106040894,0.00020479560350733159,0.1240839958190918
73,101,0.01666970889257001,0.00019738521347088464,0.13409113883972168
74,101,0.016482292205960092,0.0001874166866099175,0.13008737564086914
75,101,0.016286263225001416,0.00019602898095867627,0.1290874481201172
76,101,0.01611150921488713,0.00017475401011428707,0.14209723472595215
77,101,0.015921766835397907,0.00018974237948922099,0.15410304069519043
78,101,0.01574316026782617,0.00017860656757173743,0.12808728218078613
79,101,0.015580870969154472,0.00016228929867169797,0.12808728218078613
80,101,0.015405784011485853,0.0001750869576686194,0.12908673286437988
81,101,0.01524190774393667,0.00016387626754918276,0.13209128379821777
82,101,0.015091068658977747,0.0001508390849589234,0.1260831356048584
83,101,0.014927131585111575,0.00016393707386617128,0.12608695030212402
84,101,0.01477785180302869,0.000149279782082885,0.12508463859558105
85,101,0.014633807750219214,0.0001440440528094767,0.13709211349487305
86,101,0.014487139417124647,0.00014666833309456666,0.12808585166931152
87,101,0.014347933997333582,0.00013920541979106464,0.12808823585510254
88,101,0.014208293947457736,0.0001396400498758464,0.12808680534362793
89,101,0.014075437477922866,0.00013285646953486996,0.13509202003479004
90,101,0.01394080055125856,0.00013463692666430653,0.1290876865386963
91,101,0.013813395013234446,0.00012740553802411368,0.1330890655517578
92,101,0.013684931635790105,0.0001284633774443402,0.12808561325073242
93,101,0.013564962129042084,0.0001199695067480213,0.13709306716918945
94,101,0.013443943222984672,0.0001210189060574119,0.12508535385131836
95,101,0.0133232872112255,0.000120656011759172,0.12508511543273926
96,101,0.013207335126719304,0.00011595208450619621,0.12608551979064941
97,101,0.01309745371228616,0.00010988141443314323,0.13508963584899902
98,101,0.012977896803723915,0.0001195569085622461,0.12808799743652344
99,101,0.012877962430007757,9.993437371615815e-05,0.12908673286437988
100,101,0.01276431816510324,0.00011364426490451628,0.12708640098571777
