1,351,1048463398356.8757,Nan,0.03001999855041504
2,351,121597.61677525111,1048463276759.2589,0.03302264213562012
3,351,330.27080503627235,121267.34597021484,0.03702712059020996
4,351,330.27080503627235,0.0,0.044031381607055664
5,351,330.27080503627235,0.0,0.03502225875854492
6,351,330.27080503627235,0.0,0.036025047302246094
7,351,330.27080503627235,0.0,0.02901911735534668
8,351,330.27080503627235,0.0,0.03001999855041504
9,351,330.27080503627235,0.0,0.030020952224731445
10,351,330.27080503627235,0.0,0.03602433204650879
11,351,330.27080503627235,0.0,0.03002023696899414
12,351,330.27080503627235,0.0,0.028019189834594727
13,351,330.27080503627235,0.0,0.05003643035888672
14,351,330.27080503627235,0.0,0.03502178192138672
15,351,330.27080503627235,0.0,0.033023834228515625
16,351,330.27080503627235,0.0,0.049031972885131836
17,351,330.27080503627235,0.0,0.03502464294433594
18,351,330.27080503627235,0.0,0.03802609443664551
19,351,330.27080503627235,0.0,0.04002881050109863
20,351,330.27080503627235,0.0,0.03502202033996582
21,351,330.27080503627235,0.0,0.036025285720825195
22,351,330.27080503627235,0.0,0.03302288055419922
23,351,330.27080503627235,0.0,0.0380244255065918
24,351,330.27080503627235,0.0,0.05303788185119629
25,351,330.27080503627235,0.0,0.08705973625183105
26,351,330.27080503627235,0.0,0.08405828475952148
27,351,330.27080503627235,0.0,0.04002571105957031
28,351,330.27080503627235,0.0,0.04002809524536133
29,351,330.27080503627235,0.0,0.039026498794555664
30,351,330.27080503627235,0.0,0.08005523681640625
31,351,330.27080503627235,0.0,0.04603075981140137
32,351,330.27080503627235,0.0,0.04603171348571777
33,351,330.27080503627235,0.0,0.049033164978027344
34,351,330.27080503627235,0.0,0.04203009605407715
35,351,330.27080503627235,0.0,0.03702378273010254
36,351,330.27080503627235,0.0,0.03702497482299805
37,351,330.27080503627235,0.0,0.03302288055419922
38,351,330.27080503627235,0.0,0.03302145004272461
39,351,330.27080503627235,0.0,0.034023284912109375
40,351,330.27080503627235,0.0,0.03602480888366699
41,351,330.27080503627235,0.0,0.03302359580993652
42,351,330.27080503627235,0.0,0.03402233123779297
43,351,330.27080503627235,0.0,0.03402447700500488
44,351,330.27080503627235,0.0,0.03001999855041504
45,351,330.27080503627235,0.0,0.036023855209350586
46,351,330.27080503627235,0.0,0.029021024703979492
47,351,330.27080503627235,0.0,0.029019832611083984
48,351,330.27080503627235,0.0,0.033022165298461914
49,351,330.27080503627235,0.0,0.03602480888366699
50,351,330.27080503627235,0.0,0.028018474578857422
51,351,330.27080503627235,0.0,0.03202223777770996
52,351,330.27080503627235,0.0,0.03302335739135742
53,351,330.27080503627235,0.0,0.03202080726623535
54,351,330.27080503627235,0.0,0.03502392768859863
55,351,330.27080503627235,0.0,0.032024383544921875
56,351,330.27080503627235,0.0,0.03001856803894043
57,351,330.27080503627235,0.0,0.036023855209350586
58,351,330.27080503627235,0.0,0.03402376174926758
59,351,330.27080503627235,0.0,0.07505178451538086
60,351,330.27080503627235,0.0,0.03602433204650879
61,351,330.27080503627235,0.0,0.03402447700500488
62,351,330.27080503627235,0.0,0.03602337837219238
63,351,330.27080503627235,0.0,0.03602433204650879
64,351,330.27080503627235,0.0,0.03602457046508789
65,351,330.27080503627235,0.0,0.038027048110961914
66,351,330.27080503627235,0.0,0.03602480888366699
67,351,330.27080503627235,0.0,0.035022735595703125
68,351,330.27080503627235,0.0,0.03602433204650879
69,351,330.27080503627235,0.0,0.03702545166015625
70,351,330.27080503627235,0.0,0.03602480888366699
71,351,330.27080503627235,0.0,0.03402280807495117
72,351,330.27080503627235,0.0,0.032022953033447266
73,351,330.27080503627235,0.0,0.0380253791809082
74,351,330.27080503627235,0.0,0.03902721405029297
75,351,330.27080503627235,0.0,0.03002023696899414
76,351,330.27080503627235,0.0,0.03402256965637207
77,351,330.27080503627235,0.0,0.036025047302246094
78,351,330.27080503627235,0.0,0.036025285720825195
79,351,330.27080503627235,0.0,0.03702545166015625
80,351,330.27080503627235,0.0,0.0360257625579834
81,351,330.27080503627235,0.0,0.03702378273010254
82,351,330.27080503627235,0.0,0.03402304649353027
83,351,330.27080503627235,0.0,0.03502345085144043
84,351,330.27080503627235,0.0,0.030025243759155273
85,351,330.27080503627235,0.0,0.027014493942260742
86,351,330.27080503627235,0.0,0.03402352333068848
87,351,330.27080503627235,0.0,0.035027265548706055
88,351,330.27080503627235,0.0,0.03301858901977539
89,351,330.27080503627235,0.0,0.030019760131835938
90,351,330.27080503627235,0.0,0.03302311897277832
91,351,330.27080503627235,0.0,0.03302335739135742
92,351,330.27080503627235,0.0,0.03502345085144043
93,351,330.27080503627235,0.0,0.06804800033569336
94,351,330.27080503627235,0.0,0.04703021049499512
95,351,330.27080503627235,0.0,0.04203081130981445
96,351,330.27080503627235,0.0,0.04102730751037598
97,351,330.27080503627235,0.0,0.04503011703491211
98,351,330.27080503627235,0.0,0.04202890396118164
99,351,330.27080503627235,0.0,0.041028499603271484
100,351,330.27080503627235,0.0,0.04102754592895508
