1,461,878.7385721086774,Nan,0.07104659080505371
2,461,320.4852856488909,558.2532864597865,0.07505178451538086
3,461,249.39613814871652,71.08914750017439,0.10807299613952637
4,461,235.2044912763323,14.191646872384212,0.0790548324584961
5,461,173.66524891444615,61.53924236188615,0.08405351638793945
6,461,140.97016454424178,32.69508437020437,0.06304359436035156
7,461,119.45513300868443,21.515031535557355,0.07705211639404297
8,461,96.6938973802839,22.761235628400527,0.07304906845092773
9,461,88.58999448939733,8.103902890886573,0.09105825424194336
10,461,82.11659126935686,6.473403220040467,0.06504344940185547
11,461,73.689159664699,8.427431604657855,0.07605195045471191
12,461,64.91114961351667,8.778010051182335,0.0740499496459961
13,461,58.932047077723915,5.979102535792755,0.0640418529510498
14,461,49.1724686693464,9.759578408377514,0.06104230880737305
15,461,43.86712179347447,5.305346875871933,0.08705735206604004
16,461,39.33656950814383,4.530552285330636,0.06304383277893066
17,461,34.52959683718,4.80697267096383,0.07505035400390625
18,461,34.66475278363909,-0.13515594645908635,0.06704306602478027
19,461,31.474229467936926,3.190523315702162,0.07305288314819336
20,461,28.825214909689766,2.64901455824716,0.08105158805847168
21,461,21.69849754851205,7.126717361177715,0.06604433059692383
22,461,19.659653401783533,2.0388441467285183,0.07705020904541016
23,461,15.481100031444004,4.178553370339529,0.07304835319519043
24,461,14.12593622316633,1.3551638082776751,0.11707830429077148
25,461,11.662888215746198,2.463048007420131,0.07605171203613281
26,461,10.350223972184317,1.3126642435618816,0.07505035400390625
27,461,9.197744659423828,1.152479312760489,0.07004642486572266
28,461,8.10815616280692,1.0895884966169085,0.08605790138244629
29,461,7.4401771358762465,0.6679790269306727,0.07004642486572266
30,461,6.80893172114236,0.6312454147338862,0.07805418968200684
31,461,6.246865601539612,0.5620661196027488,0.06804537773132324
32,461,5.81978016444615,0.4270854370934618,0.07304763793945312
33,461,5.375867535659245,0.4439126287869044,0.07104897499084473
34,461,5.025387127195086,0.3504804084641595,0.07605147361755371
35,461,4.70159394632067,0.3237931808744161,0.07104659080505371
36,461,4.4106281713077005,0.2909657750129693,0.07104825973510742
37,461,4.130021168436323,0.28060700287137763,0.07805180549621582
38,461,3.911948175907135,0.218072992529188,0.07805132865905762
39,461,3.683849784374237,0.2280983915328978,0.07104897499084473
40,461,3.4923077872821264,0.19154199709211062,0.08205413818359375
41,461,3.3189338384355818,0.17337394884654467,0.10607290267944336
42,461,3.158223168849945,0.16071066958563662,0.08205413818359375
43,461,3.0124300280979703,0.1457931407519748,0.07705163955688477
44,461,2.871291245324271,0.1411387827736994,0.07004666328430176
45,461,2.7495408356530326,0.12175040967123829,0.08505725860595703
46,461,2.632671957595008,0.1168688780580247,0.08505725860595703
47,461,2.5275706198215486,0.10510133777345931,0.07204866409301758
48,461,2.429472468818937,0.09809815100261154,0.08705735206604004
49,461,2.3329851196834017,0.09648734913553536,0.06704425811767578
50,461,2.2472558174814496,0.08572930220195207,0.07705068588256836
51,461,2.1657415986401696,0.08151421884128007,0.07204914093017578
52,461,2.0908704211030686,0.07487117753710093,0.07805204391479492
53,461,2.020500408445086,0.0703700126579827,0.0690460205078125
54,461,1.9546600379943848,0.06584037045070112,0.06504297256469727
55,461,1.8901199137823923,0.06454012421199251,0.08705854415893555
56,461,1.8313935690947942,0.058726344687598075,0.0810546875
57,461,1.7758436335154941,0.0555499355793001,0.07705259323120117
58,461,1.7234079439640044,0.052435689551489695,0.0670461654663086
59,461,1.6722026488780974,0.05120529508590699,0.07204794883728027
60,461,1.6258629069328308,0.04633974194526669,0.07304883003234863
61,461,1.5812895696844373,0.04457333724839341,0.07905125617980957
62,461,1.5378646493128367,0.04342492037160062,0.11107468605041504
63,461,1.4979276594264166,0.03993698988642014,0.07805323600769043
64,461,1.4579293931552342,0.039998266271182414,0.07605218887329102
65,461,1.4220168248244693,0.03591256833076484,0.07304763793945312
66,461,1.386322476199695,0.035694348624774275,0.0760502815246582
67,461,1.3515284792525428,0.03479399694715224,0.07705235481262207
68,461,1.3189952159438814,0.032533263308661464,0.06804585456848145
69,461,1.2882936560085843,0.030701559935297107,0.07204818725585938
70,461,1.2591464234249932,0.029147232583591087,0.0640418529510498
71,461,1.2290263415745326,0.030120081850460556,0.07905292510986328
72,461,1.2024803485189166,0.026545993055616002,0.08105683326721191
73,461,1.1756703172240939,0.026810031294822734,0.08505558967590332
74,461,1.1504766572202956,0.0251936600037983,0.07304811477661133
75,461,1.1261665048088345,0.02431015241146106,0.07805252075195312
76,461,1.1028878459589821,0.023278658849852363,0.07304787635803223
77,461,1.080113854425294,0.022773991533688198,0.07204937934875488
78,461,1.0587589855194093,0.021354868905884672,0.07404875755310059
79,461,1.0383380850723811,0.020420900447028156,0.08005428314208984
80,461,1.0174447189910072,0.020893366081373932,0.06804609298706055
81,461,0.9982799151795251,0.019164803811482112,0.07905411720275879
82,461,0.9799237333025251,0.018356181876999944,0.0740504264831543
83,461,0.9613652065481458,0.0185585267543793,0.11007308959960938
84,461,0.9441912746599742,0.017173931888171623,0.08005475997924805
85,461,0.9266009176458632,0.017590357014111047,0.07505106925964355
86,461,0.910635877932821,0.015965039713042195,0.06604576110839844
87,461,0.8951897648913519,0.015446113041469034,0.08005213737487793
88,461,0.8796888530424662,0.01550091184888569,0.06804561614990234
89,461,0.8642835193020957,0.015405333740370564,0.07204818725585938
90,461,0.8505541018247604,0.013729417477335248,0.06404352188110352
91,461,0.8365686294691903,0.013985472355570128,0.07505106925964355
92,461,0.8224697108268738,0.014098918642316494,0.07705187797546387
93,461,0.8098629232474736,0.012606787579400258,0.07705020904541016
94,461,0.7970194523675102,0.012843470879963403,0.07605195045471191
95,461,0.7846042610406876,0.012415191326822561,0.07204675674438477
96,461,0.7724882585321154,0.012116002508572143,0.08505868911743164
97,461,0.7608343586240496,0.011653899908065868,0.09206342697143555
98,461,0.7495193307740348,0.011315027850014814,0.07604837417602539
99,461,0.7385260862026896,0.010993244571345206,0.07705187797546387
100,461,0.7278891790424075,0.010636907160282094,0.08605742454528809
101,461,0.7167576493365424,0.011131529705865062,0.07004857063293457
102,461,0.7071778866222926,0.009579762714249762,0.11307454109191895
103,461,0.6971884442993572,0.009989442322935416,0.0830540657043457
104,461,0.6873914868576186,0.009796957441738585,0.06904792785644531
105,461,0.6782040711641312,0.009187415693487466,0.07004618644714355
106,461,0.6687833469169481,0.009420724247183099,0.0670464038848877
107,461,0.6601882888334138,0.008595058083534224,0.08405685424804688
108,461,0.6512009691085134,0.008987319724900411,0.07304883003234863
109,461,0.6425999177268573,0.008601051381656122,0.0740511417388916
110,461,0.6342472739304815,0.008352643796375792,0.07605123519897461
111,461,0.6262980895127569,0.00794918441772463,0.07805109024047852
112,461,0.618266967007092,0.008031122505664845,0.0740509033203125
113,461,0.6104920072470392,0.007774959760052824,0.07104659080505371
114,461,0.6030424580403737,0.007449549206665518,0.0740501880645752
115,461,0.5956227095467703,0.007419748493603384,0.07505178451538086
116,461,0.5884470597335271,0.007175649813243257,0.07805109024047852
117,461,0.5810500089951924,0.007397050738334632,0.07104635238647461
118,461,0.5745095984765461,0.006540410518646289,0.07905459403991699
119,461,0.5675859816925867,0.006923616783959474,0.07905268669128418
120,461,0.560882375725678,0.006703605966908666,0.0740509033203125
121,461,0.5545570533360754,0.0063253223896025945,0.07304739952087402
122,461,0.5479087010792324,0.006648352256843015,0.07705259323120117
123,461,0.5419412759797914,0.005967425099441037,0.11908221244812012
124,461,0.5358229200925145,0.006118355887276827,0.08405733108520508
125,461,0.5297575173377991,0.006065402754715454,0.07404828071594238
126,461,0.5238380763445581,0.005919440993240932,0.07705116271972656
127,461,0.5180335623025895,0.005804514041968689,0.08005380630493164
128,461,0.5126884024909565,0.005345159811632971,0.07304811477661133
129,461,0.5069738429869924,0.005714559503964045,0.08005619049072266
130,461,0.5014839257427625,0.00548991724422998,0.07905006408691406
131,461,0.49639416188853125,0.005089763854231211,0.0690464973449707
132,461,0.49099993652105334,0.005394225367477912,0.07505154609680176
133,461,0.48604944315126963,0.004950493369783704,0.07204818725585938
134,461,0.4809110230377742,0.005138420113495412,0.06504487991333008
135,461,0.47613305657250543,0.00477796646526879,0.07304716110229492
136,461,0.47139531515325817,0.0047377414192472656,0.08005452156066895
137,461,0.46639466905593874,0.005000646097319428,0.07905364036560059
138,461,0.4618942715695926,0.004500397486346119,0.07405304908752441
139,461,0.45743200387273514,0.00446226769685748,0.07204556465148926
140,461,0.45267877702202114,0.0047532268507139985,0.07505202293395996
141,461,0.4483251672727721,0.004353609749249032,0.06704378128051758
142,461,0.44413739227397103,0.004187774998801075,0.07705473899841309
143,461,0.4397816842794418,0.004355707994529223,0.11707544326782227
144,461,0.435611472589629,0.004170211689812797,0.0740501880645752
145,461,0.43153011551925113,0.004081357070377878,0.0880589485168457
146,461,0.4274678255660193,0.0040622899532318235,0.07505083084106445
147,461,0.42350974210671016,0.003958083459309147,0.07505035400390625
148,461,0.41972603921379364,0.0037837028929165184,0.0740506649017334
149,461,0.4158556282775743,0.0038704109362193706,0.06804418563842773
150,461,0.41202570188897,0.003829926388604299,0.08005118370056152
151,461,0.4084962770002229,0.003529424888747079,0.07304906845092773
152,461,0.40477989793675284,0.0037163790634700544,0.06304216384887695
153,461,0.40110375967196055,0.0036761382647922947,0.07805395126342773
154,461,0.3976490055492946,0.0034547541226659373,0.07905435562133789
155,461,0.39423956815685546,0.003409437392439152,0.07504820823669434
156,461,0.39082770425081254,0.0034118639060429223,0.07104754447937012
157,461,0.38750993494476593,0.003317769306046603,0.07805299758911133
158,461,0.38416269459468977,0.003347240350076164,0.07805490493774414
159,461,0.3808456054968493,0.0033170890978404532,0.07004523277282715
160,461,0.37775990329044207,0.003085702206407248,0.08605742454528809
161,461,0.3746543580038207,0.0031055452866213806,0.08205461502075195
162,461,0.37142676792400225,0.003227590079818432,0.10907459259033203
163,461,0.3685069224195821,0.002919845504420149,0.08205413818359375
164,461,0.36542133931177,0.0030855831078120954,0.07204699516296387
165,461,0.3625488155058452,0.002872523805924787,0.061040639877319336
166,461,0.359677947640419,0.00287086786542623,0.06704497337341309
167,461,0.35671488522206035,0.002963062418358642,0.07504963874816895
168,461,0.35391839180248125,0.0027964934195791047,0.0690464973449707
169,461,0.3511154452562332,0.0028029465462480196,0.07505106925964355
170,461,0.3483546490413802,0.002760796214853034,0.07805228233337402
171,461,0.3457342632838658,0.0026203857575143874,0.07004761695861816
172,461,0.3429521446994373,0.0027821185844285057,0.08205509185791016
173,461,0.3404017120046275,0.002550432694809812,0.06704378128051758
174,461,0.3377334820117269,0.0026682299929005615,0.07005119323730469
175,461,0.3350689872758729,0.002664494735854006,0.06303930282592773
176,461,0.33259341037273404,0.0024755769031388764,0.06604266166687012
177,461,0.33009134177650723,0.002502068596226814,0.07705163955688477
178,461,0.3275913688157286,0.0024999729607786403,0.06504297256469727
179,461,0.3251769936169897,0.002414375198738883,0.06604576110839844
180,461,0.3227943388266223,0.0023826547903674222,0.08905839920043945
181,461,0.3204563080072403,0.0023380308193819976,0.07004737854003906
182,461,0.3180315650999546,0.0024247429072856708,0.07905435562133789
183,461,0.31579707327485085,0.002234491825103768,0.12808871269226074
184,461,0.313546783890043,0.0022502893848078687,0.07604742050170898
185,461,0.3113040937951633,0.002242690094879707,0.08205461502075195
186,461,0.3090488082894257,0.0022552855057375587,0.07204914093017578
187,461,0.30688774902054244,0.0021610592688832697,0.07204723358154297
188,461,0.30482770912562096,0.0020600398949214838,0.07204914093017578
189,461,0.30264876985975675,0.0021789392658642104,0.07204818725585938
190,461,0.30053050997427533,0.0021182598854814216,0.07104921340942383
191,461,0.29847145760910854,0.0020590523651667914,0.08805990219116211
192,461,0.29649047748531615,0.0019809801237923863,0.0690453052520752
193,461,0.2944623395800591,0.002028137905257077,0.08105349540710449
194,461,0.2924463385811874,0.00201600099887167,0.07805228233337402
195,461,0.29054860462886944,0.0018977339523179593,0.08805966377258301
196,461,0.2885875743670123,0.001961030261857122,0.07004642486572266
197,461,0.28663432718174797,0.0019532471852643507,0.08305764198303223
198,461,0.2848164757490158,0.0018178514327321649,0.07404828071594238
199,461,0.28293484506436756,0.00188163068464825,0.0760502815246582
200,461,0.2810750344991684,0.0018598105651991825,0.08305716514587402
