1,471,1374878918400053.8,Nan,0.027019500732421875
2,471,96082.89963800485,1374878918303970.8,0.03502368927001953
3,471,442.8172037135533,95640.0824342913,0.03002190589904785
4,471,442.8172037135533,0.0,0.0380251407623291
5,471,442.8172037135533,0.0,0.03202390670776367
6,471,442.8172037135533,0.0,0.0260162353515625
7,471,442.8172037135533,0.0,0.02701854705810547
8,471,442.8172037135533,0.0,0.027018308639526367
9,471,442.8172037135533,0.0,0.026017427444458008
10,471,442.8172037135533,0.0,0.03001999855041504
11,471,442.8172037135533,0.0,0.02701878547668457
12,471,442.8172037135533,0.0,0.027019262313842773
13,471,442.8172037135533,0.0,0.02902078628540039
14,471,442.8172037135533,0.0,0.024014949798583984
15,471,442.8172037135533,0.0,0.029019832611083984
16,471,442.8172037135533,0.0,0.025017261505126953
17,471,442.8172037135533,0.0,0.02801823616027832
18,471,442.8172037135533,0.0,0.024016618728637695
19,471,442.8172037135533,0.0,0.029020309448242188
20,471,442.8172037135533,0.0,0.025016069412231445
21,471,442.8172037135533,0.0,0.032022714614868164
22,471,442.8172037135533,0.0,0.028018474578857422
23,471,442.8172037135533,0.0,0.03302335739135742
24,471,442.8172037135533,0.0,0.031020402908325195
25,471,442.8172037135533,0.0,0.030022621154785156
26,471,442.8172037135533,0.0,0.030019044876098633
27,471,442.8172037135533,0.0,0.030021190643310547
28,471,442.8172037135533,0.0,0.029019594192504883
29,471,442.8172037135533,0.0,0.02901911735534668
30,471,442.8172037135533,0.0,0.03602457046508789
31,471,442.8172037135533,0.0,0.04102897644042969
32,471,442.8172037135533,0.0,0.07004833221435547
33,471,442.8172037135533,0.0,0.03502345085144043
34,471,442.8172037135533,0.0,0.031021833419799805
35,471,442.8172037135533,0.0,0.03302192687988281
36,471,442.8172037135533,0.0,0.02901911735534668
37,471,442.8172037135533,0.0,0.02701878547668457
38,471,442.8172037135533,0.0,0.032022714614868164
39,471,442.8172037135533,0.0,0.02902054786682129
40,471,442.8172037135533,0.0,0.028017759323120117
41,471,442.8172037135533,0.0,0.02501654624938965
42,471,442.8172037135533,0.0,0.0310213565826416
43,471,442.8172037135533,0.0,0.03402400016784668
44,471,442.8172037135533,0.0,0.03302192687988281
45,471,442.8172037135533,0.0,0.028019189834594727
46,471,442.8172037135533,0.0,0.026019573211669922
47,471,442.8172037135533,0.0,0.030019521713256836
48,471,442.8172037135533,0.0,0.030019521713256836
49,471,442.8172037135533,0.0,0.028019189834594727
50,471,442.8172037135533,0.0,0.028019189834594727
51,471,442.8172037135533,0.0,0.030020713806152344
52,471,442.8172037135533,0.0,0.07004833221435547
53,471,442.8172037135533,0.0,0.028018951416015625
54,471,442.8172037135533,0.0,0.031020641326904297
55,471,442.8172037135533,0.0,0.023015975952148438
56,471,442.8172037135533,0.0,0.035024166107177734
57,471,442.8172037135533,0.0,0.03402256965637207
58,471,442.8172037135533,0.0,0.03302407264709473
59,471,442.8172037135533,0.0,0.0330204963684082
60,471,442.8172037135533,0.0,0.030022621154785156
61,471,442.8172037135533,0.0,0.028018712997436523
62,471,442.8172037135533,0.0,0.03202342987060547
63,471,442.8172037135533,0.0,0.03502225875854492
64,471,442.8172037135533,0.0,0.03402352333068848
65,471,442.8172037135533,0.0,0.02701854705810547
66,471,442.8172037135533,0.0,0.024016618728637695
67,471,442.8172037135533,0.0,0.027017831802368164
68,471,442.8172037135533,0.0,0.030019760131835938
69,471,442.8172037135533,0.0,0.03202223777770996
70,471,442.8172037135533,0.0,0.033022165298461914
71,471,442.8172037135533,0.0,0.032021522521972656
72,471,442.8172037135533,0.0,0.03302335739135742
73,471,442.8172037135533,0.0,0.024016380310058594
74,471,442.8172037135533,0.0,0.027017831802368164
75,471,442.8172037135533,0.0,0.031023502349853516
76,471,442.8172037135533,0.0,0.026016950607299805
77,471,442.8172037135533,0.0,0.029018402099609375
78,471,442.8172037135533,0.0,0.03202176094055176
79,471,442.8172037135533,0.0,0.031021595001220703
80,471,442.8172037135533,0.0,0.03402853012084961
81,471,442.8172037135533,0.0,0.02901482582092285
82,471,442.8172037135533,0.0,0.02501821517944336
83,471,442.8172037135533,0.0,0.03402423858642578
84,471,442.8172037135533,0.0,0.03402090072631836
85,471,442.8172037135533,0.0,0.029019832611083984
86,471,442.8172037135533,0.0,0.028019189834594727
87,471,442.8172037135533,0.0,0.022014379501342773
88,471,442.8172037135533,0.0,0.03202223777770996
89,471,442.8172037135533,0.0,0.029020309448242188
90,471,442.8172037135533,0.0,0.025017976760864258
91,471,442.8172037135533,0.0,0.07004690170288086
92,471,442.8172037135533,0.0,0.03202319145202637
93,471,442.8172037135533,0.0,0.032021284103393555
94,471,442.8172037135533,0.0,0.02501654624938965
95,471,442.8172037135533,0.0,0.02301478385925293
96,471,442.8172037135533,0.0,0.03202366828918457
97,471,442.8172037135533,0.0,0.028018474578857422
98,471,442.8172037135533,0.0,0.03202176094055176
99,471,442.8172037135533,0.0,0.03202319145202637
100,471,442.8172037135533,0.0,0.02701711654663086
