1,151,186.58379722622462,Nan,0.12208366394042969
2,151,85.94407323292323,100.63972399330139,0.11707901954650879
3,151,62.449218623025075,23.494854609898155,0.1170802116394043
4,151,49.53203560311454,12.917183019910539,0.11607837677001953
5,151,43.08105808305741,6.45097752005713,0.1240847110748291
6,151,41.18909225804465,1.891965825012754,0.11608004570007324
7,151,41.824033955829485,-0.6349416977848321,0.11607575416564941
8,151,34.930038318361554,6.893995637467931,0.11407971382141113
9,151,31.715532482079098,3.2145058362824557,0.12308216094970703
10,151,23.374389913286482,8.341142568792616,0.11607909202575684
11,151,17.99268546453544,5.381704448751041,0.11307477951049805
12,151,15.503563361419099,2.489122103116342,0.1120767593383789
13,151,13.973170794214521,1.5303925672045775,0.11407709121704102
14,151,14.035134418027742,-0.06196362381322018,0.11808013916015625
15,151,10.38082380164521,3.6543106163825314,0.11808037757873535
16,151,11.024104069777897,-0.6432802681326866,0.12308287620544434
17,151,9.357604810569967,1.6664992592079297,0.11607837677001953
18,151,9.690459926652057,-0.33285511608209006,0.11708927154541016
19,151,8.69682640593286,0.9936335207191966,0.12107253074645996
20,151,8.797600071080028,-0.10077366514716779,0.11808204650878906
21,151,7.871467898368835,0.9261321727111929,0.12007808685302734
22,151,9.065978107031967,-1.1945102086631314,0.11808085441589355
23,151,9.722080471877542,-0.6561023648455748,0.12008166313171387
24,151,10.622903119595987,-0.9008226477184458,0.11507773399353027
25,151,9.648506961226463,0.9743961583695242,0.11307740211486816
26,151,10.132890363488878,-0.4843834022624147,0.11307477951049805
27,151,9.049650477153914,1.0832398863349635,0.11507964134216309
28,151,7.945471182464489,1.104179294689425,0.12508320808410645
29,151,7.505588507166931,0.4398826752975582,0.11607813835144043
30,151,6.027354835349534,1.4782336718173967,0.11808109283447266
31,151,7.898824779476438,-1.871469944126904,0.11607885360717773
32,151,7.958719081712088,-0.05989430223564973,0.12308502197265625
33,151,6.8004004257406505,1.1583186559714376,0.11507678031921387
34,151,4.930327932203587,1.8700724935370632,0.11707854270935059
35,151,6.042474980747061,-1.1121470485434735,0.11808133125305176
36,151,3.837905423495802,2.2045695572512587,0.11908221244812012
37,151,3.4911593433045116,0.3467460801912905,0.12007856369018555
38,151,6.343490669073271,-2.852331325768759,0.11707925796508789
39,151,4.334667872259651,2.00882279681362,0.11407685279846191
40,151,2.7776065931117295,1.5570612791479213,0.11307787895202637
41,151,2.749878538819296,0.027728054292433413,0.126084566116333
42,151,3.483642821985164,-0.733764283165868,0.11608004570007324
43,151,2.6199086490164376,0.8637341729687265,0.11607766151428223
44,151,1.841437508970499,0.7784711400459385,0.12408328056335449
45,151,2.0905113598810776,-0.24907385091057854,0.14009475708007812
46,151,1.6436363005333945,0.4468750593476831,0.12008166313171387
47,151,0.771958118367408,0.8716781821659865,0.1190805435180664
48,151,0.9659232814429062,-0.19396516307549816,0.1170802116394043
49,151,0.9912395042574832,-0.025316222814577016,0.11707854270935059
50,151,0.6382146935670504,0.3530248106904328,0.12208318710327148
51,151,1.7943406157377841,-1.1561259221707338,0.11507797241210938
52,151,1.588111019455362,0.2062295962824221,0.11407780647277832
53,151,0.9057960840162954,0.6823149354390666,0.11507773399353027
54,151,0.7037321860437681,0.20206389797252733,0.12108635902404785
55,151,0.42245640668015194,0.28127577936361614,0.11707592010498047
56,151,0.16796095071861056,0.2544954559615414,0.11607694625854492
57,151,0.12177390443515365,0.046187046283456906,0.1170802116394043
58,151,0.10303608731346738,0.018737817121686276,0.11607670783996582
59,151,0.09142540324708846,0.011610684066378912,0.1240847110748291
60,151,0.083435690547007,0.007989712700081461,0.11908102035522461
61,151,0.07730645475007726,0.006129235796929741,0.11607861518859863
62,151,0.07199273032103,0.005313724429047262,0.11808013916015625
63,151,0.06766011225452115,0.00433261806650885,0.12408566474914551
64,151,0.06417421283318461,0.0034858994213365357,0.11507630348205566
65,151,0.06106454437849711,0.003109668454687506,0.11307740211486816
66,151,0.05843071289562587,0.002633831482871239,0.11707949638366699
67,151,0.055866336117648255,0.002564376777977613,0.11407709121704102
68,151,0.05402029020115567,0.0018460459164925877,0.12308406829833984
69,151,0.05180362052649226,0.002216669674663406,0.11707901954650879
70,151,0.05000385830000908,0.0017997622264831828,0.11607909202575684
71,151,0.04829080993839307,0.0017130483616160097,0.11707901954650879
72,151,0.046927901452149465,0.0013629084862436039,0.1270897388458252
73,151,0.04545598255531098,0.001471918896838488,0.11807560920715332
74,151,0.04418553536590688,0.0012704471894040975,0.11607837677001953
75,151,0.04291361184407391,0.001271923521832967,0.11707878112792969
76,151,0.04184481732413405,0.00106879451993986,0.1170797348022461
77,151,0.04083016113456272,0.0010146561895713335,0.1240839958190918
78,151,0.03977659694907821,0.0010535641854845096,0.11607861518859863
79,151,0.03876374280773702,0.0010128541413411893,0.11607813835144043
80,151,0.03789005186025419,0.0008736909474828317,0.11607861518859863
81,151,0.03712974957135572,0.0007603022888984651,0.11908221244812012
82,151,0.03631285936279788,0.0008168902085578453,0.11807823181152344
83,151,0.0354990032370011,0.0008138561257967775,0.11707901954650879
84,151,0.03471418722995856,0.0007848160070425408,0.11707949638366699
85,151,0.034128693188690315,0.0005854940412682447,0.12108206748962402
86,151,0.03349044372336357,0.0006382494653267429,0.1260852813720703
87,151,0.03277292866367082,0.0007175150596927526,0.11707878112792969
88,151,0.03215833023153495,0.0006145984321358697,0.11808085441589355
89,151,0.03159056306635778,0.0005677671651771674,0.11808013916015625
90,151,0.03105241184443834,0.0005381512219194418,0.13409113883972168
91,151,0.03057918247829158,0.00047322936614676084,0.1170797348022461
92,151,0.03000658759696775,0.0005725948813238291,0.11808013916015625
93,151,0.02952120282629455,0.00048538477067320077,0.11607837677001953
94,151,0.029026800066839702,0.0004944027594548477,0.11507797241210938
95,151,0.028583742806159926,0.00044305726067977655,0.12208175659179688
96,151,0.02817756061538239,0.0004061821907775341,0.11607933044433594
97,151,0.027742550493687824,0.0004350101216945672,0.12208175659179688
98,151,0.02731046788126696,0.0004320826124208643,0.11608052253723145
99,151,0.026936207572106338,0.000374260309160622,0.1240837574005127
100,151,0.026527903225106585,0.00040830434699975354,0.11707854270935059
