1,401,6.693603332469504e+16,Nan,0.029020071029663086
2,401,8.952604878431694e+18,-8.885668845106999e+18,0.03302597999572754
3,401,56066.57055599539,8.952604878431638e+18,0.03802347183227539
4,401,375.3966380440848,55691.17391795131,0.03002023696899414
5,401,375.3966380440848,0.0,0.0310211181640625
6,401,375.3966380440848,0.0,0.03302335739135742
7,401,375.3966380440848,0.0,0.028018712997436523
8,401,375.3966380440848,0.0,0.03602480888366699
9,401,375.3966380440848,0.0,0.026016712188720703
10,401,375.3966380440848,0.0,0.029020071029663086
11,401,375.3966380440848,0.0,0.02801966667175293
12,401,375.3966380440848,0.0,0.03402400016784668
13,401,375.3966380440848,0.0,0.028019189834594727
14,401,375.3966380440848,0.0,0.03302192687988281
15,401,375.3966380440848,0.0,0.028018712997436523
16,401,375.3966380440848,0.0,0.02901911735534668
17,401,375.3966380440848,0.0,0.03302502632141113
18,401,375.3966380440848,0.0,0.028017520904541016
19,401,375.3966380440848,0.0,0.07505440711975098
20,401,375.3966380440848,0.0,0.028016090393066406
21,401,375.3966380440848,0.0,0.03002023696899414
22,401,375.3966380440848,0.0,0.03302192687988281
23,401,375.3966380440848,0.0,0.031021833419799805
24,401,375.3966380440848,0.0,0.03402400016784668
25,401,375.3966380440848,0.0,0.033022403717041016
26,401,375.3966380440848,0.0,0.028019189834594727
27,401,375.3966380440848,0.0,0.04102826118469238
28,401,375.3966380440848,0.0,0.041027069091796875
29,401,375.3966380440848,0.0,0.06104254722595215
30,401,375.3966380440848,0.0,0.03402256965637207
31,401,375.3966380440848,0.0,0.037027597427368164
32,401,375.3966380440848,0.0,0.02701735496520996
33,401,375.3966380440848,0.0,0.03402280807495117
34,401,375.3966380440848,0.0,0.03202104568481445
35,401,375.3966380440848,0.0,0.03001999855041504
36,401,375.3966380440848,0.0,0.02902054786682129
37,401,375.3966380440848,0.0,0.03302264213562012
38,401,375.3966380440848,0.0,0.023015975952148438
39,401,375.3966380440848,0.0,0.02901935577392578
40,401,375.3966380440848,0.0,0.06004166603088379
41,401,375.3966380440848,0.0,0.041030168533325195
42,401,375.3966380440848,0.0,0.0620419979095459
43,401,375.3966380440848,0.0,0.048032283782958984
44,401,375.3966380440848,0.0,0.04402899742126465
45,401,375.3966380440848,0.0,0.041028738021850586
46,401,375.3966380440848,0.0,0.04203009605407715
47,401,375.3966380440848,0.0,0.04903101921081543
48,401,375.3966380440848,0.0,0.04202985763549805
49,401,375.3966380440848,0.0,0.044031381607055664
50,401,375.3966380440848,0.0,0.04302787780761719
51,401,375.3966380440848,0.0,0.04202985763549805
52,401,375.3966380440848,0.0,0.04302859306335449
53,401,375.3966380440848,0.0,0.0670464038848877
54,401,375.3966380440848,0.0,0.051033735275268555
55,401,375.3966380440848,0.0,0.0430295467376709
56,401,375.3966380440848,0.0,0.0500333309173584
57,401,375.3966380440848,0.0,0.04303145408630371
58,401,375.3966380440848,0.0,0.042028188705444336
59,401,375.3966380440848,0.0,0.039031028747558594
60,401,375.3966380440848,0.0,0.0590362548828125
61,401,375.3966380440848,0.0,0.04603099822998047
62,401,375.3966380440848,0.0,0.04202985763549805
63,401,375.3966380440848,0.0,0.05103468894958496
64,401,375.3966380440848,0.0,0.09306216239929199
65,401,375.3966380440848,0.0,0.03902745246887207
66,401,375.3966380440848,0.0,0.03802609443664551
67,401,375.3966380440848,0.0,0.03802490234375
68,401,375.3966380440848,0.0,0.02902078628540039
69,401,375.3966380440848,0.0,0.03402304649353027
70,401,375.3966380440848,0.0,0.030020713806152344
71,401,375.3966380440848,0.0,0.03302192687988281
72,401,375.3966380440848,0.0,0.03402304649353027
73,401,375.3966380440848,0.0,0.029019594192504883
74,401,375.3966380440848,0.0,0.029019832611083984
75,401,375.3966380440848,0.0,0.03302407264709473
76,401,375.3966380440848,0.0,0.03202199935913086
77,401,375.3966380440848,0.0,0.029019594192504883
78,401,375.3966380440848,0.0,0.028019428253173828
79,401,375.3966380440848,0.0,0.02801680564880371
80,401,375.3966380440848,0.0,0.031022310256958008
81,401,375.3966380440848,0.0,0.02701735496520996
82,401,375.3966380440848,0.0,0.030020952224731445
83,401,375.3966380440848,0.0,0.03402423858642578
84,401,375.3966380440848,0.0,0.0310208797454834
85,401,375.3966380440848,0.0,0.030020475387573242
86,401,375.3966380440848,0.0,0.027018308639526367
87,401,375.3966380440848,0.0,0.026018142700195312
88,401,375.3966380440848,0.0,0.03202056884765625
89,401,375.3966380440848,0.0,0.03302288055419922
90,401,375.3966380440848,0.0,0.031021833419799805
91,401,375.3966380440848,0.0,0.0310208797454834
92,401,375.3966380440848,0.0,0.02701878547668457
93,401,375.3966380440848,0.0,0.028019189834594727
94,401,375.3966380440848,0.0,0.0310211181640625
95,401,375.3966380440848,0.0,0.027018308639526367
96,401,375.3966380440848,0.0,0.0310211181640625
97,401,375.3966380440848,0.0,0.03302335739135742
98,401,375.3966380440848,0.0,0.0290224552154541
99,401,375.3966380440848,0.0,0.03201866149902344
100,401,375.3966380440848,0.0,0.028020381927490234
