1,271,377.30291091047013,Nan,0.1240847110748291
2,271,183.9626589529855,193.34025195748464,0.11507725715637207
3,271,128.1557299608503,55.8069289921352,0.10807180404663086
4,271,84.63217876870291,43.52355119214738,0.1070704460144043
5,271,64.08152565438407,20.55065311431885,0.10807371139526367
6,271,52.93082219042097,11.150703463963097,0.10407233238220215
7,271,48.190625476292205,4.740196714128764,0.11207342147827148
8,271,39.41171267700195,8.778912799290254,0.11007475852966309
9,271,32.31697716467721,7.094735512324739,0.10907196998596191
10,271,34.1693573248727,-1.8523801601954872,0.11107540130615234
11,271,28.88326279939924,5.286094525473459,0.1070702075958252
12,271,31.975040750776017,-3.091777951376777,0.1120753288269043
13,271,29.328115673610142,2.646925077165875,0.10707378387451172
14,271,29.835523803710938,-0.5074081301007958,0.11707854270935059
15,271,24.38768293108259,5.447840872628348,0.11807894706726074
16,271,34.49595294407436,-10.10827001299177,0.11107325553894043
17,271,28.95732870864868,5.538624235425679,0.11607670783996582
18,271,37.99222852625166,-9.034899817602977,0.10707211494445801
19,271,28.761157482147215,9.231071044104443,0.10607099533081055
20,271,24.527052001953123,4.234105480194092,0.10607194900512695
21,271,20.193872140339444,4.333179861613679,0.1120755672454834
22,271,13.57530317074912,6.618568969590324,0.11007308959960938
23,271,10.74077752167838,2.8345256490707396,0.15910744667053223
24,271,6.9471841888427734,3.7935933328356066,0.11307644844055176
25,271,7.3005293215342935,-0.35334513269152,0.10907125473022461
26,271,5.956091673544475,1.3444376479898184,0.11507749557495117
27,271,6.210308561665671,-0.2542168881211957,0.10907411575317383
28,271,6.231518398489271,-0.021209836823600448,0.11007261276245117
29,271,8.637659116813115,-2.4061407183238437,0.10707259178161621
30,271,12.916758385930743,-4.279099269117628,0.10807442665100098
31,271,13.966610120909555,-1.0498517349788123,0.12108182907104492
32,271,14.855251787730626,-0.888641666821071,0.10607171058654785
33,271,19.381718932696753,-4.5264671449661265,0.10306739807128906
34,271,21.35182440703256,-1.9701054743358064,0.1070706844329834
35,271,19.00590744999477,2.3459169570377902,0.15110206604003906
36,271,15.571037003517151,3.4348704464776176,0.1050724983215332
37,271,13.094441042763846,2.476595960753306,0.10606813430786133
38,271,10.962710964066641,2.1317300786972044,0.10807371139526367
39,271,7.849206931250436,3.1135040328162056,0.1070718765258789
40,271,9.76254312998908,-1.9133361987386444,0.1120748519897461
41,271,11.48792423766,-1.7253811076709198,0.1070718765258789
42,271,8.251140412398748,3.236783825261252,0.10707306861877441
43,271,8.600743510246277,-0.3496030978475293,0.11007118225097656
44,271,6.335303181546075,2.265440328700202,0.10607123374938965
45,271,4.462582598652158,1.8727205828939164,0.11607837677001953
46,271,3.098318281148161,1.3642643175039972,0.10707259178161621
47,271,2.690047809422016,0.40827047172614517,0.10907244682312012
48,271,1.8924471146464348,0.7976006947755812,0.11007428169250488
49,271,1.5026868686335428,0.38976024601289194,0.10907173156738281
50,271,1.0969013104353633,0.4057855581981795,0.1290874481201172
51,271,0.8629207524316651,0.2339805580036982,0.1170797348022461
52,271,0.7542408842167684,0.10867986821489672,0.11407351493835449
53,271,0.6224540099033288,0.1317868743134396,0.10707259178161621
54,271,0.5653007919958659,0.05715321790746286,0.11107492446899414
55,271,0.5200499485837562,0.04525084341210972,0.11307525634765625
56,271,0.4814944376008851,0.03855551098287108,0.15910816192626953
57,271,0.44235218563250134,0.03914225196838378,0.11107325553894043
58,271,0.41128609262193955,0.03106609301056179,0.10907411575317383
59,271,0.39361983622823443,0.017666256393705115,0.11807847023010254
60,271,0.36672037627441545,0.026899459953818983,0.11007499694824219
61,271,0.3413671143842595,0.025353261890155965,0.11107468605041504
62,271,0.32022697439364023,0.021140139990619256,0.10907244682312012
63,271,0.30164389941096303,0.018583074982677195,0.11607694625854492
64,271,0.2834606802037784,0.01818321920718463,0.11107754707336426
65,271,0.27244919322218214,0.011011486981596263,0.10907101631164551
66,271,0.26057149254849976,0.011877700673682379,0.11307644844055176
67,271,0.25003758017931665,0.010533912369183107,0.1070711612701416
68,271,0.22795879210638148,0.022078788072935174,0.11307740211486816
69,271,0.2132585605223264,0.01470023158405509,0.11007356643676758
70,271,0.20181166814161197,0.011446892380714419,0.145097017288208
71,271,0.19207536066429956,0.009736307477312411,0.1070704460144043
72,271,0.18454325253409998,0.007532108130199583,0.1070713996887207
73,271,0.1771903595158032,0.00735289301829678,0.11507797241210938
74,271,0.1708170672442232,0.006373292271580011,0.10907411575317383
75,271,0.1650976457563894,0.005719421487833776,0.11507654190063477
76,271,0.16014552700093815,0.0049521187554512625,0.10807371139526367
77,271,0.15514418023398943,0.005001346766948717,0.11107707023620605
78,271,0.1506078975849918,0.004536282648997636,0.11307191848754883
79,271,0.14621576920896767,0.004392128376024124,0.11007452011108398
80,271,0.14237952971139126,0.003836239497576416,0.11007332801818848
81,271,0.13912129219089236,0.003258237520498891,0.10907196998596191
82,271,0.13567268260674817,0.0034486095841441966,0.1170802116394043
83,271,0.13179855268980775,0.0038741299169404164,0.1070706844329834
84,271,0.1286075600853988,0.003190992604408943,0.10807228088378906
85,271,0.12598231888030256,0.002625241205096246,0.1070713996887207
86,271,0.12259077938007457,0.003391539500227997,0.10707378387451172
87,271,0.11962676962890795,0.0029640097511666186,0.1190791130065918
88,271,0.11672470583873136,0.0029020637901765872,0.1120748519897461
89,271,0.11419614793573107,0.0025285579030002864,0.1571042537689209
90,271,0.11210472914470093,0.002091418791030142,0.10707998275756836
91,271,0.10943784724920988,0.0026668818954910523,0.11407113075256348
92,271,0.10722695968619415,0.002210887563015726,0.11107277870178223
93,271,0.10512579178171498,0.002101167904479173,0.10907340049743652
94,271,0.10289974729397468,0.002226044487740303,0.11107373237609863
95,271,0.10117315766215325,0.001726589631821429,0.10907530784606934
96,271,0.09918058800697327,0.0019925696551799793,0.11908149719238281
97,271,0.09769416190151657,0.001486426105456698,0.1070704460144043
98,271,0.0957803845426866,0.0019137773588299711,0.1070718765258789
99,271,0.0942393931299448,0.0015409914127418045,0.10807156562805176
100,271,0.09239788748111044,0.0018415056488343545,0.10907220840454102
