1,81,87.68501341097695,Nan,0.1551070213317871
2,81,37.03306969492776,50.65194371604919,0.1360924243927002
3,81,25.71537594992774,11.317693745000021,0.14109325408935547
4,81,23.42890007833072,2.2864758715970197,0.13409137725830078
5,81,19.16562563945566,4.263274438875062,0.13309049606323242
6,81,16.690320665683064,2.4753049737725945,0.1360931396484375
7,81,16.76290567577737,-0.07258501009430418,0.14409828186035156
8,81,13.946611938668148,2.81629373710922,0.13308954238891602
9,81,11.993402286972318,1.9532096516958308,0.13208985328674316
10,81,10.09134526685306,1.9020570201192584,0.131087064743042
11,81,8.784658836588264,1.3066864302647954,0.13909339904785156
12,81,8.628341991240426,0.1563168453478383,0.13809561729431152
13,81,7.920790335831366,0.70755165540906,0.13308954238891602
14,81,7.339511812894472,0.581278522936894,0.13509202003479004
15,81,7.03329153765738,0.3062202752370915,0.14209651947021484
16,81,6.173002588944776,0.8602889487126042,0.13508987426757812
17,81,8.093077330585038,-1.9200747416402617,0.13709282875061035
18,81,6.902549697986671,1.190527632598367,0.1360950469970703
19,81,5.555205310672521,1.3473443873141493,0.14109396934509277
20,81,6.257553494623729,-0.7023481839512078,0.13408875465393066
21,81,4.896377557127869,1.3611759374958599,0.13509297370910645
22,81,3.4871322568394243,1.409245300288445,0.13909435272216797
23,81,2.585640146491783,0.9014921103476414,0.14109420776367188
24,81,2.291227384396962,0.2944127620948209,0.13909602165222168
25,81,1.5260239659792612,0.7652034184177008,0.136091947555542
26,81,1.1720734058384386,0.3539505601408226,0.1430978775024414
27,81,1.4210836907614555,-0.2490102849230169,0.13709306716918945
28,81,1.1849088649651303,0.2361748257963252,0.13909149169921875
29,81,0.915318783746234,0.26959008121889627,0.13809633255004883
30,81,0.7404924455728116,0.1748263381734224,0.1430962085723877
31,81,0.6882690021536046,0.05222344341920693,0.13509035110473633
32,81,0.4986178480638524,0.18965115408975225,0.13409113883972168
33,81,0.43032142216166747,0.06829642590218493,0.13409066200256348
34,81,0.3360444935050494,0.09427692865661808,0.1450972557067871
35,81,0.2746113395163058,0.061433153988743605,0.13809442520141602
36,81,0.24674872517549168,0.027862614340814107,0.1360926628112793
37,81,0.23305679728193873,0.013691927893552946,0.14009451866149902
38,81,0.2202448413230512,0.012811955958887539,0.14710140228271484
39,81,0.21163716366230179,0.008607677660749408,0.14609742164611816
40,81,0.20342049556095818,0.00821666810134361,0.13409066200256348
41,81,0.19750006870471407,0.00592042685624411,0.1501009464263916
42,81,0.19044116173694575,0.007058906967768314,0.13809514045715332
43,81,0.18522143227493923,0.005219729462006523,0.13709306716918945
44,81,0.18088916681134806,0.004332265463591167,0.13909196853637695
45,81,0.17600937695633287,0.004879789855015193,0.14710235595703125
46,81,0.17246232927534896,0.0035470476809839058,0.1380910873413086
47,81,0.169749203969633,0.0027131253057159632,0.1360940933227539
48,81,0.16541096673436445,0.004338237235268549,0.14009451866149902
49,81,0.16232284165598684,0.003088125078377607,0.1481003761291504
50,81,0.16416773980641405,-0.00184489815042721,0.13609099388122559
51,81,0.15716357241309015,0.007004167393323907,0.1360938549041748
52,81,0.15365697409876156,0.0035065983143285906,0.13409042358398438
53,81,0.15266957749593504,0.0009873966028265124,0.1430950164794922
54,81,0.15123757311776612,0.0014320043781689273,0.13709449768066406
55,81,0.1478597800773319,0.0033777930404342293,0.13909459114074707
56,81,0.14760785001010768,0.00025193006722420974,0.13709282875061035
57,81,0.1435917557697976,0.004016094240310075,0.14709997177124023
58,81,0.14056290402996405,0.0030288517398335546,0.1551046371459961
59,81,0.1379183616295299,0.0026445424004341578,0.1501014232635498
60,81,0.13574115660538,0.002177205024149892,0.14609694480895996
61,81,0.13732215758241365,-0.0015810009770336475,0.1340923309326172
62,81,0.13332878831468406,0.003993369267729585,0.1360936164855957
63,81,0.1300659497789706,0.0032628385357134637,0.13408970832824707
64,81,0.12859789940866176,0.0014680503703088377,0.131087064743042
65,81,0.12831459297571565,0.0002833064329461066,0.12708640098571777
66,81,0.12659295475524102,0.001721638220474636,0.12708616256713867
67,81,0.12350827694288455,0.0030846778123564678,0.14409899711608887
68,81,0.12204794030816993,0.0014603366347146207,0.14609813690185547
69,81,0.12243776974835782,-0.00038982944018789434,0.1360948085784912
70,81,0.12017050478724663,0.0022672649611111956,0.13609075546264648
71,81,0.11740013980865478,0.002770364978591844,0.1380915641784668
72,81,0.11615728834400735,0.0012428514646474348,0.14409875869750977
73,81,0.1161648820501827,-7.5937061753544866e-06,0.13709187507629395
74,81,0.11563228861521098,0.0005325934349717232,0.13709473609924316
75,81,0.11212501535434526,0.003507273260865723,0.13409090042114258
76,81,0.11093092001017482,0.0011940953441704344,0.14209461212158203
77,81,0.11076924950451524,0.0001616705056595863,0.1360924243927002
78,81,0.10911627123433365,0.0016529782701815848,0.13909602165222168
79,81,0.1066037257460578,0.0025125454882758552,0.14009308815002441
80,81,0.10576989167055165,0.0008338340755061485,0.1430983543395996
81,81,0.10478242492787623,0.0009874667426754136,0.13709044456481934
82,81,0.10291318060666006,0.0018692443212161708,0.1360921859741211
83,81,0.10106889924979935,0.0018442813568607108,0.1461038589477539
84,81,0.10460844976114875,-0.003539550511349396,0.13708972930908203
85,81,0.10383699918505902,0.0007714505760897244,0.136091947555542
86,81,0.10038309007493497,0.0034539091101240538,0.13409066200256348
87,81,0.09895617188217667,0.0014269181927582947,0.14009404182434082
88,81,0.09806150149890372,0.0008946703832729552,0.13909626007080078
89,81,0.09574965941677718,0.002311842082126536,0.14309453964233398
90,81,0.09406536909968209,0.0016842903170950912,0.13709473609924316
91,81,0.09302931617662294,0.0010360529230591525,0.14409756660461426
92,81,0.09305417433652578,-2.485815990284357e-05,0.136091947555542
93,81,0.09192555958016808,0.0011286147563576987,0.136091947555542
94,81,0.09000587190680173,0.001919687673366352,0.14009523391723633
95,81,0.08918437354982182,0.0008214983569799078,0.14409613609313965
96,81,0.08850318043386297,0.0006811931159588502,0.1360926628112793
97,81,0.08787366840658693,0.0006295120272760413,0.13409161567687988
98,81,0.08677488842315506,0.0010987799834318718,0.1330885887145996
99,81,0.08562857958737628,0.0011463088357787782,0.14409828186035156
100,81,0.08487583663639713,0.0007527429509791572,0.13909387588500977
