1,371,18274220.40474625,Nan,0.03102278709411621
2,371,24611.332336495536,18249609.072409753,0.03202033042907715
3,371,361.64349213518415,24249.688844360353,0.04102921485900879
4,371,361.64349213518415,0.0,0.04302835464477539
5,371,361.64349213518415,0.0,0.03602457046508789
6,371,361.64349213518415,0.0,0.02701878547668457
7,371,361.64349213518415,0.0,0.03402256965637207
8,371,361.64349213518415,0.0,0.035024166107177734
9,371,361.64349213518415,0.0,0.03802633285522461
10,371,361.64349213518415,0.0,0.031020641326904297
11,371,361.64349213518415,0.0,0.03402447700500488
12,371,361.64349213518415,0.0,0.03202080726623535
13,371,361.64349213518415,0.0,0.031021833419799805
14,371,361.64349213518415,0.0,0.029019594192504883
15,371,361.64349213518415,0.0,0.027018308639526367
16,371,361.64349213518415,0.0,0.03002023696899414
17,371,361.64349213518415,0.0,0.029021501541137695
18,371,361.64349213518415,0.0,0.03202104568481445
19,371,361.64349213518415,0.0,0.03402233123779297
20,371,361.64349213518415,0.0,0.029019594192504883
21,371,361.64349213518415,0.0,0.03302264213562012
22,371,361.64349213518415,0.0,0.03402304649353027
23,371,361.64349213518415,0.0,0.03502678871154785
24,371,361.64349213518415,0.0,0.03502178192138672
25,371,361.64349213518415,0.0,0.035024166107177734
26,371,361.64349213518415,0.0,0.03402447700500488
27,371,361.64349213518415,0.0,0.04102683067321777
28,371,361.64349213518415,0.0,0.0690467357635498
29,371,361.64349213518415,0.0,0.030020713806152344
30,371,361.64349213518415,0.0,0.030020952224731445
31,371,361.64349213518415,0.0,0.033022403717041016
32,371,361.64349213518415,0.0,0.03402376174926758
33,371,361.64349213518415,0.0,0.07805347442626953
34,371,361.64349213518415,0.0,0.03402352333068848
35,371,361.64349213518415,0.0,0.03502321243286133
36,371,361.64349213518415,0.0,0.033022403717041016
37,371,361.64349213518415,0.0,0.03702497482299805
38,371,361.64349213518415,0.0,0.03202366828918457
39,371,361.64349213518415,0.0,0.03402233123779297
40,371,361.64349213518415,0.0,0.03402280807495117
41,371,361.64349213518415,0.0,0.03502368927001953
42,371,361.64349213518415,0.0,0.02601766586303711
43,371,361.64349213518415,0.0,0.032022714614868164
44,371,361.64349213518415,0.0,0.03402256965637207
45,371,361.64349213518415,0.0,0.029019832611083984
46,371,361.64349213518415,0.0,0.03402400016784668
47,371,361.64349213518415,0.0,0.0380253791809082
48,371,361.64349213518415,0.0,0.04603123664855957
49,371,361.64349213518415,0.0,0.0360260009765625
50,371,361.64349213518415,0.0,0.0380246639251709
51,371,361.64349213518415,0.0,0.03202223777770996
52,371,361.64349213518415,0.0,0.03802657127380371
53,371,361.64349213518415,0.0,0.03702425956726074
54,371,361.64349213518415,0.0,0.03702545166015625
55,371,361.64349213518415,0.0,0.036025047302246094
56,371,361.64349213518415,0.0,0.038028717041015625
57,371,361.64349213518415,0.0,0.037021636962890625
58,371,361.64349213518415,0.0,0.03702545166015625
59,371,361.64349213518415,0.0,0.03602480888366699
60,371,361.64349213518415,0.0,0.031023025512695312
61,371,361.64349213518415,0.0,0.04102635383605957
62,371,361.64349213518415,0.0,0.0860586166381836
63,371,361.64349213518415,0.0,0.05804014205932617
64,371,361.64349213518415,0.0,0.052034854888916016
65,371,361.64349213518415,0.0,0.037026405334472656
66,371,361.64349213518415,0.0,0.03402304649353027
67,371,361.64349213518415,0.0,0.03702569007873535
68,371,361.64349213518415,0.0,0.04002714157104492
69,371,361.64349213518415,0.0,0.03302264213562012
70,371,361.64349213518415,0.0,0.033028602600097656
71,371,361.64349213518415,0.0,0.03601789474487305
72,371,361.64349213518415,0.0,0.03402423858642578
73,371,361.64349213518415,0.0,0.0380253791809082
74,371,361.64349213518415,0.0,0.03902864456176758
75,371,361.64349213518415,0.0,0.03902411460876465
76,371,361.64349213518415,0.0,0.035024404525756836
77,371,361.64349213518415,0.0,0.042029380798339844
78,371,361.64349213518415,0.0,0.04403376579284668
79,371,361.64349213518415,0.0,0.05403423309326172
80,371,361.64349213518415,0.0,0.04803109169006348
81,371,361.64349213518415,0.0,0.03802633285522461
82,371,361.64349213518415,0.0,0.031021833419799805
83,371,361.64349213518415,0.0,0.03502321243286133
84,371,361.64349213518415,0.0,0.03502368927001953
85,371,361.64349213518415,0.0,0.0310208797454834
86,371,361.64349213518415,0.0,0.028020858764648438
87,371,361.64349213518415,0.0,0.03502154350280762
88,371,361.64349213518415,0.0,0.034024953842163086
89,371,361.64349213518415,0.0,0.028018712997436523
90,371,361.64349213518415,0.0,0.03502392768859863
91,371,361.64349213518415,0.0,0.03402280807495117
92,371,361.64349213518415,0.0,0.029019832611083984
93,371,361.64349213518415,0.0,0.035024166107177734
94,371,361.64349213518415,0.0,0.03402304649353027
95,371,361.64349213518415,0.0,0.02801990509033203
96,371,361.64349213518415,0.0,0.03202056884765625
97,371,361.64349213518415,0.0,0.034023284912109375
98,371,361.64349213518415,0.0,0.03202223777770996
99,371,361.64349213518415,0.0,0.03202199935913086
100,371,361.64349213518415,0.0,0.034023284912109375
