1,341,613.6708219822475,Nan,0.0830545425415039
2,341,205.84245691353934,407.8283650687082,0.1000676155090332
3,341,186.99641007123674,18.8460468423026,0.06804537773132324
4,341,121.34253132847377,65.65387874276297,0.06604313850402832
5,341,95.09444820404053,26.248083124433236,0.0790555477142334
6,341,86.8922055217198,8.20224268232073,0.07404780387878418
7,341,86.28785348510742,0.6043520366123829,0.07504916191101074
8,341,89.72129556383405,-3.433442078726628,0.06604480743408203
9,341,77.75018712180001,11.971108442034037,0.07705092430114746
10,341,67.1000286064148,10.650158515385215,0.07204747200012207
11,341,56.41694629723685,10.683082309177948,0.07504940032958984
12,341,54.52722921262469,1.8897170846121583,0.07905435562133789
13,341,51.80551948329381,2.7217097293308825,0.05903887748718262
14,341,56.977105363573344,-5.171585880279537,0.1240835189819336
15,341,60.48499692426409,-3.5078915606907444,0.07805180549621582
16,341,49.910823548453195,10.574173375810894,0.06304264068603516
17,341,42.61032075309753,7.300502795355662,0.06003999710083008
18,341,36.24475333268302,6.365567420414514,0.08305549621582031
19,341,36.656536458696635,-0.4117831260136171,0.07304930686950684
20,341,33.074449879237584,3.5820865794590517,0.07605195045471191
21,341,30.1638526197161,2.9105972595214844,0.07805132865905762
22,341,33.97270582226344,-3.8088532025473434,0.08005285263061523
23,341,23.9113570665632,10.061348755700244,0.06504368782043457
24,341,18.576792257853917,5.334564808709281,0.07504868507385254
25,341,15.996860825947353,2.579931431906564,0.07305049896240234
26,341,10.524810163906642,5.472050662040711,0.06804561614990234
27,341,9.772118635313852,0.7526915285927895,0.06003999710083008
28,341,7.062716606208256,2.709402029105596,0.08405661582946777
29,341,5.565034957000187,1.4976816492080687,0.07805490493774414
30,341,4.291763669763292,1.273271287236895,0.07004761695861816
31,341,3.315486085857664,0.9762775839056284,0.07905197143554688
32,341,2.9878020252159665,0.3276840606416975,0.07104778289794922
33,341,2.748841359955924,0.23896066526004267,0.0760507583618164
34,341,2.5199002856867656,0.22894107426915822,0.07204771041870117
35,341,2.3985247868129185,0.12137549887384713,0.08305501937866211
36,341,2.218262838159289,0.18026194865362966,0.0760507583618164
37,341,2.1122212822437287,0.10604155591556008,0.08005404472351074
38,341,1.9922681725195477,0.11995310972418105,0.08005261421203613
39,341,1.8991219229868481,0.09314624953269957,0.07004809379577637
40,341,1.8109900859934942,0.08813183699335392,0.07705092430114746
41,341,1.731276646052088,0.07971343994140612,0.07504916191101074
42,341,1.6513487529414042,0.07992789311068393,0.07805275917053223
43,341,1.5905476459435055,0.060801106997898646,0.07705140113830566
44,341,1.5245642839329583,0.06598336201054722,0.07905316352844238
45,341,1.46570220046384,0.058862083469118254,0.07404971122741699
46,341,1.4140658469029834,0.05163635356085661,0.0810556411743164
47,341,1.3651617396729334,0.04890410723005001,0.07805132865905762
48,341,1.3167499166386467,0.048411823034286705,0.0810539722442627
49,341,1.2731731932674135,0.043576723371233195,0.08305835723876953
50,341,1.2323911722046987,0.04078202106271478,0.11407279968261719
51,341,1.1937107308081218,0.03868044139657689,0.0740506649017334
52,341,1.1573421380860465,0.03636859272207538,0.08205556869506836
53,341,1.1224756582805089,0.03486647980553759,0.06504249572753906
54,341,1.0905377603088107,0.031937897971698215,0.07505083084106445
55,341,1.0587679137672696,0.031769846541541025,0.07004666328430176
56,341,1.0305438073022024,0.028224106465067234,0.07805156707763672
57,341,1.0027822879212243,0.02776151938097815,0.07004666328430176
58,341,0.9765173697897366,0.02626491813148768,0.0740513801574707
59,341,0.9519960946610996,0.024521275128637,0.0760495662689209
60,341,0.927912255525589,0.0240838391355106,0.08005619049072266
61,341,0.9060729643532208,0.021839291172368158,0.08105182647705078
62,341,0.8839618446401187,0.02211111971310209,0.07504940032958984
63,341,0.8629156054684094,0.021046239171709336,0.0740499496459961
64,341,0.8440707321848188,0.018844873283590635,0.0740518569946289
65,341,0.824636064520904,0.019434667663914773,0.08605599403381348
66,341,0.8068382525273732,0.01779781199353081,0.07905459403991699
67,341,0.7891961760095187,0.017642076517854433,0.07605338096618652
68,341,0.7724150973047529,0.01678107870476586,0.07304620742797852
69,341,0.7564603521568435,0.0159547451479094,0.07204866409301758
70,341,0.7411138404267175,0.015346511730126022,0.0740511417388916
71,341,0.726396368094853,0.01471747233186449,0.0760502815246582
72,341,0.7117993187308311,0.014597049364021841,0.07204866409301758
73,341,0.6984864193626813,0.013312899368149833,0.08005976676940918
74,341,0.6852637308069638,0.01322268855571751,0.07304930686950684
75,341,0.672162521132401,0.013101209674562742,0.07805323600769043
76,341,0.6600543493202754,0.012108171812125645,0.08605670928955078
77,341,0.6481785236511912,0.011875825669084183,0.07304739952087402
78,341,0.6369207203388214,0.011257803312369807,0.07905173301696777
79,341,0.6257447242396218,0.011175996099199614,0.07905292510986328
80,341,0.6152044956939561,0.01054022854566572,0.08205509185791016
81,341,0.6044635268364634,0.01074096885749265,0.0690467357635498
82,341,0.5945604154808181,0.009903111355645366,0.0810542106628418
83,341,0.5848976915052959,0.009662723975522147,0.07705116271972656
84,341,0.5752705927916936,0.009627098713602344,0.0740506649017334
85,341,0.5662297542350633,0.009040838556630293,0.11707830429077148
86,341,0.5573975326674325,0.00883222156763075,0.0740504264831543
87,341,0.5487168657609395,0.00868066690649305,0.07505011558532715
88,341,0.5402976043309484,0.008419261429991054,0.07805466651916504
89,341,0.532174622969968,0.008122981360980441,0.07805085182189941
90,341,0.5243480402742113,0.007826582695756645,0.08505678176879883
91,341,0.5164340489251273,0.007913991349083993,0.08205580711364746
92,341,0.5089145277397973,0.007519521185330058,0.07905173301696777
93,341,0.5015809859207698,0.007333541819027456,0.07805299758911133
94,341,0.4945818104701383,0.006999175450631556,0.08205533027648926
95,341,0.48766296833753586,0.00691884213260241,0.08005356788635254
96,341,0.4806434838431222,0.007019484494413641,0.09706807136535645
97,341,0.47439682903460095,0.006246654808521268,0.09806609153747559
98,341,0.46791586460386003,0.006480964430740921,0.08205556869506836
99,341,0.46162508176054273,0.0062907828433173,0.07504963874816895
100,341,0.4554389527652945,0.00618612899524823,0.07705330848693848
101,341,0.44960704066497936,0.00583191210031514,0.07404947280883789
102,341,0.44361775565998895,0.005989285004990408,0.0810549259185791
103,341,0.4382377619275025,0.005379993732486432,0.0740501880645752
104,341,0.4325001567006111,0.005737605226891429,0.07205033302307129
105,341,0.42709017177564756,0.005409984924963529,0.0810542106628418
106,341,0.421970134139061,0.005120037636586583,0.07404923439025879
107,341,0.4166258848266942,0.005344249312366767,0.10807299613952637
108,341,0.41161490049532484,0.0050109843313693725,0.09105658531188965
109,341,0.40667546479616845,0.0049394356991563915,0.08906984329223633
110,341,0.40174935302138326,0.004926111774785191,0.08404731750488281
111,341,0.39726681070668357,0.004482542314699689,0.07605147361755371
112,341,0.3923800085101809,0.004886802196502671,0.0880582332611084
113,341,0.38816226999674525,0.004217738513435654,0.08205509185791016
114,341,0.3835635695968355,0.0045987003999097276,0.08405637741088867
115,341,0.3792709129537855,0.004292656643050008,0.08405613899230957
116,341,0.37503637352585795,0.004234539427927564,0.07705259323120117
117,341,0.3708777878923076,0.004158585633550371,0.08205604553222656
118,341,0.3668643733433315,0.00401341454897608,0.08605647087097168
119,341,0.36283682090895514,0.004027552434376358,0.08906030654907227
120,341,0.35894363372666493,0.003893187182290203,0.08305716514587402
121,341,0.3551772763729095,0.003766357353755412,0.12908530235290527
122,341,0.3513442539189543,0.003833022453955226,0.08505725860595703
123,341,0.3477228803592069,0.0036213735597473984,0.11507821083068848
124,341,0.3440727186884199,0.003650161670787022,0.09205913543701172
125,341,0.34051819790261134,0.003554520785808535,0.09005999565124512
126,341,0.337105947209256,0.003412250693355323,0.08905982971191406
127,341,0.333679107938494,0.0034268392707620388,0.0960683822631836
128,341,0.3303401862170015,0.0033389217214924716,0.08205294609069824
129,341,0.32702815408366065,0.0033120321333408587,0.09406352043151855
130,341,0.323769843267543,0.00325831081611766,0.07304954528808594
131,341,0.320738929441997,0.003030913825545989,0.06704425811767578
132,341,0.3175359133992876,0.0032030160427093946,0.08105969429016113
133,341,0.31447616879003387,0.003059744609253734,0.08105349540710449
134,341,0.3115480591569628,0.002928109633071052,0.07304883003234863
135,341,0.308555941419942,0.002992117737020794,0.08705759048461914
136,341,0.3056702823936939,0.0028856590262480997,0.07404947280883789
137,341,0.3027605620069163,0.0029097203867776145,0.07404971122741699
138,341,0.29996421022074565,0.002796351786170659,0.07004976272583008
139,341,0.29730545153788157,0.002658758682864082,0.0830528736114502
140,341,0.294538894623518,0.0027665569143635604,0.07705187797546387
141,341,0.29186576715111734,0.0026731274724006715,0.07805252075195312
142,341,0.2892548959680966,0.0026108711830207243,0.06804609298706055
143,341,0.2867006686244692,0.0025542273436274243,0.06504249572753906
144,341,0.2842092275066035,0.0024914411178657003,0.08005666732788086
145,341,0.28161363010321344,0.0025955974033900486,0.08005142211914062
146,341,0.27930811744502615,0.002305512658187292,0.07104659080505371
147,341,0.276819879672357,0.002488237772669155,0.07905292510986328
148,341,0.27452056317244256,0.002299316499914439,0.08505702018737793
149,341,0.2721747863207545,0.002345776851688075,0.08005356788635254
150,341,0.2698559378768717,0.002318848443882804,0.07905459403991699
151,341,0.26759922916122847,0.0022567087156432075,0.07204699516296387
152,341,0.26536786153912545,0.00223136762210302,0.07104825973510742
153,341,0.2631372753679752,0.0022305861711502395,0.08105683326721191
154,341,0.2610265001399176,0.002110775228057582,0.08705615997314453
155,341,0.2588437310201781,0.002182769119739525,0.09206318855285645
156,341,0.2568030839264393,0.002040647093738801,0.14409756660461426
157,341,0.25474030771000045,0.0020627762164388552,0.10606980323791504
158,341,0.25265613930140224,0.002084168408598208,0.10907316207885742
159,341,0.25073440629669597,0.001921733004706272,0.11206912994384766
160,341,0.24869933726106372,0.0020350690356322476,0.12308359146118164
161,341,0.246762832232884,0.0019365050281797136,0.1000661849975586
162,341,0.24486955228447915,0.0018932799484048524,0.1050710678100586
163,341,0.24293572083115578,0.0019338314533233758,0.11107468605041504
164,341,0.24114006417563982,0.0017956566555159537,0.10507059097290039
165,341,0.2392354587146214,0.0019046054610184215,0.17311573028564453
166,341,0.2375022987169879,0.0017331599976335155,0.15110158920288086
167,341,0.2357193521537951,0.0017829465631927777,0.10607004165649414
168,341,0.2338907065306391,0.0018286456231560166,0.1190805435180664
169,341,0.2322599827817508,0.0016307237488882853,0.10807180404663086
170,341,0.23048804012366703,0.0017719426580837805,0.09406328201293945
171,341,0.22883049362472124,0.0016575464989457833,0.09806513786315918
172,341,0.22710764160752298,0.0017228520171982675,0.08906149864196777
173,341,0.22552490326975072,0.0015827383377722548,0.08605623245239258
174,341,0.2238938664219209,0.0016310368478298087,0.09806609153747559
175,341,0.22230536274186202,0.0015885036800588892,0.08806037902832031
176,341,0.22072009047227245,0.0015852722695895716,0.14910054206848145
177,341,0.21914092153736522,0.0015791689349072269,0.16811299324035645
178,341,0.2176377146861383,0.0015032068512269292,0.13208818435668945
179,341,0.21615970441699028,0.0014780102691480113,0.09806489944458008
180,341,0.21462989076333386,0.0015298136536564255,0.09106230735778809
181,341,0.21315403740959507,0.0014758533537387875,0.09106206893920898
182,341,0.21173902726599148,0.0014150101436035956,0.09106206893920898
183,341,0.21024323573282785,0.0014957915331636207,0.08505702018737793
184,341,0.2088638546956437,0.0013793810371841575,0.09706425666809082
185,341,0.2074621382973024,0.0014017163983413017,0.1310901641845703
186,341,0.2060700095466205,0.001392128750681898,0.1000669002532959
187,341,0.20473977075730052,0.0013302387893199819,0.09906411170959473
188,341,0.20335041535965034,0.0013893553976501716,0.13209176063537598
189,341,0.2020306408405304,0.0013197745191199373,0.12207937240600586
190,341,0.20072200353656497,0.0013086373039654375,0.11307525634765625
191,341,0.19941919529225144,0.0013028082443135303,0.15410375595092773
192,341,0.19814778939953873,0.0012714058927127125,0.1120748519897461
193,341,0.1968565403244325,0.0012912490751062211,0.10506939888000488
194,341,0.1956068300881556,0.001249710236276902,0.1070702075958252
195,341,0.19439205663331918,0.0012147734548364209,0.1360926628112793
196,341,0.1931676180511713,0.0012244385821478798,0.0810537338256836
197,341,0.19193932312088352,0.0012282949302877821,0.07705116271972656
198,341,0.19076809199580125,0.0011712311250822727,0.09106063842773438
199,341,0.18958461610121385,0.0011834758945873936,0.0930628776550293
200,341,0.18839290383671012,0.001191712264503736,0.08305501937866211
