1,291,532.9682027391706,Nan,0.07404923439025879
2,291,189.5386172201974,343.42958551897317,0.12408566474914551
3,291,129.78716620962962,59.75145101056779,0.15910553932189941
4,291,106.12590213121686,23.661264078412756,0.10106635093688965
5,291,85.65178243909563,20.474119692121235,0.08705925941467285
6,291,84.59961010987418,1.0521723292214489,0.16010737419128418
7,291,68.9162093146188,15.68340079525538,0.11607980728149414
8,291,59.89876915631975,9.017440158299046,0.09907007217407227
9,291,59.67884108679635,0.21992806952339805,0.09606313705444336
10,291,58.151113658223835,1.5277274285725184,0.1521015167236328
11,291,53.63565970216479,4.515453956059048,0.13909149169921875
12,291,50.33076790346418,3.3048917987006092,0.12508487701416016
13,291,40.79283690438952,9.53793099907466,0.11007261276245117
14,291,36.60527728789193,4.1875596164975875,0.10107088088989258
15,291,33.254406922067915,3.350870365824015,0.1070704460144043
16,291,35.04841809626988,-1.7940111742019624,0.1050710678100586
17,291,27.507691746575492,7.540726349694385,0.11107444763183594
18,291,25.151815737315587,2.355876009259905,0.1170797348022461
19,291,23.495692049026488,1.6561236882890995,0.11007308959960938
20,291,18.583303986787797,4.912388062238691,0.09006071090698242
21,291,17.826455216407776,0.7568487703800209,0.09406185150146484
22,291,19.255495372908456,-1.4290401565006796,0.12308287620544434
23,291,20.262874607903615,-1.0073792349951596,0.10907697677612305
24,291,22.168900544200625,-1.9060259362970093,0.0880577564239502
25,291,30.49301611631257,-8.324115572111946,0.08605837821960449
26,291,35.37327357683863,-4.880257460526057,0.1501009464263916
27,291,27.75368079003266,7.619592786805967,0.13008642196655273
28,291,35.12874266862869,-7.3750618785960285,0.1310877799987793
29,291,23.065456263882773,12.063286404745917,0.10206818580627441
30,291,16.537078514729227,6.528377749153545,0.09506392478942871
31,291,15.033092413357325,1.5039861013719023,0.09806704521179199
32,291,14.942972460295472,0.09011995306185305,0.1050710678100586
33,291,12.706148004174233,2.236824456121239,0.12208223342895508
34,291,16.243718216091395,-3.5375702119171617,0.11607909202575684
35,291,10.40758445424693,5.836133761844465,0.13208651542663574
36,291,9.765083012921469,0.6425014413254608,0.13309025764465332
37,291,7.831093851634434,1.9339891612870348,0.10207009315490723
38,291,8.563970352087702,-0.7328765004532682,0.17411518096923828
39,291,6.967873966642789,1.5960963854449135,0.09406471252441406
40,291,5.276588435121945,1.691285531520844,0.12608647346496582
41,291,5.665913592670645,-0.3893251575486998,0.08905959129333496
42,291,5.181988700388265,0.48392489228237956,0.08405303955078125
43,291,7.437665962387409,-2.2556772619991436,0.07505059242248535
44,291,8.576284274126802,-1.1386183117393935,0.08905911445617676
45,291,12.832574636101723,-4.256290361974921,0.0740504264831543
46,291,14.541724137561662,-1.7091495014599385,0.07104730606079102
47,291,16.73522408919728,-2.1934999516356193,0.0790550708770752
48,291,17.667998479720737,-0.9327743905234556,0.07204842567443848
49,291,13.50725828846544,4.160740191255297,0.07805252075195312
50,291,15.17789106357949,-1.6706327751140506,0.07705283164978027
51,291,11.792423237351434,3.385467826228057,0.08205676078796387
52,291,9.232558486330722,2.5598647510207115,0.08405494689941406
53,291,5.226350537368229,4.006207948962493,0.07404947280883789
54,291,2.152383908246245,3.0739666291219843,0.0810549259185791
55,291,1.297781480068607,0.8546024281776379,0.07004618644714355
56,291,0.9621406802982092,0.33564079977039774,0.07505106925964355
57,291,0.7918039974554308,0.17033668284277836,0.08305764198303223
58,291,0.7229855136663786,0.0688184837890522,0.0760493278503418
59,291,0.6659884340188333,0.0569970796475453,0.07204794883728027
60,291,0.6300790164726121,0.035909417546221234,0.0810554027557373
61,291,0.5972190152904285,0.032860001182183574,0.07705092430114746
62,291,0.571853001431695,0.025366013858733494,0.08105802536010742
63,291,0.5475780047659895,0.02427499666570554,0.07504940032958984
64,291,0.5274112273662218,0.020166777399767688,0.07304883003234863
65,291,0.5090320898049644,0.01837913756125742,0.07204842567443848
66,291,0.49205182388983665,0.016980265915127746,0.0760507583618164
67,291,0.4773176799214312,0.014734143968405444,0.08005452156066895
68,291,0.4624356569844697,0.014882022936961503,0.0810542106628418
69,291,0.44954391777648456,0.012891739207985142,0.08905911445617676
70,291,0.43728729667008986,0.012256621106394694,0.07705187797546387
71,291,0.4259257972453322,0.01136149942475767,0.08205485343933105
72,291,0.41523887460732034,0.010686922638011853,0.07605123519897461
73,291,0.40523224785684475,0.010006626750475589,0.1070711612701416
74,291,0.3959011634080006,0.009331084448844174,0.07805252075195312
75,291,0.387120319513338,0.008780843894662604,0.08005309104919434
76,291,0.37852686833443916,0.008593451178898814,0.06704521179199219
77,291,0.3705566616457488,0.007970206688690362,0.07305026054382324
78,291,0.36291619862669283,0.007640463019055965,0.08305501937866211
79,291,0.35557441280516133,0.007341785821531499,0.06704545021057129
80,291,0.34875348375125653,0.006820929053904801,0.08305644989013672
81,291,0.3422021682886407,0.0065513154626158365,0.07204794883728027
82,291,0.335834943037081,0.006367225251559694,0.0670464038848877
83,291,0.3298261793579108,0.006008763679170193,0.07605218887329102
84,291,0.32423710688895413,0.0055890724689566795,0.0830543041229248
85,291,0.31856109962199947,0.0056760072669546635,0.07905292510986328
86,291,0.31349050666125755,0.005070592960741915,0.08005595207214355
87,291,0.30823383307616625,0.005256673585091298,0.0780496597290039
88,291,0.3031509623092466,0.005082870766919656,0.07905435562133789
89,291,0.2986626365814092,0.004488325727837417,0.09906649589538574
90,291,0.293996915569662,0.00466572101174717,0.08605575561523438
91,291,0.2896241551150701,0.004372760454591895,0.0760507583618164
92,291,0.28539164479609047,0.004232510318979643,0.07705283164978027
93,291,0.2812433190666405,0.004148325729449953,0.08005309104919434
94,291,0.27726035674475136,0.003982962321889161,0.07905220985412598
95,291,0.27347954825418336,0.0037808084905679995,0.07605147361755371
96,291,0.2697028630193589,0.0037766852348244395,0.0790548324584961
97,291,0.2661375675572615,0.0035652954620974397,0.08105230331420898
98,291,0.26271525020790953,0.0034223173493519443,0.07705307006835938
99,291,0.2592139571994277,0.0035012930084818428,0.07905268669128418
100,291,0.25602771248788175,0.003186244711545938,0.07304883003234863
101,291,0.2528724625829075,0.0031552499049742333,0.07305026054382324
102,291,0.24962357209489813,0.003248890488009387,0.0760502815246582
103,291,0.2467583110766219,0.0028652610182762217,0.07705235481262207
104,291,0.24383202310039528,0.002926287976226627,0.07605147361755371
105,291,0.2408584078216393,0.0029736152787559755,0.08005285263061523
106,291,0.23812465409907912,0.002733753722560184,0.07204842567443848
107,291,0.23541912775766105,0.002705526341418074,0.07705187797546387
108,291,0.23285508424190007,0.0025640435157609776,0.12008142471313477
109,291,0.2301427558836128,0.002712328358287275,0.06704378128051758
110,291,0.2277151187219258,0.0024276371616870074,0.07204914093017578
111,291,0.22525491659063845,0.0024602021312873368,0.07905459403991699
112,291,0.22280031159440322,0.0024546049962352323,0.07404732704162598
113,291,0.2204841880030664,0.002316123591336816,0.07104969024658203
114,291,0.2181432005488979,0.002340987454168497,0.0760495662689209
115,291,0.2158122474363606,0.0023309531125373095,0.07605218887329102
116,291,0.21371416988875716,0.0020980775476034386,0.0740509033203125
117,291,0.21152553912451758,0.0021886307642395852,0.08005380630493164
118,291,0.20937439619496998,0.0021511429295476003,0.07805228233337402
119,291,0.20733667728025465,0.002037718914715325,0.07805275917053223
120,291,0.20527679857758008,0.0020598787026745724,0.06804561614990234
121,291,0.20337604633106718,0.001900752246512899,0.07204794883728027
122,291,0.20132562894600312,0.002050417385064063,0.08305716514587402
123,291,0.1994638575528349,0.0018617713931682045,0.07805132865905762
124,291,0.1976097002687997,0.0018541572840352072,0.07505083084106445
125,291,0.1957791941145967,0.0018305061542029932,0.07705259323120117
126,291,0.19397281607599662,0.0018063780386000927,0.07404923439025879
127,291,0.19221634857063846,0.0017564675053581558,0.06904864311218262
128,291,0.19048249294795097,0.0017338556226874913,0.07905316352844238
129,291,0.18883115448004434,0.0016513384679066323,0.0760493278503418
130,291,0.18718394919019193,0.0016472052898524048,0.07905268669128418
131,291,0.18556066637526134,0.001623282814930599,0.08405733108520508
132,291,0.18389738006916428,0.0016632863060970504,0.07805109024047852
133,291,0.18242301255118634,0.0014743675179779425,0.07705307006835938
134,291,0.18085676019572253,0.0015662523554638152,0.07805204391479492
135,291,0.1792924983440233,0.0015642618516992224,0.08205652236938477
136,291,0.17791286447817192,0.0013796338658513818,0.06504297256469727
137,291,0.17638884354968157,0.001524020928490355,0.07305049896240234
138,291,0.17501018110330083,0.0013786624463807406,0.07305240631103516
139,291,0.17353260923562838,0.0014775718676724447,0.071044921875
140,291,0.1722219267421003,0.001310682493528087,0.08205628395080566
141,291,0.1708414313332843,0.0013804954088159904,0.07705187797546387
142,291,0.1695204828923036,0.0013209484409807126,0.07805156707763672
143,291,0.16814609568260078,0.0013743872097028154,0.10807228088378906
144,291,0.16691201925118054,0.0012340764314202335,0.07805132865905762
145,291,0.1656251744409757,0.0012868448102048569,0.07104849815368652
146,291,0.1643120424712875,0.001313131969688186,0.07505083084106445
147,291,0.16317030370568059,0.0011417387656069145,0.0810542106628418
148,291,0.1619129218151793,0.0012573818905012857,0.07705187797546387
149,291,0.1607516253565305,0.0011612964586487917,0.08506107330322266
150,291,0.15948387285428386,0.001267752502246644,0.06704068183898926
151,291,0.15841036996963834,0.0010735028846455275,0.07004857063293457
152,291,0.1572836539702756,0.0011267159993627318,0.07404923439025879
153,291,0.15611716609295193,0.0011664878773236798,0.0760505199432373
154,291,0.15501160396648836,0.0011055621264635662,0.0740499496459961
155,291,0.15396740662665773,0.0010441973398306326,0.06404232978820801
156,291,0.15286277986231392,0.001104626764343808,0.07805252075195312
157,291,0.15179072415569264,0.0010720557066212777,0.08005261421203613
158,291,0.15078665175049433,0.001004072405198314,0.08405661582946777
159,291,0.14976249732276692,0.0010241544277274084,0.0740501880645752
160,291,0.14874015162353005,0.0010223456992368707,0.0690460205078125
161,291,0.14773938321734645,0.0010007684061835997,0.07004785537719727
162,291,0.14675994139623696,0.0009794418211094835,0.08205413818359375
163,291,0.14577874790238482,0.000981193493852145,0.07004690170288086
164,291,0.14483842155942694,0.0009403263429578756,0.07605314254760742
165,291,0.14391738084563985,0.0009210407137870968,0.07204794883728027
166,291,0.14294675480128666,0.00097062604435319,0.07305026054382324
167,291,0.1420378340662989,0.0009089207349877448,0.08005332946777344
168,291,0.14112262310653126,0.0009152109597676539,0.07104682922363281
169,291,0.1402083825947983,0.0009142405117329722,0.07204914093017578
170,291,0.13938286657757792,0.0008255160172203624,0.07204771041870117
171,291,0.13849636175250635,0.0008865048250715768,0.07704043388366699
172,291,0.1375843515181914,0.0009120102343149472,0.07404756546020508
173,291,0.13679176604355286,0.0007925854746385352,0.07705092430114746
174,291,0.1359125836556112,0.0008791823879416572,0.08405685424804688
175,291,0.13512014521212717,0.0007924384434840337,0.06404304504394531
176,291,0.13427017117777307,0.0008499740343541062,0.07905268669128418
177,291,0.1334878116261347,0.0007823595516383564,0.07305026054382324
178,291,0.1327033559503034,0.0007844556758313248,0.10307168960571289
179,291,0.1318532999303591,0.0008500560199442841,0.07305002212524414
180,291,0.13111067355350992,0.000742626376849187,0.08005332946777344
181,291,0.13032832335833727,0.000782350195172643,0.07104778289794922
182,291,0.12959367404345956,0.0007346493148777111,0.07104802131652832
183,291,0.12883980208681897,0.0007538719566405894,0.07805252075195312
184,291,0.12806432918073343,0.0007754729060855392,0.07304835319519043
185,291,0.1273423616473031,0.0007219675334303455,0.08005571365356445
186,291,0.1266770704098578,0.0006652912374452979,0.07204675674438477
187,291,0.12588156831231234,0.0007955020975454474,0.06504487991333008
188,291,0.12519155112840236,0.0006900171839099856,0.06404423713684082
189,291,0.12451427394470999,0.0006772771836923708,0.08205318450927734
190,291,0.12381196791798409,0.000702306026725899,0.0740499496459961
191,291,0.12312330786744133,0.0006886600505427581,0.07305240631103516
192,291,0.12248045431323616,0.0006428535542051667,0.07404708862304688
193,291,0.12176493585103058,0.0007155184622055777,0.06804561614990234
194,291,0.12113029605163528,0.0006346397993953062,0.07805490493774414
195,291,0.12045538285361337,0.0006749131980219036,0.07204675674438477
196,291,0.11980403917908136,0.0006513436745320123,0.07805252075195312
197,291,0.1192035047713268,0.000600534407754566,0.08005380630493164
198,291,0.11856116654763796,0.0006423382236888375,0.07404923439025879
199,291,0.11791188715963757,0.0006492793880003844,0.0740506649017334
200,291,0.11727848128508776,0.0006334058745498111,0.06804561614990234
