1,171,254.55610596357073,Nan,0.09206390380859375
2,171,92.661834362575,161.89427160099575,0.09706497192382812
3,171,58.080418744768416,34.58141561780658,0.09606552124023438
4,171,44.62160962677002,13.458809117998399,0.11007380485534668
5,171,38.04741291754586,6.574196709224154,0.10006856918334961
6,171,33.390404721941266,4.657008195604597,0.10807204246520996
7,171,31.01340298352923,2.377001738412037,0.09506440162658691
8,171,27.210696930476598,3.8027060530526313,0.11107397079467773
9,171,24.960972078050887,2.249724852425711,0.09306478500366211
10,171,24.088658043180192,0.8723140348706941,0.12208342552185059
11,171,21.633492000034877,2.455166043145315,0.0950767993927002
12,171,17.62197912624904,4.011512873785836,0.1040658950805664
13,171,16.439730826786587,1.1822482994624544,0.0880591869354248
14,171,15.257902240208217,1.1818285865783693,0.0980682373046875
15,171,14.102505444390433,1.1553967958177846,0.10807514190673828
16,171,13.914129590988159,0.18837585340227392,0.0930628776550293
17,171,13.378387795584542,0.5357417954036165,0.10407090187072754
18,171,12.505604544775826,0.8727832508087161,0.08305644989013672
19,171,10.169643352099827,2.335961192675999,0.09106159210205078
20,171,9.118102632113866,1.0515407199859617,0.10707235336303711
21,171,8.432193300110953,0.6859093320029128,0.09606456756591797
22,171,9.08880290385655,-0.6566096037455971,0.08906006813049316
23,171,8.548905735424587,0.5398971684319633,0.10106801986694336
24,171,8.309207322120667,0.23969841330391972,0.09806537628173828
25,171,9.320576963560923,-1.0113696414402558,0.09006047248840332
26,171,10.306961385726929,-0.9863844221660063,0.11607885360717773
27,171,11.579833522115434,-1.2728721363885054,0.09106135368347168
28,171,12.18291457748413,-0.6030810553686958,0.09506440162658691
29,171,10.229530093601772,1.953384483882358,0.10807418823242188
30,171,8.763959484781537,1.4655706088202347,0.09006023406982422
31,171,6.0236216730390275,2.74033781174251,0.09006094932556152
32,171,4.38674058171681,1.6368810913222172,0.11007475852966309
33,171,3.5523945412635802,0.8343460404532301,0.10307121276855469
34,171,3.5653763744831086,-0.012981833219528394,0.1020665168762207
35,171,3.506250705412456,0.05912566907065253,0.11407971382141113
36,171,3.813681009599141,-0.3074303041866848,0.1050729751586914
37,171,3.7409082689966473,0.07277274060249361,0.10006475448608398
38,171,3.881974278109414,-0.1410660091127669,0.09606504440307617
39,171,3.405188518353871,0.4767857597555434,0.10607194900512695
40,171,2.976659877215113,0.42852864113875766,0.09706544876098633
41,171,2.9200240921633585,0.056635785051754706,0.09506487846374512
42,171,2.5168643909522466,0.4031597012111119,0.12608551979064941
43,171,2.528002309748105,-0.011137918795858237,0.10607123374938965
44,171,2.3827758961064474,0.14522641364165745,0.11407685279846191
45,171,2.659603112118585,-0.27682721601213744,0.11607933044433594
46,171,2.7152136512143272,-0.05561053909574243,0.11708450317382812
47,171,2.760401932512011,-0.04518828129768382,0.12508487701416016
48,171,1.5773176518167769,1.1830842806952342,0.12008047103881836
49,171,1.4392445640734264,0.13807308774335048,0.11107444763183594
50,171,1.0878265370811735,0.3514180269922529,0.16511130332946777
51,171,0.9035549298269409,0.18427160725423264,0.12208294868469238
52,171,0.8334476195403507,0.07010731028659012,0.10206985473632812
53,171,0.5378554102863584,0.2955922092539923,0.10406851768493652
54,171,0.49809499448963573,0.03976041579672268,0.09206271171569824
55,171,0.403687070778438,0.09440792371119772,0.11207890510559082
56,171,0.34516419200812065,0.058522878770317366,0.09706330299377441
57,171,0.3174600934428828,0.027704098565237867,0.09106159210205078
58,171,0.30510138121247293,0.012358712230409852,0.10106992721557617
59,171,0.295228809263025,0.009872571949447906,0.09806394577026367
60,171,0.286652689567634,0.008576119695391016,0.10907173156738281
61,171,0.2787315858730248,0.007921103694609188,0.12408566474914551
62,171,0.271618370618139,0.007113215254885841,0.12208080291748047
63,171,0.26490255914415634,0.006715811473982647,0.10607147216796875
64,171,0.2587064966900008,0.006196062454155549,0.10607361793518066
65,171,0.25286152698738235,0.005844969702618441,0.12207961082458496
66,171,0.2475207135592188,0.005340813428163532,0.11407685279846191
67,171,0.24227720840488162,0.005243505154337191,0.10306882858276367
68,171,0.23761156490870886,0.004665643496172767,0.08605790138244629
69,171,0.23290290831242288,0.0047086565962859706,0.1050715446472168
70,171,0.22856104402882713,0.004341864283595759,0.10306954383850098
71,171,0.2243384806386062,0.004222563390220924,0.09206128120422363
72,171,0.2203923476253237,0.0039461330132825045,0.09906840324401855
73,171,0.2165444847217628,0.0038478629035609,0.10506939888000488
74,171,0.2128827763582979,0.0036617083634649106,0.09606575965881348
75,171,0.209391023678439,0.0034917526798588783,0.1120762825012207
76,171,0.20601137859054974,0.003379645087889266,0.10106921195983887
77,171,0.2027193479197366,0.0032920306708131564,0.1070713996887207
78,171,0.19966347670555115,0.003055871214185435,0.09106230735778809
79,171,0.19654342626248086,0.003120050443070288,0.10907411575317383
80,171,0.1937006534550871,0.0028427728073937564,0.09406375885009766
81,171,0.19085845375486782,0.002842199700219289,0.10206913948059082
82,171,0.18820293753061976,0.0026555162242480612,0.10907363891601562
83,171,0.18551224597224167,0.002690691558378089,0.09806609153747559
84,171,0.18295388359257153,0.002558362379670137,0.0930635929107666
85,171,0.18055204312290465,0.002401840469666877,0.10006856918334961
86,171,0.17810056748986244,0.0024514756330422105,0.13509297370910645
87,171,0.17577598751442772,0.0023245799754347263,0.11607718467712402
88,171,0.17355959066109997,0.002216396853327751,0.09706497192382812
89,171,0.17133124290619578,0.0022283477549041864,0.08906054496765137
90,171,0.16920391325013978,0.0021273296560559984,0.09506464004516602
91,171,0.16715664679876396,0.0020472664513758176,0.10106778144836426
92,171,0.16509396374864238,0.002062683050121583,0.09206151962280273
93,171,0.16320645208018167,0.0018875116684607118,0.10607242584228516
94,171,0.16125216106431825,0.0019542910158634186,0.09106135368347168
95,171,0.15940971908399038,0.0018424419803278747,0.08906006813049316
96,171,0.15758479138570172,0.001824927698288653,0.09906840324401855
97,171,0.15580798905449253,0.001776802331209193,0.10507035255432129
98,171,0.15412616928560394,0.0016818197688885927,0.09206271171569824
99,171,0.15240245842933656,0.0017237108562673797,0.10807180404663086
100,171,0.15074555399375303,0.0016569044355835283,0.09006142616271973
101,171,0.1491918700848307,0.0015536839089223264,0.08706045150756836
102,171,0.14758463372503008,0.0016072363598006179,0.11007332801818848
103,171,0.14606325726211072,0.0015213764629193605,0.09006094932556152
104,171,0.14452565847975868,0.0015375987823520454,0.08305549621582031
105,171,0.14306113085150718,0.0014645276282514996,0.09806680679321289
106,171,0.1416444030638252,0.0014167277876819817,0.1000680923461914
107,171,0.14021388207588878,0.0014305209879364178,0.09005975723266602
108,171,0.13888850192725657,0.0013253801486322048,0.11407732963562012
109,171,0.13749237239999432,0.0013961295272622576,0.1430981159210205
110,171,0.13618191085117204,0.0013104615488222782,0.09606361389160156
111,171,0.13488698124034065,0.0012949296108313857,0.11307716369628906
112,171,0.13363544346605027,0.0012515377742903788,0.1000666618347168
113,171,0.13238324707746504,0.0012521963885852305,0.09106278419494629
114,171,0.13113854432318892,0.001244702754276128,0.10807132720947266
115,171,0.12998046850732395,0.0011580758158649673,0.09406471252441406
116,171,0.12877398342319898,0.0012064850841249641,0.10006880760192871
117,171,0.12763467460232122,0.0011393088208777602,0.09706568717956543
118,171,0.1265295785367489,0.0011050960655723252,0.09806609153747559
119,171,0.12537872518811907,0.0011508533486298267,0.1220850944519043
120,171,0.12430945658470903,0.0010692686034100424,0.11107373237609863
121,171,0.12320951999936786,0.0010999365853411741,0.10907220840454102
122,171,0.1221830758431128,0.001026444156255052,0.1000678539276123
123,171,0.12116364685126714,0.001019428991845664,0.09906888008117676
124,171,0.1201182555705309,0.0010453912807362464,0.10407090187072754
125,171,0.11914665289861816,0.0009716026719127357,0.09106087684631348
126,171,0.11812475288552897,0.0010219000130891887,0.09606528282165527
127,171,0.11718486211981093,0.0009398907657180433,0.09806609153747559
128,171,0.1162083995022944,0.0009764626175165214,0.10306882858276367
129,171,0.11525997672975064,0.0009484227725437694,0.10607123374938965
130,171,0.11437451516517572,0.0008854615645749186,0.09506559371948242
131,171,0.11344060519337654,0.0009339099717991795,0.10807275772094727
132,171,0.11256033799903734,0.0008802671943392015,0.09206247329711914
133,171,0.11166483118917261,0.0008955068098647212,0.11207699775695801
134,171,0.11079209145903587,0.0008727397301367401,0.09806442260742188
135,171,0.1099501978563411,0.0008418936026947793,0.08906102180480957
136,171,0.10909724719822407,0.0008529506581170243,0.09906792640686035
137,171,0.1083015508864607,0.0007956963117633636,0.09706401824951172
138,171,0.1074420644151313,0.0008594864713294126,0.09006142616271973
139,171,0.10666999001375266,0.0007720744013786363,0.11607933044433594
140,171,0.10587324581188814,0.0007967442018645132,0.09106040000915527
141,171,0.10506662395170757,0.000806621860180573,0.08705925941467285
142,171,0.10434834481775761,0.0007182791339499645,0.10407161712646484
143,171,0.10356602996800628,0.000782314849751331,0.09206271171569824
144,171,0.10282617415062019,0.000739855817386087,0.09306168556213379
145,171,0.10207662279265267,0.0007495513579675178,0.09706711769104004
146,171,0.10135236888059548,0.0007242539120571878,0.09906673431396484
147,171,0.10063781754033906,0.000714551340256428,0.08705830574035645
148,171,0.09994043920934201,0.0006973783309970477,0.10807371139526367
149,171,0.09925573759206703,0.000684701617274977,0.09206199645996094
150,171,0.09853671581617424,0.0007190217758927947,0.0930624008178711
151,171,0.09790682362020016,0.0006298921959740772,0.1050717830657959
152,171,0.09720589083220278,0.000700932787997377,0.08905959129333496
153,171,0.09655069947668485,0.000655191355517934,0.08906054496765137
154,171,0.09593200142894473,0.0006186980477401183,0.09806585311889648
155,171,0.09526153229176998,0.0006704691371747507,0.11107563972473145
156,171,0.09465574246006353,0.0006057898317064492,0.09306716918945312
157,171,0.0940194981374911,0.0006362443225724351,0.10607004165649414
158,171,0.09338703670033387,0.0006324614371572279,0.08705925941467285
159,171,0.09282010493533951,0.0005669317649943523,0.11107540130615234
160,171,0.09219115432138954,0.0006289506139499773,0.10106968879699707
161,171,0.09159927540378911,0.0005918789176004302,0.09906697273254395
162,171,0.09103275972604752,0.0005665156777415886,0.1070709228515625
163,171,0.09043736707738467,0.0005953926486628458,0.0930626392364502
164,171,0.08988125376616206,0.0005561133112226141,0.10907578468322754
165,171,0.08930837192599263,0.0005728818401694313,0.09406042098999023
166,171,0.08876071139105729,0.0005476605349353375,0.10307121276855469
167,171,0.0882044126625572,0.0005562987285000903,0.09906530380249023
168,171,0.0876555823843394,0.0005488302782177962,0.08605790138244629
169,171,0.08712973994548831,0.0005258424388510929,0.10607242584228516
170,171,0.08658972246944904,0.0005400174760392673,0.08706068992614746
171,171,0.08605640893535954,0.0005333135340895023,0.09706330299377441
172,171,0.08554348349890539,0.000512925436454148,0.10807538032531738
173,171,0.08502883314021996,0.000514650358685434,0.08705711364746094
174,171,0.08452790390380792,0.0005009292364120399,0.08906126022338867
175,171,0.0840152385564787,0.0005126653473292164,0.09906578063964844
176,171,0.08351275148455586,0.0005024870719228386,0.0980679988861084
177,171,0.08305463723412582,0.0004581142504300473,0.0950629711151123
178,171,0.08255170169792005,0.0005029355362057703,0.10607171058654785
179,171,0.08207975425784077,0.0004719474400792789,0.09006047248840332
180,171,0.0815902369480048,0.0004895173098359712,0.09006118774414062
181,171,0.08113762194663286,0.0004526150013719338,0.10707211494445801
182,171,0.08068531127806221,0.0004523106685706546,0.09706616401672363
183,171,0.080207244053483,0.00047806722457920114,0.11307764053344727
184,171,0.0797681344385658,0.00043910961491720746,0.11307716369628906
185,171,0.07930617649640356,0.00046195794216223607,0.095062255859375
186,171,0.07887366381500449,0.00043251268139907206,0.09907007217407227
187,171,0.07844529857912234,0.00042836523588214714,0.14009356498718262
188,171,0.07799351284546512,0.0004517857336572284,0.12708497047424316
189,171,0.0775841555797628,0.00040935726570232034,0.10607242584228516
190,171,0.07715307086493288,0.00043108471482991573,0.09006142616271973
191,171,0.07672093348205089,0.0004321373828819891,0.10607266426086426
192,171,0.07632969530033214,0.00039123818171875324,0.10406827926635742
193,171,0.07589037955978087,0.00043931574055126876,0.09506440162658691
194,171,0.07550700634717941,0.0003833732126014566,0.10807514190673828
195,171,0.07510633260650294,0.00040067374067646877,0.09706544876098633
196,171,0.07469574672515904,0.0004105858813439056,0.09706377983093262
197,171,0.07430337130278349,0.00039237542237555156,0.1050710678100586
198,171,0.07390476077901466,0.00039861052376882755,0.10807490348815918
199,171,0.0735220846544419,0.00038267612457275335,0.09406185150146484
200,171,0.07315210926958493,0.00036997538485697423,0.09206199645996094
