1,41,35.14463807623727,Nan,0.19413256645202637
2,41,15.507105111735207,19.637532964502064,0.17011475563049316
3,41,11.449233845336096,4.057871266399111,0.16811418533325195
4,41,9.826879880632672,1.6223539647034233,0.18912744522094727
5,41,8.066933193956103,1.7599466866765692,0.17512011528015137
6,41,6.521262458775725,1.5456707351803782,0.17311549186706543
7,41,6.0852315612733365,0.43603089750238855,0.18212509155273438
8,41,5.861624256351164,0.2236073049221723,0.1761186122894287
9,41,5.016772952192596,0.8448513041585679,0.1741178035736084
10,41,4.391463076040681,0.6253098761519151,0.18012166023254395
11,41,4.048616497541644,0.3428465784990369,0.174119234085083
12,41,4.210462788006025,-0.16184629046438026,0.17311620712280273
13,41,4.184924880921841,0.025537907084183686,0.18912863731384277
14,41,3.562644889329161,0.6222799915926798,0.17711997032165527
15,41,3.277531149219655,0.2851137401095061,0.17711925506591797
16,41,2.7142688948416285,0.5632622543780266,0.1861269474029541
17,41,2.953303838231468,-0.23903494338983933,0.18011951446533203
18,41,2.4172209625526198,0.536082875678848,0.17712020874023438
19,41,2.54995722994368,-0.13273626739106037,0.18312549591064453
20,41,2.3725485021059534,0.17740872783772677,0.17511892318725586
21,41,2.3531651685053614,0.019383333600591968,0.23315978050231934
22,41,1.6358159489610364,0.717349219544325,0.17911887168884277
23,41,1.011699591247897,0.6241163577131394,0.17712068557739258
24,41,0.8078728275887136,0.2038267636591834,0.18312501907348633
25,41,0.5273625576733612,0.28051026991535244,0.18012070655822754
26,41,0.41729553952616905,0.11006701814719211,0.17611908912658691
27,41,0.40951707106935126,0.007778468456817789,0.18412494659423828
28,41,0.20706326857881088,0.20245380249054037,0.174116849899292
29,41,0.08606219924193075,0.12100106933688014,0.17712020874023438
30,41,0.07858132649477505,0.007480872747155698,0.18312406539916992
31,41,0.04574048165351269,0.03284084484126236,0.17511868476867676
32,41,0.04128110832269054,0.00445937333082215,0.1761183738708496
33,41,0.03490799995142983,0.006373108371260705,0.19013071060180664
34,41,0.03067753766638842,0.004230462285041411,0.17612004280090332
35,41,0.02841693618169354,0.0022606014846948824,0.17711830139160156
36,41,0.027218684377400288,0.001198251804293251,0.1841259002685547
37,41,0.025502464634869413,0.001716219742530875,0.1761188507080078
38,41,0.024036778327726226,0.0014656863071431867,0.17511796951293945
39,41,0.02306974244871526,0.0009670358790109662,0.18212437629699707
40,41,0.022095862000374056,0.0009738804483412043,0.17711830139160156
41,41,0.021149041538717158,0.0009468204616568977,0.1811234951019287
42,41,0.020451287657993297,0.0006977538807238608,0.186126708984375
43,41,0.01973488459201014,0.0007164030659831573,0.17711925506591797
44,41,0.019121806559009462,0.0006130780330006781,0.17712068557739258
45,41,0.018410447414856337,0.0007113591441531252,0.18512463569641113
46,41,0.0179276300472619,0.0004828173675944375,0.1761186122894287
47,41,0.017282244034134368,0.0006453860131275316,0.17311954498291016
48,41,0.01685725119293472,0.00042499284119964717,0.18212175369262695
49,41,0.016365507519727023,0.0004917436732076973,0.17812132835388184
50,41,0.015983531659866067,0.0003819758598609564,0.1811213493347168
51,41,0.0154949327191893,0.0004885989406767672,0.18512582778930664
52,41,0.015195248726524628,0.0002996839926646712,0.17511868476867676
53,41,0.014766404357666033,0.00042884436885859585,0.1761183738708496
54,41,0.01443385408465422,0.000332550273011812,0.18712759017944336
55,41,0.014125377980558759,0.00030847610409546165,0.17612075805664062
56,41,0.013820863882965308,0.0003045140975934512,0.17211651802062988
57,41,0.01352104752138257,0.00029981636158273733,0.18312335014343262
58,41,0.013229915418649658,0.00029113210273291196,0.1791219711303711
59,41,0.012953627782186752,0.00027628763646290674,0.18712592124938965
60,41,0.012688338831792602,0.00026528895039414947,0.1861255168914795
61,41,0.01246488625026125,0.00022345258153135157,0.17511844635009766
62,41,0.012218599913585681,0.00024628633667556944,0.17612051963806152
63,41,0.011997770792594694,0.00022082912099098684,0.1911301612854004
64,41,0.011777656325872937,0.00022011446672175715,0.17711973190307617
65,41,0.01155304712553334,0.00022460920033959796,0.17511773109436035
66,41,0.011360332719094004,0.0001927144064393354,0.23215699195861816
67,41,0.011172691474798609,0.00018764124429539522,0.17511940002441406
68,41,0.010972001633184845,0.00020068984161376348,0.18512463569641113
69,41,0.010823207832783998,0.00014879380040084753,0.17612004280090332
70,41,0.010618795193070192,0.00020441263971380554,0.17912077903747559
71,41,0.010473726367744738,0.00014506882532545375,0.18512344360351562
72,41,0.010294586896746167,0.00017913947099857178,0.1721179485321045
73,41,0.010141447269615517,0.00015313962713064955,0.17311644554138184
74,41,0.009976982284434988,0.00016446498518052875,0.1841261386871338
75,41,0.009847091257429254,0.0001298910270057345,0.19613242149353027
76,41,0.00967873509043732,0.00016835616699193388,0.19713330268859863
77,41,0.009543638899847013,0.0001350961905903069,0.18512511253356934
78,41,0.009428398084380856,0.00011524081546615723,0.1791231632232666
79,41,0.009289254297751801,0.00013914378662905486,0.18012118339538574
80,41,0.0091740067032671,0.00011524759448470166,0.1861257553100586
81,41,0.009034153241868417,0.00013985346139868196,0.17211699485778809
82,41,0.008912240218923607,0.00012191302294481052,0.17511677742004395
83,41,0.008796975671072557,0.00011526454785104959,0.18712735176086426
84,41,0.008682190796738723,0.00011478487433383422,0.17612075805664062
85,41,0.008603039130101804,7.91516666369188e-05,0.1761183738708496
86,41,0.008472104867728507,0.00013093426237329765,0.18512535095214844
87,41,0.008376124074775622,9.598079295288463e-05,0.18012356758117676
88,41,0.008274071722532037,0.00010205235224358504,0.17811918258666992
89,41,0.008179556445954014,9.451527657802251e-05,0.18012309074401855
90,41,0.008076338613277455,0.00010321783267655885,0.17511820793151855
91,41,0.007998341908971529,7.79967043059264e-05,0.17811846733093262
92,41,0.00788231814648004,0.00011602376249148991,0.18112444877624512
93,41,0.007797514824245549,8.480332223449044e-05,0.17711949348449707
94,41,0.007713641178977664,8.387364526788506e-05,0.1761188507080078
95,41,0.007627919421228269,8.572175774939489e-05,0.18712592124938965
96,41,0.007537044185552077,9.087523567619191e-05,0.17612075805664062
97,41,0.007461423758784804,7.562042676727276e-05,0.1761183738708496
98,41,0.0073728151853117325,8.860857347307155e-05,0.18212366104125977
99,41,0.007288016542013273,8.479864329845929e-05,0.17812085151672363
100,41,0.007238522876973417,4.949366503985593e-05,0.17311692237854004
