1,381,701.2711610717773,Nan,0.08005380630493164
2,381,257.6891038742065,443.5820571975708,0.09106159210205078
3,381,191.30609640066965,66.38300747353688,0.08205389976501465
4,381,134.41285802514213,56.89323837552752,0.10506939888000488
5,381,116.19026497922624,18.222593045915886,0.08205509185791016
6,381,107.77494375365121,8.415321225575028,0.08005332946777344
7,381,92.28690981537954,15.48803393827167,0.1260828971862793
8,381,73.3379935280936,18.94891628728594,0.08605790138244629
9,381,61.92488171522958,11.413111812864024,0.08305573463439941
10,381,44.334060667991636,17.590821047237945,0.09206151962280273
11,381,38.97607095854623,5.357989709445405,0.0880594253540039
12,381,35.23476843166351,3.74130252688272,0.08906006813049316
13,381,31.177083278383527,4.057685153279984,0.09706449508666992
14,381,29.96607768344879,1.2110055949347363,0.08705902099609375
15,381,32.15321736744472,-2.1871396839959267,0.09005928039550781
16,381,36.68677969271796,-4.533562325273245,0.100067138671875
17,381,41.57457185690743,-4.88779216418947,0.0880594253540039
18,381,32.22800094366074,9.346570913246694,0.08705806732177734
19,381,43.332283862113954,-11.104282918453215,0.0880591869354248
20,381,39.32816467503139,4.004119187082566,0.09106135368347168
21,381,27.410061394691468,11.91810328033992,0.09506416320800781
22,381,20.653634356294358,6.75642703839711,0.10106706619262695
23,381,15.6407352912426,5.012899065051759,0.095062255859375
24,381,11.803505677461624,3.837229613780975,0.09806561470031738
25,381,8.833652348961149,2.9698533285004753,0.08906173706054688
26,381,7.695576687744685,1.1380756612164635,0.08805704116821289
27,381,6.682085567065648,1.0134911206790376,0.09706664085388184
28,381,5.260885080967631,1.4212004860980167,0.09206080436706543
29,381,4.343470653789384,0.9174144271782465,0.08605742454528809
30,381,3.80984706391607,0.5336235898733142,0.09206128120422363
31,381,3.4713248007127215,0.33852226320334866,0.1240849494934082
32,381,3.13255953672954,0.3387652639831815,0.09105920791625977
33,381,2.9480108168636048,0.18454871986593524,0.10307049751281738
34,381,2.71817142448255,0.22983939238105489,0.08605432510375977
35,381,2.5907213425721443,0.12745008191040563,0.10407018661499023
36,381,2.4387014415349277,0.15201990103721652,0.0930631160736084
37,381,2.317422882446221,0.12127855908870666,0.08305668830871582
38,381,2.212475120135716,0.10494776231050507,0.08505654335021973
39,381,2.1121607358625956,0.10031438427312045,0.09106278419494629
40,381,2.0216713983927455,0.0904893374698501,0.09005928039550781
41,381,1.9375418631775039,0.08412953521524158,0.09706425666809082
42,381,1.8598123468841825,0.07772951629332137,0.10206866264343262
43,381,1.793085333108902,0.06672701377528045,0.13909268379211426
44,381,1.7213193205680166,0.07176601254088544,0.09306883811950684
45,381,1.6637423268045697,0.05757699376344694,0.09405970573425293
46,381,1.6030687561631203,0.060673570641449404,0.09106183052062988
47,381,1.5495653649653707,0.053503391197749606,0.10507011413574219
48,381,1.4981986139076098,0.051366751057760895,0.08505558967590332
49,381,1.4520706031492778,0.04612801075833195,0.08405685424804688
50,381,1.4059016987170492,0.04616890443222865,0.09806656837463379
51,381,1.365321360277278,0.04058033843977116,0.09906625747680664
52,381,1.3238418668636254,0.041479493413652646,0.1270897388458252
53,381,1.2877701553915228,0.03607171147210253,0.11307573318481445
54,381,1.2505985065187726,0.03717164887275026,0.10506844520568848
55,381,1.2182170912538255,0.03238141526494709,0.09506511688232422
56,381,1.1841171953507832,0.0340998959030423,0.10306906700134277
57,381,1.1541979840482983,0.02991921130248487,0.1140756607055664
58,381,1.12552796459198,0.028670019456318308,0.13709163665771484
59,381,1.0971737491999354,0.028354215392044635,0.21514463424682617
60,381,1.0712967964581082,0.02587695274182722,0.13909363746643066
61,381,1.0451990583155837,0.026097738142524474,0.16611146926879883
62,381,1.021631902324302,0.023567155991281785,0.11807942390441895
63,381,0.9986484780354159,0.022983424288886,0.14509987831115723
64,381,0.9754191297292709,0.02322934830614498,0.10807180404663086
65,381,0.9547070914208889,0.020712038308381975,0.10707306861877441
66,381,0.9333660163709095,0.021341075049979397,0.10807180404663086
67,381,0.9150993460161345,0.018266670354775028,0.1501011848449707
68,381,0.8944715621939727,0.020627783822161794,0.09706521034240723
69,381,0.8777892588760171,0.016682303317955616,0.08705759048461914
70,381,0.8591244274164949,0.018664831459522246,0.09406304359436035
71,381,0.8423309848308563,0.01679344258563853,0.11107420921325684
72,381,0.8261811453529767,0.016149839477879624,0.10306930541992188
73,381,0.8099733436065061,0.01620780174647063,0.10206818580627441
74,381,0.7959486434119089,0.014024700194597228,0.09606409072875977
75,381,0.7805360622959477,0.01541258111596111,0.09306192398071289
76,381,0.7658426905742713,0.014693371721676396,0.08905935287475586
77,381,0.7532404659816196,0.0126022245926517,0.08805990219116211
78,381,0.7390353340165956,0.014205131965024043,0.0950632095336914
79,381,0.726486675360373,0.012548658656222567,0.0880577564239502
80,381,0.7144275474080017,0.012059127952371296,0.1330883502960205
81,381,0.7013091352709702,0.013118412137031576,0.0930631160736084
82,381,0.6903508024130549,0.010958332857915254,0.09706568717956543
83,381,0.6788099134713411,0.01154088894171379,0.09806537628173828
84,381,0.6677050958424806,0.011104817628860508,0.10207009315490723
85,381,0.656802561968565,0.010902533873915599,0.11407470703125
86,381,0.6467343745125191,0.010068187456045874,0.09806132316589355
87,381,0.6362683477167572,0.010466026795761918,0.09406208992004395
88,381,0.6273228848597833,0.008945462856973951,0.10607194900512695
89,381,0.6173218620334353,0.01000102282634796,0.13008904457092285
90,381,0.6081658773805414,0.009155984652893912,0.10507035255432129
91,381,0.5994538793798004,0.008711998000740961,0.10607218742370605
92,381,0.5904082852516855,0.009045594128114898,0.10085535049438477
93,381,0.5821261303595134,0.0082821548921721,0.11857819557189941
94,381,0.5734989587898766,0.008627171569636882,0.11157608032226562
95,381,0.5656815078811986,0.007817450908677914,0.11207389831542969
96,381,0.5577667035460472,0.00791480433515146,0.0930628776550293
97,381,0.5502675020694733,0.007499201476573902,0.1095738410949707
98,381,0.542783325693437,0.007484176376036267,0.10306954383850098
99,381,0.5355012615493365,0.007282064144100486,0.09456300735473633
100,381,0.528370370988335,0.007130890561001579,0.10357117652893066
101,381,0.5213410001652581,0.007029370823076864,0.09356307983398438
102,381,0.5148506330507142,0.006490367114543871,0.08505630493164062
103,381,0.5078070628025702,0.00704357024814406,0.09406447410583496
104,381,0.5017991106765611,0.00600795212600902,0.13208961486816406
105,381,0.4951448311976024,0.006654279478958747,0.09856581687927246
106,381,0.489258995828884,0.005885835368718395,0.08505821228027344
107,381,0.48267564401882035,0.006583351810063642,0.0905616283416748
108,381,0.4773407490551472,0.005334894963673176,0.09106230735778809
109,381,0.4714006886886699,0.005940060366477262,0.08355569839477539
110,381,0.4658160696881158,0.005584619000554125,0.08956050872802734
111,381,0.46030835938453674,0.00550771030357905,0.10056853294372559
112,381,0.45494647456279824,0.005361884821738494,0.08955931663513184
113,381,0.4498484223037958,0.00509805225900245,0.08405661582946777
114,381,0.4444332730408226,0.005415149262973207,0.09656643867492676
115,381,0.4395124266637223,0.004920846377100274,0.09156060218811035
116,381,0.43451057116687297,0.005001855496849339,0.08855915069580078
117,381,0.4298418665549585,0.004668704611914487,0.13759350776672363
118,381,0.424882923415729,0.00495894313922951,0.09356403350830078
119,381,0.4203589917825801,0.004523931633148848,0.0930624008178711
120,381,0.4159205801188946,0.004438411663685526,0.09456324577331543
121,381,0.4112647473663092,0.004655832752585409,0.08755850791931152
122,381,0.40698618541019305,0.004278561956116145,0.09106183052062988
123,381,0.40278063832649164,0.004205547083701411,0.0975649356842041
124,381,0.3984094433656761,0.004371194960815561,0.08655738830566406
125,381,0.3944142519746508,0.003995191391025277,0.08155441284179688
126,381,0.3904346139729023,0.003979638001748498,0.10056877136230469
127,381,0.38635881367112906,0.004075800301773236,0.08755755424499512
128,381,0.3824170728496143,0.003941740821514772,0.08955955505371094
129,381,0.37884408351140364,0.0035729893382106526,0.0975651741027832
130,381,0.3748036454958575,0.004040438015546155,0.09156179428100586
131,381,0.3712528637583767,0.0035507817374808015,0.08855938911437988
132,381,0.3675554581007787,0.003697405657597963,0.09556388854980469
133,381,0.3641000619019781,0.003455396198800642,0.08505749702453613
134,381,0.360569552476917,0.003530509425061057,0.0905609130859375
135,381,0.35727750495076177,0.0032920475261552506,0.1000678539276123
136,381,0.35382152858376503,0.003455976366996738,0.09656524658203125
137,381,0.3504789284339973,0.003342600149767727,0.0880589485168457
138,381,0.34723237829761844,0.0032465501363788674,0.09906649589538574
139,381,0.34416460852324965,0.0030677697743687893,0.09106183052062988
140,381,0.3409122397995421,0.003252368723707544,0.08905792236328125
141,381,0.3377570127631937,0.003155227036348407,0.14359712600708008
142,381,0.3347707122819764,0.0029863004812172855,0.0950627326965332
143,381,0.3319146574927228,0.0028560547892536037,0.09206342697143555
144,381,0.32886630508942266,0.0030483524033001475,0.09606337547302246
145,381,0.32599942256616693,0.0028668825232557316,0.09106159210205078
146,381,0.32305319490922346,0.0029462276569434676,0.10557079315185547
147,381,0.32039413355929514,0.0026590613499283267,0.09156203269958496
148,381,0.31766926159177505,0.0027248719675200817,0.09006071090698242
149,381,0.31502825405448676,0.002641007537288298,0.11107444763183594
150,381,0.312129006520978,0.002899247533508731,0.09456348419189453
151,381,0.3097314668893814,0.0023975396315966124,0.08705902099609375
152,381,0.3069793743959495,0.0027520924934318902,0.10957527160644531
153,381,0.3045328392439655,0.0024465351519840084,0.11007332801818848
154,381,0.30204663214087485,0.002486207103090665,0.20413684844970703
155,381,0.29953220512292217,0.0025144270179526806,0.10206913948059082
156,381,0.29707500928427494,0.0024571958386472303,0.10106730461120605
157,381,0.29480913917507445,0.002265870109200485,0.11107420921325684
158,381,0.29239318388061863,0.0024159552944558182,0.10557150840759277
159,381,0.290107465837683,0.002285718042935647,0.11157393455505371
160,381,0.2877956352223243,0.0023118306153586676,0.10757184028625488
161,381,0.2855040019622871,0.002291633260037229,0.11007380485534668
162,381,0.28335711511756695,0.0021468868447201417,0.10156893730163574
163,381,0.28111459661168714,0.002242518505879809,0.10457015037536621
164,381,0.27904705928053175,0.002067537331155389,0.09006047248840332
165,381,0.2768138137757778,0.0022332455047539557,0.09356307983398438
166,381,0.2747289241552353,0.002084889620542485,0.09856581687927246
167,381,0.27270407193899154,0.0020248522162437665,0.09856653213500977
168,381,0.27061848560614243,0.0020855863328491098,0.10156774520874023
169,381,0.26869294778789793,0.0019255378182445049,0.1045691967010498
170,381,0.2667138852157763,0.0019790625721216037,0.14409852027893066
171,381,0.2647054079526237,0.0020084772631526193,0.12658405303955078
172,381,0.26285065085015125,0.0018547571024724596,0.10957551002502441
173,381,0.2609209058529564,0.0019297449971948377,0.10156750679016113
174,381,0.259001886362476,0.0019190194904804003,0.09256243705749512
175,381,0.25725601715062346,0.0017458692118525465,0.0905604362487793
176,381,0.2553925871795842,0.0018634299710392765,0.0905613899230957
177,381,0.2534909588683929,0.0019016283111912835,0.0880584716796875
178,381,0.25177508146848,0.0017158773999129129,0.1430954933166504
179,381,0.25006053182269844,0.001714549645781549,0.08455657958984375
180,381,0.24829958426100868,0.001760947561689763,0.08205461502075195
181,381,0.24662841017970016,0.001671174081308513,0.10056853294372559
182,381,0.24486385174840689,0.0017645584312932783,0.09106016159057617
183,381,0.24320585957914592,0.0016579921692609634,0.09206175804138184
184,381,0.24162408579460212,0.0015817737845437996,0.09556388854980469
185,381,0.24000159977163588,0.0016224860229662463,0.09406304359436035
186,381,0.23832938266439097,0.001672217107244911,0.09156155586242676
187,381,0.2367866224763649,0.001542760188026071,0.10206842422485352
188,381,0.23525394099205732,0.0015326814843075742,0.10206913948059082
189,381,0.23360198741406202,0.001651953577995302,0.10557103157043457
190,381,0.23213692589104176,0.0014650615230202557,0.1430952548980713
191,381,0.23065021389297077,0.0014867119980709886,0.08505749702453613
192,381,0.22914974041070257,0.0015004734822681998,0.0835561752319336
193,381,0.22764634008812054,0.0015034003225820325,0.10006833076477051
194,381,0.22617786797881126,0.0014684721093092823,0.08956027030944824
195,381,0.22476827857962675,0.0014095893991845077,0.08555865287780762
196,381,0.22333399442051138,0.0014342841591153677,0.0930633544921875
197,381,0.22193802847926106,0.0013959659412503267,0.09256243705749512
198,381,0.22058975762341704,0.0013482708558440193,0.08255481719970703
199,381,0.21917515100112983,0.0014146066222872067,0.09356307983398438
200,381,0.21784113667160274,0.0013340143295270945,0.08906054496765137
