1,31,25.780994210549764,Nan,0.22715377807617188
2,31,11.537874901311739,14.243119309238025,0.1981344223022461
3,31,9.291435199039324,2.246439702272415,0.20113658905029297
4,31,7.723822499360357,1.5676126996789668,0.25917577743530273
5,31,5.786629816634314,1.9371926827260424,0.19713139533996582
6,31,4.716955103380339,1.069674713253975,0.2081432342529297
7,31,4.154690886727401,0.5622642166529381,0.20714020729064941
8,31,3.7772590816106115,0.37743180511678975,0.20213603973388672
9,31,2.8913769681464347,0.8858821134641768,0.20814013481140137
10,31,3.02592008380379,-0.1345431156573551,0.198134183883667
11,31,3.206348303928705,-0.18042822012491522,0.20714306831359863
12,31,3.624725683382579,-0.4183773794538741,0.1981339454650879
13,31,3.630181265017816,-0.00545558163523685,0.19913554191589355
14,31,2.757670005604625,0.8725112594131912,0.212144136428833
15,31,3.0101095541114256,-0.2524395485068007,0.20213675498962402
16,31,2.3721954266559333,0.6379141274554923,0.2001335620880127
17,31,1.9558472599912702,0.4163481666646631,0.2071387767791748
18,31,2.2542913157061806,-0.2984440557149104,0.19913554191589355
19,31,1.845829254532499,0.40846206117368156,0.20413875579833984
20,31,1.0655632993389985,0.7802659551935005,0.19913506507873535
21,31,0.4509448288586656,0.6146184704803329,0.20113563537597656
22,31,0.7622351018078625,-0.31129027294919687,0.25417184829711914
23,31,0.6762756390298351,0.08595946277802735,0.19913673400878906
24,31,0.5996220237969287,0.07665361523290637,0.20714044570922852
25,31,0.5674815759065261,0.0321404478904026,0.2001349925994873
26,31,0.4219154721821126,0.14556610372441353,0.19713211059570312
27,31,0.37067281154519877,0.05124266063691385,0.2051384449005127
28,31,0.12068550398716305,0.24998730755803572,0.20413994789123535
29,31,0.0743772019472838,0.04630830203987925,0.20413851737976074
30,31,0.035918046970909924,0.03845915497637387,0.20613884925842285
31,31,0.024382710125970854,0.01153533684493907,0.1981346607208252
32,31,0.0205457496635832,0.003836960462387653,0.21014165878295898
33,31,0.01819759916045171,0.0023481505031314916,0.19913482666015625
34,31,0.016711586065960415,0.0014860130944912946,0.19413208961486816
35,31,0.015510980130855128,0.001200605935105287,0.207139253616333
36,31,0.014543466528449374,0.0009675136024057535,0.2031402587890625
37,31,0.013704476596633737,0.0008389899318156369,0.20813965797424316
38,31,0.013066526964074001,0.000637949632559736,0.20113539695739746
39,31,0.012424751747765445,0.0006417752163085568,0.19913363456726074
40,31,0.011946948368543027,0.00047780337922241796,0.2121436595916748
41,31,0.011447478245170454,0.0004994701233725727,0.19613409042358398
42,31,0.011032605788429335,0.00041487245674111904,0.19713425636291504
43,31,0.010631185148060987,0.0004014206403683482,0.21514582633972168
44,31,0.010303865933221199,0.00032731921483978785,0.20613884925842285
45,31,0.009972194029400791,0.0003316719038204078,0.20814132690429688
46,31,0.0096909758097567,0.00028121821964409086,0.19913482666015625
47,31,0.009406017919075176,0.00028495789068152394,0.20613956451416016
48,31,0.009171272320161473,0.0002347455989137031,0.21614527702331543
49,31,0.008922996008344593,0.00024827631181688,0.1961348056793213
50,31,0.00871112260209754,0.00021187340624705293,0.20613789558410645
51,31,0.008501647204158611,0.00020947539793892897,0.20213747024536133
52,31,0.008300933873557369,0.0002007133306012425,0.2001357078552246
53,31,0.008126041315346291,0.00017489255821107746,0.20814156532287598
54,31,0.007946377801752533,0.00017966351359375785,0.20313715934753418
55,31,0.007786057135179623,0.00016032066657291084,0.19913506507873535
56,31,0.007631243497301641,0.0001548136378779815,0.207139253616333
57,31,0.007483099401995008,0.00014814409530663347,0.19913554191589355
58,31,0.007331498516253695,0.00015160088574131276,0.2101433277130127
59,31,0.007208334435372048,0.00012316408088164713,0.2001345157623291
60,31,0.007072591089092644,0.0001357433462794034,0.2001345157623291
61,31,0.00693620183274574,0.00013638925634690442,0.2121448516845703
62,31,0.006827763627031735,0.00010843820571400462,0.20213627815246582
63,31,0.006704162522907219,0.0001236011041245164,0.20514345169067383
64,31,0.00659951378695093,0.00010464873595628869,0.197129487991333
65,31,0.006491150762607244,0.00010836302434368613,0.20313739776611328
66,31,0.006388989581753516,0.00010216118085372775,0.20614337921142578
67,31,0.006289644140459132,9.934544129438453e-05,0.19913005828857422
68,31,0.0061943892338417106,9.525490661742124e-05,0.19913578033447266
69,31,0.0060999849217623706,9.440431207933999e-05,0.21314454078674316
70,31,0.0060180798692828314,8.190505247953912e-05,0.2001354694366455
71,31,0.005929396289583695,8.868357969913677e-05,0.2501695156097412
72,31,0.005845263026465546,8.413326311814892e-05,0.1981348991394043
73,31,0.0057665749247140154,7.868810175153031e-05,0.19613218307495117
74,31,0.005687436319191225,7.91386055227902e-05,0.20814275741577148
75,31,0.005614138085380546,7.329823381067944e-05,0.19913387298583984
76,31,0.005542967409633483,7.117067574706308e-05,0.21114301681518555
77,31,0.005468848842379105,7.411856725437777e-05,0.20113587379455566
78,31,0.005399914406984213,6.893443539489168e-05,0.198134183883667
79,31,0.005329466126805138,7.044828017907512e-05,0.20613789558410645
80,31,0.005270073234521468,5.939289228366982e-05,0.19913744926452637
81,31,0.005202829797267831,6.724343725363763e-05,0.19613170623779297
82,31,0.005143276475214017,5.955332205381369e-05,0.20814061164855957
83,31,0.005083442263496441,5.983421171757569e-05,0.20213723182678223
84,31,0.005026166208036427,5.727605546001439e-05,0.20914149284362793
85,31,0.004963519720040495,6.264648799593226e-05,0.1981337070465088
86,31,0.004916175952351685,4.734376768880926e-05,0.2051403522491455
87,31,0.004858451668509848,5.7724283841837504e-05,0.2101428508758545
88,31,0.00480561948318999,5.28321853198576e-05,0.1951303482055664
89,31,0.004756547948379843,4.907153481014705e-05,0.20213794708251953
90,31,0.004701601337005351,5.494661137449199e-05,0.20113563537597656
91,31,0.004657856526552808,4.374481045254369e-05,0.20414042472839355
92,31,0.004607412383489385,5.04441430634224e-05,0.2071387767791748
93,31,0.004560416728400534,4.6995655088851417e-05,0.19413185119628906
94,31,0.004514699821022597,4.571690737793701e-05,0.19813323020935059
95,31,0.004468814196478758,4.588562454383837e-05,0.20514130592346191
96,31,0.004428306948078638,4.050724840012031e-05,0.20113492012023926
97,31,0.004382722364818619,4.558458326001883e-05,0.20613980293273926
98,31,0.0043419996866245385,4.0722678194080736e-05,0.20213603973388672
99,31,0.004298640413259688,4.335927336485048e-05,0.19913554191589355
100,31,0.0042618453020861905,3.679511117349755e-05,0.20513916015625
