1,481,860.4000551714216,Nan,0.09906625747680664
2,481,683.5187110682896,176.88134410313205,0.10106754302978516
3,481,897.2631889517647,-213.74447788347516,0.09906649589538574
4,481,685.2719656415667,211.99122331019805,0.1050713062286377
5,481,547.5859305158342,137.68603512573247,0.09806537628173828
6,481,508.67242543247767,38.91350508335654,0.10206842422485352
7,481,474.75142329188753,33.92100214059013,0.15210461616516113
8,481,452.4845369567871,22.266886335100423,0.10907149314880371
9,481,420.00964750671386,32.47488945007325,0.09806656837463379
10,481,509.99348420933313,-89.98383670261927,0.10207104682922363
11,481,608.1624762486049,-98.16899203927176,0.1000661849975586
12,481,510.12384090314595,98.03863534545894,0.09806585311889648
13,481,517.9233521205357,-7.79951121738975,0.09606552124023438
14,481,487.56294397844584,30.360408142089852,0.1000673770904541
15,481,509.6405422450474,-22.07759826660157,0.10106825828552246
16,481,536.9937065865653,-27.353164341517868,0.09906625747680664
17,481,542.6244693734305,-5.630762786865262,0.1000680923461914
18,481,629.2055484401158,-86.58107906668522,0.09706711769104004
19,481,580.3012673819405,48.90428105817523,0.09706521034240723
20,481,581.692881086077,-1.391613704136489,0.09606599807739258
21,481,560.4486474958147,21.244233590262297,0.09706568717956543
22,481,551.4983299865722,8.950317509242495,0.10507082939147949
23,481,554.2882693743024,-2.7899393877302145,0.10206985473632812
24,481,529.1617697971889,25.126499577113577,0.14209485054016113
25,481,524.9118938773018,4.2498759198870175,0.09706664085388184
26,481,593.232713256836,-68.3208193795341,0.09706592559814453
27,481,634.8922491455078,-41.659535888671826,0.09706473350524902
28,481,639.8191406293597,-4.926891483851932,0.09606456756591797
29,481,635.6375771004813,4.181563528878428,0.09906816482543945
30,481,727.6725959603446,-92.03501885986327,0.09906649589538574
31,481,685.9904266575404,41.68216930280414,0.0980679988861084
32,481,618.9518878086635,67.0385388488769,0.09906554222106934
33,481,639.3578195103237,-20.405931701660165,0.10106897354125977
34,481,626.9094349931989,12.448384517124737,0.09706544876098633
35,481,663.8790158429827,-36.96958084978371,0.09806585311889648
36,481,787.2486409824917,-123.36962513950903,0.09606552124023438
37,481,763.4310981837681,23.817542798723593,0.09906816482543945
38,481,672.528114227295,90.90298395647312,0.0980684757232666
39,481,623.0264439828055,49.501670244489446,0.0950624942779541
40,481,602.600378213065,20.42606576974049,0.09606432914733887
41,481,600.8091940612793,1.7911841517857283,0.09706687927246094
42,481,605.6515057155065,-4.84231165422716,0.09606456756591797
43,481,596.1012018040249,9.550303911481592,0.09506392478942871
44,481,599.257568586077,-3.156366782052146,0.09906768798828125
45,481,617.9951538347517,-18.73758524867469,0.09906840324401855
46,481,603.8179084690639,14.177245365687781,0.100067138671875
47,481,581.9999452209472,21.817963248116712,0.09806513786315918
48,481,579.4276694771903,2.5722757437569044,0.09706544876098633
49,481,571.1617831726074,8.265886304582864,0.09606599807739258
50,481,565.3192620239258,5.842521148681612,0.09606504440307617
51,481,562.6715076075963,2.647754416329576,0.09806656837463379
52,481,570.3698683428083,-7.698360735212077,0.09606552124023438
53,481,565.4128968418667,4.956971500941677,0.09906601905822754
54,481,565.0846248648508,0.32827197701590194,0.09706544876098633
55,481,560.7244084254673,4.360216439383407,0.14009594917297363
56,481,558.6178485151019,2.1065599103654904,0.09306168556213379
57,481,558.7903412214007,-0.17249270629883995,0.09506583213806152
58,481,555.5558148672922,3.2345263541085387,0.09806632995605469
59,481,557.5132136535644,-1.9573987862722788,0.09906530380249023
60,481,555.0729457746233,2.4402678789410857,0.09706711769104004
61,481,555.1197180916922,-0.046772317068871416,0.09906673431396484
62,481,553.1976051766532,1.9221129150390652,0.09706544876098633
63,481,552.6989633483887,0.4986418282644536,0.09606575965881348
64,481,553.4580906284878,-0.759127280099051,0.09706640243530273
65,481,552.1317020176479,1.3263886108398992,0.09706521034240723
66,481,551.5709932294573,0.5607087881905954,0.09706473350524902
67,481,551.2424202706474,0.32857295880990023,0.09706592559814453
68,481,551.5949407174247,-0.35252044677736194,0.09706711769104004
69,481,549.6379795096261,1.9569612077985994,0.09606432914733887
70,481,550.481315826416,-0.8433363167898733,0.09506487846374512
71,481,549.3876627676827,1.0936530587332527,0.14009451866149902
72,481,550.5645947440012,-1.1769319763184285,0.0950632095336914
73,481,551.5347080426898,-0.9701132986886023,0.09906840324401855
74,481,552.4001277945382,-0.8654197518484352,0.09706544876098633
75,481,553.4286464625767,-1.0285186680384868,0.09806513786315918
76,481,555.3294363708496,-1.900789908272941,0.1100759506225586
77,481,553.4010244489398,1.9284119219098557,0.10206866264343262
78,481,549.7095078168596,3.691516632080152,0.09706616401672363
79,481,550.6206618390764,-0.911154022216806,0.09606528282165527
80,481,553.3624100080218,-2.741748168945378,0.09406232833862305
81,481,553.4600822187151,-0.0976722106933039,0.0980672836303711
82,481,553.0060268816267,0.45405533708844814,0.09706568717956543
83,481,553.8150924421038,-0.8090655604771655,0.09606623649597168
84,481,550.836373400007,2.9787190420968273,0.1000676155090332
85,481,550.1883783787318,0.6479950212751646,0.09706521034240723
86,481,549.6323815699986,0.5559968087331981,0.1000678539276123
87,481,555.5077087140764,-5.875327144077801,0.09906697273254395
88,481,553.7374422433036,1.7702664707728673,0.09606552124023438
89,481,555.8812823050363,-2.1438400617327034,0.09606456756591797
90,481,554.6127149353027,1.268567369733546,0.09606456756591797
91,481,556.6321883021764,-2.019473366873626,0.09706616401672363
92,481,550.0894652709961,6.5427230311802305,0.09806656837463379
93,481,548.6400130571637,1.4494522138323873,0.09806609153747559
94,481,547.5712607247489,1.0687523324148742,0.09706616401672363
95,481,546.2706318751743,1.3006288495745366,0.09906673431396484
96,481,545.0621140223911,1.2085178527831886,0.10406994819641113
97,481,545.6935806143624,-0.6314665919712752,0.09706592559814453
98,481,544.8171546543666,0.8764259599957995,0.09906768798828125
99,481,545.3961547546387,-0.5790001002720828,0.09906744956970215
100,481,545.0613016793387,0.334853075299975,0.09506464004516602
