1,231,378.4456203956604,Nan,0.07805156707763672
2,231,128.5548292388916,249.89079115676878,0.07705068588256836
3,231,91.17013214492798,37.38469709396364,0.08005475997924805
4,231,67.79557174301148,23.374560401916497,0.09206342697143555
5,231,56.045168865203856,11.750402877807623,0.15110206604003906
6,231,48.778600794792176,7.2665680704116795,0.07805180549621582
7,231,42.88716850280762,5.891432291984557,0.08005452156066895
8,231,43.1689933385849,-0.2818248357772788,0.07605171203613281
9,231,40.7896687669754,2.3793245716094944,0.07905387878417969
10,231,39.75449624228477,1.0351725246906298,0.08305573463439941
11,231,39.82692293930054,-0.07242669701576432,0.09006118774414062
12,231,37.91913592815399,1.9077870111465458,0.0740501880645752
13,231,34.30246273708344,3.6166731910705536,0.08405685424804688
14,231,29.384383669376373,4.918079067707065,0.07805299758911133
15,231,27.215537032604217,2.1688466367721553,0.07505178451538086
16,231,27.190483808517456,0.02505322408676136,0.07204794883728027
17,231,25.438791413784028,1.7516923947334284,0.08705949783325195
18,231,25.133472873687744,0.3053185400962839,0.0690457820892334
19,231,26.066186521053314,-0.9327136473655706,0.07705330848693848
20,231,23.338037525177,2.728148995876314,0.08505702018737793
21,231,20.419045520305634,2.9189920048713667,0.06704568862915039
22,231,14.351133365869522,6.067912154436112,0.08705878257751465
23,231,11.964957995414734,2.3861753704547883,0.08005475997924805
24,231,12.291800973415375,-0.32684297800064144,0.07605171203613281
25,231,11.093388280153274,1.1984126932621013,0.0810546875
26,231,12.329478772163391,-1.236090492010117,0.07905387878417969
27,231,12.242608407616615,0.0868703645467761,0.07104825973510742
28,231,9.659063421249389,2.583544986367226,0.08706331253051758
29,231,8.325540147304535,1.333523273944854,0.08205676078796387
30,231,7.970763249099255,0.35477689820528013,0.06704401969909668
31,231,9.331354548454284,-1.360591299355029,0.07505106925964355
32,231,9.909121739566325,-0.5777671911120414,0.07904791831970215
33,231,11.422138563454151,-1.5130168238878259,0.12208390235900879
34,231,12.578451263666153,-1.156312700212002,0.08605122566223145
35,231,15.365981563568115,-2.7875302999019613,0.08505773544311523
36,231,16.061545746803283,-0.6955641832351684,0.08405637741088867
37,231,13.682645770072938,2.378899976730345,0.07004785537719727
38,231,11.93402468508482,1.7486210849881179,0.07905340194702148
39,231,7.472151731520891,4.461872953563929,0.06704592704772949
40,231,5.8966546373963356,1.5754970941245556,0.07304930686950684
41,231,5.410264421746135,0.4863902156502009,0.0860586166381836
42,231,5.201253567785025,0.20901085396110997,0.09006118774414062
43,231,4.642509403467178,0.5587441643178463,0.08405685424804688
44,231,4.310281052589416,0.33222835087776215,0.07404923439025879
45,231,4.77001927447319,-0.4597382218837742,0.08605837821960449
46,231,3.758670160531998,1.0113491139411925,0.08405685424804688
47,231,1.8444492716789245,1.9142208888530734,0.07605218887329102
48,231,1.2042252711057664,0.6402240005731581,0.13008832931518555
49,231,0.8345888825505972,0.3696363885551692,0.08205580711364746
50,231,0.6759283868670464,0.15866049568355078,0.0740506649017334
51,231,0.5902176966220141,0.0857106902450323,0.08005356788635254
52,231,0.5591987053006887,0.03101899132132535,0.07505130767822266
53,231,0.5277038624808192,0.03149484281986947,0.07205009460449219
54,231,0.5076478120312095,0.020056050449609786,0.08005595207214355
55,231,0.48747557220607995,0.0201722398251295,0.09105801582336426
56,231,0.4700433762893081,0.017432195916771864,0.07705235481262207
57,231,0.45506788082420824,0.014975495465099853,0.07505035400390625
58,231,0.44074460846185687,0.01432327236235137,0.08005475997924805
59,231,0.4285064837411046,0.012238124720752253,0.0690464973449707
60,231,0.41599051184952257,0.012515971891582045,0.09106254577636719
61,231,0.4050230381265283,0.010967473722994281,0.08005404472351074
62,231,0.3958379656001925,0.009185072526335769,0.1120767593383789
63,231,0.3855607266575098,0.010277238942682732,0.09206199645996094
64,231,0.3768735495582223,0.008687177099287513,0.07404923439025879
65,231,0.368517660446465,0.008355889111757275,0.07104969024658203
66,231,0.3607043201252818,0.007813340321183193,0.0860598087310791
67,231,0.35296274214982987,0.007741577975451941,0.08705854415893555
68,231,0.34599994561076164,0.006962796539068228,0.07705330848693848
69,231,0.3394995141029358,0.006500431507825866,0.08305740356445312
70,231,0.3323853472918272,0.0071141668111085465,0.07504796981811523
71,231,0.32623736426979305,0.006147983022034176,0.06804633140563965
72,231,0.32059890788048506,0.005638456389307989,0.0790550708770752
73,231,0.31458396558463575,0.006014942295849313,0.07805180549621582
74,231,0.30905039082467556,0.0055335747599601914,0.09006166458129883
75,231,0.3039731569439173,0.005077233880758258,0.0880594253540039
76,231,0.29914805048704146,0.004825106456875838,0.08205556869506836
77,231,0.293968597330153,0.005179453156888447,0.07605171203613281
78,231,0.2894954995214939,0.004473097808659121,0.08205628395080566
79,231,0.2850986303761601,0.0043968691453337705,0.0830535888671875
80,231,0.28055943439155817,0.004539195984601951,0.08205580711364746
81,231,0.2764238699972629,0.004135564394295244,0.07905387878417969
82,231,0.27249885656684636,0.0039250134304165685,0.07805275917053223
83,231,0.26839281460642817,0.004106041960418194,0.07505083084106445
84,231,0.2646589324325323,0.003733882173895864,0.08906126022338867
85,231,0.261093999274075,0.003564933158457295,0.0760502815246582
86,231,0.25737340439110995,0.003720594882965056,0.07404971122741699
87,231,0.2539194929972291,0.0034539113938808486,0.0860586166381836
88,231,0.2507003591135144,0.0032191338837146977,0.08005404472351074
89,231,0.24719292126595974,0.0035074378475546675,0.0810544490814209
90,231,0.24406570576876402,0.003127215497195718,0.08005428314208984
91,231,0.24124347696080803,0.00282222880795599,0.11807870864868164
92,231,0.23795196912065147,0.0032915078401565545,0.0690455436706543
93,231,0.2349607172831893,0.0029912518374621833,0.0930643081665039
94,231,0.23237086817622185,0.00258984910696744,0.08005356788635254
95,231,0.2293451191186905,0.003025749057531363,0.07605123519897461
96,231,0.2266276462562382,0.002717472862452275,0.08005452156066895
97,231,0.22415534970536827,0.0024722965508699457,0.07605195045471191
98,231,0.22147947705164553,0.0026758726537227384,0.08005356788635254
99,231,0.2188627782203257,0.002616698831319819,0.06904792785644531
100,231,0.21654500119388104,0.002317777026444673,0.07505083084106445
101,231,0.2140728584676981,0.00247214272618293,0.0760502815246582
102,231,0.21171815635636448,0.002354702111333623,0.07905459403991699
103,231,0.20944601309299468,0.0022721432633698024,0.08305644989013672
104,231,0.2071527744717896,0.0022932386212050904,0.07204914093017578
105,231,0.20497951905429362,0.0021732554174959673,0.08105349540710449
106,231,0.20291969948261976,0.0020598195716738654,0.07605338096618652
107,231,0.20068791170045733,0.002231787782162431,0.0880577564239502
108,231,0.19861098808795213,0.0020769236125051938,0.0790550708770752
109,231,0.19676254008710384,0.0018484480008482962,0.0810542106628418
110,231,0.19459796392917633,0.002164576157927506,0.07104778289794922
111,231,0.19276180151477457,0.0018361624144017652,0.08005452156066895
112,231,0.19081783920153975,0.0019439623132348205,0.07705163955688477
113,231,0.1889308148473501,0.001887024354189637,0.07004809379577637
114,231,0.18719506300240754,0.001735751844942568,0.0690469741821289
115,231,0.18535526110231876,0.0018398019000887833,0.0880591869354248
116,231,0.18366999554634095,0.0016852655559778107,0.08005452156066895
117,231,0.1818882070556283,0.0017817884907126436,0.0860588550567627
118,231,0.18023839227482677,0.001649814780801534,0.07705187797546387
119,231,0.17854685997962952,0.0016915322951972511,0.07305026054382324
120,231,0.1769580497406423,0.001588810238987215,0.12808585166931152
121,231,0.17533504001051187,0.001623009730130437,0.08505725860595703
122,231,0.1738376926407218,0.0014973473697900697,0.07605361938476562
123,231,0.17223441104218365,0.0016032815985381477,0.07805132865905762
124,231,0.17078039225563407,0.0014540187865495768,0.07605123519897461
125,231,0.169246108610183,0.0015342836454510789,0.07705235481262207
126,231,0.1678326476626098,0.0014134609475731919,0.0740504264831543
127,231,0.16636324692517518,0.001469400737434623,0.10307168960571289
128,231,0.16497074162960051,0.0013925052955746642,0.08505654335021973
129,231,0.16356228908151388,0.0014084525480866361,0.08705830574035645
130,231,0.16226235495135188,0.0012999341301619949,0.07104873657226562
131,231,0.16085984865576028,0.0014025062955916046,0.07505106925964355
132,231,0.15959037571400403,0.00126947294175625,0.08405804634094238
133,231,0.15826575607061386,0.0013246196433901736,0.09106016159057617
134,231,0.1570021114908159,0.0012636445797979678,0.07505154609680176
135,231,0.1557332842797041,0.0012688272111117949,0.08305597305297852
136,231,0.154545110180974,0.0011881740987300937,0.08405661582946777
137,231,0.1532759414128959,0.0012691687680780883,0.06604456901550293
138,231,0.15211237895861268,0.001163562454283229,0.08906340599060059
139,231,0.15089519814029337,0.0012171808183193134,0.08505702018737793
140,231,0.14979911194741727,0.0010960861928761,0.07004785537719727
141,231,0.14859044497460128,0.0012086669728159916,0.08205676078796387
142,231,0.14752581047639252,0.0010646344982087608,0.07104730606079102
143,231,0.1463761545792222,0.0011496558971703097,0.08305668830871582
144,231,0.1453181788995862,0.001057975679636003,0.0860588550567627
145,231,0.14420143080130218,0.0011167480982840206,0.07905459403991699
146,231,0.14319827146455646,0.0010031593367457181,0.0810546875
147,231,0.1421340502090752,0.0010642212554812513,0.07504940032958984
148,231,0.14109000044688583,0.0010440497621893863,0.07104873657226562
149,231,0.1401012004390359,0.000988800007849927,0.11607766151428223
150,231,0.13908116007596255,0.001020040363073349,0.0930633544921875
151,231,0.1381513660736382,0.0009297940023243467,0.08205604553222656
152,231,0.13713959323242306,0.0010117728412151472,0.08005380630493164
153,231,0.13622147279977798,0.0009181204326450809,0.08505964279174805
154,231,0.135243897639215,0.0009775751605629879,0.08405780792236328
155,231,0.1343646027855575,0.0008792948536574807,0.06804442405700684
156,231,0.1333862666413188,0.0009783361442387006,0.08205604553222656
157,231,0.13254718059673906,0.0008390860445797454,0.08505702018737793
158,231,0.13161977787688375,0.0009274027198553081,0.08205676078796387
159,231,0.13077271926403045,0.0008470586128533075,0.08105635643005371
160,231,0.12986422653123736,0.000908492732793087,0.07905125617980957
161,231,0.12904790917783976,0.0008163173533975998,0.07705235481262207
162,231,0.1281547385007143,0.0008931706771254655,0.08906078338623047
163,231,0.1273681628033519,0.0007865756973624016,0.0740513801574707
164,231,0.1265108508504927,0.0008573119528591799,0.07104778289794922
165,231,0.12572757341340185,0.0007832774370908624,0.08505582809448242
166,231,0.1249207937642932,0.0008067796491086493,0.06904768943786621
167,231,0.12412660957872867,0.0007941841855645254,0.07905340194702148
168,231,0.12333701024577022,0.0007895993329584544,0.07004809379577637
169,231,0.12253959707543254,0.0007974131703376852,0.07605123519897461
170,231,0.12180962761864066,0.0007299694567918791,0.07304906845092773
171,231,0.12102947332710028,0.0007801542915403803,0.08205628395080566
172,231,0.12029430629685521,0.0007351670302450652,0.0860595703125
173,231,0.11952727614343166,0.0007670301534235535,0.07404851913452148
174,231,0.11882072207704186,0.0007065540663897946,0.07505130767822266
175,231,0.11807824918627739,0.0007424728907644701,0.08605766296386719
176,231,0.11740113005787134,0.0006771191284060535,0.07004857063293457
177,231,0.11665827609971166,0.0007428539581596783,0.08405661582946777
178,231,0.11597187804989517,0.000686398049816489,0.12808656692504883
179,231,0.11527970603853464,0.0006921720113605284,0.06804490089416504
180,231,0.11462093831971287,0.0006587677188217705,0.09006142616271973
181,231,0.11392650758102536,0.0006944307386875098,0.0810551643371582
182,231,0.11327949077263474,0.0006470168083906186,0.06504392623901367
183,231,0.11260581523552537,0.0006736755371093694,0.08005523681640625
184,231,0.11197642267122865,0.0006293925642967269,0.08505988121032715
185,231,0.11132404159381985,0.0006523810774087951,0.08505535125732422
186,231,0.11070076255500316,0.0006232790388166903,0.07905340194702148
187,231,0.11006111806444824,0.0006396444905549248,0.08405637741088867
188,231,0.10944134716875852,0.0006197708956897224,0.08005690574645996
189,231,0.10882023291662335,0.0006211142521351659,0.08405661582946777
190,231,0.10823823747783899,0.0005819954387843579,0.08505511283874512
191,231,0.10761170383542776,0.0006265336424112339,0.07905411720275879
192,231,0.10704788276180625,0.0005638210736215038,0.08705925941467285
193,231,0.1064361811466515,0.0006117016151547527,0.07104849815368652
194,231,0.1058767101150006,0.0005594710316508961,0.07504963874816895
195,231,0.10528464309871197,0.0005920670162886388,0.07104945182800293
196,231,0.10472883190028369,0.0005558111984282771,0.08105754852294922
197,231,0.1041461210437119,0.0005827108565717859,0.08005094528198242
198,231,0.10361201973445713,0.0005341013092547697,0.08405733108520508
199,231,0.10304166463576257,0.000570355098694561,0.08405685424804688
200,231,0.10251772447116674,0.0005239401645958375,0.06804561614990234
