1,201,326.5955400870187,Nan,0.11508035659790039
2,201,104.92357705361502,221.6719630334037,0.07404780387878418
3,201,71.36314285387311,33.560434199741906,0.07905340194702148
4,201,56.714983704158236,14.648159149714878,0.08405900001525879
5,201,49.860603761945455,6.8543799422127805,0.07805204391479492
6,201,44.76604932349069,5.0945544384547645,0.07004618644714355
7,201,38.20408323887416,6.561966084616529,0.12508463859558105
8,201,33.293137833731514,4.910945405142648,0.09006190299987793
9,201,31.24872544152396,2.0444123922075548,0.08205509185791016
10,201,28.943057562964302,2.3056678785596567,0.08705806732177734
11,201,28.7405783429827,0.20247921998160123,0.08505773544311523
12,201,27.14333982549395,1.5972385174887513,0.07304930686950684
13,201,24.8832303477696,2.260109477724349,0.0860605239868164
14,201,21.201435733795165,3.6817946139744357,0.0830535888671875
15,201,17.819595143318175,3.3818405904769904,0.0810551643371582
16,201,15.335406696864537,2.484188446453638,0.09506464004516602
17,201,14.143585076604571,1.1918216202599652,0.07605123519897461
18,201,14.895573244503566,-0.751988167898995,0.07605266571044922
19,201,15.021447269848414,-0.1258740253448476,0.08405756950378418
20,201,17.70825991657802,-2.6868126467296047,0.08605790138244629
21,201,15.633131719589233,2.0751281969887856,0.08405590057373047
22,201,16.112960738863265,-0.47982901927403177,0.1100766658782959
23,201,14.923999653407506,1.1889610854557588,0.08205318450927734
24,201,14.764145436831884,0.1598542165756225,0.07004737854003906
25,201,17.74909255020959,-2.9849471133777055,0.08705997467041016
26,201,18.450581060545787,-0.7014885103361976,0.08506035804748535
27,201,17.940732251576016,0.509848808969771,0.07504725456237793
28,201,18.3874203988484,-0.4466881472723827,0.07605147361755371
29,201,13.463757617405482,4.923662781442916,0.08405733108520508
30,201,12.282981396402631,1.1807762210028514,0.08005380630493164
31,201,7.613059885569982,4.6699215108326495,0.08305978775024414
32,201,7.809499977111816,-0.1964400915418345,0.11807942390441895
33,201,6.2189057557923455,1.5905942213194706,0.07805132865905762
34,201,5.108588931288038,1.1103168245043076,0.08906245231628418
35,201,5.3131934747866225,-0.2046045434985846,0.07204675674438477
36,201,2.979075473649161,2.3341180011374614,0.07505106925964355
37,201,4.522184299468994,-1.5431088258198327,0.08105778694152832
38,201,3.9772648540564948,0.544919445412499,0.09006047248840332
39,201,3.0926958201953343,0.8845690338611605,0.08605694770812988
40,201,3.0329373183761326,0.059758501819201726,0.08705878257751465
41,201,1.7728906718662807,1.2600466465098519,0.08405661582946777
42,201,1.6865826041357859,0.08630806773049482,0.07204842567443848
43,201,1.4436187034845351,0.24296390065125073,0.09006237983703613
44,201,1.6613025631478855,-0.21768385966335035,0.07705235481262207
45,201,1.2247845119493348,0.4365180511985507,0.0790553092956543
46,201,1.2749146443264825,-0.050130132377147696,0.08405661582946777
47,201,1.0726968990266323,0.20221774529985015,0.07905387878417969
48,201,0.6767509208747319,0.39594597815190047,0.08005213737487793
49,201,0.42795915449091365,0.24879176638381822,0.08005571365356445
50,201,0.38441842274580684,0.04354073174510681,0.0880589485168457
51,201,0.3646471915585654,0.019771231187241445,0.07304883003234863
52,201,0.34472041108352797,0.01992678047503743,0.0860588550567627
53,201,0.3332268443618502,0.011493566721677784,0.08205533027648926
54,201,0.32072684255668094,0.012500001805169247,0.07505083084106445
55,201,0.31109465735299247,0.00963218520368847,0.09006285667419434
56,201,0.3015601521602699,0.009534505192722587,0.0760488510131836
57,201,0.29332598259193554,0.008234169568334337,0.07605195045471191
58,201,0.2852664521549429,0.008059530436992646,0.11707854270935059
59,201,0.27797938453725407,0.007287067617688825,0.08005452156066895
60,201,0.2710139382140977,0.006965446323156377,0.07205009460449219
61,201,0.2648945655652455,0.006119372648852206,0.08205556869506836
62,201,0.25863506682429993,0.006259498740945557,0.09006047248840332
63,201,0.25305093954290664,0.005584127281393292,0.08005475997924805
64,201,0.24768447802322252,0.005366461519684118,0.08005332946777344
65,201,0.24265399125644138,0.005030486766781139,0.08305621147155762
66,201,0.237695315060871,0.004958676195570388,0.07505106925964355
67,201,0.23328889533451624,0.004406419726354749,0.08405637741088867
68,201,0.22877938743361406,0.004509507900902182,0.07104897499084473
69,201,0.22465837296630656,0.004121014467307504,0.07805180549621582
70,201,0.22047064603652272,0.004187726929783836,0.07605147361755371
71,201,0.21678977798564095,0.003680868050881775,0.07004761695861816
72,201,0.21301695907115936,0.003772818914481585,0.0860586166381836
73,201,0.2094855180914913,0.0035314409796680657,0.08005332946777344
74,201,0.20605333216701235,0.003432185924478942,0.08005356788635254
75,201,0.2026895601281098,0.0033637720389025627,0.0740511417388916
76,201,0.19956615688758236,0.003123403240527428,0.08205652236938477
77,201,0.19648757225062166,0.0030785846369607017,0.08405542373657227
78,201,0.1935225569925138,0.002965015258107856,0.07805299758911133
79,201,0.1907083189232009,0.002814238069312913,0.08405637741088867
80,201,0.18787681683046478,0.00283150209273611,0.0880589485168457
81,201,0.18522791396507196,0.0026489028653928215,0.06604504585266113
82,201,0.18269425318709442,0.0025336607779775366,0.07505178451538086
83,201,0.1800384974735124,0.0026557557135820364,0.11607837677001953
84,201,0.17767632315414292,0.00236217431936947,0.08105754852294922
85,201,0.17529107397368976,0.0023852491804531584,0.08805656433105469
86,201,0.1729587738364935,0.0023323001371962637,0.07905340194702148
87,201,0.1707389383954661,0.0022198354410273846,0.09006118774414062
88,201,0.16855727814563684,0.0021816602498292703,0.07605099678039551
89,201,0.1664451667368412,0.002112111408795636,0.07605266571044922
90,201,0.1643962842311178,0.0020488825057234095,0.08005237579345703
91,201,0.1623925162085465,0.002003768022571295,0.08705854415893555
92,201,0.16040321123387133,0.001989304974675171,0.08906078338623047
93,201,0.15849907521903514,0.0019041360148361886,0.07705235481262207
94,201,0.15668679705475058,0.0018122781642845587,0.0880591869354248
95,201,0.15487255666298524,0.0018142403917653371,0.07905459403991699
96,201,0.15310847213864326,0.0017640845243419856,0.08405590057373047
97,201,0.15140517913443702,0.001703293004206241,0.08605670928955078
98,201,0.14972714731097223,0.0016780318234647928,0.062042236328125
99,201,0.1480890003996236,0.0016381469113486147,0.08305811882019043
100,201,0.1465030109328883,0.0015859894667352992,0.09206151962280273
101,201,0.144891915800316,0.001611095132572321,0.08405685424804688
102,201,0.14344776857963631,0.0014441472206796757,0.09006285667419434
103,201,0.1419126392347472,0.0015351293448891135,0.08305621147155762
104,201,0.14048419646280152,0.001428442771945676,0.08105325698852539
105,201,0.1390339237600565,0.0014502727027450313,0.08405590057373047
106,201,0.1376575262525252,0.0013763975075312962,0.07905387878417969
107,201,0.13628600634208748,0.001371519910437713,0.08205509185791016
108,201,0.1349677363612822,0.0013182699808052811,0.09306502342224121
109,201,0.13361865989225252,0.0013490764690296808,0.11707949638366699
110,201,0.13237649108895233,0.001242168803300192,0.07905220985412598
111,201,0.13110002625627176,0.0012764648326805683,0.09406352043151855
112,201,0.12986938606202603,0.0012306401942457357,0.08005428314208984
113,201,0.12867651232225555,0.001192873739770478,0.0760507583618164
114,201,0.12747007311454842,0.0012064392077071329,0.09206390380859375
115,201,0.12631937596414772,0.001150697150400698,0.07905268669128418
116,201,0.12518036543684347,0.0011390105273042517,0.07805228233337402
117,201,0.12407319830570902,0.0011071671311344428,0.08005475997924805
118,201,0.1229580944946834,0.0011151038110256278,0.08505725860595703
119,201,0.12188761366052286,0.001070480834160531,0.07805275917053223
120,201,0.12083746830267565,0.0010501453578472125,0.0930631160736084
121,201,0.11980335210689476,0.001034116195780893,0.06504344940185547
122,201,0.11876965687743254,0.0010336952294622143,0.08305692672729492
123,201,0.11778713583733354,0.0009825210400990075,0.08205461502075195
124,201,0.11678614067605564,0.0010009951612778983,0.08806061744689941
125,201,0.1158177484699658,0.0009683922060898381,0.08005332946777344
126,201,0.11488786734959909,0.0009298811203667101,0.08605766296386719
127,201,0.11393087727257184,0.0009569900770272505,0.07805228233337402
128,201,0.11302377728904997,0.0009070999835218696,0.08005475997924805
129,201,0.11211951304439988,0.0009042642446500937,0.08705878257751465
130,201,0.11124530705490282,0.0008742059894970566,0.07705378532409668
131,201,0.11036360393038817,0.0008817031245146462,0.06704473495483398
132,201,0.10949160415785653,0.0008719997725316481,0.09106254577636719
133,201,0.10868493209566389,0.0008066720621926343,0.08105301856994629
134,201,0.10781698387222631,0.0008679482234375813,0.11207723617553711
135,201,0.10700093867949077,0.0008160451927355372,0.09906554222106934
136,201,0.10619420218467712,0.0008067364948136507,0.07104921340942383
137,201,0.10539239933554616,0.0008018028491309642,0.09406447410583496
138,201,0.10460654222007308,0.0007858571154730765,0.07204842567443848
139,201,0.10384844077165638,0.0007581014484167037,0.07204961776733398
140,201,0.10309111776309354,0.0007573230085628352,0.09006047248840332
141,201,0.10233233242162636,0.0007587853414671858,0.10707330703735352
142,201,0.10159911785806928,0.0007332145635570719,0.0950615406036377
143,201,0.10087654464798314,0.0007225732100861471,0.0810554027557373
144,201,0.10015337301790714,0.0007231716300759999,0.07404923439025879
145,201,0.09943588280252048,0.0007174902153866541,0.07204890251159668
146,201,0.09877663416628327,0.0006592486362372169,0.08806252479553223
147,201,0.09807148896689925,0.0007051451993840135,0.0710453987121582
148,201,0.09741054824420384,0.0006609407226954161,0.07705235481262207
149,201,0.09673255947764431,0.0006779887665595286,0.08205652236938477
150,201,0.09608450142400606,0.0006480580536382535,0.0760500431060791
151,201,0.0954370328475322,0.000647468576473853,0.08405780792236328
152,201,0.09479627987848861,0.0006407529690435898,0.07805180549621582
153,201,0.09417366417284523,0.000622615705643384,0.0860595703125
154,201,0.0935471451697605,0.0006265190030847329,0.08305716514587402
155,201,0.09293949276421751,0.0006076524055429883,0.08805966377258301
156,201,0.0923210830198867,0.0006184097443308056,0.08305525779724121
157,201,0.09174359013140201,0.0005774928884846875,0.08405733108520508
158,201,0.09115378961286374,0.0005898005185382693,0.08806395530700684
159,201,0.09055219595453569,0.0006015936583280562,0.0730438232421875
160,201,0.08999328009677784,0.000558915857757844,0.10907459259033203
161,201,0.08941864241233893,0.0005746376844389112,0.08505702018737793
162,201,0.08887475018309696,0.0005438922292419768,0.0740499496459961
163,201,0.08830131786103759,0.000573432322059364,0.07905340194702148
164,201,0.0877636452891997,0.0005376725718378994,0.08305621147155762
165,201,0.08723206148403032,0.0005315838051693778,0.07905316352844238
166,201,0.08669904437874044,0.0005330171052898708,0.07505059242248535
167,201,0.08616817218278136,0.000530872195959084,0.08806252479553223
168,201,0.08565607189706394,0.0005121002857174234,0.09306168556213379
169,201,0.08513731055174555,0.0005187613453183915,0.08205556869506836
170,201,0.08464338682059731,0.0004939237311482325,0.08906126022338867
171,201,0.08413601500115224,0.0005073718194450738,0.0760507583618164
172,201,0.08363948731550148,0.000496527685650755,0.07605147361755371
173,201,0.08314512766897679,0.0004943596465246947,0.08806037902832031
174,201,0.08265237217822245,0.0004927554907543374,0.08505773544311523
175,201,0.08217350870264428,0.0004788634755781701,0.07705163955688477
176,201,0.0816877205935972,0.0004857881090470778,0.07905340194702148
177,201,0.08121995364448854,0.0004677669491086611,0.07705163955688477
178,201,0.08076237452562367,0.0004575791188648759,0.0810556411743164
179,201,0.08030307925386088,0.0004592952717627913,0.08005499839782715
180,201,0.07983958279554333,0.0004634964583175444,0.08505678176879883
181,201,0.07939283825882844,0.00044674453671489367,0.07004785537719727
182,201,0.07893651057673352,0.0004563276820949147,0.09406542778015137
183,201,0.07851913209046636,0.00041737848626716145,0.0810542106628418
184,201,0.07806376477011613,0.00045536732035023064,0.07204914093017578
185,201,0.0776464065930673,0.0004173581770488266,0.1240849494934082
186,201,0.07721340327603476,0.00043300331703254036,0.0880591869354248
187,201,0.07678941530521427,0.0004239879708204941,0.08305668830871582
188,201,0.07638679050334862,0.00040262480186564753,0.09506559371948242
189,201,0.07596324326097965,0.00042354724236896846,0.08005475997924805
190,201,0.07556787855071681,0.0003953647102628438,0.07705235481262207
191,201,0.07516693134712321,0.00040094720359359903,0.07705211639404297
192,201,0.07476704506256751,0.0003998862845557005,0.08805990219116211
193,201,0.07436158675274679,0.00040545830982072206,0.08806133270263672
194,201,0.07398807933713708,0.00037350741560970846,0.09706330299377441
195,201,0.07359971665484565,0.0003883626822914349,0.08906030654907227
196,201,0.07321885711380413,0.0003808595410415144,0.07004785537719727
197,201,0.07283651872511421,0.0003823383886899234,0.07805204391479492
198,201,0.07246908608611141,0.000367432639002796,0.07504963874816895
199,201,0.07209816819748709,0.0003709178886243253,0.07904672622680664
200,201,0.07173286681728704,0.00036530138020005043,0.09406447410583496
