1,181,228.66691472952706,Nan,0.1310887336730957
2,181,120.94435193743024,107.72256279209682,0.1150813102722168
3,181,88.11165784508842,32.832694092341825,0.12207984924316406
4,181,69.01497414725168,19.09668369783674,0.11407899856567383
5,181,52.104509199006216,16.910464948245462,0.1140742301940918
6,181,41.453030596188135,10.65147860281808,0.11408042907714844
7,181,33.66717634241922,7.7858542537689175,0.12208199501037598
8,181,31.67983823105267,1.9873381113665474,0.11107349395751953
9,181,36.00196563032695,-4.3221273992742795,0.17311787605285645
10,181,32.69197997583662,3.309985654490333,0.10907387733459473
11,181,26.29086977800301,6.4011101978336065,0.11507701873779297
12,181,25.759703008549554,0.5311667694534563,0.11307764053344727
13,181,28.380796670641217,-2.6210936620916634,0.11207771301269531
14,181,22.995718398775374,5.385078271865844,0.1120748519897461
15,181,25.708124670369283,-2.7124062715939097,0.11807870864868164
16,181,21.970423227173942,3.7377014431953413,0.11908102035522461
17,181,16.817244680166244,5.153178547007698,0.11407661437988281
18,181,13.409913253179619,3.407331426986625,0.11407876014709473
19,181,11.991897698002202,1.4180155551774174,0.1120758056640625
20,181,12.6213434079034,-0.6294457099011979,0.11307692527770996
21,181,12.528724261556352,0.09261914634704738,0.12108230590820312
22,181,13.104659913335528,-0.5759356517791758,0.1120760440826416
23,181,14.972018254050187,-1.8673583407146594,0.11007261276245117
24,181,11.94638137626648,3.0256368777837075,0.11107635498046875
25,181,9.699439027581896,2.246942348684584,0.11407685279846191
26,181,11.609609731606074,-1.9101707040241784,0.11507725715637207
27,181,11.066005953788757,0.5436037778173173,0.11307787895202637
28,181,8.435127203566687,2.6308787502220703,0.1170799732208252
29,181,9.009353917053767,-0.5742267134870804,0.11507606506347656
30,181,9.819570339339121,-0.8102164222853538,0.12008142471313477
31,181,7.908748512540544,1.9108218267985766,0.11407899856567383
32,181,6.786288054943085,1.1224604575974597,0.16310977935791016
33,181,7.844296366407403,-1.0580083114643184,0.11307430267333984
34,181,10.155200574891907,-2.310904208484504,0.12308716773986816
35,181,12.795563074571746,-2.6403624996798385,0.11007380485534668
36,181,9.688509772147452,3.107053302424294,0.11107444763183594
37,181,7.788891958294703,1.8996178138527489,0.11107635498046875
38,181,7.164593435900552,0.6242985223941506,0.11107540130615234
39,181,7.331190556370786,-0.16659712047023412,0.12008094787597656
40,181,5.690684551375253,1.6405060049955331,0.11607694625854492
41,181,4.2008313881201405,1.4898531632551126,0.11608147621154785
42,181,5.469721354780586,-1.2688899666604456,0.11407637596130371
43,181,4.200384677405868,1.2693366773747181,0.12308335304260254
44,181,5.842947245640414,-1.6425625682345464,0.11307597160339355
45,181,6.57504090491363,-0.7320936592732155,0.11407685279846191
46,181,3.5923594719256675,2.9826814329879623,0.1150810718536377
47,181,4.981625804092203,-1.3892663321665353,0.11707615852355957
48,181,4.283382362039494,0.6982434420527088,0.12208271026611328
49,181,6.663333370083144,-2.3799510080436503,0.11407780647277832
50,181,7.8957784789630345,-1.2324451088798902,0.11407709121704102
51,181,4.140520361474582,3.7552581174884523,0.11307859420776367
52,181,6.090999666384288,-1.950479304909706,0.1170802116394043
53,181,6.669889032167515,-0.578889365783227,0.1210782527923584
54,181,4.531825591226774,2.1380634409407415,0.11407828330993652
55,181,3.38335580085963,1.1484697903671437,0.11507892608642578
56,181,3.422457508247878,-0.03910170738824803,0.16511130332946777
57,181,3.167844690259014,0.25461281798886404,0.1190798282623291
58,181,3.1758731998258405,-0.008028509566826436,0.11408042907714844
59,181,2.723250437461638,0.4526227623642023,0.11807799339294434
60,181,3.479034974873066,-0.7557845374114276,0.11507749557495117
61,181,2.276178719352399,1.202856255520667,0.12208104133605957
62,181,3.0137299831722464,-0.7375512638198476,0.11307787895202637
63,181,3.995677293786513,-0.9819473106142667,0.1120762825012207
64,181,2.496370260673442,1.499307033113071,0.11307716369628906
65,181,1.7299264220599684,0.7664438386134738,0.11307597160339355
66,181,1.2693444072919498,0.46058201476801863,0.12308263778686523
67,181,1.1607881307211438,0.10855627657080591,0.11608076095581055
68,181,0.9651130201111414,0.19567511061000242,0.11507678031921387
69,181,0.9131160544907408,0.05199696562040057,0.11607837677001953
70,181,0.8779290175292908,0.03518703696145009,0.12108182907104492
71,181,0.8406325864642193,0.03729643106507141,0.11407732963562012
72,181,0.8166308408482998,0.0240017456159195,0.11707949638366699
73,181,0.8028953961999422,0.013735444648357631,0.11607980728149414
74,181,0.784843901317234,0.018051494882708186,0.11707782745361328
75,181,0.7765394892477031,0.00830441206953092,0.13209033012390137
76,181,0.7593942004999013,0.017145288747801857,0.14209604263305664
77,181,0.7618853495868722,-0.0024911490869709008,0.11808061599731445
78,181,0.7447069252794941,0.017178424307378037,0.11307525634765625
79,181,0.7814539441164317,-0.03674701883693754,0.17511963844299316
80,181,0.7352062588983681,0.04624768521806355,0.11607933044433594
81,181,0.7600642446788427,-0.0248579857804746,0.11607575416564941
82,181,0.7027593595854539,0.057304885093388824,0.11507892608642578
83,181,0.712097430466009,-0.00933807088055516,0.12208271026611328
84,181,0.6967350642199828,0.015362366246026271,0.1170804500579834
85,181,0.7598021524088191,-0.06306708818883633,0.11707854270935059
86,181,0.714883867983673,0.044918284425146116,0.11507797241210938
87,181,0.8144029953149813,-0.0995191273313083,0.11507916450500488
88,181,0.679109581379486,0.13529341393549532,0.12208127975463867
89,181,0.6593608809931403,0.019748700386345686,0.11407732963562012
90,181,0.7079674546096607,-0.04860657361652043,0.11407876014709473
91,181,0.6421778508403804,0.06578960376928034,0.11607933044433594
92,181,0.6403149683768196,0.001862882463560811,0.11807703971862793
93,181,0.7258199809284083,-0.08550501255158871,0.1170811653137207
94,181,0.6485989315650326,0.0772210493633757,0.11707878112792969
95,181,0.727114794720563,-0.07851586315553039,0.11507844924926758
96,181,0.6031688882427823,0.1239459064777807,0.11607766151428223
97,181,0.5947570757144464,0.008411812528335894,0.12508487701416016
98,181,0.5785195980261778,0.016237477688268553,0.11707758903503418
99,181,0.5838675314900797,-0.005347933463901944,0.11407971382141113
100,181,0.5654755231801454,0.01839200830993437,0.11607789993286133
