1,21,22.77532543897629,Nan,0.1611194610595703
2,21,8.448398674488068,14.32692676448822,0.13810396194458008
3,21,6.663915100932122,1.7844835735559466,0.17012763023376465
4,21,5.689047998189926,0.9748671027421958,0.14010357856750488
5,21,4.9903776252865795,0.6986703729033463,0.14310717582702637
6,21,4.43343442684412,0.5569431984424593,0.15311431884765625
7,21,3.997711643457413,0.4357227833867072,0.1711282730102539
8,21,3.584558327704668,0.4131533157527447,0.13810300827026367
9,21,3.1913356404900552,0.39322268721461295,0.1641221046447754
10,21,2.8609464529454707,0.3303891875445846,0.14911198616027832
11,21,2.5566876763999464,0.30425877654552425,0.15611672401428223
12,21,2.25301282286644,0.30367485353350654,0.1471097469329834
13,21,1.9797570807933806,0.27325574207305925,0.1591198444366455
14,21,1.7371552841961384,0.24260179659724224,0.14810967445373535
15,21,1.5147409972697496,0.22241428692638876,0.14110517501831055
16,21,1.3121593200713395,0.20258167719841014,0.15611743927001953
17,21,1.1484510688185692,0.16370825125277033,0.17312908172607422
18,21,1.0127872001379727,0.13566386868059643,0.14410710334777832
19,21,0.9001156441271305,0.11267155601084222,0.1651310920715332
20,21,0.7953782427757978,0.10473740135133269,0.14710330963134766
21,21,0.7118407959491014,0.0835374468266964,0.16011857986450195
22,21,0.6425958344265819,0.06924496152251958,0.14110636711120605
23,21,0.5696319860517979,0.07296384837478398,0.17312979698181152
24,21,0.5250235207155347,0.04460846533626317,0.13810372352600098
25,21,0.4643467147797346,0.060676805935800104,0.1621232032775879
26,21,0.4122117302939296,0.052134984485805,0.15611553192138672
27,21,0.37339631929248573,0.03881541100144387,0.1691265106201172
28,21,0.3360995533950627,0.037296765897423034,0.13610172271728516
29,21,0.30445857208035887,0.03164098131470383,0.1541154384613037
30,21,0.2753356982190162,0.029122873861342657,0.14510893821716309
31,21,0.2528995749205351,0.022436123298481103,0.15611672401428223
32,21,0.2311512078717351,0.02174836704880001,0.1371018886566162
33,21,0.2161081019807607,0.015043105890974406,0.1571178436279297
34,21,0.19959397340379656,0.016514128576964132,0.14610910415649414
35,21,0.18690266242064535,0.01269131098315121,0.14510869979858398
36,21,0.17548579692840577,0.01141686549223958,0.15511560440063477
37,21,0.16556767166405917,0.0099181252643466,0.16912627220153809
38,21,0.15638510433863848,0.009182567325420693,0.1471099853515625
39,21,0.14833607838954777,0.00804902594909071,0.16312098503112793
40,21,0.14049409473408014,0.007841983655467621,0.1401052474975586
41,21,0.1339585961084813,0.006535498625598851,0.1591188907623291
42,21,0.12731175301596523,0.006646843092516064,0.1351010799407959
43,21,0.12155158972926437,0.005760163286700856,0.14811062812805176
44,21,0.11652395802922547,0.0050276317000389065,0.20815706253051758
45,21,0.11077272922825068,0.005751228800974784,0.16512227058410645
46,21,0.106508715656586,0.004264013571664685,0.1641218662261963
47,21,0.10243098536506295,0.0040777302915230434,0.14510869979858398
48,21,0.09805718150455504,0.0043738038605079105,0.15011191368103027
49,21,0.09463653037510812,0.003420651129446922,0.13710284233093262
50,21,0.09108248761296273,0.0035540427621453957,0.16012072563171387
51,21,0.08750066455826164,0.0035818230547010887,0.1421055793762207
52,21,0.08459426073823124,0.0029064038200303927,0.15811991691589355
53,21,0.08167790879402309,0.0029163519442081537,0.14010381698608398
54,21,0.07907169494498521,0.002606213849037878,0.15611839294433594
55,21,0.07652718869037926,0.0025445062546059494,0.1521131992340088
56,21,0.07404750492051244,0.0024796837698668195,0.16011857986450195
57,21,0.07191575651988387,0.0021317484006285747,0.1351017951965332
58,21,0.06985799255687744,0.0020577639630064287,0.1641225814819336
59,21,0.06768673335295171,0.0021712592039257322,0.1401045322418213
60,21,0.06582035768497735,0.0018663756679743598,0.15211844444274902
61,21,0.06400443533901125,0.0018159223459661006,0.13810110092163086
62,21,0.06230863301362842,0.001695802325382828,0.166123628616333
63,21,0.06073357493896037,0.0015750580746680468,0.13910460472106934
64,21,0.05913562358729541,0.0015979513516649613,0.15611672401428223
65,21,0.05768558761291206,0.001450035974383354,0.15011215209960938
66,21,0.056192542927339675,0.0014930446855723825,0.15811753273010254
67,21,0.054900995317846535,0.0012915476094931405,0.14110565185546875
68,21,0.05361635637935251,0.0012846389384940232,0.16312313079833984
69,21,0.052353029672056434,0.001263326707296078,0.14911103248596191
70,21,0.051217260251753036,0.001135769420303398,0.15011239051818848
71,21,0.050013413065578785,0.0012038471861742506,0.13910317420959473
72,21,0.048908675925806167,0.0011047371397726186,0.15811777114868164
73,21,0.04787531465291977,0.0010333612728863975,0.14510822296142578
74,21,0.046820156970992684,0.0010551576819270853,0.1621227264404297
75,21,0.04594351290958002,0.0008766440614126625,0.1541142463684082
76,21,0.044962194826919585,0.000981318082660436,0.16112041473388672
77,21,0.04409900067280978,0.0008631941541098059,0.14911103248596191
78,21,0.04313209328241646,0.0009669073903933179,0.15311551094055176
79,21,0.04233317519258708,0.0007989180898293827,0.16212105751037598
80,21,0.04158875801647082,0.0007444171761162577,0.15111398696899414
81,21,0.04072611401230097,0.0008626440041698547,0.1350998878479004
82,21,0.04002009567990899,0.0007060183323919778,0.16112065315246582
83,21,0.03924476489564404,0.0007753307842649493,0.1471102237701416
84,21,0.038639521911740304,0.0006052429839037352,0.14911174774169922
85,21,0.03786721056327224,0.0007723113484680647,0.13810348510742188
86,21,0.03724511694768444,0.0006220936155878001,0.16312146186828613
87,21,0.03661187130399048,0.0006332456436939568,0.14811134338378906
88,21,0.035979283629916606,0.000632587674073877,0.15611720085144043
89,21,0.03542587517620996,0.0005534084537066469,0.14410829544067383
90,21,0.034789071598090235,0.000636803578119724,0.1691269874572754
91,21,0.03426542806765064,0.0005236435304395923,0.14810967445373535
92,21,0.033704942217562345,0.0005604858500882978,0.15511560440063477
93,21,0.033193536089733244,0.0005114061278291004,0.14110469818115234
94,21,0.03265014813840389,0.0005433879513293549,0.15811872482299805
95,21,0.032152356208302084,0.0004977919301018055,0.14410710334777832
96,21,0.03169138280488551,0.0004609734034165744,0.15511655807495117
97,21,0.03122192202648148,0.00046946077840403014,0.15911865234375
98,21,0.030751253799535333,0.0004706682269461464,0.16312265396118164
99,21,0.03029854718828574,0.00045270661124959324,0.13209915161132812
100,21,0.029901955720968546,0.0003965914673171936,0.1641218662261963
101,21,0.02941150974854827,0.0004904459724202753,0.14610958099365234
102,21,0.02906440128199756,0.00034710846655071,0.15711712837219238
103,21,0.028630275900941343,0.0004341253810562183,0.14310741424560547
104,21,0.028262331352569163,0.0003679445483721795,0.1641223430633545
105,21,0.027880498029291628,0.0003818333232775348,0.15311384201049805
106,21,0.027485636470839382,0.0003948615584522461,0.15812063217163086
107,21,0.027147445369977503,0.00033819110086187945,0.15111064910888672
108,21,0.026791587624233216,0.00035585774574428686,0.14811038970947266
109,21,0.02643953425157815,0.00035205337265506453,0.18914365768432617
110,21,0.026111951942089946,0.00032758230948820577,0.17512917518615723
111,21,0.025795087632955984,0.0003168643091339615,0.1591200828552246
112,21,0.025456517033977433,0.00033857059897855063,0.1350996494293213
113,21,0.025156444592634216,0.00030007244134321737,0.16112041473388672
114,21,0.024835841122316196,0.0003206034703180198,0.14811086654663086
115,21,0.024544917496154086,0.00029092362616211023,0.16112208366394043
116,21,0.024267754023894667,0.0002771634722594195,0.1421048641204834
117,21,0.023961499969940632,0.00030625405395403454,0.15611648559570312
118,21,0.02371950809075497,0.0002419918791856622,0.15311408042907715
119,21,0.023414449302246794,0.00030505878850817583,0.15411591529846191
120,21,0.023149835755350068,0.00026461354689672617,0.15311455726623535
121,21,0.02289768701302819,0.00025214874232187823,0.1541130542755127
122,21,0.02264311028481461,0.00025457672821357913,0.14310717582702637
123,21,0.022406824313104153,0.0002362859717104579,0.15611791610717773
124,21,0.022138652708381414,0.00026817160472273824,0.15311431884765625
125,21,0.021918605635408313,0.00022004707297310078,0.16012048721313477
126,21,0.021652411070885138,0.0002661945645231756,0.15011191368103027
127,21,0.021459212062414735,0.000193199008470403,0.16212129592895508
128,21,0.021205317358486353,0.0002538947039283819,0.14310669898986816
129,21,0.021007177056046204,0.00019814030244014874,0.15311360359191895
130,21,0.020769821300171316,0.00023735575587488858,0.13610219955444336
131,21,0.020564866327680648,0.0002049549724906681,0.1661219596862793
132,21,0.020363407768076287,0.00020145855960436096,0.1471104621887207
133,21,0.020157339020632208,0.00020606874744407908,0.1571199893951416
134,21,0.019953493074979633,0.00020384594565257472,0.14210295677185059
135,21,0.01974792799912393,0.0002055650758557015,0.14610910415649414
136,21,0.01958020864077844,0.00016771935834549237,0.14510774612426758
137,21,0.019366033650469034,0.00021417499030940493,0.15511751174926758
138,21,0.019205804698634893,0.00016022895183414113,0.1541144847869873
139,21,0.01901231142738834,0.00019349327124655244,0.16112017631530762
140,21,0.01883496905560605,0.00017734237178228945,0.14110517501831055
141,21,0.018654791665496304,0.0001801773901097467,0.16312336921691895
142,21,0.018475955893751235,0.00017883577174506934,0.13409829139709473
143,21,0.018322126601124183,0.00015382929262705222,0.15511655807495117
144,21,0.018144869693787768,0.00017725690733641497,0.14610838890075684
145,21,0.017984302636468785,0.00016056705731898324,0.17012810707092285
146,21,0.01783117948868312,0.00015312314778566372,0.13910436630249023
147,21,0.01765189554868266,0.00017928394000046172,0.16212129592895508
148,21,0.017508867407916115,0.00014302814076654416,0.14110565185546875
149,21,0.017352097898954526,0.0001567695089615892,0.1641225814819336
150,21,0.01720824805018492,0.00014384984876960466,0.14310741424560547
151,21,0.0170592593064066,0.0001489887437783194,0.15311384201049805
152,21,0.016901166559429838,0.00015809274697676373,0.15111398696899414
153,21,0.016768946817610413,0.00013221974181942472,0.15711688995361328
154,21,0.016610080430749803,0.00015886638686061008,0.13910412788391113
155,21,0.016496271714335306,0.00011380871641449714,0.16612482070922852
156,21,0.016348673949716612,0.00014759776461869406,0.1521129608154297
157,21,0.01622130028065294,0.0001273736690636726,0.16011977195739746
158,21,0.01607776861987077,0.00014353166078217086,0.14010310173034668
159,21,0.015956090474501253,0.0001216781453695151,0.17012715339660645
160,21,0.01581114217126742,0.0001449483032338328,0.1351008415222168
161,21,0.015703903755405917,0.00010723841586150404,0.1471099853515625
162,21,0.015565738957375288,0.00013816479803062907,0.1471102237701416
163,21,0.01545801936578937,0.00010771959158591832,0.1521146297454834
164,21,0.015322928557172417,0.00013509080861695208,0.13810276985168457
165,21,0.015206491091288627,0.00011643746588379036,0.15711760520935059
166,21,0.015095058694016188,0.00011143239727243875,0.1491107940673828
167,21,0.01497713134321384,0.00011792735080234755,0.1691286563873291
168,21,0.01486386318015866,0.00011326816305518017,0.14510726928710938
169,21,0.014741530876606703,0.00012233230355195718,0.15611815452575684
170,21,0.01464678783947602,9.474303713068351e-05,0.1541132926940918
171,21,0.014517948355292902,0.0001288394841831176,0.16212248802185059
172,21,0.014432965856976808,8.498249831609406e-05,0.15111136436462402
173,21,0.014311613659607246,0.00012135219736956158,0.16512417793273926
174,21,0.014211942977504805,9.967068210244186e-05,0.14811182022094727
175,21,0.014105649303412064,0.00010629367409274032,0.19814658164978027
176,21,0.014003240579972044,0.00010240872344001971,0.14911174774169922
177,21,0.013902364185778424,0.0001008763941936202,0.16312360763549805
178,21,0.013811326588969677,9.103759680874693e-05,0.14911293983459473
179,21,0.013701799884438514,0.00010952670453116299,0.16211819648742676
180,21,0.013618193853879348,8.360603055916627e-05,0.15011215209960938
181,21,0.01351558453333564,0.00010260932054370793,0.16112041473388672
182,21,0.013416506642708555,9.907789062708547e-05,0.1491107940673828
183,21,0.01333547004731372,8.103659539483547e-05,0.16612458229064941
184,21,0.013233225897187367,0.00010224415012635192,0.1401052474975586
185,21,0.013148733173729853,8.449272345751463e-05,0.14811182022094727
186,21,0.013050870882812888,9.786229091696477e-05,0.15011143684387207
187,21,0.012972188101848588,7.868278096430023e-05,0.15511560440063477
188,21,0.012875639018719085,9.654908312950287e-05,0.1351008415222168
189,21,0.012799099025432952,7.653999328613263e-05,0.1641230583190918
190,21,0.012708702549920417,9.039647551253513e-05,0.14811086654663086
191,21,0.012629890039213934,7.881251070648333e-05,0.1471095085144043
192,21,0.012541092834318987,8.879720489494633e-05,0.13810396194458008
193,21,0.012463929826626554,7.716300769243338e-05,0.15811920166015625
194,21,0.012381959695601836,8.197013102471777e-05,0.13409781455993652
195,21,0.012290417022188194,9.154267341364257e-05,0.1521146297454834
196,21,0.012227489173295908,6.292784889228541e-05,0.13610124588012695
197,21,0.012140516372979618,8.697280031629007e-05,0.1641225814819336
198,21,0.012069378967164084,7.113740581553459e-05,0.15611648559570312
199,21,0.011985592097858898,8.378686930518575e-05,0.16312241554260254
200,21,0.011915336660225876,7.02554376330218e-05,0.14310765266418457
