1,431,837.962889718192,Nan,0.07805323600769043
2,431,327.4259733319964,510.53691638619557,0.09206104278564453
3,431,259.8652286616734,67.56074467032295,0.08205556869506836
4,431,180.73734347316196,79.12788518851147,0.08305501937866211
5,431,145.43836869812012,35.29897477504184,0.09406375885009766
6,431,123.71845937674387,21.71990932137625,0.09106087684631348
7,431,109.7708793411255,13.947580035618373,0.1120767593383789
8,431,88.0352976978847,21.735581643240792,0.1000666618347168
9,431,95.16156656319754,-7.126268865312838,0.07805156707763672
10,431,89.3574264907837,5.804140072413844,0.08705902099609375
11,431,76.26998978206089,13.087436708722805,0.09206223487854004
12,431,73.41854699380058,2.8514427882603144,0.12908530235290527
13,431,63.25616390773228,10.162383086068296,0.07905316352844238
14,431,66.20051724788121,-2.944353340148929,0.0880587100982666
15,431,56.67161983762469,9.52889741025652,0.08505678176879883
16,431,45.89549773624965,10.776122101375037,0.09306120872497559
17,431,38.12918417358399,7.766313562665665,0.09506368637084961
18,431,28.86128027670724,9.267903896876746,0.08205604553222656
19,431,26.809663155147007,2.051617121560234,0.09005928039550781
20,431,19.40725307737078,7.402410077776228,0.09406352043151855
21,431,18.393083332606725,1.0141697447640539,0.0880587100982666
22,431,14.671562609536307,3.7215207230704177,0.0880594253540039
23,431,11.418080332892282,3.253482276644025,0.09006094932556152
24,431,10.010687373433795,1.4073929594584875,0.09005999565124512
25,431,7.9654078803743635,2.0452794930594314,0.08705806732177734
26,431,7.07218004989624,0.8932278304781232,0.09206175804138184
27,431,6.267037935393197,0.8051421145030435,0.09406375885009766
28,431,5.643188731942858,0.6238492034503391,0.08205342292785645
29,431,5.270329152515957,0.3728595794269012,0.08405780792236328
30,431,4.854214771202632,0.41611438131332434,0.09106111526489258
31,431,4.5260993016106745,0.3281154695919577,0.08305644989013672
32,431,4.24377818427767,0.28232111733300425,0.09105992317199707
33,431,3.9610593643869674,0.2827188198907029,0.08005380630493164
34,431,3.764709200995309,0.19635016339165823,0.08505630493164062
35,431,3.5591535865238733,0.2055556144714359,0.08905982971191406
36,431,3.3517217545509337,0.20743183197293957,0.09006142616271973
37,431,3.1954561852727617,0.15626556927817203,0.0880579948425293
38,431,3.048808384622846,0.14664780064991545,0.09706568717956543
39,431,2.894244417122432,0.154563967500414,0.12808537483215332
40,431,2.7712277807848795,0.12301663633755267,0.08005380630493164
41,431,2.6313232375213076,0.13990454326357193,0.08806061744689941
42,431,2.53833344405038,0.0929897934709274,0.08605623245239258
43,431,2.4266928485121046,0.11164059553827554,0.08806014060974121
44,431,2.3311708525930133,0.09552199591909138,0.1000676155090332
45,431,2.2400291692529404,0.09114168334007289,0.08205413818359375
46,431,2.164669236149107,0.07535993310383349,0.08405566215515137
47,431,2.0824456984996798,0.08222353764942714,0.0880587100982666
48,431,2.010939515897206,0.07150618260247388,0.09406352043151855
49,431,1.9472147670813968,0.06372474881580903,0.08505606651306152
50,431,1.8774168604101453,0.06979790667125152,0.09206151962280273
51,431,1.8164213424069542,0.06099551800319114,0.08305621147155762
52,431,1.752641140801566,0.06378020160538811,0.08605742454528809
53,431,1.7048103270530701,0.04783081374849596,0.1380922794342041
54,431,1.656165353502546,0.04864497355052411,0.09206080436706543
55,431,1.608511399439403,0.0476539540631431,0.08705854415893555
56,431,1.5598169440882546,0.04869445535114836,0.08906030654907227
57,431,1.5150036208970206,0.04481332319123399,0.09005951881408691
58,431,1.474671772309712,0.04033184858730854,0.09106159210205078
59,431,1.4363097946984427,0.03836197761126936,0.09206104278564453
60,431,1.400073286976133,0.036236507722309685,0.08905792236328125
61,431,1.3618014618669236,0.038271825109209345,0.08605766296386719
62,431,1.331453774196761,0.030347687670162715,0.09006071090698242
63,431,1.2984428338834217,0.03301094031333918,0.08005213737487793
64,431,1.266595601626805,0.031847232256616786,0.08205628395080566
65,431,1.2374739161218915,0.029121685504913453,0.09005951881408691
66,431,1.2053300635644368,0.032143852557454666,0.09206199645996094
67,431,1.1824113159179688,0.022918747646468063,0.08205509185791016
68,431,1.1544786733048302,0.027932642613138547,0.09606504440307617
69,431,1.1294476088285446,0.02503106447628567,0.08005261421203613
70,431,1.1040587315048491,0.025388877323695436,0.0880587100982666
71,431,1.0823696770327431,0.021689054472106006,0.0950629711151123
72,431,1.0597671996695655,0.022602477363177664,0.09206175804138184
73,431,1.0382363805600574,0.021530819109508048,0.08705854415893555
74,431,1.0158550065926144,0.022381373967442997,0.09406328201293945
75,431,0.9979064194304602,0.017948587162154195,0.08305525779724121
76,431,0.9777182121958051,0.020188207234655087,0.08405566215515137
77,431,0.9588609946114677,0.01885721758433745,0.09005999565124512
78,431,0.940712584580694,0.01814841003077372,0.09106111526489258
79,431,0.9226324818985803,0.018080102682113686,0.08205556869506836
80,431,0.9070323629038675,0.015600118994712808,0.1380934715270996
81,431,0.8896877809592656,0.017344581944601867,0.08605790138244629
82,431,0.8736817122527532,0.016006068706512444,0.08605718612670898
83,431,0.8592701597384044,0.01441155251434878,0.08906102180480957
84,431,0.8442567868403026,0.015013372898101784,0.0880594253540039
85,431,0.8289620737007686,0.01529471313953401,0.08906102180480957
86,431,0.8147803195033755,0.014181754197393093,0.09406113624572754
87,431,0.8008400350979397,0.013940284405435821,0.08505749702453613
88,431,0.7891178209100451,0.011722214187894542,0.08005452156066895
89,431,0.7750405009474073,0.014077319962637835,0.09006118774414062
90,431,0.7630169725077492,0.012023528439658038,0.08705830574035645
91,431,0.7510792346852166,0.011937737822532601,0.08505654335021973
92,431,0.7391660052708217,0.011913229414394988,0.09606575965881348
93,431,0.7269683218172618,0.012197683453559871,0.09206056594848633
94,431,0.7169436795030322,0.010024642314229615,0.08305573463439941
95,431,0.705085899591446,0.011857779911586208,0.12708473205566406
96,431,0.6947681914993695,0.010317708092076439,0.09206223487854004
97,431,0.6851901345934187,0.009578056905950816,0.08705973625183105
98,431,0.6748598588875362,0.010330275705882519,0.0950624942779541
99,431,0.6650820296491895,0.009777829238346691,0.0880594253540039
100,431,0.6561189680184637,0.0089630616307258,0.08605766296386719
101,431,0.6471351888520377,0.00898377916642601,0.0880582332611084
102,431,0.6375586272733552,0.009576561578682474,0.0880584716796875
103,431,0.6299527510489736,0.00760587622438158,0.08705878257751465
104,431,0.620574739081519,0.009378011967454691,0.09406232833862305
105,431,0.6124526397500719,0.00812209933144703,0.08505821228027344
106,431,0.6048403070654188,0.007612332684653111,0.08105301856994629
107,431,0.5960654073868479,0.008774899678570924,0.09006071090698242
108,431,0.5887380173546928,0.007327390032155101,0.08905959129333496
109,431,0.5812563433562006,0.0074816739984922,0.08305597305297852
110,431,0.5737595835838999,0.007496759772300687,0.08906149864196777
111,431,0.5668728256140436,0.006886757969856272,0.08605599403381348
112,431,0.5601894803898675,0.006683345224176129,0.08305978775024414
113,431,0.5527797641413552,0.007409716248512277,0.09105753898620605
114,431,0.5462634056891714,0.00651635845218379,0.08305525779724121
115,431,0.5401200553519385,0.0061433503372329,0.08005356788635254
116,431,0.5334007771951812,0.0067192781567573245,0.09406280517578125
117,431,0.5273479153599058,0.006052861835275425,0.1000678539276123
118,431,0.5216352849602699,0.005712630399635876,0.10406994819641113
119,431,0.515381021295275,0.00625426366499493,0.1000661849975586
120,431,0.5099524262292044,0.0054285950660705184,0.08605718612670898
121,431,0.5040844722305026,0.00586795399870188,0.13208937644958496
122,431,0.49808722742966244,0.005997244800840129,0.08605813980102539
123,431,0.4930081224526678,0.005079104976994653,0.08205628395080566
124,431,0.48729144361189436,0.005716678840773426,0.09005880355834961
125,431,0.48201350514377866,0.005277938468115695,0.0880587100982666
126,431,0.4768570044892175,0.005156500654561191,0.08305621147155762
127,431,0.4719822407960892,0.004874763693128281,0.09206104278564453
128,431,0.4671819927436965,0.004800248052392708,0.0860586166381836
129,431,0.4621497188976833,0.00503227384601318,0.08505773544311523
130,431,0.4576688224588122,0.004480896438871118,0.09006166458129883
131,431,0.45271710072244914,0.004951721736363046,0.09205889701843262
132,431,0.44827678281920297,0.0044403179032461715,0.08705854415893555
133,431,0.4443133030874389,0.003963479731764086,0.09106302261352539
134,431,0.43937906029394697,0.004934242793491916,0.08605504035949707
135,431,0.4352044365576335,0.004174623736313443,0.13709139823913574
136,431,0.4310015525562423,0.004202884001391238,0.08405661582946777
137,431,0.42681863991703306,0.004182912639209224,0.08705854415893555
138,431,0.4226835229056222,0.004135117011410838,0.09106087684631348
139,431,0.4187724340387753,0.003911088866846935,0.08805990219116211
140,431,0.4145443015694618,0.0042281324693134725,0.0880577564239502
141,431,0.4108967880351203,0.0036475135343415066,0.09506702423095703
142,431,0.4073280108656202,0.0035687771695001036,0.08405351638793945
143,431,0.4031177811196872,0.004210229745932992,0.0880594253540039
144,431,0.39948322753395354,0.0036345535857336686,0.08605742454528809
145,431,0.3959305901271956,0.0035526374067579303,0.0880594253540039
146,431,0.3925248157807759,0.003405774346419699,0.0880584716796875
147,431,0.38890617562191826,0.0036186401588576556,0.0880594253540039
148,431,0.38554999314887184,0.0033561824730464207,0.08905887603759766
149,431,0.38211434274060385,0.0034356504082679873,0.0810546875
150,431,0.37868988768543516,0.003424455055168696,0.09206318855285645
151,431,0.3754138169118336,0.003276070773601536,0.08305501937866211
152,431,0.3719653405547142,0.0034484763571194232,0.0810544490814209
153,431,0.36875610140391757,0.003209239150796628,0.09206151962280273
154,431,0.36581503551346917,0.002941065890448402,0.09306192398071289
155,431,0.3625283296448844,0.0032867058685847605,0.08005332946777344
156,431,0.3594588700873511,0.003069459557533294,0.09906744956970215
157,431,0.3566368720403739,0.002821998046977192,0.08405709266662598
158,431,0.35375000743780816,0.002886864602565764,0.08505654335021973
159,431,0.3508061994654792,0.00294380797232896,0.09406208992004395
160,431,0.3481036129168102,0.002702586548669006,0.0810544490814209
161,431,0.34495768658178194,0.0031459263350282485,0.08205509185791016
162,431,0.34224054024049216,0.002717146341289778,0.13509082794189453
163,431,0.33960871113198143,0.0026318291085107304,0.08005475997924805
164,431,0.33670847634758266,0.0029002347843987697,0.08505582809448242
165,431,0.334171671045678,0.0025368053019046433,0.08906030654907227
166,431,0.3317637111033712,0.002407959942306803,0.08505630493164062
167,431,0.3288938185913222,0.0028698925120489993,0.08405685424804688
168,431,0.3265283166553293,0.002365501935992942,0.09206247329711914
169,431,0.3241686502056462,0.002359666449683051,0.08605694770812988
170,431,0.32162195954152517,0.002546690664121054,0.09105992317199707
171,431,0.3191933970749378,0.0024285624665873473,0.09006142616271973
172,431,0.31691729463424,0.0022761024406978136,0.09106040000915527
173,431,0.3143394705099719,0.002577824124268102,0.0880579948425293
174,431,0.31203148292643684,0.002307987583535065,0.09106254577636719
175,431,0.3097655312631811,0.0022659516632557164,0.0950627326965332
176,431,0.3074399762877396,0.002325554975441513,0.08505868911743164
177,431,0.3051624900485788,0.0022774862391607975,0.13408946990966797
178,431,0.30316701126098633,0.001995478787592486,0.09206056594848633
179,431,0.30067471932087625,0.0024922919401100807,0.08605742454528809
180,431,0.2986886393002101,0.0019860800206661366,0.08906006813049316
181,431,0.2967058280450957,0.001982811255114403,0.08605790138244629
182,431,0.2944514907343047,0.002254337310790999,0.0880584716796875
183,431,0.29262659548010145,0.0018248952542032626,0.08405542373657227
184,431,0.2904830556724753,0.0021435398076261603,0.09006118774414062
185,431,0.2885893365570477,0.0018937191154275723,0.08005380630493164
186,431,0.28654670900957924,0.0020426275474684785,0.09506392478942871
187,431,0.2845578459586416,0.0019888630509376504,0.08605718612670898
188,431,0.28242398414867265,0.00213386180996894,0.08605766296386719
189,431,0.2806133443585464,0.001810639790126245,0.09106063842773438
190,431,0.27882533768245155,0.0017880066760948554,0.09005928039550781
191,431,0.27683338349206105,0.001991954190390499,0.08705759048461914
192,431,0.27518455359339716,0.0016488298986638839,0.08906078338623047
193,431,0.2731499847769737,0.0020345688164234432,0.09406256675720215
194,431,0.2714439871268613,0.001705997650112423,0.08305501937866211
195,431,0.26985591342619486,0.001588073700666437,0.09706425666809082
196,431,0.2678839765574251,0.001971936868769786,0.07905220985412598
197,431,0.2662082671437945,0.0016757094136305994,0.0880591869354248
198,431,0.26459645671503884,0.0016118104287556334,0.09006047248840332
199,431,0.26287198091830527,0.001724475796733571,0.09206175804138184
200,431,0.2612235736846924,0.0016484072336128697,0.08505702018737793
