1,441,826.4931339111328,Nan,0.1310889720916748
2,441,294.08865444946287,532.4044794616699,0.08705997467041016
3,441,242.8737049255371,51.21494952392575,0.08405423164367676
4,441,185.42729638671875,57.44640853881836,0.09005999565124512
5,441,151.02036557006835,34.4069308166504,0.09005951881408691
6,441,138.093416015625,12.926949554443354,0.08405756950378418
7,441,124.31140986633301,13.782006149291988,0.0890660285949707
8,441,108.77915177917481,15.532258087158198,0.08906006813049316
9,441,98.49944648742675,10.279705291748058,0.08405613899230957
10,441,79.00526292419434,19.49418356323241,0.09306192398071289
11,441,61.759183692932126,17.246079231262215,0.0860593318939209
12,441,56.30502072906494,5.454162963867184,0.08605694770812988
13,441,50.25868727111816,6.04633345794678,0.09206128120422363
14,441,48.19995159912109,2.05873567199707,0.09006094932556152
15,441,42.71677941131592,5.483172187805174,0.08405613899230957
16,441,37.62372677993774,5.093052631378178,0.0930628776550293
17,441,38.91979788970947,-1.2960711097717308,0.0860586166381836
18,441,41.0119751663208,-2.0921772766113307,0.09106063842773438
19,441,38.86219934844971,2.1497758178710953,0.09906697273254395
20,441,42.47354857635498,-3.611349227905272,0.09406256675720215
21,441,49.210460300445554,-6.736911724090575,0.0880587100982666
22,441,37.545625568389895,11.66483473205566,0.09406399726867676
23,441,32.26957978057861,5.2760457878112845,0.08605742454528809
24,441,26.697601085662843,5.571978694915767,0.10907363891601562
25,441,21.139615055084228,5.557986030578615,0.11907958984375
26,441,16.66907896232605,4.470536092758177,0.09706521034240723
27,441,11.103651869773865,5.565427092552186,0.14109373092651367
28,441,9.226572271347045,1.8770795984268194,0.11107659339904785
29,441,7.207541052818298,2.019031218528747,0.11407804489135742
30,441,6.020617603302002,1.1869234495162964,0.11107301712036133
31,441,5.235878094673157,0.7847395086288449,0.09506368637084961
32,441,4.7510568170547485,0.48482127761840843,0.09206414222717285
33,441,4.302766983509064,0.44828983354568486,0.08205604553222656
34,441,4.031405638217926,0.27136134529113765,0.08305478096008301
35,441,3.7111674766540528,0.3202381615638732,0.09106063842773438
36,441,3.514663631439209,0.19650384521484376,0.09406208992004395
37,441,3.296486590862274,0.218177040576935,0.08705973625183105
38,441,3.1368777770996092,0.15960881376266478,0.09506535530090332
39,441,2.9730613803863526,0.16381639671325665,0.08305501937866211
40,441,2.835836769104004,0.13722461128234853,0.08405566215515137
41,441,2.7121861772537232,0.12365059185028082,0.13008880615234375
42,441,2.5914785962104796,0.12070758104324364,0.0950627326965332
43,441,2.4785353145599367,0.1129432816505429,0.08405709266662598
44,441,2.376673273563385,0.1018620409965516,0.09406328201293945
45,441,2.2897995357513428,0.08687373781204233,0.08205533027648926
46,441,2.201630427837372,0.08816910791397081,0.07605099678039551
47,441,2.117244253873825,0.08438617396354697,0.08705902099609375
48,441,2.0461747612953185,0.07106949257850648,0.08906006813049316
49,441,1.9741677482128144,0.07200701308250412,0.08705639839172363
50,441,1.9079069521427154,0.06626079607009894,0.08906269073486328
51,441,1.8456051399707794,0.06230181217193609,0.08305621147155762
52,441,1.7908746013641357,0.054730538606643675,0.08605742454528809
53,441,1.7341807103157043,0.056693891048431366,0.09106087684631348
54,441,1.6796535902023315,0.054527120113372796,0.09506559371948242
55,441,1.6345578072071076,0.045095782995223876,0.08505582809448242
56,441,1.5863226413726808,0.048235165834426885,0.09206247329711914
57,441,1.5428745954036713,0.04344804596900942,0.09005999565124512
58,441,1.5015701887607575,0.041304406642913793,0.08605813980102539
59,441,1.4598411154747009,0.041729073286056684,0.09706568717956543
60,441,1.4220051534175873,0.03783596205711359,0.0880589485168457
61,441,1.388036063671112,0.03396908974647528,0.0810551643371582
62,441,1.3538149540424347,0.034221109628677304,0.09006047248840332
63,441,1.319940144777298,0.03387480926513664,0.08505678176879883
64,441,1.287381308555603,0.03255883622169509,0.08505582809448242
65,441,1.257994440317154,0.02938686823844905,0.09606552124023438
66,441,1.229450389623642,0.028544050693511958,0.09106087684631348
67,441,1.2001705965995788,0.02927979302406314,0.08906030654907227
68,441,1.1753772743940354,0.024793322205543422,0.13709139823913574
69,441,1.149791237592697,0.025586036801338308,0.09006166458129883
70,441,1.124131336212158,0.025659901380538974,0.09005999565124512
71,441,1.1011150261163711,0.023016310095786974,0.0930628776550293
72,441,1.0788347134590148,0.022280312657356305,0.09106063842773438
73,441,1.0571306760311128,0.021704037427902056,0.0810542106628418
74,441,1.037174997806549,0.01995567822456379,0.09206247329711914
75,441,1.0164503560066223,0.020724641799926724,0.0880579948425293
76,441,0.9950716899633407,0.021378666043281536,0.08505725860595703
77,441,0.9786558212041855,0.01641586875915524,0.0880594253540039
78,441,0.9604247145652771,0.018231106638908368,0.09005951881408691
79,441,0.9418239071369171,0.01860080742836001,0.07505059242248535
80,441,0.9260849019289017,0.01573900520801541,0.09906649589538574
81,441,0.9084060757160187,0.01767882621288297,0.08906006813049316
82,441,0.8925102485418319,0.015895827174186805,0.08905982971191406
83,441,0.8770949311256409,0.015415317416191066,0.13509106636047363
84,441,0.8624455754756928,0.01464935564994807,0.09006023406982422
85,441,0.8484303294420242,0.01401524603366855,0.08705759048461914
86,441,0.8343527134656906,0.014077615976333613,0.09806537628173828
87,441,0.8206005493402481,0.013752164125442556,0.09006214141845703
88,441,0.8066867980957031,0.01391375124454497,0.09005928039550781
89,441,0.7948017414808274,0.01188505661487571,0.10907411575317383
90,441,0.7828817501068115,0.011919991374015892,0.09606456756591797
91,441,0.7695020970106125,0.01337965309619904,0.08605670928955078
92,441,0.7588068515062332,0.01069524550437928,0.09606337547302246
93,441,0.7470227500200272,0.011784101486206011,0.09006142616271973
94,441,0.7358250805139541,0.011197669506073038,0.08605766296386719
95,441,0.7254075778722763,0.010417502641677845,0.09106111526489258
96,441,0.7148046189546585,0.010602958917617755,0.08405590057373047
97,441,0.7043272694349288,0.010477349519729673,0.0810546875
98,441,0.6943685903549194,0.00995867908000947,0.0930633544921875
99,441,0.6845151063203812,0.009853484034538229,0.0810537338256836
100,441,0.6754058256149292,0.009109280705451916,0.08205533027648926
101,441,0.6663868103027344,0.009019015312194845,0.09206104278564453
102,441,0.6573579261302948,0.009028884172439633,0.09106278419494629
103,441,0.648359923005104,0.008998003125190723,0.0880589485168457
104,441,0.6395011764764785,0.008858746528625505,0.09806704521179199
105,441,0.6317807228565216,0.00772045361995688,0.09005999565124512
106,441,0.6235501691102981,0.008230553746223501,0.08605790138244629
107,441,0.6154595078229904,0.008090661287307732,0.09106111526489258
108,441,0.6073976482152939,0.008061859607696564,0.08905959129333496
109,441,0.5997198155522346,0.007677832663059214,0.1310880184173584
110,441,0.5922896293401718,0.007430186212062817,0.09006047248840332
111,441,0.5854443928599358,0.00684523648023605,0.10106706619262695
112,441,0.5782067190408706,0.007237673819065149,0.09806680679321289
113,441,0.5714020783305168,0.006804640710353804,0.08205461502075195
114,441,0.5642091660499573,0.007192912280559516,0.09005951881408691
115,441,0.5579110104441642,0.006298155605793054,0.09406423568725586
116,441,0.5517065970897674,0.006204413354396809,0.09406256675720215
117,441,0.544856629371643,0.006849967718124406,0.09006071090698242
118,441,0.5384658365249634,0.006390792846679649,0.10206985473632812
119,441,0.5325618751645088,0.005903961360454568,0.09205985069274902
120,441,0.5263586738705635,0.00620320129394536,0.09005999565124512
121,441,0.5210946846008301,0.005263989269733371,0.09706616401672363
122,441,0.5151518594622612,0.005942825138568919,0.09006023406982422
123,441,0.5091456696391106,0.006006189823150598,0.1330890655517578
124,441,0.5044129969477653,0.004732672691345252,0.09406447410583496
125,441,0.4986900746226311,0.0057229223251342165,0.09105443954467773
126,441,0.4930200471282005,0.005670027494430574,0.1000676155090332
127,441,0.4884279572367668,0.004592089891433726,0.08605718612670898
128,441,0.4833622622489929,0.005065694987773872,0.08605837821960449
129,441,0.4779922856092453,0.005369976639747642,0.09406399726867676
130,441,0.47330219304561616,0.004690092563629122,0.1000661849975586
131,441,0.4682874745130539,0.005014718532562246,0.14109349250793457
132,441,0.4637740212678909,0.004513453245163002,0.12308526039123535
133,441,0.4591926054954529,0.0045814157724380355,0.10607671737670898
134,441,0.45455204117298126,0.004640564322471619,0.1050713062286377
135,441,0.45029665720462797,0.004255383968353288,0.09206032752990723
136,441,0.4457517274618149,0.004544929742813064,0.10407209396362305
137,441,0.4414267852306366,0.004324942231178297,0.09406113624572754
138,441,0.43749252742528916,0.003934257805347452,0.09006071090698242
139,441,0.43308565962314605,0.004406867802143111,0.09906744956970215
140,441,0.4290178388953209,0.004067820727825133,0.09606528282165527
141,441,0.4251470827460289,0.0038707561492919984,0.12208437919616699
142,441,0.42124343264102937,0.0039036501049995453,0.10907340049743652
143,441,0.41722783505916594,0.004015597581863428,0.1000664234161377
144,441,0.4135843881368637,0.0036434469223022292,0.09906578063964844
145,441,0.4097580145597458,0.003826373577117903,0.08605837821960449
146,441,0.4058584456443787,0.0038995689153671353,0.10907506942749023
147,441,0.40247968477010726,0.0033787608742714137,0.09906625747680664
148,441,0.39886116081476214,0.003618523955345121,0.09306049346923828
149,441,0.3954394493699074,0.003421711444854758,0.0940709114074707
150,441,0.39193717765808106,0.0035022717118263214,0.14809656143188477
151,441,0.388696364402771,0.00324081325531006,0.11507964134216309
152,441,0.3850965995192528,0.0035997648835182083,0.09406089782714844
153,441,0.38203974252939227,0.0030568569898605236,0.08605790138244629
154,441,0.3788501679897308,0.003189574539661455,0.08505725860595703
155,441,0.3755412777066231,0.0033088902831077127,0.08405566215515137
156,441,0.3724541014432907,0.0030871762633323807,0.08205413818359375
157,441,0.3691625615954399,0.0032915398478507996,0.09606623649597168
158,441,0.3663691973090172,0.0027933642864227393,0.09406304359436035
159,441,0.36339138090610507,0.0029778164029121146,0.08205509185791016
160,441,0.3603502854704857,0.0030410954356193676,0.0930633544921875
161,441,0.3574736434221268,0.002876642048358913,0.08605694770812988
162,441,0.3546132628917694,0.002860380530357365,0.0810542106628418
163,441,0.35178361505270006,0.0028296478390693602,0.08505773544311523
164,441,0.34907261484861374,0.0027110002040863224,0.09206271171569824
165,441,0.3464054186940193,0.002667196154594431,0.1260848045349121
166,441,0.3435591665506363,0.0028462521433830212,0.09406256675720215
167,441,0.34099145448207857,0.002567712068557715,0.08505630493164062
168,441,0.33841861712932586,0.0025728373527527104,0.0930638313293457
169,441,0.3357602080106735,0.0026584091186523384,0.0880591869354248
170,441,0.33328837633132935,0.002471831679344172,0.09006142616271973
171,441,0.33072572404146194,0.0025626522898674065,0.09006190299987793
172,441,0.3282148348689079,0.0025108891725540428,0.09205889701843262
173,441,0.3258467596769333,0.002368075191974628,0.09606504440307617
174,441,0.32349107098579405,0.002355688691139224,0.08705902099609375
175,441,0.32103809821605683,0.002452972769737216,0.09206175804138184
176,441,0.3186854848265648,0.002352613389492053,0.09506440162658691
177,441,0.31638350880146027,0.002301976025104513,0.08605837821960449
178,441,0.3140585201382637,0.002324988663196581,0.07705140113830566
179,441,0.31203316456079483,0.002025355577468857,0.08806276321411133
180,441,0.30964710319042205,0.002386061370372783,0.09105849266052246
181,441,0.30755705761909485,0.0020900455713271926,0.08605623245239258
182,441,0.30535419803857805,0.0022028595805168028,0.08605837821960449
183,441,0.3031297059059143,0.0022244921326637357,0.08705830574035645
184,441,0.3010344642400742,0.0020952416658401307,0.08405709266662598
185,441,0.29915500071644785,0.0018794635236263346,0.0930628776550293
186,441,0.2969906072616577,0.0021643934547901367,0.08305668830871582
187,441,0.2948505110144615,0.002140096247196188,0.08505892753601074
188,441,0.29302842181921007,0.0018220891952514529,0.08705711364746094
189,441,0.2910835693180561,0.0019448525011539486,0.0880582332611084
190,441,0.2890609827339649,0.0020225865840912127,0.08405637741088867
191,441,0.2871194403767586,0.0019415423572063384,0.1380939483642578
192,441,0.2852306345999241,0.001888805776834479,0.0690455436706543
193,441,0.28326562443375586,0.001965010166168235,0.06504321098327637
194,441,0.28157206130027773,0.0016935631334781265,0.06404495239257812
195,441,0.2796109750270844,0.0019610862731933576,0.07304763793945312
196,441,0.277880295753479,0.0017306792736053733,0.08405566215515137
197,441,0.2759983676671982,0.001881928086280793,0.07905364036560059
198,441,0.2741632005274296,0.001835167139768612,0.07305002212524414
199,441,0.2725555713772774,0.0016076291501522233,0.07404732704162598
200,441,0.2708271735012531,0.0017283978760242458,0.08205580711364746
