1,131,151.75132840183804,Nan,0.13909530639648438
2,131,63.564498558044434,88.1868298437936,0.12008213996887207
3,131,46.26064718082973,17.303851377214706,0.12708640098571777
4,131,34.37679355784825,11.883853622981476,0.13709139823913574
5,131,24.012776017597744,10.364017540250508,0.13208842277526855
6,131,20.78282955578395,3.2299464618137925,0.12208366394042969
7,131,20.75544908945901,0.027380466324942176,0.13008713722229004
8,131,16.006557831355504,4.748891258103505,0.11908078193664551
9,131,14.042597373621804,1.9639604577337,0.11807870864868164
10,131,14.328942096982683,-0.28634472336087846,0.11808156967163086
11,131,13.959424722943988,0.3695173740386952,0.12308669090270996
12,131,13.61853841318403,0.3408863097599575,0.12007904052734375
13,131,12.910850080694471,0.7076883324895586,0.12208223342895508
14,131,11.011187749726432,1.8996623309680398,0.12308263778686523
15,131,10.009258465017592,1.0019292847088401,0.12008023262023926
16,131,11.184713111060006,-1.1754546460424145,0.12808823585510254
17,131,11.23738368667875,-0.052670575618744664,0.1190798282623291
18,131,8.404468527453286,2.8329151592254647,0.1190803050994873
19,131,8.851493172713688,-0.4470246452604023,0.12108159065246582
20,131,6.226502737113408,2.6249904356002807,0.1290888786315918
21,131,4.667988063335419,1.5585146737779887,0.11707878112792969
22,131,4.010813463313239,0.6571746000221799,0.12108278274536133
23,131,4.556723233103752,-0.5459097697905131,0.1170797348022461
24,131,5.50697685115678,-0.9502536180530274,0.11707830429077148
25,131,5.642643590824945,-0.13566673966816545,0.12808680534362793
26,131,9.11286313009262,-3.470219539267675,0.12208271026611328
27,131,10.159874786513193,-1.0470116564205725,0.12008047103881836
28,131,7.43578430376734,2.7240904827458525,0.12008166313171387
29,131,5.804932227270943,1.6308520764963967,0.12708806991577148
30,131,4.302400626131466,1.5025316011394771,0.12108016014099121
31,131,3.9168822406721966,0.38551838545926964,0.12308382987976074
32,131,4.3221139505079815,-0.40523170983578494,0.12208318710327148
33,131,3.223196015594261,1.0989179349137204,0.12808680534362793
34,131,2.315570928939751,0.9076250866545101,0.12007951736450195
35,131,2.2228700309353213,0.09270089800442971,0.11808156967163086
36,131,1.246348914676479,0.9765211162588423,0.11808133125305176
37,131,2.91525617705392,-1.6689072623774408,0.12007880210876465
38,131,4.489105721299137,-1.5738495442452174,0.13008832931518555
39,131,5.627551233332072,-1.138445512032935,0.12308478355407715
40,131,3.1684680503032037,2.4590831830288686,0.12108135223388672
41,131,2.3291731308964745,0.8392949194067292,0.12208199501037598
42,131,1.5217102719077042,0.8074628589887702,0.1290886402130127
43,131,2.9000326604364175,-1.3783223885287132,0.12208151817321777
44,131,2.924715251066855,-0.024682590630437318,0.12308359146118164
45,131,2.2100824510609467,0.7146328000059081,0.12208366394042969
46,131,2.5705890441707204,-0.36050659310977373,0.12908625602722168
47,131,2.1710751897735254,0.399513854397195,0.12108230590820312
48,131,1.880871710053512,0.2902034797200135,0.11908125877380371
49,131,2.318950899260385,-0.43807918920687294,0.11807942390441895
50,131,3.909111561885902,-1.5901606626255171,0.12308263778686523
51,131,4.608704824593451,-0.6995932627075487,0.12608671188354492
52,131,5.9987775544753035,-1.3900727298818527,0.12308263778686523
53,131,3.390275785399335,2.6085017690759686,0.12208199501037598
54,131,2.880876995721034,0.509398789678301,0.12108278274536133
55,131,4.004523203245231,-1.1236462075241973,0.13209104537963867
56,131,6.1442279310694765,-2.1397047278242454,0.12508273124694824
57,131,3.125844509844269,3.0183834212252076,0.1240837574005127
58,131,2.1895684585273267,0.9362760513169421,0.1220846176147461
59,131,3.80388844908561,-1.6143199905582835,0.12708473205566406
60,131,5.2448515320742235,-1.4409630829886133,0.12108278274536133
61,131,3.8015173564382962,1.4433341756359273,0.12008070945739746
62,131,2.6983186189332713,1.103198737505025,0.12808680534362793
63,131,3.0437789581609622,-0.3454603392276909,0.12808823585510254
64,131,2.035490994161793,1.008287963999169,0.12408161163330078
65,131,2.79726843896934,-0.7617774448075467,0.12308621406555176
66,131,1.9831372640877962,0.8141311748815436,0.12308025360107422
67,131,1.4669757508422647,0.5161615132455315,0.1220848560333252
68,131,0.8886888118854591,0.5782869389568056,0.13409066200256348
69,131,0.40147176356227804,0.4872170483231811,0.12208151817321777
70,131,0.9973098657619475,-0.5958381021996695,0.12208437919616699
71,131,0.5221208463146219,0.4751890194473256,0.12408256530761719
72,131,0.10308933164352285,0.419031514671099,0.12808704376220703
73,131,0.18123592282232961,-0.07814659117880676,0.12208390235900879
74,131,0.05245567885693163,0.128780243965398,0.12308168411254883
75,131,0.033882928552438636,0.018572750304492992,0.12208247184753418
76,131,0.024605864296800325,0.00927706425563831,0.12708497047424316
77,131,0.022643145349941083,0.0019627189468592425,0.12708806991577148
78,131,0.02125863068005336,0.0013845146698877216,0.12508463859558105
79,131,0.020151698339397887,0.001106932340655474,0.12708616256713867
80,131,0.019222868193273564,0.000928830146124323,0.13309144973754883
81,131,0.018422497577366553,0.0008003706159070111,0.12208127975463867
82,131,0.017726941105443983,0.0006955564719225704,0.12208247184753418
83,131,0.01712441898223811,0.0006025221232058738,0.12508559226989746
84,131,0.016586758436768184,0.000537660545469925,0.12208247184753418
85,131,0.01609005707588845,0.0004967013608797345,0.14910054206848145
86,131,0.015635754334208156,0.00045430274168029375,0.13709282875061035
87,131,0.015217353230874453,0.00041840110333370324,0.1240842342376709
88,131,0.01482510473505993,0.0003922484958145227,0.12008023262023926
89,131,0.014460905455518513,0.00036419927954141687,0.12808895111083984
90,131,0.014126770312831338,0.0003341351426871756,0.12308263778686523
91,131,0.0138107124298944,0.0003160578829369369,0.1260852813720703
92,131,0.0135093518043203,0.0003013606255741,0.1240835189819336
93,131,0.013232266830014331,0.0002770849743059696,0.13008689880371094
94,131,0.012964911246772057,0.0002673555832422743,0.12308478355407715
95,131,0.012713378131389617,0.0002515331153824397,0.1240837574005127
96,131,0.012471313370990434,0.00024206476039918302,0.12108302116394043
97,131,0.012246118697770206,0.00022519467322022757,0.13409113883972168
98,131,0.012030537516311076,0.00021558118145913012,0.12208104133605957
99,131,0.011817251903736697,0.00021328561257437893,0.12208390235900879
100,131,0.011629409534856677,0.00018784236888002084,0.12108349800109863
