1,241,334.94259404645646,Nan,0.12708663940429688
2,241,146.05146037510463,188.89113367135184,0.1070699691772461
3,241,105.77935010637556,40.272110268729065,0.10807466506958008
4,241,92.83894840567453,12.940401700701031,0.11007285118103027
5,241,90.46139660099574,2.377551804678788,0.1070713996887207
6,241,72.15523382977076,18.306162771224976,0.11307621002197266
7,241,57.41107059260777,14.744163237162994,0.11307549476623535
8,241,55.238191370282856,2.172879222324916,0.11007308959960938
9,241,47.468797112601145,7.769394257681711,0.11107587814331055
10,241,40.69743001447405,6.771367098127094,0.11707949638366699
11,241,38.376480317252025,2.3209496972220265,0.10907101631164551
12,241,35.9339872580937,2.4424930591583234,0.1100778579711914
13,241,30.455477166857037,5.478510091236664,0.11107182502746582
14,241,33.726572683879304,-3.2710955170222675,0.11007308959960938
15,241,30.864391182490756,2.862181501388548,0.13909339904785156
16,241,26.32671073150635,4.537680450984407,0.21014094352722168
17,241,21.197243445532663,5.129467285973686,0.10907244682312012
18,241,23.728555546079363,-2.5313121005466996,0.10907387733459473
19,241,33.42239185387748,-9.693836307798115,0.11307597160339355
20,241,25.338590838023595,8.083801015853883,0.11107397079467773
21,241,33.602600523539955,-8.26400968551636,0.10607075691223145
22,241,23.83795033100673,9.764650192533225,0.10707235336303711
23,241,27.619620425633023,-3.7816700946262927,0.1050727367401123
24,241,23.811526179994857,3.8080942456381663,0.11507463455200195
25,241,29.077952649797712,-5.266426469802855,0.10807156562805176
26,241,21.258788313082285,7.819164336715428,0.10907387733459473
27,241,16.157489700044906,5.101298613037379,0.1120762825012207
28,241,18.34545100593567,-2.187961305890763,0.11607837677001953
29,241,19.973459980010986,-1.6280089740753176,0.11007261276245117
30,241,19.785761264392306,0.18769871561868,0.10807299613952637
31,241,17.795343091215408,1.9904181731768986,0.11107420921325684
32,241,18.417415311949593,-0.6220722207341858,0.10807204246520996
33,241,16.5406551023892,1.8767602095603948,0.11607885360717773
34,241,16.585810797282626,-0.04515569489342752,0.11107444763183594
35,241,17.01594649546487,-0.4301356981822444,0.10707306861877441
36,241,22.25268349831445,-5.23673700284958,0.10807204246520996
37,241,13.403499688267708,8.849183810046743,0.1070706844329834
38,241,18.458718724080494,-5.055219035812787,0.11307525634765625
39,241,38.945614652361186,-20.486895928280692,0.10907244682312012
40,241,28.817880130495343,10.127734521865843,0.10907435417175293
41,241,28.48964465195792,0.3282354785374224,0.11107468605041504
42,241,19.09553720528739,9.394107446670532,0.11007499694824219
43,241,19.258927501746587,-0.16339029645919823,0.11507487297058105
44,241,20.286271194594246,-1.0273436928476585,0.10907626152038574
45,241,11.037795177732194,9.248476016862051,0.11207318305969238
46,241,9.99951518038341,1.0382799973487842,0.11007404327392578
47,241,7.830585382699966,2.168929797683444,0.1671125888824463
48,241,7.041342273963349,0.789243108736617,0.10907220840454102
49,241,4.8492709406103405,2.1920713333530086,0.10907363891601562
50,241,3.369681085884571,1.4795898547257695,0.10907196998596191
51,241,2.113585177915437,1.2560959079691338,0.10807609558105469
52,241,1.4993162185464586,0.6142689593689785,0.11507415771484375
53,241,1.272935086965561,0.22638113158089768,0.11007452011108398
54,241,1.1354753447345325,0.13745974223102841,0.11307406425476074
55,241,1.0614709149854524,0.07400442974908006,0.11207699775695801
56,241,1.013000176399946,0.04847073858550632,0.11207270622253418
57,241,0.921325717070273,0.09167445932967311,0.11507940292358398
58,241,0.8667242540142366,0.054601463056036414,0.11107349395751953
59,241,0.8145474881614958,0.05217676585274078,0.11007452011108398
60,241,0.8082138358695167,0.0063336522919791305,0.11307573318481445
61,241,0.7413488332671778,0.06686500260233885,0.11808013916015625
62,241,0.6182119918870075,0.12313684138017034,0.11107158660888672
63,241,0.5065907258966139,0.11162126599039357,0.10807585716247559
64,241,0.45915513304514544,0.04743559285146848,0.1090707778930664
65,241,0.44290584215308937,0.016249290892056067,0.10907387733459473
66,241,0.4358552336863109,0.007050608466778463,0.11507630348205566
67,241,0.43384538195814404,0.002009851728166867,0.11407852172851562
68,241,0.4363584697949035,-0.0025130878367594645,0.11007261276245117
69,241,0.3808131638158645,0.055545305979039006,0.11307597160339355
70,241,0.3780354571214744,0.002777706694390092,0.1120755672454834
71,241,0.36256401527353693,0.015471441847937473,0.12008070945739746
72,241,0.3698059057103736,-0.007241890436836651,0.11207389831542969
73,241,0.34341011252147813,0.026395793188895456,0.1120760440826416
74,241,0.3514792138231652,-0.008069101301687087,0.11407613754272461
75,241,0.3273100706700768,0.024169143153088435,0.11407780647277832
76,241,0.33652020547538997,-0.009210134805313186,0.11507558822631836
77,241,0.3121283750629851,0.02439183041240489,0.10907244682312012
78,241,0.32198409377889975,-0.009855718715914674,0.15810728073120117
79,241,0.2995433645769954,0.022440729201904375,0.10907292366027832
80,241,0.30990824044921567,-0.010364875872220292,0.11907839775085449
81,241,0.2867699138660516,0.02313832658316406,0.11007523536682129
82,241,0.29724056412918226,-0.010470650263130654,0.11307597160339355
83,241,0.27509384192792435,0.022146722201257907,0.11107468605041504
84,241,0.2854554853162595,-0.010361643388335173,0.11107444763183594
85,241,0.2641394435965589,0.02131604171970064,0.1190791130065918
86,241,0.274706466534308,-0.010567022937749138,0.11307525634765625
87,241,0.2546025317843471,0.020103934749960917,0.11307644844055176
88,241,0.2643906718694738,-0.009788140085126684,0.11107420921325684
89,241,0.24503539128548332,0.01935528058399047,0.11707949638366699
90,241,0.2533520114815661,-0.008316620196082786,0.11007332801818848
91,241,0.23465301959855217,0.018698991883013938,0.11007356643676758
92,241,0.24272485884864414,-0.008071839250091972,0.10807204246520996
93,241,0.22593451995455793,0.01679033889408621,0.11407756805419922
94,241,0.2354860508415316,-0.009551530886973664,0.11807799339294434
95,241,0.21863793034425805,0.01684812049727355,0.11307621002197266
96,241,0.22542394510709815,-0.0067860147628401035,0.11107444763183594
97,241,0.21058789110130496,0.014836054005793187,0.11307644844055176
98,241,0.2168616329522005,-0.006273741850895548,0.11307644844055176
99,241,0.2033065998032689,0.013555033148931611,0.12008023262023926
100,241,0.20883884708530137,-0.005532247282032471,0.11407470703125
