1,161,242.72381802368164,Nan,0.09106159210205078
2,161,83.1599885559082,159.56382946777345,0.10907363891601562
3,161,55.56397673797608,27.596011817932123,0.08805966377258301
4,161,42.44263405227661,13.121342685699467,0.1120760440826416
5,161,36.392737770080565,6.049896282196045,0.09506487846374512
6,161,32.479262645721434,3.913475124359131,0.08605766296386719
7,161,30.254552391052247,2.224710254669187,0.10607433319091797
8,161,29.002687049865724,1.251865341186523,0.0880591869354248
9,161,27.239941827774047,1.7627452220916773,0.08806085586547852
10,161,25.0084135055542,2.231528322219848,0.12208247184753418
11,161,22.19376321411133,2.81465029144287,0.09906554222106934
12,161,21.251122016906738,0.9426411972045905,0.09206366539001465
13,161,22.2539098110199,-1.0027877941131607,0.11007285118103027
14,161,20.091373668670656,2.162536142349243,0.09006166458129883
15,161,18.320824249267577,1.7705494194030784,0.09706664085388184
16,161,15.173969382286073,3.1468548669815046,0.10807251930236816
17,161,13.142883481025695,2.0310859012603775,0.08705973625183105
18,161,12.693568507194518,0.4493149738311768,0.0930626392364502
19,161,12.65492403793335,0.03864446926116827,0.10106825828552246
20,161,12.695135692596436,-0.04021165466308574,0.09806656837463379
21,161,13.258883281707764,-0.5637475891113279,0.0930626392364502
22,161,12.997777606010438,0.26110567569732623,0.1120760440826416
23,161,13.195498616218567,-0.19772101020812904,0.0930631160736084
24,161,10.35332716178894,2.842171454429627,0.09206247329711914
25,161,9.27838587808609,1.0749412837028505,0.10907411575317383
26,161,8.049042253017426,1.2293436250686636,0.10406994819641113
27,161,10.33479675579071,-2.285754502773285,0.09106326103210449
28,161,10.60396392250061,-0.2691671667098987,0.11307597160339355
29,161,10.83336439228058,-0.22940046977996964,0.09406280517578125
30,161,10.108337512969971,0.725026879310608,0.09706664085388184
31,161,10.094715601444245,0.01362191152572656,0.11307716369628906
32,161,8.02249566411972,2.0722199373245243,0.09706354141235352
33,161,6.42824823141098,1.5942474327087401,0.09105992317199707
34,161,4.844230474948883,1.5840177564620967,0.10807347297668457
35,161,4.665086812973023,0.17914366197586062,0.09106278419494629
36,161,4.3276600964069365,0.33742671656608625,0.0880584716796875
37,161,5.5356065754890444,-1.207946479082108,0.11107492446899414
38,161,5.6976874878406525,-0.16208091235160804,0.09006333351135254
39,161,6.6326154897212986,-0.9349280018806461,0.08605647087097168
40,161,7.5839485709667205,-0.9513330812454219,0.10006976127624512
41,161,8.82342212152481,-1.23947355055809,0.09806394577026367
42,161,8.176148957371712,0.6472731641530984,0.09506464004516602
43,161,7.455557073593139,0.7205918837785728,0.10707402229309082
44,161,7.117957967042923,0.33759910655021663,0.08505558967590332
45,161,4.981309788703919,2.136648178339004,0.10807371139526367
46,161,2.9917915128469468,1.9895182758569718,0.08705902099609375
47,161,2.5526322314739227,0.43915928137302407,0.09206271171569824
48,161,1.4550257914066316,1.0976064400672911,0.10807394981384277
49,161,1.6882037417292595,-0.2331779503226279,0.09006047248840332
50,161,1.3114217916727067,0.3767819500565528,0.08906126022338867
51,161,1.4349597005844117,-0.12353790891170502,0.09906601905822754
52,161,1.376500728547573,0.0584589720368387,0.10206913948059082
53,161,1.5362960011959077,-0.1597952726483347,0.09706664085388184
54,161,1.3448849366903306,0.1914110645055771,0.10607099533081055
55,161,1.3666209942996501,-0.021736057609319515,0.09406614303588867
56,161,1.4555484704077244,-0.08892747610807428,0.10907435417175293
57,161,0.8690666894316673,0.5864817809760571,0.09105896949768066
58,161,0.49540845197439193,0.3736582374572754,0.10106968879699707
59,161,0.3235696454942226,0.1718388064801693,0.10807466506958008
60,161,0.2576127053201199,0.06595694017410275,0.09806418418884277
61,161,0.2425146295428276,0.015098075777292275,0.09106111526489258
62,161,0.23090774592757224,0.011606883615255359,0.11007547378540039
63,161,0.22161280603706837,0.009294939890503867,0.09906649589538574
64,161,0.2136943766027689,0.007918429434299462,0.10106706619262695
65,161,0.2066294460296631,0.00706493057310581,0.11007285118103027
66,161,0.20024536176025867,0.0063840842694044275,0.09506440162658691
67,161,0.19446270975470542,0.0057826520055532515,0.10807347297668457
68,161,0.1891508152782917,0.0053118944764137255,0.09406375885009766
69,161,0.1843330326974392,0.004817782580852498,0.09606432914733887
70,161,0.17981285025179386,0.004520182445645338,0.11107611656188965
71,161,0.17557873298227786,0.004234117269516002,0.09206414222717285
72,161,0.17170952393114566,0.003869209051132194,0.09306073188781738
73,161,0.168123708024621,0.003585815906524653,0.1000678539276123
74,161,0.16467983371019362,0.0034438743144273865,0.1050713062286377
75,161,0.16154378467798233,0.003136049032211291,0.09206199645996094
76,161,0.15847073934972286,0.0030730453282594716,0.10607242584228516
77,161,0.1555631362348795,0.0029076031148433656,0.08906006813049316
78,161,0.15282033203542233,0.0027428041994571606,0.08906078338623047
79,161,0.15015139505267144,0.0026689369827508913,0.10407090187072754
80,161,0.14770096983015538,0.002450425222516067,0.1000666618347168
81,161,0.14524594634771348,0.0024550234824418926,0.09206366539001465
82,161,0.1429657039344311,0.002280242413282396,0.09806680679321289
83,161,0.14070638659596443,0.0022593173384666543,0.09806513786315918
84,161,0.1385995405614376,0.0021068460345268214,0.08906054496765137
85,161,0.13652396681904794,0.0020755737423896747,0.11007475852966309
86,161,0.13459124568104744,0.0019327211380004983,0.0880589485168457
87,161,0.13265926337242126,0.001931982308626179,0.09406328201293945
88,161,0.1308166827559471,0.0018425806164741598,0.10607218742370605
89,161,0.1290671610236168,0.0017495217323303114,0.08605813980102539
90,161,0.1273304689526558,0.001736692070960999,0.09006357192993164
91,161,0.12571593670547007,0.0016145322471857182,0.11307644844055176
92,161,0.12411131584644318,0.0016046208590268923,0.10907268524169922
93,161,0.12254722455143928,0.0015640912950038999,0.13009142875671387
94,161,0.12103565226495266,0.001511572286486615,0.09806275367736816
95,161,0.11959410247206688,0.0014415497928857851,0.09206342697143555
96,161,0.11818611691892147,0.001407985553145405,0.11507630348205566
97,161,0.11684109097719192,0.0013450259417295551,0.09006094932556152
98,161,0.11550862468779087,0.0013324662894010492,0.09106206893920898
99,161,0.11417615923285485,0.0013324654549360243,0.10307073593139648
100,161,0.1129339347332716,0.0012422244995832499,0.09706521034240723
101,161,0.11172205698490142,0.0012118777483701715,0.09506344795227051
102,161,0.11054348458349705,0.0011785724014043708,0.10607433319091797
103,161,0.10935376915335655,0.0011897154301405005,0.09206080436706543
104,161,0.10819375929236412,0.0011600098609924336,0.09006214141845703
105,161,0.10707617989182472,0.0011175794005394007,0.11307811737060547
106,161,0.10603122524917126,0.001044954642653459,0.09606289863586426
107,161,0.1049444485604763,0.0010867766886949598,0.09005999565124512
108,161,0.10392286457121372,0.001021583989262581,0.10807323455810547
109,161,0.10288635475933552,0.0010365098118781946,0.08706283569335938
110,161,0.10190585338324308,0.0009805013760924436,0.08705806732177734
111,161,0.10094341234117746,0.0009624410420656232,0.09806632995605469
112,161,0.1000082406103611,0.0009351717308163643,0.10306215286254883
113,161,0.09908203425258398,0.0009262063577771124,0.09206271171569824
114,161,0.09818150512874127,0.000900529123842711,0.10907483100891113
115,161,0.09727366244792938,0.000907842680811885,0.0930631160736084
116,161,0.09641805876046419,0.0008556036874651923,0.0930628776550293
117,161,0.0955953861400485,0.0008226726204156876,0.11407876014709473
118,161,0.09474477936327458,0.0008506067767739267,0.09106063842773438
119,161,0.09393196280300617,0.000812816560268409,0.08705925941467285
120,161,0.09310641809552908,0.0008255447074770883,0.1050727367401123
121,161,0.09235273000597954,0.0007536880895495368,0.09306120872497559
122,161,0.0915981190726161,0.0007546109333634449,0.08806085586547852
123,161,0.09082094258069992,0.0007771764919161789,0.11107468605041504
124,161,0.09006124541908503,0.0007596971616148918,0.09006047248840332
125,161,0.08937162521481513,0.0006896202042698946,0.0930628776550293
126,161,0.088621558226645,0.0007500669881701366,0.10707283020019531
127,161,0.08795041169971228,0.0006711465269327171,0.08705854415893555
128,161,0.08724540043622256,0.0007050112634897215,0.09706759452819824
129,161,0.08656798257678747,0.0006774178594350921,0.11407685279846191
130,161,0.0858923367857933,0.0006756457909941616,0.09105992317199707
131,161,0.08526571292430163,0.0006266238614916764,0.09306192398071289
132,161,0.0845938033014536,0.0006719096228480353,0.09606432914733887
133,161,0.08398017308861017,0.0006136302128434273,0.10206985473632812
134,161,0.08332896561175585,0.0006512074768543208,0.11107468605041504
135,161,0.08275938489288091,0.0005695807188749319,0.0860588550567627
136,161,0.08212707561254501,0.0006323092803359048,0.09106230735778809
137,161,0.08154948887228966,0.0005775867402553481,0.10807251930236816
138,161,0.08094552260637283,0.0006039662659168277,0.0880589485168457
139,161,0.0803951609134674,0.0005503616929054267,0.09506464004516602
140,161,0.07980860119313002,0.0005865597203373873,0.10006928443908691
141,161,0.07926829228550196,0.0005403089076280593,0.10206770896911621
142,161,0.07869513715058565,0.0005731551349163061,0.0930628776550293
143,161,0.0781881510168314,0.0005069861337542586,0.11207723617553711
144,161,0.07764205747097731,0.0005460935458540817,0.0860588550567627
145,161,0.07711527252197266,0.000526784949004655,0.09206199645996094
146,161,0.07659145116060972,0.0005238213613629333,0.10907506942749023
147,161,0.07610654047131539,0.000484910689294335,0.0950632095336914
148,161,0.07558868543058633,0.0005178550407290566,0.0930626392364502
149,161,0.07509211280941963,0.0004965726211667021,0.10707330703735352
150,161,0.07460760547220707,0.00048450733721255856,0.0980684757232666
151,161,0.07412565496563911,0.000481950506567963,0.08806014060974121
152,161,0.0736615022495389,0.00046415271610021624,0.11007404327392578
153,161,0.07319197640568018,0.00046952584385871743,0.09006190299987793
154,161,0.07271999835968018,0.0004719780459999934,0.0880591869354248
155,161,0.07226366875320674,0.0004563296064734462,0.11608099937438965
156,161,0.07180274640768766,0.0004609223455190742,0.09005928039550781
157,161,0.07138420877605677,0.00041853763163089697,0.09006118774414062
158,161,0.070921601369977,0.0004626074060797708,0.10507321357727051
159,161,0.07048792875558138,0.0004336726143956138,0.09606409072875977
160,161,0.07006050597876311,0.0004274227768182731,0.08705806732177734
161,161,0.0696472195610404,0.00041328641772270247,0.11307740211486816
162,161,0.06921857764571905,0.00042864191532135387,0.09005951881408691
163,161,0.06881063916534186,0.00040793848037719294,0.08906006813049316
164,161,0.06840201576799154,0.00040862339735031616,0.10507059097290039
165,161,0.06798871993273496,0.0004132958352565802,0.09706687927246094
166,161,0.06760076636075973,0.0003879535719752275,0.09606480598449707
167,161,0.06720999466627836,0.0003907716944813733,0.10106849670410156
168,161,0.06681307174265384,0.0003969229236245181,0.1000669002532959
169,161,0.06643728952854872,0.0003757822141051276,0.09006071090698242
170,161,0.06604550355672836,0.000391785971820352,0.11007428169250488
171,161,0.0656799068301916,0.0003655967265367571,0.09606552124023438
172,161,0.06531469010561705,0.0003652167245745547,0.09206271171569824
173,161,0.064934061601758,0.0003806285038590457,0.10607099533081055
174,161,0.06458332770317793,0.0003507338985800773,0.09506654739379883
175,161,0.06422313338518143,0.00036019431799649837,0.0950624942779541
176,161,0.06387048158794642,0.0003526517972350096,0.13408994674682617
177,161,0.06351836711913347,0.0003521144688129474,0.10807323455810547
178,161,0.06317380300909281,0.0003445641100406627,0.0930631160736084
179,161,0.06282896299660205,0.00034484001249075746,0.10607409477233887
180,161,0.06249947740137577,0.00032948559522628235,0.0950620174407959
181,161,0.06215764787793159,0.0003418295234441787,0.09406447410583496
182,161,0.061831927090883254,0.0003257207870483378,0.11507749557495117
183,161,0.061493872456252575,0.0003380546346306787,0.09406352043151855
184,161,0.06119282249361277,0.0003010499626398058,0.08806157112121582
185,161,0.06085336477309465,0.00033945772051811873,0.1070713996887207
186,161,0.060545001029968265,0.0003083637431263858,0.08905959129333496
187,161,0.06022509416937828,0.00031990686058998297,0.09106206893920898
188,161,0.05992467800527811,0.00030041616410016875,0.10006880760192871
189,161,0.05961182643473149,0.0003128515705466267,0.09706497192382812
190,161,0.059311364516615867,0.0003004619181156201,0.08906006813049316
191,161,0.05901079756766558,0.0003005669489502885,0.10507082939147949
192,161,0.05871849629282951,0.0002923012748360654,0.09006118774414062
193,161,0.05842473783344031,0.00029375845938920536,0.09506583213806152
194,161,0.05812259890884161,0.0003021389245986966,0.14009547233581543
195,161,0.05784880037605762,0.00027379853278398925,0.11007523536682129
196,161,0.05755605643987655,0.00029274393618106825,0.1110696792602539
197,161,0.05728068625181913,0.0002753701880574208,0.10307002067565918
198,161,0.05699434804171324,0.00028633821010589505,0.09806632995605469
199,161,0.0567241493165493,0.0002701987251639351,0.10807275772094727
200,161,0.056436587169766426,0.00028756214678287567,0.08906102180480957
