1,251,429.8093169294085,Nan,0.07404899597167969
2,251,154.37041035679408,275.4389065726144,0.08906078338623047
3,251,106.55999111284528,47.8104192439488,0.06504297256469727
4,251,80.03527684129988,26.524714271545406,0.0690462589263916
5,251,64.25198271070208,15.783294130597795,0.07805371284484863
6,251,58.23576194327218,6.0162207674299,0.08806037902832031
7,251,53.17993411254883,5.055827830723352,0.07705187797546387
8,251,46.10856267329625,7.07137143925258,0.12508344650268555
9,251,41.98770435169765,4.120858321598597,0.08305549621582031
10,251,37.519324819837294,4.468379531860357,0.07304978370666504
11,251,35.99598904091971,1.523335778917584,0.0740504264831543
12,251,36.07011128071376,-0.07412223979405042,0.0930628776550293
13,251,37.92800393731253,-1.8578926565987715,0.07104778289794922
14,251,34.63802450452532,3.289979432787213,0.0930626392364502
15,251,33.36458849770682,1.2734360068184998,0.07905364036560059
16,251,29.655668283735004,3.7089202139718154,0.07605195045471191
17,251,26.21759279850551,3.4380754852294935,0.07705235481262207
18,251,21.48727531869071,4.730317479814801,0.08205938339233398
19,251,14.82164940071106,6.66562591797965,0.07904982566833496
20,251,14.943149067470005,-0.12149966675894497,0.08305597305297852
21,251,14.990014620644706,-0.04686555317470109,0.08305716514587402
22,251,13.18871197591509,1.8013026447296152,0.06804490089416504
23,251,12.270746647153581,0.9179653287615093,0.07805418968200684
24,251,12.087448784010752,0.1832978631428297,0.08105731010437012
25,251,10.991588459832327,1.0958603241784246,0.06704306602478027
26,251,10.345349187578474,0.6462392722538528,0.08205699920654297
27,251,11.43771297631945,-1.0923637887409754,0.08605766296386719
28,251,12.592777711868287,-1.1550647355488373,0.07805371284484863
29,251,17.55029898929596,-4.957521277427674,0.0860586166381836
30,251,18.51921925149645,-0.9689202622004913,0.07905197143554688
31,251,19.00843267399924,-0.48921342250278954,0.08306050300598145
32,251,13.22032311466762,5.788109559331621,0.09606552124023438
33,251,16.520302185331072,-3.2999790706634524,0.09706664085388184
34,251,13.072364500726973,3.447937684604099,0.07705116271972656
35,251,11.31591131053652,1.7564531901904523,0.08205509185791016
36,251,7.934813633850642,3.3810976766858785,0.07605361938476562
37,251,8.559169455119541,-0.6243558212688987,0.06504368782043457
38,251,6.797686644077301,1.7614828110422396,0.12008333206176758
39,251,5.903720836571285,0.8939658075060164,0.07805323600769043
40,251,6.2679238468238285,-0.36420301025254354,0.08205366134643555
41,251,6.769006972244807,-0.5010831254209789,0.07505154609680176
42,251,7.350956394468035,-0.5819494222232278,0.08305716514587402
43,251,5.558504998207092,1.792451396260943,0.07104706764221191
44,251,4.533674951621465,1.0248300465856275,0.08205652236938477
45,251,3.126470421586718,1.4072045300347469,0.08005428314208984
46,251,2.296953479494367,0.8295169420923507,0.05904030799865723
47,251,2.046618544289044,0.250334935205323,0.07805466651916504
48,251,1.525966823884419,0.520651720404625,0.0880575180053711
49,251,1.314188770021711,0.2117780538627081,0.0930640697479248
50,251,0.8319715822253908,0.48221718779632017,0.09406685829162598
51,251,0.7277141143679619,0.10425746785742895,0.0950624942779541
52,251,0.6589054785200528,0.06880863584790908,0.09306097030639648
53,251,0.6236132675324167,0.03529221098763602,0.0930643081665039
54,251,0.5928811252372606,0.030732142295156195,0.07305073738098145
55,251,0.571758396259376,0.021122728977884586,0.07805180549621582
56,251,0.5509211083991187,0.020837287860257292,0.0720517635345459
57,251,0.533981581066336,0.0169395273327827,0.0930624008178711
58,251,0.5180877208624567,0.015893860203879284,0.08205509185791016
59,251,0.5032546389188085,0.014833081943648185,0.08906078338623047
60,251,0.4896474536742483,0.013607185244560227,0.07204699516296387
61,251,0.47691704291956766,0.012730410754680621,0.07505035400390625
62,251,0.4650752194098064,0.011841823509761262,0.07405257225036621
63,251,0.4546419906275613,0.010433228782245119,0.07004332542419434
64,251,0.4437786783746311,0.01086331225293019,0.09106111526489258
65,251,0.4342910100221634,0.00948766835246767,0.08205842971801758
66,251,0.42449193360124315,0.00979907642092026,0.07504963874816895
67,251,0.4161875361118998,0.008304397489343363,0.08506321907043457
68,251,0.40742243132420947,0.008765104787690325,0.13208651542663574
69,251,0.3995778459055083,0.007844585418701144,0.09106016159057617
70,251,0.39214032187632153,0.007437524029186793,0.08806061744689941
71,251,0.384870074229581,0.007270247646740502,0.08906245231628418
72,251,0.37803828488077434,0.006831789348806683,0.09706425666809082
73,251,0.3713164069993155,0.006721877881458838,0.07505011558532715
74,251,0.364652151797499,0.006664255201816516,0.07805490493774414
75,251,0.3585455323542867,0.00610661944321228,0.07905125617980957
76,251,0.352345283465726,0.006200248888560689,0.08405733108520508
77,251,0.34696584618091586,0.005379437284810162,0.07705235481262207
78,251,0.3414140322123255,0.005551813968590336,0.09106230735778809
79,251,0.3358018704141889,0.005612161798136617,0.07004714012145996
80,251,0.3311139580309391,0.0046879123832497815,0.09807443618774414
81,251,0.3257542664962155,0.0053596915347235985,0.09406375885009766
82,251,0.3211106423991067,0.004643624097108834,0.0810546875
83,251,0.3162876083637987,0.004823034035307983,0.08105301856994629
84,251,0.3117038786794458,0.0045837296843528885,0.08405637741088867
85,251,0.3073367894717625,0.004367089207683306,0.0810542106628418
86,251,0.3030092488484723,0.004327540623290216,0.08205723762512207
87,251,0.2989393737273557,0.004069875121116617,0.0760505199432373
88,251,0.2948714858506407,0.004067887876714971,0.06704449653625488
89,251,0.2910323310792446,0.003839154771396125,0.10106945037841797
90,251,0.28710795269267897,0.003924378386565619,0.0860586166381836
91,251,0.28351848089269227,0.0035894717999866987,0.06504344940185547
92,251,0.2798087550188814,0.003709725873810854,0.07605218887329102
93,251,0.27623270364318575,0.0035760513756956658,0.08005309104919434
94,251,0.2727628582588264,0.003469845384359349,0.07304930686950684
95,251,0.2695221328650202,0.0032407253938062097,0.07505106925964355
96,251,0.26608967486449653,0.003432458000523664,0.08005237579345703
97,251,0.26319460282155444,0.002895072042942093,0.07305002212524414
98,251,0.2598585650707994,0.0033360377507550276,0.12808704376220703
99,251,0.2568306847470147,0.003027880323784704,0.08505892753601074
100,251,0.2539484201116221,0.002882264635392595,0.08905887603759766
101,251,0.2509894481854779,0.002958971926144194,0.07104849815368652
102,251,0.2482452059004988,0.0027442422849791037,0.08305764198303223
103,251,0.24535612771766527,0.0028890781828335432,0.07905244827270508
104,251,0.2427343323613916,0.0026217953562736596,0.06704568862915039
105,251,0.24008778058205332,0.0026465517793382853,0.09506535530090332
106,251,0.23745921019145422,0.0026285703905991054,0.07905173301696777
107,251,0.23503167763352395,0.0024275325579302676,0.08906126022338867
108,251,0.2324853752042566,0.002546302429267344,0.07905340194702148
109,251,0.23006106753008707,0.00242430767416954,0.07505083084106445
110,251,0.2276782920914037,0.002382775438683371,0.08505749702453613
111,251,0.2253178025654384,0.0023604895259652925,0.08305716514587402
112,251,0.22306365657704216,0.002254145988396239,0.07504916191101074
113,251,0.22079164847305843,0.0022720081039837303,0.08906245231628418
114,251,0.21854901335920607,0.002242635113852365,0.09606552124023438
115,251,0.21658103353210859,0.0019679798270974824,0.07805109024047852
116,251,0.2143621879007135,0.002218845631395072,0.08906102180480957
117,251,0.21242421693035535,0.001937970970358166,0.0760502815246582
118,251,0.21028553251709256,0.002138684413262787,0.06804680824279785
119,251,0.20829507071631295,0.001990461800779608,0.09306526184082031
120,251,0.20639207994937897,0.0019029907669339818,0.07705163955688477
121,251,0.20450627047249248,0.0018858094768864908,0.07504963874816895
122,251,0.2025757293488298,0.0019305411236626713,0.10106945037841797
123,251,0.20071988037228583,0.0018558489765439778,0.07505106925964355
124,251,0.19901470981751168,0.0017051705547741491,0.08105349540710449
125,251,0.19718685468605587,0.0018278551314558078,0.08405709266662598
126,251,0.1954345344901085,0.001752320195947371,0.0810537338256836
127,251,0.193744375705719,0.001690158784389495,0.0670473575592041
128,251,0.19205491351229803,0.0016894621934209764,0.09006094932556152
129,251,0.1904153499688421,0.0016395635434559297,0.12808561325073242
130,251,0.18877406605226654,0.0016412839165755588,0.06604456901550293
131,251,0.1871547184586525,0.00161934759361404,0.08005642890930176
132,251,0.18562463966012002,0.0015300787985324804,0.07104611396789551
133,251,0.18403942536881993,0.0015852142913000966,0.08305501937866211
134,251,0.1825395296258586,0.0014998957429613324,0.07905387878417969
135,251,0.18108606478997638,0.0014534648358822122,0.08005499839782715
136,251,0.17957857301831245,0.001507491771663927,0.08505773544311523
137,251,0.17812574675679207,0.001452826261520379,0.09006023406982422
138,251,0.1766028490279402,0.001522897728851863,0.0740516185760498
139,251,0.17528620526194572,0.0013166437659944963,0.06804513931274414
140,251,0.17382905079211508,0.001457154469830635,0.07905697822570801
141,251,0.17249596720933913,0.0013330835827759513,0.08905792236328125
142,251,0.1711341861954757,0.0013617810138634168,0.06504273414611816
143,251,0.16979614529865128,0.0013380408968244328,0.07505226135253906
144,251,0.16852748827849115,0.00126865702016013,0.08305621147155762
145,251,0.16717393112608364,0.0013535571524075085,0.07304811477661133
146,251,0.1659637710579804,0.0012101600681032332,0.09106278419494629
147,251,0.16469937588061606,0.001264395177364347,0.08605718612670898
148,251,0.16346056575860296,0.001238810122013101,0.07805323600769043
149,251,0.16224627853717122,0.0012142872214317424,0.08205604553222656
150,251,0.16102034900231021,0.0012259295348610033,0.08005571365356445
151,251,0.15986783922570091,0.0011525097766093007,0.09706521034240723
152,251,0.15869586436237607,0.0011719748633248483,0.08705806732177734
153,251,0.15756657695131643,0.0011292874110596374,0.10006976127624512
154,251,0.15646857668246542,0.0010980002688510127,0.09106040000915527
155,251,0.1552956363835505,0.001172940298914904,0.07805418968200684
156,251,0.15425366703101567,0.0010419693525348384,0.0810542106628418
157,251,0.15317313239404134,0.0010805346369743285,0.09006452560424805
158,251,0.15205165755961622,0.0011214748344251235,0.09105825424194336
159,251,0.1510991081552846,0.0009525494043316207,0.13709235191345215
160,251,0.1499636692404747,0.0011354389148099109,0.09406423568725586
161,251,0.1490016196263688,0.0009620496141058976,0.09206628799438477
162,251,0.14797665652632713,0.0010249631000416592,0.08105063438415527
163,251,0.14690936277593886,0.0010672937503882762,0.08706092834472656
164,251,0.14603053472936153,0.0008788280465773235,0.07704997062683105
165,251,0.14497221843259675,0.001058316296764783,0.08605813980102539
166,251,0.1440977857198034,0.0008744327127933604,0.07505273818969727
167,251,0.1430789427288941,0.001018842990909291,0.08105349540710449
168,251,0.1421946649636541,0.0008842777652399991,0.07004690170288086
169,251,0.1412069977670908,0.000987667196563291,0.08205676078796387
170,251,0.14035310153450284,0.0008538962325879695,0.07404851913452148
171,251,0.13941382510108608,0.0009392764334167636,0.08505892753601074
172,251,0.13853352183316436,0.0008803032679217115,0.07705354690551758
173,251,0.13759636880457402,0.0009371530285903484,0.08105826377868652
174,251,0.13680028346819537,0.0007960853363786491,0.07004261016845703
175,251,0.1358948248539652,0.0009054586142301646,0.07305455207824707
176,251,0.1350611709803343,0.0008336538736309074,0.0740509033203125
177,251,0.1342395475421633,0.000821623438170993,0.08005309104919434
178,251,0.1333734287470579,0.0008661187951053972,0.0740518569946289
179,251,0.13260941586324146,0.000764012883816445,0.08805155754089355
180,251,0.13173929488020283,0.0008701209830386247,0.06504416465759277
181,251,0.13097709891200066,0.0007621959682021784,0.07305097579956055
182,251,0.1301668239001717,0.0008102750118289537,0.0930635929107666
183,251,0.12937672642086234,0.0007900974793093596,0.08405637741088867
184,251,0.12860035294932978,0.0007763734715325599,0.10307025909423828
185,251,0.1278594141708953,0.0007409387784344801,0.10106754302978516
186,251,0.12705878700954573,0.0008006271613495708,0.08605742454528809
187,251,0.12637181806564332,0.0006869689439024107,0.08205580711364746
188,251,0.12556702669603484,0.0008047913696084819,0.09406304359436035
189,251,0.12492055465706757,0.000646472038967269,0.11307692527770996
190,251,0.12415180534550121,0.0007687493115663552,0.08905959129333496
191,251,0.1234433599965913,0.0007084453489099168,0.07204842567443848
192,251,0.12274914789625577,0.0006942121003355312,0.07004737854003906
193,251,0.12206032537349633,0.0006888225227594386,0.0810556411743164
194,251,0.12134045745858124,0.0007198679149150872,0.0760505199432373
195,251,0.12065182439982891,0.0006886330587523304,0.08505821228027344
196,251,0.11998860648061548,0.0006632179192134352,0.07505273818969727
197,251,0.1193116423870836,0.0006769640935318788,0.08506083488464355
198,251,0.1186653260652508,0.0006463163218327905,0.08205461502075195
199,251,0.11800880267151764,0.0006565233937331633,0.08205389976501465
200,251,0.11737017446543489,0.0006386282060827503,0.12609076499938965
