1,191,311.2332013004848,Nan,0.07204723358154297
2,191,109.67484496198382,201.55835633850097,0.0930635929107666
3,191,74.93286794498988,34.74197701699394,0.07505154609680176
4,191,54.18709066772461,20.74577727726527,0.08005380630493164
5,191,42.93231780460903,11.254772863115583,0.08405733108520508
6,191,36.12231214305333,6.810005661555699,0.08505702018737793
7,191,32.179300152369905,3.9430119906834236,0.07104659080505371
8,191,31.93221516908918,0.24708498328072537,0.08805990219116211
9,191,30.331315366472516,1.600899802616663,0.0930628776550293
10,191,27.475960517338343,2.855354849134173,0.07204842567443848
11,191,25.254843220574514,2.221117296763829,0.09206390380859375
12,191,23.159582408360073,2.095260812214441,0.08505558967590332
13,191,22.46973396873474,0.689848439625333,0.08005547523498535
14,191,20.088647890363422,2.381086078371318,0.08505749702453613
15,191,19.856153052466258,0.23249483789716408,0.08705830574035645
16,191,19.20788342148917,0.6482696309770866,0.07605099678039551
17,191,18.601188823427474,0.6066945980616971,0.12808823585510254
18,191,17.969039710726058,0.6321491127014163,0.0760500431060791
19,191,17.088536389759607,0.8805033209664508,0.06304240226745605
20,191,16.46007019874028,0.6284661910193279,0.07104802131652832
21,191,18.43179256071363,-1.9717223619733524,0.08806943893432617
22,191,16.533341717038837,1.8984508436747944,0.09405350685119629
23,191,15.354854945046561,1.1784867719922758,0.09206223487854004
24,191,12.996988836152212,2.357866108894349,0.07605171203613281
25,191,10.684839389801025,2.312149446351187,0.07104825973510742
26,191,8.990720598629542,1.6941187911714835,0.07905435562133789
27,191,8.923418781008039,0.06730181762150345,0.08905959129333496
28,191,8.049690011569432,0.8737287694386069,0.08205533027648926
29,191,6.668442422389984,1.3812475891794476,0.08505845069885254
30,191,5.497154287644795,1.171288134745189,0.08305740356445312
31,191,4.81668210363388,0.6804721840109149,0.07304930686950684
32,191,5.07297886453356,-0.25629676089968,0.0860590934753418
33,191,4.749800656761442,0.32317820777211814,0.07404971122741699
34,191,5.796468808208193,-1.0466681514467506,0.08006119728088379
35,191,4.341962510994502,1.4545062972136904,0.08204793930053711
36,191,6.56998071200507,-2.228018201010568,0.07805418968200684
37,191,5.232809976969446,1.337170735035624,0.08005261421203613
38,191,5.677842629194259,-0.44503265222481314,0.08405852317810059
39,191,4.808853771158627,0.8689888580356326,0.08305549621582031
40,191,3.3085797543695996,1.5002740167890272,0.08005404472351074
41,191,4.382460495676313,-1.0738807413067137,0.13709282875061035
42,191,2.9420778198242186,1.4403826758520948,0.07605147361755371
43,191,2.2731386419023787,0.6689391779218399,0.08005499839782715
44,191,1.4366848771401814,0.8364537647621972,0.08505654335021973
45,191,1.5122606117555073,-0.07557573461532585,0.08505725860595703
46,191,1.3843554287382533,0.12790518301725395,0.08205580711364746
47,191,1.0685989598887307,0.3157564688495227,0.0860586166381836
48,191,0.9671322442889213,0.10146671559980935,0.08805966377258301
49,191,0.7610698003087725,0.20606244398014884,0.07705330848693848
50,191,0.5952339728389467,0.16583582746982573,0.09206271171569824
51,191,0.45502922721420014,0.1402047456247466,0.08205556869506836
52,191,0.430532184609345,0.024497042604855135,0.07705163955688477
53,191,0.40893282759189603,0.021599357017448972,0.08305931091308594
54,191,0.39457921481558256,0.014353612776313474,0.08605599403381348
55,191,0.3818543582686356,0.012724856546946939,0.08105325698852539
56,191,0.37007871825780186,0.011775640010833754,0.08005428314208984
57,191,0.35966435442226274,0.01041436383553912,0.08205556869506836
58,191,0.35011846172383854,0.009545892698424208,0.07705235481262207
59,191,0.34103134824974196,0.009087113474096575,0.08205699920654297
60,191,0.3328610903705869,0.00817025787915504,0.09206151962280273
61,191,0.325267874453749,0.007593215916837925,0.0810551643371582
62,191,0.31770344904490877,0.007564425408840225,0.09606695175170898
63,191,0.3113105862907001,0.006392862754208695,0.0690453052520752
64,191,0.30433487187964575,0.0069757144110543234,0.08005404472351074
65,191,0.2986640129855701,0.005670858894075648,0.13309168815612793
66,191,0.29250179999215264,0.00616221299341746,0.08205509185791016
67,191,0.28706882499797004,0.005432974994182604,0.08005285263061523
68,191,0.28163885006308553,0.005429974934884507,0.09506464004516602
69,191,0.27638689832602226,0.005251951737063276,0.06404328346252441
70,191,0.27142293963262015,0.004963958693402104,0.06604552268981934
71,191,0.2668567924073764,0.004566147225243733,0.0740506649017334
72,191,0.2621665774626391,0.004690214944737314,0.09406352043151855
73,191,0.2579439893066883,0.004222588155950779,0.08405637741088867
74,191,0.25364238182987486,0.004301607476813463,0.07605242729187012
75,191,0.24970930730445046,0.003933074525424407,0.07905173301696777
76,191,0.24564990657567978,0.0040594007287706735,0.07505059242248535
77,191,0.2420664091535977,0.0035834974220820826,0.07605147361755371
78,191,0.238307100883552,0.003759308270045697,0.09106087684631348
79,191,0.23480830003534045,0.003498800848211553,0.08705925941467285
80,191,0.2314778358553137,0.0033304641800267487,0.08505916595458984
81,191,0.2282691963996206,0.0032086394556931075,0.08705878257751465
82,191,0.22493252876826694,0.0033366676313536514,0.0810546875
83,191,0.2218552418734346,0.0030772868948323318,0.07605266571044922
84,191,0.21896482439126289,0.0028904174821717254,0.08405685424804688
85,191,0.21602805204050882,0.002936772350754069,0.07805180549621582
86,191,0.21307161034430777,0.0029564416962010454,0.07004690170288086
87,191,0.21055717643243926,0.0025144339118685077,0.07705521583557129
88,191,0.20767556510652815,0.00288161132591111,0.08505511283874512
89,191,0.2052589991603579,0.0024165659461702627,0.11808085441589355
90,191,0.20255351184095655,0.002705487319401345,0.07004666328430176
91,191,0.2002076750440257,0.0023458367969308447,0.09506869316101074
92,191,0.19772859898209572,0.0024790760619299856,0.09506011009216309
93,191,0.19548112948025975,0.0022474695018359636,0.07004714012145996
94,191,0.19307576463052203,0.002405364849737718,0.07304954528808594
95,191,0.19094174729926244,0.002134017331259591,0.0810551643371582
96,191,0.18868634616902896,0.002255401130233481,0.08305573463439941
97,191,0.1865457507904087,0.002140595378620269,0.08105278015136719
98,191,0.18447279290854932,0.0020729578818593775,0.08906149864196777
99,191,0.18252246345792497,0.001950329450624344,0.08505749702453613
100,191,0.18042179316282272,0.002100670295102247,0.07905292510986328
101,191,0.17853817016524928,0.001883622997573442,0.09106326103210449
102,191,0.17664623405677932,0.001891936108469966,0.08205533027648926
103,191,0.17479759599694183,0.0018486380598374819,0.07104659080505371
104,191,0.17298438648240907,0.0018132095145327598,0.09206604957580566
105,191,0.17118716312519142,0.0017972233572176588,0.0900576114654541
106,191,0.16953018890747001,0.001656974217721402,0.08305692672729492
107,191,0.16778646205152783,0.0017437268559421792,0.10807204246520996
108,191,0.1661714112609625,0.0016150507905653422,0.09206128120422363
109,191,0.16448953032280716,0.001681880938155328,0.07705330848693848
110,191,0.16294214991799422,0.001547380404812948,0.09506440162658691
111,191,0.1613154851751668,0.0016266647428274106,0.07905125617980957
112,191,0.15980593303910323,0.0015095521360635744,0.07305002212524414
113,191,0.15835010736116342,0.0014558256779398093,0.11507749557495117
114,191,0.15681068771226064,0.001539419648902779,0.08005452156066895
115,191,0.15543375161077294,0.0013769361014877024,0.07705163955688477
116,191,0.15399324180398669,0.0014405098067862554,0.09306454658508301
117,191,0.15255834197146553,0.0014348998325211526,0.0880589485168457
118,191,0.15122708704854762,0.0013312549229179127,0.07204890251159668
119,191,0.14988679788580964,0.0013402891627379843,0.08505916595458984
120,191,0.1485478564628533,0.0013389414229563468,0.0760505199432373
121,191,0.14725065129782472,0.0012972051650285699,0.08305573463439941
122,191,0.14601645335767952,0.0012341979401452041,0.0740511417388916
123,191,0.14471636941816127,0.0013000839395182484,0.0930640697479248
124,191,0.14354961025076254,0.0011667591673987232,0.06504416465759277
125,191,0.1422759322928531,0.001273677957909447,0.08505749702453613
126,191,0.1411043555289507,0.0011715767639023933,0.09106230735778809
127,191,0.13993865951257092,0.0011656960163797803,0.07204842567443848
128,191,0.13881246127826827,0.0011261982343026555,0.08706021308898926
129,191,0.13766291651768345,0.0011495447605848197,0.09006094932556152
130,191,0.13656303916871548,0.0010998773489679647,0.0760500431060791
131,191,0.1354666529893875,0.0010963861793279739,0.09006452560424805
132,191,0.13437364346427577,0.0010930095251117378,0.07705020904541016
133,191,0.1333574553749391,0.0010161880893366781,0.0810539722442627
134,191,0.13227195123902388,0.0010855041359152107,0.07505202293395996
135,191,0.1312797449635608,0.0009922062754630923,0.08606100082397461
136,191,0.1302356046587229,0.0010441403048379039,0.07604837417602539
137,191,0.12928584175237587,0.0009497629063470181,0.12308311462402344
138,191,0.12826948255087647,0.001016359201499395,0.08005428314208984
139,191,0.12730298713275365,0.0009664954181228258,0.07605195045471191
140,191,0.12632749821884293,0.0009754889139107215,0.09106254577636719
141,191,0.1254707846556391,0.0008567135632038259,0.08205699920654297
142,191,0.12446213261783123,0.0010086520378078667,0.0780496597290039
143,191,0.12360853523654597,0.0008535973812852649,0.08705925941467285
144,191,0.12268362830153533,0.0009249069350106415,0.08005475997924805
145,191,0.12180920966821057,0.0008744186333247556,0.06804490089416504
146,191,0.12095887632029396,0.000850333347916607,0.08005428314208984
147,191,0.12005714430553573,0.0009017320147582386,0.09106135368347168
148,191,0.11920809783892972,0.0008490464666060099,0.09006142616271973
149,191,0.11843026238679887,0.0007778354521308511,0.0860602855682373
150,191,0.11757073461583682,0.000859527770962043,0.08405590057373047
151,191,0.11675671890165125,0.0008140157141855731,0.07605147361755371
152,191,0.1159497252532414,0.0008069936484098456,0.07805371284484863
153,191,0.11518653717211315,0.0007631880811282549,0.09006214141845703
154,191,0.11436838002077171,0.0008181571513414393,0.08005547523498535
155,191,0.11360019453934261,0.0007681854814290956,0.08305239677429199
156,191,0.11283128541920866,0.0007689091201339565,0.07805204391479492
157,191,0.1121558235606977,0.000675461858510959,0.07705235481262207
158,191,0.11133255815293108,0.0008232654077666157,0.08705973625183105
159,191,0.11064025367370674,0.0006923044792243455,0.07805204391479492
160,191,0.10992254241023745,0.0007177112634692839,0.07905364036560059
161,191,0.10918090981032168,0.0007416325999157758,0.09606575965881348
162,191,0.10847945154564721,0.0007014582646744649,0.11307525634765625
163,191,0.10781456464529038,0.0006648869003568342,0.07705259323120117
164,191,0.1071230413126094,0.0006915233326809794,0.08305621147155762
165,191,0.10643560013387884,0.0006874411787305551,0.08405637741088867
166,191,0.10578349890453474,0.0006521012293441014,0.0740499496459961
167,191,0.10509346630317824,0.0006900326013564995,0.09506440162658691
168,191,0.10445727196122918,0.000636194341949059,0.08205652236938477
169,191,0.10381944118865899,0.0006378307725701943,0.08005428314208984
170,191,0.10316012777175222,0.0006593134169067677,0.09606623649597168
171,191,0.10257900336384773,0.0005811244079044903,0.07504987716674805
172,191,0.10189076672068664,0.0006882366431610887,0.07805323600769043
173,191,0.10131385747449739,0.00057690924618925,0.08105635643005371
174,191,0.10070274307046617,0.0006111144040312211,0.08505702018737793
175,191,0.10007208133382457,0.0006306617366415995,0.07505440711975098
176,191,0.0994952383445842,0.0005768429892403781,0.07204604148864746
177,191,0.09894131405012949,0.0005539242944547079,0.08905935287475586
178,191,0.09831229560290064,0.0006290184472288463,0.07204842567443848
179,191,0.09777022175277983,0.0005420738501208111,0.08405637741088867
180,191,0.09719506495552403,0.0005751567972557964,0.08706140518188477
181,191,0.09663545263665063,0.0005596123188734009,0.07704997062683105
182,191,0.09607141039201192,0.0005640422446387128,0.08505749702453613
183,191,0.09554657110571861,0.0005248392862933077,0.08005499839782715
184,191,0.0949732276307685,0.000573343474950111,0.0810554027557373
185,191,0.09443307184215102,0.0005401557886174774,0.07905411720275879
186,191,0.09394483264854976,0.00048823919360126145,0.1190805435180664
187,191,0.09338461112976074,0.0005602215187890253,0.07705307006835938
188,191,0.09288505675643682,0.0004995543733239127,0.08705854415893555
189,191,0.09235985955383097,0.0005251972026058538,0.08705830574035645
190,191,0.09183834876332964,0.0005215107905013339,0.07304954528808594
191,191,0.0913680179832237,0.0004703307801059292,0.08705925941467285
192,191,0.09084470867259162,0.0005233093106320891,0.09006261825561523
193,191,0.09037338608609778,0.00047132258649383585,0.0760507583618164
194,191,0.08987634339183569,0.0004970426942620954,0.08405566215515137
195,191,0.08937971049866505,0.0004966328931706315,0.08205556869506836
196,191,0.08890219820716551,0.0004775122914995461,0.07705330848693848
197,191,0.08844916016608477,0.00045303804108073886,0.07805299758911133
198,191,0.08797300569500242,0.0004761544710823462,0.08105349540710449
199,191,0.08750949050805398,0.0004635151869484405,0.08906054496765137
200,191,0.08704697106140001,0.00046251944665397227,0.09506797790527344
