1,411,770.4739226597377,Nan,0.11907243728637695
2,411,269.8553875819615,500.6185350777762,0.09906578063964844
3,411,200.16514048113143,69.69024710083008,0.09606528282165527
4,411,151.0539963771275,49.11114410400393,0.1140756607055664
5,411,135.64401000104633,15.409986376081179,0.11207461357116699
6,411,124.6495703931536,10.99443960789273,0.11508035659790039
7,411,116.94863369750976,7.700936695643833,0.15210556983947754
8,411,106.80611447797503,10.142519219534734,0.24115991592407227
9,411,91.02968721444266,15.77642726353237,0.11407613754272461
10,411,77.51512695530482,13.514560259137838,0.11607909202575684
11,411,58.48247532435826,19.03265163094656,0.12408447265625
12,411,54.030818296160014,4.451657028198248,0.13408803939819336
13,411,53.32399477059501,0.7068235255650066,0.12408447265625
14,411,54.64212725830078,-1.3181324877057747,0.1581113338470459
15,411,57.60543830544608,-2.9633110471452966,0.12307882308959961
16,411,65.77222495269775,-8.166786647251676,0.1240839958190918
17,411,76.65824341801235,-10.886018465314592,0.10907244682312012
18,411,66.71048968396867,9.947753734043673,0.10106825828552246
19,411,49.141295433044434,17.56919425092424,0.11107468605041504
20,411,42.85326200757708,6.288033425467354,0.11307930946350098
21,411,33.72260074669974,9.13066126087734,0.15009856224060059
22,411,34.64330169132778,-0.9207009446280381,0.12208223342895508
23,411,33.3603424546378,1.282959236689976,0.11007356643676758
24,411,22.36067208780561,10.999670366832191,0.12108278274536133
25,411,16.950833489826746,5.409838597978865,0.14188933372497559
26,411,11.557704634257725,5.393128855569021,0.09375381469726562
27,411,9.065648114476884,2.4920565197808404,0.09272885322570801
28,411,8.24229291507176,0.8233551994051247,0.07939982414245605
29,411,6.9750454711914065,1.2672474438803532,0.08968782424926758
30,411,6.04037213230133,0.9346733388900761,0.084014892578125
31,411,5.605484162194388,0.43488797010694213,0.10937952995300293
32,411,4.753397255011968,0.8520869071824206,0.09375500679016113
33,411,4.3965320311955045,0.35686522381646313,0.09375429153442383
34,411,4.000330932549068,0.3962010986464364,0.10699653625488281
35,411,3.705221458026341,0.29510947452272696,0.07366085052490234
36,411,3.4435563598360335,0.2616650981903077,0.08284807205200195
37,411,3.2499247480119977,0.19363161182403577,0.09375548362731934
38,411,3.0375031173569815,0.21242163065501618,0.07812857627868652
39,411,2.905367486953735,0.13213563040324638,0.09708333015441895
40,411,2.734244176319667,0.17112331063406794,0.07812786102294922
41,411,2.6235462897845676,0.1106978865350996,0.09234380722045898
42,411,2.487469138928822,0.13607715085574545,0.16159462928771973
43,411,2.393115156003407,0.09435398292541519,0.08705949783325195
44,411,2.2737730877399445,0.1193420682634625,0.08605647087097168
45,411,2.199030873945781,0.07474221379416335,0.08505725860595703
46,411,2.0980452520166124,0.10098562192916871,0.08605766296386719
47,411,2.0269313267980302,0.07111392521858217,0.08305525779724121
48,411,1.9449248532908303,0.08200647350719992,0.09106302261352539
49,411,1.8806395763669694,0.06428527692386088,0.08205366134643555
50,411,1.807145296573639,0.07349427979333045,0.08205604553222656
51,411,1.750321018729891,0.056824277843747995,0.09005999565124512
52,411,1.6887304462024144,0.06159057252747657,0.08806061744689941
53,411,1.636131328719003,0.052599117483411506,0.0880579948425293
54,411,1.5843685819421496,0.05176274677685333,0.08906030654907227
55,411,1.5364382861682346,0.047930295773914944,0.10106921195983887
56,411,1.4896536093779973,0.046784676790237345,0.0830538272857666
57,411,1.4488082981790815,0.04084531119891577,0.09906673431396484
58,411,1.4074067578315734,0.04140154034750809,0.08405685424804688
59,411,1.3684831696578434,0.038923588173729984,0.1360917091369629
60,411,1.331722358601434,0.03676081105640949,0.09406375885009766
61,411,1.2970073627744403,0.034714995826993666,0.08906078338623047
62,411,1.2629550390243531,0.034052323750087155,0.09106159210205078
63,411,1.231604823759624,0.03135021526472914,0.09406304359436035
64,411,1.2006177835464478,0.03098704021317622,0.0950632095336914
65,411,1.1706264781611306,0.029991305385317135,0.10607194900512695
66,411,1.1428079979419707,0.02781848021915989,0.08505725860595703
67,411,1.1157354031120028,0.027072594829967933,0.08405709266662598
68,411,1.0906469279868263,0.025088475125176535,0.09206295013427734
69,411,1.0659212839773724,0.024725644009453873,0.0880591869354248
70,411,1.0421233609233584,0.02379792305401396,0.0810551643371582
71,411,1.0197373478582927,0.022386013065065713,0.08905887603759766
72,411,0.9979576253380095,0.021779722520283262,0.08405685424804688
73,411,0.9762605991704123,0.021697026167597167,0.08205461502075195
74,411,0.9566212401900973,0.01963935898031499,0.09406161308288574
75,411,0.9378229765040534,0.01879826368604387,0.09406352043151855
76,411,0.9184918357644762,0.0193311407395772,0.12608575820922852
77,411,0.9006828587225505,0.017808977041925744,0.09906506538391113
78,411,0.8838335837296077,0.016849274992942753,0.08906245231628418
79,411,0.8666297374793461,0.017203846250261612,0.09706521034240723
80,411,0.8505297153847559,0.01610002209459027,0.08705854415893555
81,411,0.8353806172779629,0.01514909810679299,0.0880594253540039
82,411,0.8202346004928861,0.015146016785076766,0.0880589485168457
83,411,0.805206872173718,0.015027728319168099,0.08605742454528809
84,411,0.7920190152100154,0.013187856963702616,0.08305597305297852
85,411,0.7780367382764817,0.01398227693353371,0.09406304359436035
86,411,0.7648154352562768,0.013221303020204855,0.1120760440826416
87,411,0.7520673654590334,0.012748069797243411,0.09706354141235352
88,411,0.740012868813106,0.012054496645927393,0.10106801986694336
89,411,0.7275055506740298,0.01250731813907624,0.09606480598449707
90,411,0.7161745858192444,0.011330964854785353,0.09306192398071289
91,411,0.7046828663689749,0.0114917194502695,0.09006190299987793
92,411,0.6937628519194466,0.010920014449528281,0.09205985069274902
93,411,0.6835219251768929,0.010240926742553724,0.1260838508605957
94,411,0.6729220588718142,0.010599866305078698,0.08505678176879883
95,411,0.662844333410263,0.010077725461551168,0.09706616401672363
96,411,0.6529414743099894,0.009902859100273664,0.08305478096008301
97,411,0.6435927323784147,0.009348741931574645,0.08505940437316895
98,411,0.6346483363594327,0.008944396018982004,0.09806466102600098
99,411,0.6252268294181142,0.009421506941318492,0.09306216239929199
100,411,0.6163083258100919,0.008918503608022377,0.09006071090698242
101,411,0.608292441197804,0.00801588461228786,0.09806704521179199
102,411,0.599585318003382,0.008707123194422017,0.08505606651306152
103,411,0.5912259996192796,0.008359318384102421,0.08505678176879883
104,411,0.5836472394806999,0.007578760138579721,0.09005999565124512
105,411,0.5757015966262137,0.007945642854486179,0.0930624008178711
106,411,0.5681060093215534,0.007595587304660256,0.08405637741088867
107,411,0.5608986381547791,0.007207371166774279,0.0930626392364502
108,411,0.5535110197663308,0.007387618388448369,0.09005999565124512
109,411,0.546531454886709,0.0069795648796218135,0.08905911445617676
110,411,0.539893085360527,0.006638369526181909,0.1380929946899414
111,411,0.5330513964380537,0.006841688922473388,0.0880582332611084
112,411,0.526545158803463,0.006506237634590684,0.08505606651306152
113,411,0.5200898458106177,0.006455312992845297,0.0880594253540039
114,411,0.5140890288012369,0.006000817009380821,0.0880589485168457
115,411,0.5079099830814771,0.0061790457197598014,0.08305597305297852
116,411,0.5017326815724373,0.006177301509039723,0.09606528282165527
117,411,0.4961518095731735,0.005580871999263826,0.07805061340332031
118,411,0.49050300656897683,0.005648803004196679,0.09606480598449707
119,411,0.48474762670482907,0.005755379864147758,0.10406780242919922
120,411,0.47924253570181985,0.0055050910030092215,0.0860588550567627
121,411,0.47398506210531505,0.0052574735965048025,0.09006071090698242
122,411,0.4688187238744327,0.005166338230882361,0.09606289863586426
123,411,0.46360605216026307,0.005212671714169614,0.08505678176879883
124,411,0.4585428322042738,0.005063219955989295,0.08405733108520508
125,411,0.4536128218684878,0.004930010335785995,0.10607028007507324
126,411,0.44877761004652295,0.0048352118219648355,0.08905982971191406
127,411,0.44405042662790845,0.0047271834186145,0.13309001922607422
128,411,0.4393949451616832,0.004655481466225242,0.09306168556213379
129,411,0.4347910129853657,0.004603932176317493,0.08806085586547852
130,411,0.4302911055769239,0.004499907408441806,0.09406328201293945
131,411,0.42593270518950055,0.004358400387423356,0.08605551719665527
132,411,0.42175066006183626,0.004182045127664291,0.08705806732177734
133,411,0.41735702944653374,0.004393630615302513,0.09106040000915527
134,411,0.41325927398034507,0.0040977554661886795,0.09706497192382812
135,411,0.40927950498035975,0.003979768999985311,0.08405756950378418
136,411,0.4051863874111857,0.004093117569174076,0.09206175804138184
137,411,0.40125562692540034,0.003930760485785334,0.0810537338256836
138,411,0.397465033028807,0.003790593896593364,0.08505654335021973
139,411,0.3935788632290704,0.003886169799736605,0.08605790138244629
140,411,0.39002557793685366,0.0035532852922167124,0.08705878257751465
141,411,0.3863774438926152,0.0036481340442384713,0.08305573463439941
142,411,0.382604923929487,0.003772519963128218,0.09506416320800781
143,411,0.379203692810876,0.003401231118610959,0.09106016159057617
144,411,0.3758606842841421,0.003343008526733915,0.12708735466003418
145,411,0.3722213663969721,0.0036393178871699794,0.09005975723266602
146,411,0.36893430077178135,0.003287065625190766,0.08205580711364746
147,411,0.36575552322183336,0.0031787775499479975,0.0930626392364502
148,411,0.36231045006854196,0.0034450731532914003,0.07905173301696777
149,411,0.3593062177045005,0.003004232364041459,0.07905411720275879
150,411,0.3561525012765612,0.0031537164279393237,0.09106254577636719
151,411,0.3530350065486772,0.0031174947278839737,0.08505630493164062
152,411,0.3499678682599749,0.003067138288702309,0.08005380630493164
153,411,0.34696234829936706,0.0030055199606078276,0.08405447006225586
154,411,0.34410503314222607,0.002857315157140994,0.09106206893920898
155,411,0.34118201412473403,0.0029230190174920345,0.08505702018737793
156,411,0.3382991102422987,0.0028829038824353392,0.09206080436706543
157,411,0.3355429781930787,0.0027561320492199837,0.08005380630493164
158,411,0.3328401101231575,0.002702868069921205,0.08505749702453613
159,411,0.33002299002238683,0.002817120100770676,0.08905959129333496
160,411,0.32733158941779816,0.0026914006045886674,0.0930633544921875
161,411,0.3247035835981369,0.002628005819661272,0.13209080696105957
162,411,0.3221499878466129,0.0025535957515239738,0.0900578498840332
163,411,0.3195695044824055,0.0025804833642074088,0.09106111526489258
164,411,0.31705047563995636,0.0025190288424491447,0.09406113624572754
165,411,0.31460422991854803,0.0024462457214083355,0.0880591869354248
166,411,0.31211148529393334,0.0024927446246146845,0.08505797386169434
167,411,0.3096778297509466,0.0024336555429867457,0.08605694770812988
168,411,0.3072943357399532,0.0023834940109934144,0.09606409072875977
169,411,0.30500472586921284,0.002289609870740339,0.0810542106628418
170,411,0.30264509340269224,0.0023596324665206003,0.09006094932556152
171,411,0.3003576639039176,0.00228742949877464,0.08005452156066895
172,411,0.2981248813484396,0.0022327825554779857,0.07905316352844238
173,411,0.29589238384366034,0.002232497504779274,0.09706711769104004
174,411,0.2936739258936473,0.0022184579500130197,0.090057373046875
175,411,0.2916247707818236,0.0020491551118237417,0.08705711364746094
176,411,0.2894270473207746,0.0021977234610489615,0.09206438064575195
177,411,0.2872498415878841,0.0021772057328905414,0.09806370735168457
178,411,0.28528873368246216,0.0019611079054219216,0.13008809089660645
179,411,0.28328670164942743,0.0020020320330347285,0.08605504035949707
180,411,0.28113500449061396,0.0021516971588134703,0.09106040000915527
181,411,0.27918446009499687,0.0019505443956170931,0.09206223487854004
182,411,0.2772747898357255,0.0019096702592713566,0.08906078338623047
183,411,0.27531049977030075,0.0019642900654247564,0.10106754302978516
184,411,0.2733770655861923,0.0019334341841084624,0.10306906700134277
185,411,0.27158207684755326,0.0017949887386390362,0.08805966377258301
186,411,0.26962422773667744,0.00195784911087582,0.0880587100982666
187,411,0.2678024309618132,0.001821796774864215,0.09206247329711914
188,411,0.2660438790789672,0.0017585518828460156,0.09206056594848633
189,411,0.26420418150510105,0.0018396975738661503,0.0860588550567627
190,411,0.26243337897743496,0.0017708025276660933,0.09406208992004395
191,411,0.26074851744089805,0.001684861536536908,0.08305501937866211
192,411,0.2589772535434791,0.0017712638974189399,0.08105659484863281
193,411,0.25730157582674706,0.0016756777167320491,0.09106087684631348
194,411,0.2556525014936924,0.0016490743330546676,0.09906792640686035
195,411,0.2538937350979873,0.0017587663957051025,0.165116548538208
196,411,0.25230749500649313,0.0015862400914941621,0.09706521034240723
197,411,0.2507518577916282,0.0015556372148649578,0.0880587100982666
198,411,0.2490603099124772,0.001691547879150962,0.09306526184082031
199,411,0.2474890111046178,0.001571298807859417,0.08605456352233887
200,411,0.24598755757297788,0.0015014535316399125,0.08005356788635254
