1,221,350.73051582990377,Nan,0.08705925941467285
2,221,117.57809395272392,233.15242187717985,0.08906126022338867
3,221,77.83145736367362,39.7466365890503,0.08505868911743164
4,221,61.270222873142785,16.561234490530836,0.09806704521179199
5,221,53.76350194767543,7.506720925467356,0.10907626152038574
6,221,43.33307475335258,10.430427194322853,0.09806609153747559
7,221,37.66945258712769,5.66362216622489,0.1000678539276123
8,221,33.86347529002598,3.8059772971017054,0.09205985069274902
9,221,31.40312339728219,2.460351892743791,0.09306454658508301
10,221,29.650336620875766,1.752786776406424,0.08205461502075195
11,221,27.886566898345947,1.763769722529819,0.0740499496459961
12,221,24.342663181304932,3.5439037170410153,0.08305621147155762
13,221,21.876939655303953,2.4657235260009784,0.08505582809448242
14,221,20.61371386555263,1.2632257897513242,0.07805299758911133
15,221,19.562381576810566,1.0513322887420635,0.08305764198303223
16,221,18.513091851098196,1.0492897257123701,0.08405685424804688
17,221,19.827470970153808,-1.3143791190556122,0.07004594802856445
18,221,25.827475480760846,-6.000004510607038,0.08205747604370117
19,221,29.816799741472515,-3.989324260711669,0.12508249282836914
20,221,27.294454167774745,2.52234557369777,0.07505202293395996
21,221,24.275462003435408,3.0189921643393376,0.09206247329711914
22,221,15.907398432186671,8.368063571248737,0.09206008911132812
23,221,14.016270962033953,1.8911274701527176,0.08906006813049316
24,221,10.716543431418282,3.2997275306156713,0.0930628776550293
25,221,9.60847716808319,1.1080662633350915,0.07905364036560059
26,221,11.258644729750497,-1.6501675616673062,0.07705283164978027
27,221,9.101523583139691,2.1571211466108053,0.07905411720275879
28,221,9.091705356189182,0.009818226950509157,0.07805395126342773
29,221,9.551119285787856,-0.4594139295986732,0.07104682922363281
30,221,7.607519668987819,1.9435996168000367,0.08305668830871582
31,221,5.402761905670166,2.2047577633176525,0.08505606651306152
32,221,4.985311713695526,0.4174501919746403,0.07505202293395996
33,221,3.6634891958917892,1.3218225178037368,0.08705973625183105
34,221,2.8342303703853062,0.829258825506483,0.08405780792236328
35,221,3.416765389919281,-0.5825350195339749,0.08505725860595703
36,221,3.688460532086236,-0.2716951421669549,0.10707402229309082
37,221,4.6076567497934615,-0.9191962177072255,0.0690453052520752
38,221,4.18726855475562,0.42038819503784186,0.07204890251159668
39,221,3.320637611627579,0.8666309431280408,0.08505845069885254
40,221,3.467386101824897,-0.14674849019731795,0.07705259323120117
41,221,2.2538340329613002,1.2135520688635966,0.07404899597167969
42,221,1.5259177683421543,0.7279162646191459,0.0840601921081543
43,221,0.9746414401190622,0.5512763282230921,0.08405685424804688
44,221,0.7200186696478299,0.2546227704712323,0.0810549259185791
45,221,0.5857271555747304,0.13429151407309947,0.07805347442626953
46,221,0.5322325537971088,0.053494601777621664,0.12708783149719238
47,221,0.5086972388284547,0.02353531496865402,0.07705020904541016
48,221,0.4857162832021713,0.02298095562628344,0.08806037902832031
49,221,0.4695656777535166,0.01615060544865471,0.07905340194702148
50,221,0.454584493458271,0.014981184295245586,0.08205699920654297
51,221,0.4417357169560024,0.012848776502268622,0.08505678176879883
52,221,0.42931663382053376,0.012419083135468634,0.08405685424804688
53,221,0.41823653871672495,0.011080095103808807,0.0740518569946289
54,221,0.40759552421740125,0.010641014499323698,0.07805132865905762
55,221,0.3980739781090191,0.009521546108382128,0.07404923439025879
56,221,0.3888099984526634,0.009263979656355725,0.07505106925964355
57,221,0.3802919589451381,0.008518039507525277,0.0740511417388916
58,221,0.37200902854544776,0.008282930399690358,0.0740499496459961
59,221,0.3642839521084513,0.007725076436996436,0.07805252075195312
60,221,0.35699903393643245,0.007284918172018873,0.07305002212524414
61,221,0.34996491772787913,0.00703411620855332,0.07805418968200684
62,221,0.3432052729725838,0.006759644755295335,0.0760502815246582
63,221,0.33698050102165766,0.0062247719509261334,0.07905459403991699
64,221,0.33062677086251124,0.00635373015914642,0.07805180549621582
65,221,0.3247515717489379,0.0058751991135733705,0.0740513801574707
66,221,0.31917265427964076,0.005578917469297118,0.07705307006835938
67,221,0.3136500720466886,0.005522582232952156,0.07204771041870117
68,221,0.308469291474138,0.005180780572550614,0.07705116271972656
69,221,0.3033289249283927,0.00514036654574529,0.07505035400390625
70,221,0.29855665573052,0.004772269197872714,0.07805228233337402
71,221,0.2936790296477931,0.004877626082726905,0.08005428314208984
72,221,0.28917468982509204,0.004504339822701042,0.07104873657226562
73,221,0.28479354051607,0.004381149309022059,0.10807275772094727
74,221,0.28046808812447954,0.004325452391590434,0.07705330848693848
75,221,0.27634863698908263,0.004119451135396912,0.07204747200012207
76,221,0.2724444996118546,0.0039041373772280563,0.07304954528808594
77,221,0.2683858315731798,0.004058668038674773,0.07605195045471191
78,221,0.26476340732404163,0.0036224242491381675,0.07505035400390625
79,221,0.26097970385636604,0.003783703467675592,0.08405733108520508
80,221,0.2574763759970665,0.003503327859299521,0.07805347442626953
81,221,0.2539588344650609,0.003517541532005619,0.07605123519897461
82,221,0.2508453456333705,0.003113488831690381,0.07505083084106445
83,221,0.2472326867750713,0.003612658858299228,0.105072021484375
84,221,0.24423919564911298,0.002993491125958314,0.10807442665100098
85,221,0.24115322620953833,0.0030859694395746484,0.08505487442016602
86,221,0.23803862102116857,0.0031146051883697567,0.07805204391479492
87,221,0.23505200199569976,0.0029866190254688174,0.08005428314208984
88,221,0.23237917753202575,0.002672824463674006,0.10607290267944336
89,221,0.2293710465644087,0.00300813096761704,0.08505749702453613
90,221,0.22669698330760002,0.0026740632568086897,0.0930633544921875
91,221,0.22394840376291955,0.0027485795446804684,0.08805990219116211
92,221,0.221451326331922,0.0024970774309975574,0.07605218887329102
93,221,0.21880693829911096,0.002644388032811029,0.08005332946777344
94,221,0.21630130356975963,0.002505634729351336,0.07004785537719727
95,221,0.2138909583730357,0.002410345196723923,0.08205533027648926
96,221,0.2114876137971878,0.002403344575847899,0.08305692672729492
97,221,0.20914280895675932,0.0023448048404284827,0.07204842567443848
98,221,0.20681945298399243,0.002323355972766894,0.08705854415893555
99,221,0.20464177137613296,0.002177681607859472,0.08705925941467285
100,221,0.20243629801699092,0.002205473359142035,0.11807942390441895
101,221,0.2002065274970872,0.002229770519903723,0.08205652236938477
102,221,0.1982560894404139,0.0019504380566733037,0.08405613899230957
103,221,0.19611331203579901,0.0021427774046148818,0.07304954528808594
104,221,0.19401698304925646,0.0020963289865425505,0.08705997467041016
105,221,0.19222102747644698,0.0017959555728094823,0.07905244827270508
106,221,0.1901533451122897,0.002067682364157275,0.07805418968200684
107,221,0.18829362946748734,0.0018597156448023622,0.08605790138244629
108,221,0.18639627953512328,0.0018973499323640675,0.0760507583618164
109,221,0.18465413174033166,0.0017421477947916209,0.07805347442626953
110,221,0.18276431003212928,0.0018898217082023716,0.08306050300598145
111,221,0.18104773593800408,0.0017165740941252061,0.08405518531799316
112,221,0.17934937993117742,0.0016983560068266623,0.0740501880645752
113,221,0.17764432542664665,0.001705054504530762,0.07905340194702148
114,221,0.1759389129110745,0.0017054125155721578,0.0910634994506836
115,221,0.17436238795093129,0.0015765249601432108,0.09106040000915527
116,221,0.17270089552232198,0.0016614924286093014,0.09606671333312988
117,221,0.17120046022534371,0.0015004352969782697,0.07805180549621582
118,221,0.16958202878917966,0.0016184314361640528,0.07204842567443848
119,221,0.16814367663008825,0.0014383521590914106,0.08405804634094238
120,221,0.16651326302119665,0.001630413608891601,0.08705663681030273
121,221,0.16516120023812567,0.0013520627830709842,0.07305097579956055
122,221,0.16365835616418292,0.001502844073942744,0.08705997467041016
123,221,0.16226891406093324,0.0013894421032496773,0.08605647087097168
124,221,0.16086046153732708,0.001408452523606163,0.07805299758911133
125,221,0.15947268808313778,0.001387773454189306,0.0810544490814209
126,221,0.158167404034308,0.0013052840488297635,0.0790567398071289
127,221,0.15676666324904986,0.0014007407852581477,0.08005213737487793
128,221,0.1554944639333657,0.0012721993156841749,0.12208151817321777
129,221,0.15425715455412864,0.0012373093792370504,0.08805990219116211
130,221,0.15289148361342295,0.0013656709407056933,0.0720522403717041
131,221,0.15171905208485467,0.001172431528568274,0.08305525779724121
132,221,0.15044246764268193,0.0012765844421727401,0.0690453052520752
133,221,0.1492493571979659,0.001193110444716039,0.0690460205078125
134,221,0.14806694943564278,0.0011824077623231177,0.0790567398071289
135,221,0.14687652371185167,0.0011904257237911053,0.06503987312316895
136,221,0.14573098249094826,0.0011455412209034066,0.08706235885620117
137,221,0.14460129573515484,0.0011296867557934187,0.07504773139953613
138,221,0.14344460706625667,0.001156688668898176,0.07305121421813965
139,221,0.1423887716851064,0.0010558353811502552,0.07805180549621582
140,221,0.14124595052642483,0.001142821158681584,0.08005380630493164
141,221,0.14021779341569968,0.001028157110725153,0.07304954528808594
142,221,0.13908479733765125,0.001132996078048426,0.08305621147155762
143,221,0.13811744380210128,0.0009673535355499696,0.0980677604675293
144,221,0.13701241621375085,0.0011050275883504324,0.08205437660217285
145,221,0.13607717612172876,0.0009352400920220882,0.07805252075195312
146,221,0.1350117883341653,0.0010653877875634599,0.08405804634094238
147,221,0.1340530854059117,0.0009587029282535908,0.1000666618347168
148,221,0.13308692243695258,0.0009661629689591278,0.08305549621582031
149,221,0.13210611851300513,0.0009808039239474486,0.0910634994506836
150,221,0.13117021092772485,0.0009359075852802823,0.07905244827270508
151,221,0.13025602740687983,0.0009141835208450189,0.07004857063293457
152,221,0.12929753934698446,0.0009584880598953738,0.0810551643371582
153,221,0.12843281678216797,0.0008647225648164836,0.08605837821960449
154,221,0.12748767115388598,0.0009451456282819903,0.08305621147155762
155,221,0.1266783617224012,0.0008093094314847726,0.1340935230255127
156,221,0.12571655832656792,0.0009618033958332939,0.0780494213104248
157,221,0.12493143498684679,0.0007851233397211249,0.07605361938476562
158,221,0.12403601066768169,0.0008954243191651029,0.08005261421203613
159,221,0.12320498510130815,0.0008310255663735444,0.07605266571044922
160,221,0.12239187877731664,0.0008131063239915082,0.08405566215515137
161,221,0.12156828828581742,0.0008235904914992154,0.0860593318939209
162,221,0.1207640059952225,0.0008042822905949265,0.08705782890319824
163,221,0.11996505677274295,0.0007989492224795419,0.07304906845092773
164,221,0.1191579130249364,0.0008071437478065491,0.08305692672729492
165,221,0.11843778210452625,0.0007201309204101503,0.08205533027648926
166,221,0.11760816003807953,0.0008296220664467252,0.07905149459838867
167,221,0.11689827806821891,0.0007098819698606179,0.08906173706054688
168,221,0.11612129987137658,0.0007769781968423317,0.08705806732177734
169,221,0.1154003860035113,0.0007209138678652832,0.0690464973449707
170,221,0.11465619818227632,0.0007441878212349762,0.07705521583557129
171,221,0.11396484812668392,0.000691350055592399,0.07004475593566895
172,221,0.11321347993399415,0.0007513681926897692,0.08205533027648926
173,221,0.11255586011707783,0.0006576198169163244,0.0860586166381836
174,221,0.11183173716919763,0.0007241229478801986,0.09906649589538574
175,221,0.11115204966706889,0.0006796875021287396,0.07605099678039551
176,221,0.11046229365255152,0.0006897560145173731,0.08205628395080566
177,221,0.10981999329158237,0.0006423003609691419,0.08505797386169434
178,221,0.1091282968968153,0.0006916963947670718,0.0690462589263916
179,221,0.10850403557504927,0.0006242613217660314,0.08405923843383789
180,221,0.10782992319336959,0.0006741123816796785,0.08105278015136719
181,221,0.10717815266975335,0.0006517705236162435,0.08905911445617676
182,221,0.10654950353928974,0.0006286491304636072,0.12708640098571777
183,221,0.10593144352946962,0.0006180600098201205,0.07605123519897461
184,221,0.10526405924984387,0.0006673842796257462,0.08305597305297852
185,221,0.10469395826756954,0.0005701009822743353,0.0790553092956543
186,221,0.10403097056065287,0.0006629877069166679,0.08305549621582031
187,221,0.10348401225464685,0.0005469583060060262,0.0810549259185791
188,221,0.10286154555848667,0.0006224666961601732,0.0910639762878418
189,221,0.10226169064640998,0.0005998549120766888,0.08205270767211914
190,221,0.10169368636182376,0.0005680042845862265,0.07505106925964355
191,221,0.1011072737723589,0.0005864125894648603,0.08405733108520508
192,221,0.10054021139230047,0.0005670623800584224,0.08305859565734863
193,221,0.09995273637771607,0.0005874750145844071,0.08205318450927734
194,221,0.09945341954699584,0.0004993168307202284,0.08005285263061523
195,221,0.09884323190365518,0.0006101876433406567,0.07905411720275879
196,221,0.09833756587760789,0.0005056660260472912,0.07905387878417969
197,221,0.09776672918243068,0.0005708366951772126,0.07705163955688477
198,221,0.09725440333145005,0.0005123258509806272,0.07905340194702148
199,221,0.09671296144809041,0.000541441883359639,0.07304978370666504
200,221,0.09619252878427506,0.0005204326638153511,0.09106111526489258
