1,141,216.52454646301268,Nan,0.1310887336730957
2,141,76.25614989362444,140.26839656938824,0.08905959129333496
3,141,47.407933837890624,28.848216055733815,0.10507082939147949
4,141,35.93710205214364,11.47083178574698,0.10407185554504395
5,141,30.033098405020578,5.904003647123066,0.10406923294067383
6,141,26.338767872810365,3.6943305322102127,0.12208414077758789
7,141,23.707393067496163,2.631374805314202,0.13409137725830078
8,141,21.745626475197927,1.9617665922982361,0.12408161163330078
9,141,20.143018425260273,1.602608049937654,0.1791214942932129
10,141,19.586830340794155,0.5561880844661182,0.12608742713928223
11,141,17.867574148995537,1.7192561917986176,0.11507701873779297
12,141,15.35445673424857,2.513117414746967,0.1120755672454834
13,141,14.391178654125758,0.9632780801228122,0.10106706619262695
14,141,13.51874387713841,0.8724347769873475,0.09506368637084961
15,141,13.535505287579127,-0.016761410440716773,0.11207699775695801
16,141,12.759142333711896,0.7763629538672312,0.09206295013427734
17,141,13.581677484921046,-0.8225351512091503,0.09406208992004395
18,141,14.165681606156486,-0.5840041212354397,0.11407732963562012
19,141,11.352574882234846,2.8131067239216403,0.09106063842773438
20,141,10.486481596810478,0.8660932854243679,0.09006142616271973
21,141,9.224178565570286,1.262303031240192,0.10907483100891113
22,141,8.513484674726215,0.7106938908440714,0.10407042503356934
23,141,7.859477637904031,0.6540070368221835,0.09406471252441406
24,141,7.172239741325378,0.6872378965786528,0.10307025909423828
25,141,6.030304306473051,1.1419354348523276,0.10707283020019531
26,141,5.542999418701444,0.4873048877716064,0.11007261276245117
27,141,5.1608405398641315,0.3821588788373127,0.09906864166259766
28,141,5.51311637040547,-0.3522758305413385,0.10807394981384277
29,141,5.970831227643149,-0.45771485723767924,0.09506344795227051
30,141,7.706850889887129,-1.7360196622439794,0.10607171058654785
31,141,7.098829404524395,0.6080214853627339,0.08906030654907227
32,141,6.488150467123304,0.610678937401091,0.11507916450500488
33,141,6.335739737238203,0.15241072988510052,0.09706449508666992
34,141,6.3567542040348055,-0.02101446679660235,0.09406471252441406
35,141,6.495886920383998,-0.13913271634919244,0.10306930541992188
36,141,5.293419811538287,1.2024671088457106,0.09206199645996094
37,141,4.777681542294366,0.5157382692439212,0.0990762710571289
38,141,5.261604354824339,-0.4839228125299728,0.11508011817932129
39,141,4.455082356487002,0.8065219983373373,0.1000666618347168
40,141,3.005276502302715,1.4498058541842869,0.10506987571716309
41,141,1.6941188851254327,1.311157617177282,0.1100766658782959
42,141,1.381229694707053,0.3128891904183797,0.1050713062286377
43,141,1.1792865346499852,0.2019431600570678,0.09506487846374512
44,141,0.7652407351391656,0.41404579951081966,0.10807180404663086
45,141,0.6615105914388384,0.10373014370032718,0.0930628776550293
46,141,0.6486418264167649,0.012868765022073458,0.09606623649597168
47,141,0.6265799553266593,0.0220618710901056,0.1070716381072998
48,141,0.587912561829601,0.03866739349705828,0.10206961631774902
49,141,0.507844373443297,0.08006818838630403,0.09906601905822754
50,141,0.36544586632507187,0.14239850711822516,0.11307668685913086
51,141,0.3096714308985642,0.055774435426507674,0.08805966377258301
52,141,0.2834620050489903,0.02620942584957392,0.10607218742370605
53,141,0.27369504509653364,0.009766959952456633,0.10006880760192871
54,141,0.264660224378109,0.009034820718424652,0.09006094932556152
55,141,0.2568363663128444,0.007823858065264588,0.10206818580627441
56,141,0.24967789713825497,0.007158469174589427,0.10407137870788574
57,141,0.24301849004200526,0.006659407096249709,0.08906102180480957
58,141,0.23717564567497798,0.005842844367027283,0.11707949638366699
59,141,0.23146360874814648,0.005712036926831504,0.09006071090698242
60,141,0.22619983079177994,0.005263777956366539,0.09406375885009766
61,141,0.22109211942979268,0.0051077113619872605,0.1100773811340332
62,141,0.216466890756573,0.0046252286732196835,0.09606266021728516
63,141,0.21195467233657836,0.004512218419994635,0.09406423568725586
64,141,0.20779786460953098,0.004156807727047379,0.10407161712646484
65,141,0.20384817127883434,0.003949693330696641,0.09005951881408691
66,141,0.19981372569288527,0.004034445585949065,0.09106135368347168
67,141,0.19621742702807698,0.0035962986648082895,0.10907411575317383
68,141,0.19277461956015654,0.0034428074679204446,0.09506392478942871
69,141,0.1892951720505953,0.003479447509561251,0.13209295272827148
70,141,0.1862102846524545,0.0030848873981407787,0.11007165908813477
71,141,0.1829810124891145,0.0032292721633400134,0.10907363891601562
72,141,0.17998138021997043,0.0029996322691440702,0.10507011413574219
73,141,0.17719579532316754,0.0027855848968028896,0.09106183052062988
74,141,0.17436274054859366,0.0028330547745738788,0.11507749557495117
75,141,0.17170411731089866,0.0026586232376950014,0.09206247329711914
76,141,0.16900077610356468,0.0027033412073339813,0.09106206893920898
77,141,0.1666484152802399,0.0023523608233247673,0.11307597160339355
78,141,0.16414688053301402,0.002501534747225892,0.09506464004516602
79,141,0.16171100808467184,0.0024358724483421745,0.10207056999206543
80,141,0.15953921462808338,0.0021717934565884667,0.10507345199584961
81,141,0.15721867557508604,0.002320539052997339,0.09706449508666992
82,141,0.1551034816631249,0.002115193911961133,0.10006594657897949
83,141,0.15306723606373582,0.002036245599389086,0.10007047653198242
84,141,0.1509832889756986,0.002083947088037219,0.11908102035522461
85,141,0.14901730741986208,0.0019659815558365212,0.09806632995605469
86,141,0.14712849551226412,0.0018888119075979592,0.10307049751281738
87,141,0.14527107988297938,0.0018574156292847366,0.09106087684631348
88,141,0.14336582686007024,0.0019052530229091424,0.10907316207885742
89,141,0.1417511862175805,0.0016146406424897286,0.09606575965881348
90,141,0.13992494150783336,0.0018262447097471546,0.09406280517578125
91,141,0.138252669436591,0.0016722720712423478,0.1100764274597168
92,141,0.13663898534647057,0.001613684090120443,0.09306144714355469
93,141,0.13504985075124673,0.0015891345952238345,0.08805966377258301
94,141,0.13351664245341505,0.001533208297831684,0.10107064247131348
95,141,0.13193582843563387,0.0015808140177811791,0.11007356643676758
96,141,0.1305331942109125,0.0014026342247213663,0.09406328201293945
97,141,0.12907197657227515,0.001461217638637352,0.11607885360717773
98,141,0.12764365195695843,0.0014283246153167228,0.0980672836303711
99,141,0.12625318188433135,0.0013904700726270758,0.1000676155090332
100,141,0.12493293132420097,0.0013202505601303816,0.12007975578308105
101,141,0.12363540695181914,0.001297524372381828,0.09406399726867676
102,141,0.12233618787356786,0.0012992190782512847,0.09106159210205078
103,141,0.12103401883265802,0.0013021690409098369,0.11007428169250488
104,141,0.11987515259959867,0.0011588662330593441,0.0930628776550293
105,141,0.11860185098754508,0.0012733016120535928,0.10707473754882812
106,141,0.11744359868977751,0.001158252297767573,0.14409780502319336
107,141,0.11624971597215959,0.0011938827176179168,0.10306906700134277
108,141,0.11514486553200654,0.0011048504401530573,0.10106730461120605
109,141,0.11405120784044266,0.0010936576915638735,0.09206223487854004
110,141,0.11289901949891022,0.0011521883415324397,0.1170804500579834
111,141,0.1118739269716399,0.001025092527270316,0.09106087684631348
112,141,0.11081255067352738,0.0010613762981125235,0.08905982971191406
113,141,0.10978438332144703,0.0010281673520803475,0.10407042503356934
114,141,0.10872613322415522,0.0010582500972918102,0.0930631160736084
115,141,0.1077808978887541,0.0009452353354011261,0.09706616401672363
116,141,0.10676826755808932,0.0010126303306647738,0.11407589912414551
117,141,0.10583850709029606,0.0009297604677932642,0.09106278419494629
118,141,0.10488762867770025,0.000950878412595807,0.09106159210205078
119,141,0.10396417637701545,0.0009234523006848017,0.11107540130615234
120,141,0.10304364507006747,0.0009205313069479831,0.09006094932556152
121,141,0.10218481636366673,0.0008588287064007355,0.0980672836303711
122,141,0.10127816077853952,0.0009066555851272168,0.11307692527770996
123,141,0.10043284855463674,0.0008453122239027722,0.09206151962280273
124,141,0.09957593302428723,0.0008569155303495141,0.09506368637084961
125,141,0.0987631231546402,0.0008128098696470326,0.11007499694824219
126,141,0.09792971380374262,0.0008334093508975821,0.10607147216796875
127,141,0.09713817324702229,0.0007915405567203299,0.13309025764465332
128,141,0.09631504641047546,0.0008231268365468253,0.11407709121704102
129,141,0.09556905650773219,0.0007459899027432715,0.08505868911743164
130,141,0.09480378812977246,0.0007652683779597325,0.11507487297058105
131,141,0.09404988375625441,0.0007539043735180495,0.10607695579528809
132,141,0.0932886829908405,0.0007612007654139025,0.10306525230407715
133,141,0.0925888110505683,0.0006998719402721981,0.09206223487854004
134,141,0.09183149874316794,0.0007573123074003651,0.11007499694824219
135,141,0.09113376612535545,0.0006977326178124882,0.0930626392364502
136,141,0.09041585682119642,0.000717909304159034,0.09706568717956543
137,141,0.08976385857271296,0.0006519982484834569,0.11107587814331055
138,141,0.08905745316509689,0.0007064054076160731,0.09406423568725586
139,141,0.08839704176996435,0.0006604113951325374,0.09606504440307617
140,141,0.08774112520899091,0.0006559165609734408,0.110076904296875
141,141,0.08711636380212648,0.0006247614068644325,0.10106730461120605
142,141,0.08645711850907122,0.0006592452930552634,0.09206247329711914
143,141,0.0858321543357202,0.0006249641733510197,0.10206866264343262
144,141,0.08522907312427248,0.0006030812114477119,0.10006833076477051
145,141,0.08460859668574162,0.0006204764385308592,0.08906006813049316
146,141,0.08399206793734006,0.000616528748401568,0.11608147621154785
147,141,0.08342617683751243,0.0005658910998276312,0.11807656288146973
148,141,0.08281363325991802,0.0006125435775944099,0.10207104682922363
149,141,0.08225365279721362,0.0005599804627043903,0.11007285118103027
150,141,0.08165125681034156,0.0006023959868720619,0.09006190299987793
151,141,0.08112666532184397,0.0005245914884975944,0.11407661437988281
152,141,0.08056287767950977,0.0005637876423341959,0.10006880760192871
153,141,0.0800072520162378,0.0005556256632719692,0.10607361793518066
154,141,0.07945632534367697,0.0005509266725608336,0.09306073188781738
155,141,0.07894425255911691,0.0005120727845600581,0.10006952285766602
156,141,0.07840872648464782,0.0005355260744690921,0.09806609153747559
157,141,0.07789435308000871,0.0005143734046391124,0.10106873512268066
158,141,0.07737189621904067,0.0005224568609680375,0.11307597160339355
159,141,0.07689255402982235,0.0004793421892183153,0.0930631160736084
160,141,0.07636267039818423,0.0005298836316381256,0.09206151962280273
161,141,0.0758945124032242,0.00046815799496002786,0.11107587814331055
162,141,0.07539688165485858,0.0004976307483656184,0.10206770896911621
163,141,0.07491649102526052,0.00048039062959806533,0.09406399726867676
164,141,0.07442830200067588,0.00048818902458463986,0.10907316207885742
165,141,0.07397206993720361,0.00045623206347226997,0.09005999565124512
166,141,0.07351834597864321,0.0004537239585604008,0.13209247589111328
167,141,0.07305078712105752,0.0004675588575856898,0.10807132720947266
168,141,0.07258520049708231,0.0004655866239752088,0.09506487846374512
169,141,0.07216778024818216,0.00041742024890015217,0.1100764274597168
170,141,0.07169882001408509,0.00046896023409706555,0.09706473350524902
171,141,0.07127777789000954,0.00042104212407555186,0.10407257080078125
172,141,0.07083732052040952,0.00044045736960002246,0.12108087539672852
173,141,0.07041789441236428,0.00041942610804523994,0.1000664234161377
174,141,0.06998060512755598,0.00043728928480829543,0.09106230735778809
175,141,0.0695698692543166,0.000410735873239379,0.11307501792907715
176,141,0.06916815719434193,0.0004017120599746765,0.0930635929107666
177,141,0.06875823213905095,0.0004099250552909717,0.10206937789916992
178,141,0.06834752026519605,0.00041071187385489927,0.11507821083068848
179,141,0.06794067538636071,0.00040684487883534126,0.0930635929107666
180,141,0.06757146130182913,0.0003692140845315828,0.09906697273254395
181,141,0.06716620507517031,0.0004052562266588233,0.11807990074157715
182,141,0.06678825361813817,0.00037795145703213573,0.11307740211486816
183,141,0.06639104060136847,0.0003972130167697041,0.09506607055664062
184,141,0.06603335676022938,0.00035768384113908647,0.10706901550292969
185,141,0.06565213351270982,0.0003812232475195604,0.10107111930847168
186,141,0.06528601807568754,0.00036611543702227967,0.10206866264343262
187,141,0.06492398671859077,0.0003620313570967676,0.10207366943359375
188,141,0.06456355696277959,0.00036042975581118686,0.11207199096679688
189,141,0.06418965313583612,0.0003739038269434669,0.09106159210205078
190,141,0.06385557463818363,0.0003340784976524902,0.10907387733459473
191,141,0.06350480079544442,0.0003507738427392104,0.10106801986694336
192,141,0.0631443517016513,0.00036044909379312484,0.09907102584838867
193,141,0.06282041993896877,0.00032393176268252777,0.11407232284545898
194,141,0.0624763757591801,0.0003440441797886648,0.09606575965881348
195,141,0.062141551989529815,0.00033482376965028593,0.10907244682312012
196,141,0.061796855487461604,0.0003446965020682119,0.09706807136535645
197,141,0.06148998051083514,0.00030687497662646585,0.11307525634765625
198,141,0.06114671036175319,0.00034327014908194786,0.09406328201293945
199,141,0.0608346421527011,0.0003120682090520868,0.10807204246520996
200,141,0.06050746752055628,0.0003271746321448221,0.09106206893920898
