1,311,718617651741.4554,Nan,0.05004143714904785
2,311,103683.96214732144,718617548057.4933,0.04902791976928711
3,311,297.6393941824777,103386.32275313896,0.043032169342041016
4,311,297.6393941824777,0.0,0.04102492332458496
5,311,297.6393941824777,0.0,0.03402256965637207
6,311,297.6393941824777,0.0,0.027017593383789062
7,311,297.6393941824777,0.0,0.0360262393951416
8,311,297.6393941824777,0.0,0.031021595001220703
9,311,297.6393941824777,0.0,0.03202033042907715
10,311,297.6393941824777,0.0,0.035024404525756836
11,311,297.6393941824777,0.0,0.03802776336669922
12,311,297.6393941824777,0.0,0.033020734786987305
13,311,297.6393941824777,0.0,0.02701854705810547
14,311,297.6393941824777,0.0,0.031023025512695312
15,311,297.6393941824777,0.0,0.03602266311645508
16,311,297.6393941824777,0.0,0.03502535820007324
17,311,297.6393941824777,0.0,0.030019760131835938
18,311,297.6393941824777,0.0,0.03502368927001953
19,311,297.6393941824777,0.0,0.03302264213562012
20,311,297.6393941824777,0.0,0.033023834228515625
21,311,297.6393941824777,0.0,0.03202080726623535
22,311,297.6393941824777,0.0,0.030020713806152344
23,311,297.6393941824777,0.0,0.028019428253173828
24,311,297.6393941824777,0.0,0.03302192687988281
25,311,297.6393941824777,0.0,0.041028499603271484
26,311,297.6393941824777,0.0,0.06404900550842285
27,311,297.6393941824777,0.0,0.07504487037658691
28,311,297.6393941824777,0.0,0.03302264213562012
29,311,297.6393941824777,0.0,0.032022953033447266
30,311,297.6393941824777,0.0,0.030019521713256836
31,311,297.6393941824777,0.0,0.03402376174926758
32,311,297.6393941824777,0.0,0.030020475387573242
33,311,297.6393941824777,0.0,0.029019594192504883
34,311,297.6393941824777,0.0,0.030020952224731445
35,311,297.6393941824777,0.0,0.03202176094055176
36,311,297.6393941824777,0.0,0.03202080726623535
37,311,297.6393941824777,0.0,0.03502511978149414
38,311,297.6393941824777,0.0,0.0310213565826416
39,311,297.6393941824777,0.0,0.0310213565826416
40,311,297.6393941824777,0.0,0.03502321243286133
41,311,297.6393941824777,0.0,0.02601790428161621
42,311,297.6393941824777,0.0,0.03302288055419922
43,311,297.6393941824777,0.0,0.032021284103393555
44,311,297.6393941824777,0.0,0.03502392768859863
45,311,297.6393941824777,0.0,0.03302311897277832
46,311,297.6393941824777,0.0,0.03302168846130371
47,311,297.6393941824777,0.0,0.03202462196350098
48,311,297.6393941824777,0.0,0.028017044067382812
49,311,297.6393941824777,0.0,0.03302359580993652
50,311,297.6393941824777,0.0,0.033020734786987305
51,311,297.6393941824777,0.0,0.03302311897277832
52,311,297.6393941824777,0.0,0.03302335739135742
53,311,297.6393941824777,0.0,0.03102254867553711
54,311,297.6393941824777,0.0,0.031018972396850586
55,311,297.6393941824777,0.0,0.026017189025878906
56,311,297.6393941824777,0.0,0.03002142906188965
57,311,297.6393941824777,0.0,0.029019832611083984
58,311,297.6393941824777,0.0,0.024015426635742188
59,311,297.6393941824777,0.0,0.0360260009765625
60,311,297.6393941824777,0.0,0.028017759323120117
61,311,297.6393941824777,0.0,0.03202366828918457
62,311,297.6393941824777,0.0,0.03202176094055176
63,311,297.6393941824777,0.0,0.028018712997436523
64,311,297.6393941824777,0.0,0.0310208797454834
65,311,297.6393941824777,0.0,0.03502464294433594
66,311,297.6393941824777,0.0,0.03502368927001953
67,311,297.6393941824777,0.0,0.03802657127380371
68,311,297.6393941824777,0.0,0.051035404205322266
69,311,297.6393941824777,0.0,0.06804466247558594
70,311,297.6393941824777,0.0,0.041029930114746094
71,311,297.6393941824777,0.0,0.03902482986450195
72,311,297.6393941824777,0.0,0.037026166915893555
73,311,297.6393941824777,0.0,0.03802633285522461
74,311,297.6393941824777,0.0,0.038025617599487305
75,311,297.6393941824777,0.0,0.03702545166015625
76,311,297.6393941824777,0.0,0.03602480888366699
77,311,297.6393941824777,0.0,0.03202056884765625
78,311,297.6393941824777,0.0,0.036025285720825195
79,311,297.6393941824777,0.0,0.0360255241394043
80,311,297.6393941824777,0.0,0.03702425956726074
81,311,297.6393941824777,0.0,0.035024166107177734
82,311,297.6393941824777,0.0,0.03902554512023926
83,311,297.6393941824777,0.0,0.0360260009765625
84,311,297.6393941824777,0.0,0.037024497985839844
85,311,297.6393941824777,0.0,0.03802824020385742
86,311,297.6393941824777,0.0,0.04202723503112793
87,311,297.6393941824777,0.0,0.04102754592895508
88,311,297.6393941824777,0.0,0.040029048919677734
89,311,297.6393941824777,0.0,0.035024166107177734
90,311,297.6393941824777,0.0,0.043028831481933594
91,311,297.6393941824777,0.0,0.042027950286865234
92,311,297.6393941824777,0.0,0.03702545166015625
93,311,297.6393941824777,0.0,0.0380251407623291
94,311,297.6393941824777,0.0,0.04002785682678223
95,311,297.6393941824777,0.0,0.04202985763549805
96,311,297.6393941824777,0.0,0.036023616790771484
97,311,297.6393941824777,0.0,0.0360260009765625
98,311,297.6393941824777,0.0,0.041028499603271484
99,311,297.6393941824777,0.0,0.04102635383605957
100,311,297.6393941824777,0.0,0.03402304649353027
