1,1,1.0782474824049164,Nan,2.1494691371917725
2,1,0.7480211026821684,0.33022637972274804,2.2185161113739014
3,1,0.5855895232902502,0.1624315793919182,2.2435333728790283
4,1,0.556725170256533,0.02886435303371715,2.235527992248535
5,1,0.4570260100365627,0.09969916021997033,2.3456032276153564
6,1,0.46934489849116773,-0.012318888454605048,2.5037107467651367
7,1,0.41202660361442683,0.057318294876740894,2.4216561317443848
8,1,0.42983413210824417,-0.017807528493817337,2.357611656188965
9,1,0.35382203033412835,0.07601210177411583,2.3726210594177246
10,1,0.4074766188945671,-0.053654588560438754,2.2505385875701904
11,1,0.354662004028543,0.05281461486602412,2.228522539138794
12,1,0.35390072771438935,0.000761276314153625,2.2655489444732666
13,1,0.4233842111349833,-0.06948348342059396,2.3055756092071533
14,1,0.39913148638049606,0.024252724754487254,2.2435338497161865
15,1,0.32514883748329015,0.0739826488972059,2.227522611618042
16,1,0.32256276277880686,0.002586074704483299,2.2775561809539795
17,1,0.3331826197192371,-0.010619856940430272,2.463683843612671
18,1,0.34856635211176423,-0.015383732392527105,2.383629560470581
19,1,0.34502725379090793,0.0035390983208563043,2.270552158355713
20,1,0.31167505618512426,0.03335219760578367,2.2255215644836426
21,1,0.3689150405575865,-0.05723998437246225,2.287564277648926
22,1,0.41305131539392903,-0.044136274836342526,2.3055741786956787
23,1,0.3111171565265425,0.10193415886738655,2.239530324935913
24,1,0.30507164569195616,0.006045510834586321,2.289564847946167
25,1,0.372887807315897,-0.06781616162394083,2.4326648712158203
26,1,0.3565828218415005,0.016304985474396516,2.786902904510498
27,1,0.33074510221671155,0.025837719624788924,2.5407373905181885
28,1,0.2893467040690945,0.04139839814761703,2.443669557571411
29,1,0.24939882781334258,0.03994787625575194,2.3165833950042725
30,1,0.26620263538814326,-0.016803807574800683,2.3065764904022217
31,1,0.35305586307010145,-0.08685322768195819,2.334595203399658
32,1,0.3645360334102538,-0.011480170340152362,2.387631893157959
33,1,0.3023732417917054,0.06216279161854843,2.2365286350250244
34,1,0.2704137528247394,0.03195948896696599,2.2585439682006836
35,1,0.24083888497037076,0.029574867854368636,2.2945687770843506
36,1,0.21279488188822973,0.028044003082141028,2.2405307292938232
37,1,0.25409698530797314,-0.04130210341974341,2.2435333728790283
38,1,0.2763358175363241,-0.022238832228350935,2.260545253753662
39,1,0.3340840976157876,-0.05774828007946353,2.2925667762756348
40,1,0.3316954165882236,0.0023886810275640102,2.3335955142974854
41,1,0.2578007091299812,0.07389470745824239,2.225520610809326
42,1,0.2531468512662099,0.004653857863771316,2.2725532054901123
43,1,0.28735112609880986,-0.03420427483259997,2.7258973121643066
44,1,0.30833575845131844,-0.02098463235250858,2.4867372512817383
45,1,0.3471110399530581,-0.038775281501739645,2.4306626319885254
46,1,0.37940963355473467,-0.032298593601676584,2.489701271057129
47,1,0.29572314735434285,0.08368648620039182,2.3726212978363037
48,1,0.2601129079797701,0.03561023937457275,2.166480779647827
49,1,0.33447542733563856,-0.07436251935586846,2.0003671646118164
50,1,0.36001121839337563,-0.025535791057737067,2.0143768787384033
51,1,0.3668415862028014,-0.0068303678094257525,1.9923617839813232
52,1,0.3572612808390496,0.009580305363751762,2.0253841876983643
53,1,0.4680797254517033,-0.11081844461265367,1.9773530960083008
54,1,0.2851232297341987,0.1829564957175046,2.0073702335357666
55,1,0.4039587286135719,-0.11883549887937322,2.0353920459747314
56,1,0.29958188398568303,0.10437684462788888,1.9763503074645996
57,1,0.2529925906423549,0.04658929334332812,2.02138090133667
58,1,0.30602854195224916,-0.05303595130989425,2.0043704509735107
59,1,0.25017000369206177,0.055858538260187385,2.0303876399993896
60,1,0.21460578897366778,0.035564214718393994,2.036388635635376
61,1,0.371087864091241,-0.15648207511757323,2.0283734798431396
62,1,0.289450040362849,0.08163782372839201,2.065398931503296
63,1,0.2973961971557223,-0.007946156792873305,2.1144320964813232
64,1,0.28833637075666174,0.009059826399060555,2.6477932929992676
65,1,0.3091250297722009,-0.020788659015539168,2.554731845855713
66,1,0.2468333115693489,0.06229171820285201,3.336259126663208
67,1,0.22041650867442214,0.02641680289492676,3.064074993133545
68,1,0.18806213061804264,0.0323543780563795,2.2505240440368652
69,1,0.2038662201486555,-0.015804089530612853,2.0343780517578125
70,1,0.20001170244892716,0.0038545176997283326,2.0483882427215576
71,1,0.2546716740870915,-0.054659971638164356,2.0383799076080322
72,1,0.23424415826234438,0.02042751582474714,2.054391384124756
73,1,0.3078865611671989,-0.07364240290485455,2.060396194458008
74,1,0.19988180440178963,0.1080047567654093,2.0113635063171387
75,1,0.3433265807629444,-0.1434447763611548,2.0774054527282715
76,1,0.20994287051583413,0.1333837102471103,2.03537917137146
77,1,0.18327647512866618,0.026666395387167946,2.0313751697540283
78,1,0.17357257448020086,0.009703900648465325,2.036379814147949
79,1,0.17108854719603936,0.0024840272841614996,2.029374122619629
80,1,0.17110260378447115,-1.4056588431787809e-05,2.13944935798645
81,1,0.1847380900939704,-0.013635486309499262,2.0644006729125977
82,1,0.16902265626009824,0.015715433833872167,2.062394142150879
83,1,0.20531405558019744,-0.0362913993200992,2.101423740386963
84,1,0.21533891650327125,-0.010024860923073808,2.080408811569214
85,1,0.170921385946916,0.04441753055635525,2.094419240951538
86,1,0.22039803024200494,-0.04947664429508894,2.037379741668701
87,1,0.2121897316878885,0.00820829855411645,2.0423834323883057
88,1,0.3048532420584531,-0.09266351037056461,2.0353779792785645
89,1,0.2351349664437444,0.0697182756147087,2.09441876411438
90,1,0.20502634971966735,0.030108616724077053,2.0313761234283447
91,1,0.18011771370018384,0.02490863601948351,2.0183684825897217
92,1,0.2536026484574656,-0.07348493475728177,2.0403804779052734
93,1,0.17187808306487037,0.08172456539259523,2.0423834323883057
94,1,0.43989579415940455,-0.2680177110945342,2.097421646118164
95,1,0.243639652508243,0.19625614165116156,2.022369146347046
96,1,0.23659003088792366,0.00704962162031933,2.0453858375549316
97,1,0.23792795099764277,-0.0013379201097191151,2.055392026901245
98,1,0.32203799476331374,-0.08411004376567097,2.3876171112060547
99,1,0.34607447975629996,-0.024036484992986218,2.43965220451355
100,1,0.2399574194937032,0.10611706026259676,2.2124998569488525
