1,451,4.647182728393633e+16,Nan,0.03502464294433594
2,451,176998.17570535713,4.647182728375933e+16,0.03903079032897949
3,451,38445.65030147007,138552.52540388706,0.03802371025085449
4,451,415.6595314505441,38029.990770019525,0.02801656723022461
5,451,415.6595314505441,0.0,0.0310213565826416
6,451,415.6595314505441,0.0,0.025017261505126953
7,451,415.6595314505441,0.0,0.03202199935913086
8,451,415.6595314505441,0.0,0.035024404525756836
9,451,415.6595314505441,0.0,0.03202104568481445
10,451,415.6595314505441,0.0,0.03002142906188965
11,451,415.6595314505441,0.0,0.03302288055419922
12,451,415.6595314505441,0.0,0.03202080726623535
13,451,415.6595314505441,0.0,0.03302288055419922
14,451,415.6595314505441,0.0,0.032021522521972656
15,451,415.6595314505441,0.0,0.03302311897277832
16,451,415.6595314505441,0.0,0.027018070220947266
17,451,415.6595314505441,0.0,0.03302168846130371
18,451,415.6595314505441,0.0,0.026018857955932617
19,451,415.6595314505441,0.0,0.03202223777770996
20,451,415.6595314505441,0.0,0.03002023696899414
21,451,415.6595314505441,0.0,0.033022165298461914
22,451,415.6595314505441,0.0,0.03302407264709473
23,451,415.6595314505441,0.0,0.03202223777770996
24,451,415.6595314505441,0.0,0.029018402099609375
25,451,415.6595314505441,0.0,0.033022403717041016
26,451,415.6595314505441,0.0,0.031021595001220703
27,451,415.6595314505441,0.0,0.03302335739135742
28,451,415.6595314505441,0.0,0.040025949478149414
29,451,415.6595314505441,0.0,0.062042951583862305
30,451,415.6595314505441,0.0,0.0360257625579834
31,451,415.6595314505441,0.0,0.033020734786987305
32,451,415.6595314505441,0.0,0.031020641326904297
33,451,415.6595314505441,0.0,0.03302359580993652
34,451,415.6595314505441,0.0,0.0310213565826416
35,451,415.6595314505441,0.0,0.032021522521972656
36,451,415.6595314505441,0.0,0.029020309448242188
37,451,415.6595314505441,0.0,0.03302168846130371
38,451,415.6595314505441,0.0,0.027019500732421875
39,451,415.6595314505441,0.0,0.031020641326904297
40,451,415.6595314505441,0.0,0.03302311897277832
41,451,415.6595314505441,0.0,0.03101968765258789
42,451,415.6595314505441,0.0,0.029021501541137695
43,451,415.6595314505441,0.0,0.029020309448242188
44,451,415.6595314505441,0.0,0.06904745101928711
45,451,415.6595314505441,0.0,0.03202056884765625
46,451,415.6595314505441,0.0,0.027017831802368164
47,451,415.6595314505441,0.0,0.03302407264709473
48,451,415.6595314505441,0.0,0.025016307830810547
49,451,415.6595314505441,0.0,0.029021024703979492
50,451,415.6595314505441,0.0,0.030020713806152344
51,451,415.6595314505441,0.0,0.0260164737701416
52,451,415.6595314505441,0.0,0.03402519226074219
53,451,415.6595314505441,0.0,0.0330202579498291
54,451,415.6595314505441,0.0,0.02701878547668457
55,451,415.6595314505441,0.0,0.025016069412231445
56,451,415.6595314505441,0.0,0.02902078628540039
57,451,415.6595314505441,0.0,0.03602957725524902
58,451,415.6595314505441,0.0,0.03401803970336914
59,451,415.6595314505441,0.0,0.022014617919921875
60,451,415.6595314505441,0.0,0.0310211181640625
61,451,415.6595314505441,0.0,0.03002142906188965
62,451,415.6595314505441,0.0,0.026017189025878906
63,451,415.6595314505441,0.0,0.0310211181640625
64,451,415.6595314505441,0.0,0.032021284103393555
65,451,415.6595314505441,0.0,0.031021595001220703
66,451,415.6595314505441,0.0,0.03302264213562012
67,451,415.6595314505441,0.0,0.02801990509033203
68,451,415.6595314505441,0.0,0.02801799774169922
69,451,415.6595314505441,0.0,0.02801966667175293
70,451,415.6595314505441,0.0,0.02701854705810547
71,451,415.6595314505441,0.0,0.029020309448242188
72,451,415.6595314505441,0.0,0.03202223777770996
73,451,415.6595314505441,0.0,0.028017759323120117
74,451,415.6595314505441,0.0,0.02201557159423828
75,451,415.6595314505441,0.0,0.029020309448242188
76,451,415.6595314505441,0.0,0.02301478385925293
77,451,415.6595314505441,0.0,0.030020713806152344
78,451,415.6595314505441,0.0,0.033022403717041016
79,451,415.6595314505441,0.0,0.03302359580993652
80,451,415.6595314505441,0.0,0.03101968765258789
81,451,415.6595314505441,0.0,0.02601766586303711
82,451,415.6595314505441,0.0,0.03102278709411621
83,451,415.6595314505441,0.0,0.060041189193725586
84,451,415.6595314505441,0.0,0.02901935577392578
85,451,415.6595314505441,0.0,0.02701735496520996
86,451,415.6595314505441,0.0,0.03402400016784668
87,451,415.6595314505441,0.0,0.034024715423583984
88,451,415.6595314505441,0.0,0.027016162872314453
89,451,415.6595314505441,0.0,0.02501821517944336
90,451,415.6595314505441,0.0,0.03202104568481445
91,451,415.6595314505441,0.0,0.029019832611083984
92,451,415.6595314505441,0.0,0.029020071029663086
93,451,415.6595314505441,0.0,0.028018951416015625
94,451,415.6595314505441,0.0,0.029019832611083984
95,451,415.6595314505441,0.0,0.027018070220947266
96,451,415.6595314505441,0.0,0.027018070220947266
97,451,415.6595314505441,0.0,0.029020309448242188
98,451,415.6595314505441,0.0,0.029019832611083984
99,451,415.6595314505441,0.0,0.026018619537353516
100,451,415.6595314505441,0.0,0.03402400016784668
