1,361,677.1486585867746,Nan,0.07805299758911133
2,361,241.10347652108328,436.0451820656913,0.08205604553222656
3,361,172.85219229561943,68.25128422546385,0.06704425811767578
4,361,138.24215942600796,34.61003286961147,0.0760502815246582
5,361,116.09399655587333,22.148162870134627,0.07605123519897461
6,361,94.1104613974435,21.98353515842983,0.07204961776733398
7,361,73.82831267547607,20.28214872196743,0.07705068588256836
8,361,67.96468681553432,5.863625859941749,0.08305597305297852
9,361,65.34936297389439,2.6153238416399347,0.0760507583618164
10,361,55.31566450881958,10.033698465074806,0.11107254028320312
11,361,57.62677223314558,-2.311107724326,0.07705450057983398
12,361,59.158672842843195,-1.5319006096976153,0.0880589485168457
13,361,59.042311498369486,0.1163613444737095,0.08005356788635254
14,361,63.44746162196568,-4.405150123596194,0.0880579948425293
15,361,62.087137783595495,1.360323838370185,0.07204937934875488
16,361,43.97165561022077,18.115482173374723,0.07104706764221191
17,361,35.12369455228533,8.847961057935443,0.07805275917053223
18,361,36.47172954286848,-1.3480349905831517,0.08205223083496094
19,361,36.70173603929792,-0.23000649642943927,0.08405685424804688
20,361,39.42000667408534,-2.718270634787423,0.0860595703125
21,361,44.68248363603865,-5.262476961953304,0.07004427909851074
22,361,42.95561080115182,1.7268728348868265,0.07705211639404297
23,361,39.97637695094517,2.979233850206647,0.10207009315490723
24,361,34.12569719205584,5.850679758889335,0.09005856513977051
25,361,26.815514122009276,7.310183070046563,0.07004857063293457
26,361,18.940527771813528,7.874986350195748,0.11807799339294434
27,361,13.070007732527596,5.870520039285932,0.07104849815368652
28,361,9.530737106118883,3.5392706264087135,0.07705140113830566
29,361,7.230187798295702,2.3005493078231805,0.07805252075195312
30,361,5.278321810041155,1.9518659882545473,0.07504940032958984
31,361,3.9604576201438904,1.3178641898972647,0.07304835319519043
32,361,3.312533910342625,0.6479237098012653,0.0810542106628418
33,361,2.856333119188036,0.4562007911545889,0.08005404472351074
34,361,2.6426268594264983,0.2137062597615378,0.07905149459838867
35,361,2.4032331817150117,0.23939367771148667,0.0690460205078125
36,361,2.2528829759870255,0.15035020572798619,0.06804537773132324
37,361,2.113486107485635,0.13939686850139044,0.07805204391479492
38,361,1.9858266372680664,0.12765947021756863,0.07204914093017578
39,361,1.8883464200837272,0.09748021718433919,0.07905316352844238
40,361,1.7943585827010018,0.09398783738272543,0.0670468807220459
41,361,1.7111434223992483,0.08321516030175347,0.07805275917053223
42,361,1.6375082919938224,0.07363513040542591,0.11507701873779297
43,361,1.5689543747561319,0.06855391723769055,0.06804347038269043
44,361,1.504874675171716,0.06407969958441595,0.0740513801574707
45,361,1.4464645722934177,0.058410102878298176,0.0810551643371582
46,361,1.3945213884626115,0.051943183830806205,0.0760490894317627
47,361,1.3430415865182876,0.05147980194432389,0.07705378532409668
48,361,1.297436158657074,0.04560542786121369,0.06604504585266113
49,361,1.2558288645914624,0.04160729406561159,0.06804537773132324
50,361,1.2119046031236649,0.04392426146779749,0.0760507583618164
51,361,1.177048409836633,0.034856193287031934,0.0930633544921875
52,361,1.1378795385360718,0.039168871300561126,0.07304787635803223
53,361,1.106514824458531,0.03136471407754082,0.0740509033203125
54,361,1.073812817982265,0.03270200647626598,0.08405613899230957
55,361,1.0455075756992613,0.028305242283003684,0.0760500431060791
56,361,1.0137967292751584,0.031710846424102934,0.08305764198303223
57,361,0.9894638500894819,0.024332879185676504,0.08205366134643555
58,361,0.9621522399357387,0.02731161015374317,0.11007404327392578
59,361,0.9394415183237621,0.022710721611976625,0.198134183883667
60,361,0.915199770961489,0.024241747362273136,0.07705140113830566
61,361,0.8938898718697684,0.02130989909172054,0.08105206489562988
62,361,0.8721301977464131,0.021759674123355333,0.08405685424804688
63,361,0.8521769613879068,0.01995323635850632,0.0810542106628418
64,361,0.8328366425888879,0.019340318799018874,0.0690464973449707
65,361,0.8148035271678652,0.018033115421022705,0.08605694770812988
66,361,0.7965205270733152,0.018283000094549973,0.07905149459838867
67,361,0.7802732825619834,0.01624724451133186,0.16311025619506836
68,361,0.7627305610179901,0.017542721543993278,0.10707211494445801
69,361,0.7483868098940168,0.014343751123973236,0.07905268669128418
70,361,0.7328247839212417,0.015562025972775118,0.08905911445617676
71,361,0.7186160969734192,0.014208686947822513,0.06804537773132324
72,361,0.7049792074986867,0.013636889474732516,0.07805347442626953
73,361,0.6909263607263565,0.014052846772330208,0.11507630348205566
74,361,0.6787419998816081,0.012184360844748388,0.07104635238647461
75,361,0.665531044619424,0.013210955262184076,0.07905340194702148
76,361,0.6539899836097445,0.011541061009679554,0.07806038856506348
77,361,0.6423517098426819,0.011638273767062612,0.07904410362243652
78,361,0.631214707664081,0.011137002178600808,0.06404447555541992
79,361,0.620063781278474,0.011150926385607107,0.06704449653625488
80,361,0.6099270795243127,0.01013670175416126,0.08205461502075195
81,361,0.5990863792725972,0.010840700251715463,0.07805395126342773
82,361,0.5898686083640371,0.00921777090856013,0.07805132865905762
83,361,0.5799796464698656,0.009888961894171544,0.0740504264831543
84,361,0.5712125795739038,0.00876706689596174,0.07805204391479492
85,361,0.5616354391745159,0.009577140399387951,0.0640418529510498
86,361,0.5533563704320362,0.008279068742479634,0.07104849815368652
87,361,0.5444098212378365,0.008946549194199682,0.0760493278503418
88,361,0.5365612127440317,0.007848608493804865,0.06904816627502441
89,361,0.5284434191584587,0.008117793585572963,0.12208080291748047
90,361,0.5206177744524819,0.007825644705976798,0.0740504264831543
91,361,0.5131434296284403,0.007474344824041634,0.07905435562133789
92,361,0.5056568907414164,0.007486538887023886,0.0760493278503418
93,361,0.49860971189396724,0.007047178847449154,0.0760500431060791
94,361,0.49147384405987604,0.007135867834091203,0.08305644989013672
95,361,0.4849844743183681,0.006489369741507933,0.0740499496459961
96,361,0.4781192192690713,0.006865255049296803,0.07404828071594238
97,361,0.47158383446080343,0.0065353848082678745,0.07805562019348145
98,361,0.4653788484760693,0.006204985984734124,0.08205246925354004
99,361,0.45932274339880264,0.006056105077266671,0.0790555477142334
100,361,0.4533615779195513,0.005961165479251351,0.08205294609069824
101,361,0.44743417395864216,0.005927403960909128,0.08205389976501465
102,361,0.4417712525469916,0.005662921411650534,0.0810549259185791
103,361,0.4361440321121897,0.005627220434801905,0.08605813980102539
104,361,0.4305595840385982,0.005584448073591541,0.10907506942749023
105,361,0.4254561697074345,0.00510341433116368,0.06904315948486328
106,361,0.42017012681279864,0.005286042894635856,0.07905316352844238
107,361,0.4149419978601592,0.005228128952639466,0.07504844665527344
108,361,0.4101268115299089,0.004815186330250298,0.07605338096618652
109,361,0.4051587722301483,0.004968039299760585,0.07805442810058594
110,361,0.4004005598596164,0.004758212370531867,0.0780487060546875
111,361,0.39588951448031834,0.004511045379298084,0.0760505199432373
112,361,0.39122992176668986,0.00465959271362848,0.07805204391479492
113,361,0.3868893410222871,0.0043405807444027444,0.07805156707763672
114,361,0.38221602177619934,0.00467331924608777,0.0690464973449707
115,361,0.37828924034323014,0.003926781432969206,0.07605195045471191
116,361,0.3739069114753178,0.004382328867912344,0.07905411720275879
117,361,0.3697523447019713,0.004154566773346469,0.07104611396789551
118,361,0.36590642902680803,0.0038459156751632917,0.07805514335632324
119,361,0.3618721907053675,0.004034238321440509,0.08205270767211914
120,361,0.35815549502202443,0.0037166956833430964,0.11407637596130371
121,361,0.35419944744450704,0.003956047577517385,0.08305573463439941
122,361,0.35071925758463995,0.003480189859867089,0.07104945182800293
123,361,0.3468792584879058,0.003839999096734159,0.07504844665527344
124,361,0.34332433621372493,0.0035549222741808606,0.07805061340332031
125,361,0.3400872632009643,0.0032370730127606606,0.07505226135253906
126,361,0.3365434156656265,0.003543847535337763,0.07704997062683105
127,361,0.3331091409495899,0.003434274716036634,0.07605290412902832
128,361,0.3298999958378928,0.003209145111697065,0.06504130363464355
129,361,0.3265248511007854,0.0033751447371074272,0.0770559310913086
130,361,0.3236216106755393,0.0029032404252460897,0.07104706764221191
131,361,0.3202631912912641,0.0033584193842751686,0.06804561614990234
132,361,0.3173493423632213,0.002913848928042806,0.08005785942077637
133,361,0.3142114454507828,0.0031378969124385425,0.07204437255859375
134,361,0.3113652104522501,0.002846234998532704,0.07204771041870117
135,361,0.3084410524836608,0.002924157968589247,0.100067138671875
136,361,0.3054734513120992,0.00296760117156164,0.07104659080505371
137,361,0.30291161913531167,0.002561832176787515,0.07805371284484863
138,361,0.2999979621555124,0.002913656979799284,0.07004714012145996
139,361,0.2973022802770138,0.0026956818784986125,0.06604242324829102
140,361,0.294707729944161,0.002594550332852774,0.07505106925964355
141,361,0.29202292598145346,0.002684803962707538,0.07905340194702148
142,361,0.2894392748773098,0.0025836511041436583,0.07705259323120117
143,361,0.2870049390579973,0.0024343358193125164,0.0760498046875
144,361,0.28440993248564855,0.0025950065723487348,0.08105754852294922
145,361,0.28201613354682925,0.0023937989388193026,0.0720524787902832
146,361,0.2796267253628799,0.0023894081839493375,0.06304359436035156
147,361,0.2771595210305282,0.0024672043323517023,0.09606385231018066
148,361,0.2748603287254061,0.0022991923051220997,0.09105920791625977
149,361,0.27264513897895815,0.0022151897464479653,0.07104778289794922
150,361,0.2702530986666679,0.0023920403122902334,0.08305573463439941
151,361,0.26814087903499606,0.0021122196316718522,0.10406947135925293
152,361,0.26592177075147627,0.0022191082835197884,0.07104802131652832
153,361,0.2637593022329467,0.002162468518529581,0.08205652236938477
154,361,0.26156119399837086,0.002198108234575835,0.07104825973510742
155,361,0.25956533143775806,0.0019958625606127933,0.07004690170288086
156,361,0.2574744887181691,0.002090842719588981,0.0690467357635498
157,361,0.2554443435243198,0.0020301451938493087,0.07304954528808594
158,361,0.2534742450458663,0.0019700984784534747,0.07905173301696777
159,361,0.2514493538141251,0.0020248912317412104,0.07805347442626953
160,361,0.24945287675942693,0.001996477054698159,0.07004570960998535
161,361,0.2476522652081081,0.0018006115513188314,0.07104825973510742
162,361,0.24571747179968018,0.0019347934084279206,0.0740513801574707
163,361,0.2437824516935008,0.0019350201061793804,0.07604455947875977
164,361,0.2420599469755377,0.0017225047179630915,0.08205270767211914
165,361,0.24017176670261792,0.0018881802729197872,0.08305573463439941
166,361,0.23848751533031465,0.0016842513723032693,0.07305002212524414
167,361,0.23664110467689378,0.0018464106534208657,0.10907173156738281
168,361,0.2348980770579406,0.0017430276189531746,0.07205057144165039
169,361,0.23321744055407387,0.0016806365038667392,0.08205199241638184
170,361,0.23158623396498818,0.001631206589085693,0.07404923439025879
171,361,0.22983900766287532,0.0017472263021128531,0.08405780792236328
172,361,0.2282418749162129,0.0015971327466624274,0.0760505199432373
173,361,0.22656851536887032,0.0016733595473425733,0.062041282653808594
174,361,0.22504265247923988,0.0015258628896304416,0.08405756950378418
175,361,0.2234247883600848,0.0016178641191550713,0.07705020904541016
176,361,0.22184479046293668,0.0015799978971481332,0.08005380630493164
177,361,0.22037309052688736,0.0014716999360493144,0.07705140113830566
178,361,0.21880109459587505,0.0015719959310123155,0.0740509033203125
179,361,0.21730589612892695,0.0014951984669480944,0.07404875755310059
180,361,0.21588101364033563,0.0014248824885913225,0.08405566215515137
181,361,0.21433574386579649,0.001545269774539143,0.08405828475952148
182,361,0.21297638399686133,0.0013593598689351505,0.10607075691223145
183,361,0.21146890899538995,0.0015074750014713867,0.08205676078796387
184,361,0.21012912058404515,0.0013397884113448,0.07605242729187012
185,361,0.2086610479567732,0.0014680726272719435,0.07104611396789551
186,361,0.20732974203569549,0.001331305921077719,0.07004833221435547
187,361,0.20607966092654637,0.0012500811091491204,0.09005904197692871
188,361,0.20454284969397954,0.001536811232566826,0.08005571365356445
189,361,0.20331659603118896,0.001226253662790583,0.0880594253540039
190,361,0.20200431976999556,0.0013122762611934013,0.0760507583618164
191,361,0.20067730118121418,0.0013270185887813701,0.07805061340332031
192,361,0.19940740572554724,0.0012698954556669417,0.08305644989013672
193,361,0.1981974630185536,0.0012099427069936497,0.08806014060974121
194,361,0.19682336387463978,0.001374099143913815,0.06804466247558594
195,361,0.19570674258044787,0.0011166212941919051,0.07805156707763672
196,361,0.19447274602736744,0.0012339965530804298,0.06904935836791992
197,361,0.19319416074667659,0.0012785852806908582,0.06704163551330566
198,361,0.19207545953137534,0.0011187012153012488,0.11607909202575684
199,361,0.1908653293805463,0.0012101301508290474,0.07705163955688477
200,361,0.1896887944170407,0.0011765349635055877,0.07004737854003906
