1,71,89.44414623451233,Nan,0.08706474304199219
2,71,30.012468276160103,59.431677958352225,0.08406257629394531
3,71,23.66882289178031,6.343645384379794,0.09507060050964355
4,71,19.883294773646764,3.785528118133545,0.11308431625366211
5,71,16.871633309773035,3.011661463873729,0.08506369590759277
6,71,14.929510760034834,1.942122549738201,0.09106802940368652
7,71,13.477977457182748,1.451533302852086,0.10908174514770508
8,71,12.615866836411612,0.8621106207711353,0.10007476806640625
9,71,11.869884363719395,0.7459824726922175,0.08506417274475098
10,71,10.358481495210103,1.5114028685092915,0.10007405281066895
11,71,8.256007183653967,2.1024743115561364,0.09206914901733398
12,71,6.9255124938488,1.3304946898051666,0.0940699577331543
13,71,5.986672787427902,0.9388397064208984,0.11408615112304688
14,71,5.155480326959065,0.831192460468837,0.08806538581848145
15,71,4.496954816920416,0.6585255100386487,0.0820612907409668
16,71,3.9897473324707575,0.5072074844496588,0.10007882118225098
17,71,3.691841714450291,0.29790561802046645,0.08606219291687012
18,71,3.409001487118857,0.2828402273314339,0.09006762504577637
19,71,3.2104830776453017,0.19851840947355548,0.1060791015625
20,71,3.1203266132899694,0.09015646435533231,0.09807395935058594
21,71,2.9406906987258368,0.17963591456413264,0.08606386184692383
22,71,2.7840906935078755,0.15660000521796125,0.10908079147338867
23,71,2.7173691620486125,0.06672153145926307,0.08306264877319336
24,71,2.311872694977692,0.40549646707092046,0.08906745910644531
25,71,2.1336205690077374,0.17825212596995454,0.09907412528991699
26,71,1.7004211461714336,0.43319942283630386,0.09907293319702148
27,71,1.276061651630061,0.4243594945413727,0.08706498146057129
28,71,1.2287792858481408,0.04728236578192013,0.1060798168182373
29,71,1.0525900060704776,0.1761892797776632,0.09106802940368652
30,71,0.9747034518207822,0.07788655424969537,0.0870656967163086
31,71,0.9329141367162977,0.04178931510448447,0.1060798168182373
32,71,0.8726438588585173,0.060270277857780497,0.07805705070495605
33,71,0.8307837699566568,0.04186008890186044,0.09307026863098145
34,71,0.7663210531217711,0.06446271683488569,0.09507036209106445
35,71,0.7315440039975303,0.034777049124240844,0.12609481811523438
36,71,0.6949865211759295,0.03655748282160076,0.11508703231811523
37,71,0.6813486151014055,0.013637906074523976,0.09507012367248535
38,71,0.6493640470845359,0.03198456801686966,0.08106184005737305
39,71,0.6040972560771874,0.04526679100734843,0.10207414627075195
40,71,0.5680781968789441,0.03601905919824333,0.09006834030151367
41,71,0.5274321275012833,0.0406460693776608,0.09206771850585938
42,71,0.47848603816543306,0.04894608933585026,0.10307812690734863
43,71,0.42767347443955284,0.05081256372588022,0.09607100486755371
44,71,0.3742105911863702,0.05346288325318266,0.08506393432617188
45,71,0.33002005854461874,0.044190532641751434,0.10107707977294922
46,71,0.2969463304749557,0.03307372806966302,0.09106731414794922
47,71,0.27384634382384165,0.02309998665111407,0.09006667137145996
48,71,0.25594628865378244,0.017900055170059215,0.10307717323303223
49,71,0.2420623283535242,0.013883960300258236,0.09106779098510742
50,71,0.22922676016390323,0.012835568189620977,0.0820612907409668
51,71,0.21866871282884054,0.010558047335062687,0.09607219696044922
52,71,0.20912287392999446,0.009545838898846082,0.09607291221618652
53,71,0.2007246310370309,0.008398242892963564,0.09005999565124512
54,71,0.1933912326182638,0.007333398418767095,0.10908198356628418
55,71,0.18653624260851315,0.00685499000975065,0.09106779098510742
56,71,0.1801302034407854,0.006406039167727751,0.08906674385070801
57,71,0.17452708591307914,0.005603117527706258,0.09907341003417969
58,71,0.16904014002851078,0.005486945884568356,0.10307765007019043
59,71,0.1638213416508266,0.005218798377684186,0.08306264877319336
60,71,0.15924919960115638,0.004572142049670214,0.10307621955871582
61,71,0.15495269443626913,0.004296505164887249,0.09407186508178711
62,71,0.150920539021492,0.004032155414777139,0.0840613842010498
63,71,0.14715591458550523,0.0037646244359867687,0.11308479309082031
64,71,0.1436364472657442,0.0035194673197610216,0.09206891059875488
65,71,0.14009946454955,0.003536982716194209,0.08406305313110352
66,71,0.1370775305650064,0.00302193398454359,0.09006667137145996
67,71,0.1340159871014101,0.0030615434635963,0.10107588768005371
68,71,0.13121403245202132,0.002801954649388788,0.09006690979003906
69,71,0.12845883290576082,0.002755199546260495,0.11208605766296387
70,71,0.1257962807214686,0.002662552184292233,0.08706355094909668
71,71,0.12344271327980927,0.002353567441659321,0.09006690979003906
72,71,0.12098266365166221,0.002460049628147054,0.09206938743591309
73,71,0.1185244232788682,0.0024582403727940183,0.09707212448120117
74,71,0.11646812709953104,0.0020562961793371554,0.08606386184692383
75,71,0.11442860359379223,0.0020395235057388134,0.11708831787109375
76,71,0.11226097689356122,0.002167626700231004,0.09006690979003906
77,71,0.11032920145669153,0.0019317754368696899,0.08306241035461426
78,71,0.10833835649171046,0.0019908449649810728,0.09807467460632324
79,71,0.10668012380599975,0.001658232685710706,0.08306145668029785
80,71,0.10490403294137546,0.0017760908646242968,0.09607291221618652
81,71,0.10307862600151982,0.0018254069398556394,0.10908150672912598
82,71,0.10163586894316333,0.0014427570583564892,0.08806443214416504
83,71,0.09986651149392128,0.0017693574492420455,0.08806562423706055
84,71,0.0983770714902452,0.0014894400036760819,0.10207653045654297
85,71,0.09689277273097209,0.0014842987592731116,0.09206891059875488
86,71,0.09544241343864372,0.0014503592923283681,0.0990743637084961
87,71,0.0940528691389731,0.001389544299670628,0.08706474304199219
88,71,0.0925485537680132,0.0015043153709598939,0.09607172012329102
89,71,0.09134781050043447,0.0012007432675787272,0.0890665054321289
90,71,0.09002721071136849,0.0013205997890659849,0.10908246040344238
91,71,0.08878906399969544,0.0012381467116730493,0.10107684135437012
92,71,0.08763996953942946,0.0011490944602659814,0.09006595611572266
93,71,0.08628783641116959,0.0013521331282598664,0.10307788848876953
94,71,0.08525626452480044,0.0010315718863691536,0.09106731414794922
95,71,0.08409173400274345,0.0011645305220569918,0.07906103134155273
96,71,0.08295126798376441,0.0011404660189790333,0.09707021713256836
97,71,0.08198197354057006,0.0009692944431943518,0.10908150672912598
98,71,0.08083184591733984,0.0011501276232302182,0.08906674385070801
99,71,0.07992365107738546,0.0009081948399543849,0.10507822036743164
100,71,0.07880474583857826,0.0011189052388071996,0.08606362342834473
101,71,0.07797621800431183,0.0008285278342664293,0.08706521987915039
102,71,0.07687435665833099,0.0011018613459808368,0.09507083892822266
103,71,0.0760805050874395,0.0007938515708914851,0.09006857872009277
104,71,0.07514349062953676,0.0009370144579027434,0.09807252883911133
105,71,0.07423288730265838,0.0009106033268783814,0.10307693481445312
106,71,0.07340104318090848,0.0008318441217499001,0.09707260131835938
107,71,0.07252529166585633,0.0008757515150521478,0.08506345748901367
108,71,0.07173985297552177,0.0007854386903345667,0.1110844612121582
109,71,0.07091155864245126,0.0008282943330705089,0.0890665054321289
110,71,0.07009768343557204,0.0008138752068792138,0.09006857872009277
111,71,0.0693661449801709,0.0007315384554011511,0.09607076644897461
112,71,0.06859305688951697,0.00077308809065392,0.09807324409484863
113,71,0.06789486816046493,0.0006981887290520433,0.08906769752502441
114,71,0.0671024162146662,0.0007924519457987306,0.11508870124816895
115,71,0.06649195873098714,0.0006104574836790638,0.08806419372558594
116,71,0.06570561154612473,0.0007863471848624098,0.08806490898132324
117,71,0.06503305504204972,0.0006725565040750087,0.11108613014221191
118,71,0.06445966537935394,0.0005733896626957807,0.09206533432006836
119,71,0.06369150991046003,0.0007681554688939024,0.09607338905334473
120,71,0.06311936940678528,0.0005721405036747534,0.09306788444519043
121,71,0.062470942866589343,0.0006484265401959372,0.09206891059875488
122,71,0.061845893665616,0.0006250492009733447,0.09106636047363281
123,71,0.0612377024457923,0.0006081912198237019,0.10307765007019043
124,71,0.060705056717353205,0.000532645728439092,0.07805800437927246
125,71,0.06000571639410087,0.0006993403232523343,0.09607315063476562
126,71,0.05953281638026237,0.0004729000138384981,0.10207438468933105
127,71,0.05892476479070527,0.0006080515895571029,0.10007524490356445
128,71,0.0583800678146737,0.0005446969760315723,0.08906745910644531
129,71,0.05784384420514107,0.0005362236095326281,0.10207581520080566
130,71,0.05732690120169095,0.000516943003450121,0.09206891059875488
131,71,0.056791645684944735,0.0005352555167462136,0.0940694808959961
132,71,0.05625136434180396,0.0005402813431407763,0.11008214950561523
133,71,0.05577328742880906,0.00047807691299489585,0.09106850624084473
134,71,0.05528009125962854,0.0004931961691805251,0.08906698226928711
135,71,0.05475458604257022,0.0005255052170583183,0.09907388687133789
136,71,0.054337321725274834,0.00041726431729538493,0.09907412528991699
137,71,0.05381276312949402,0.0005245585957808149,0.08606505393981934
138,71,0.05336962060949632,0.0004431425199976982,0.11008167266845703
139,71,0.05288957901352218,0.0004800415959741386,0.1110832691192627
140,71,0.052454300540366344,0.0004352784731558382,0.11408615112304688
141,71,0.05201129493330206,0.00044300560706428405,0.10307574272155762
142,71,0.05160013148614338,0.00041116344715867725,0.09006762504577637
143,71,0.05111501965565341,0.0004851118304899718,0.11008238792419434
144,71,0.0507441089451313,0.0003709107105221085,0.09307074546813965
145,71,0.050300901288964917,0.00044320765616638613,0.08806562423706055
146,71,0.049900931667004315,0.0003999696219606011,0.09407281875610352
147,71,0.04951165685004422,0.00038927481696009875,0.10707974433898926
148,71,0.049079895486789094,0.00043176136325512315,0.09106612205505371
149,71,0.04874627777880856,0.00033361770798053664,0.10407853126525879
150,71,0.04830036065780691,0.0004459171210016502,0.09507060050964355
151,71,0.04793548597874386,0.00036487467906305,0.09206938743591309
152,71,0.04757882153987884,0.00035666443886501337,0.11308407783508301
153,71,0.047193098106554573,0.00038572343332426984,0.09106802940368652
154,71,0.046846000309501375,0.0003470977970531988,0.08406329154968262
155,71,0.0464856590319957,0.00036034127750567135,0.09006714820861816
156,71,0.04613418479210564,0.0003514742398900636,0.09507060050964355
157,71,0.04576621584168502,0.00036796895042062044,0.10207748413085938
158,71,0.045448474660515784,0.0003177411811692357,0.10507774353027344
159,71,0.04508825899713806,0.0003602156633777248,0.08706474304199219
160,71,0.044778206243046695,0.0003100527540913639,0.08906674385070801
161,71,0.04443616980686784,0.0003420364361788539,0.10207867622375488
162,71,0.044133157908916476,0.0003030118979513649,0.09106731414794922
163,71,0.04375592258306486,0.0003772353258516131,0.0940709114074707
164,71,0.04347919352565493,0.0002767290574099343,0.10307621955871582
165,71,0.04319687460309693,0.0002823189225579989,0.07505607604980469
166,71,0.042857459650507995,0.0003394149525889345,0.08806633949279785
167,71,0.04256084820255637,0.0002966114479516224,0.10708069801330566
168,71,0.042241698810564624,0.0003191493919917493,0.08706426620483398
169,71,0.04198778218722769,0.00025391662333693055,0.09106826782226562
170,71,0.04165902076821242,0.00032876141901527073,0.09206819534301758
171,71,0.041387218945792746,0.0002718018224196761,0.10207629203796387
172,71,0.04111984395980835,0.00026737498598439907,0.08806538581848145
173,71,0.04080764507502317,0.0003121988847851753,0.10407733917236328
174,71,0.040559209863522225,0.00024843521150094694,0.09607338905334473
175,71,0.040277489704479065,0.0002817201590431598,0.09607076644897461
176,71,0.04001051626860031,0.00026697343587875344,0.11608624458312988
177,71,0.039730965719425256,0.00027955054917505606,0.08506393432617188
178,71,0.039493439690875154,0.00023752602855010158,0.08706498146057129
179,71,0.039235197795288904,0.0002582418955862503,0.09707307815551758
180,71,0.03894370822182724,0.000291489573461666,0.10407757759094238
181,71,0.038735608975003874,0.00020809924682336362,0.0940701961517334
182,71,0.038449411776182905,0.00028619719882096856,0.10407781600952148
183,71,0.03823576823888081,0.00021364353730209812,0.08506345748901367
184,71,0.03798251811228692,0.0002532501265938847,0.08806729316711426
185,71,0.037731040698609185,0.00025147741367773785,0.09607338905334473
186,71,0.03749681753106415,0.00023422316754503208,0.1010739803314209
187,71,0.03728618585637637,0.00021063167468778066,0.09206891059875488
188,71,0.037011075687195576,0.0002751101691807964,0.10407781600952148
189,71,0.03681442455734525,0.000196651129850324,0.09507131576538086
190,71,0.036585445895791054,0.00022897866155419805,0.08306193351745605
191,71,0.03635293074617429,0.000232515149616766,0.11508584022521973
192,71,0.03614397857178535,0.00020895217438893915,0.09106802940368652
193,71,0.0359167466647923,0.00022723190699305146,0.08806633949279785
194,71,0.03570228039952261,0.00021446626526968465,0.10908198356628418
195,71,0.03547077779578311,0.00023150260373950432,0.0820612907409668
196,71,0.035281568176246114,0.00018920961953699383,0.082061767578125
197,71,0.03507386046408543,0.000207707712160686,0.10107564926147461
198,71,0.034860288474442704,0.0002135719896427246,0.09907341003417969
199,71,0.03466593750193715,0.00019435097250555117,0.0870661735534668
200,71,0.0344473897734923,0.00021854772844485254,0.09507083892822266
