1,321,623.3892393450055,Nan,0.06904745101928711
2,321,207.26929206194197,416.11994728306354,0.08505749702453613
3,321,145.47650109209334,61.792790969848625,0.1070702075958252
4,321,106.36344397844587,39.11305711364747,0.06604671478271484
5,321,90.8499849243164,15.51345905412947,0.07705092430114746
6,321,80.87439499991281,9.975589924403593,0.07605123519897461
7,321,72.99763741629464,7.876757583618172,0.07104730606079102
8,321,64.9486479939052,8.04898942238944,0.0740499496459961
9,321,60.342820739746095,4.605827254159102,0.0810551643371582
10,321,66.50984172603063,-6.167020986284534,0.06904458999633789
11,321,66.27748284258162,0.23235888344900957,0.07505083084106445
12,321,59.31847535378592,6.959007488795699,0.07805395126342773
13,321,54.26789874921526,5.050576604570658,0.07805085182189941
14,321,48.549864597865515,5.718034151349748,0.07505130767822266
15,321,43.37620646558489,5.173658132280622,0.07504987716674805
16,321,44.97411132322039,-1.5979048576354984,0.07304954528808594
17,321,41.188521139417375,3.7855901838030164,0.07905340194702148
18,321,34.57055448041643,6.617966659000942,0.07104730606079102
19,321,27.90368493434361,6.6668695460728244,0.07205009460449219
20,321,28.378769852502007,-0.47508491815839804,0.06704521179199219
21,321,32.17888005011422,-3.8001101976122165,0.0810537338256836
22,321,31.715656381334576,0.4632236687796478,0.07204842567443848
23,321,34.337298025403705,-2.621641644069129,0.07104945182800293
24,321,32.81321512767247,1.5240828977312333,0.08505654335021973
25,321,32.67121778106689,0.14199734660557795,0.07504844665527344
26,321,27.02621145575387,5.645006325313023,0.07705450057983398
27,321,14.571837228230068,12.454374227523802,0.07504844665527344
28,321,12.466357386997768,2.1054798412323006,0.07805252075195312
29,321,10.646185742105757,1.8201716448920102,0.07004690170288086
30,321,9.772903203964233,0.8732825381415239,0.07104659080505371
31,321,7.9226894732884,1.8502137306758337,0.07404875755310059
32,321,8.259422178268432,-0.33673270498003216,0.0810556411743164
33,321,8.973261753354754,-0.7138395750863218,0.0760500431060791
34,321,7.758005955151149,1.2152557982036045,0.0690460205078125
35,321,7.6313767957687375,0.1266291593824116,0.07104825973510742
36,321,5.209138112068176,2.422238683700561,0.07705068588256836
37,321,4.200693156106132,1.0084449559620445,0.07605123519897461
38,321,2.812521244934627,1.3881719111715047,0.07504987716674805
39,321,2.2215239659036907,0.5909972790309364,0.06804776191711426
40,321,1.8787296466827392,0.3427943192209515,0.0950632095336914
41,321,1.6877667260169984,0.19096292066574083,0.14610004425048828
42,321,1.5288944123813084,0.15887231363569,0.0760488510131836
43,321,1.4461348115376065,0.08275960084370193,0.0860586166381836
44,321,1.36012972004073,0.0860050914968764,0.08505606651306152
45,321,1.3009260691574642,0.059203650883265846,0.08005380630493164
46,321,1.2458845594951085,0.05504150966235577,0.0760505199432373
47,321,1.1980925822257995,0.04779197726930895,0.08405709266662598
48,321,1.1526577435731888,0.045434838652610665,0.08005714416503906
49,321,1.1132380977698735,0.03941964580331536,0.07304835319519043
50,321,1.0748737526450838,0.0383643451247897,0.08005380630493164
51,321,1.0414266315868923,0.033447121058191476,0.08105301856994629
52,321,1.0081685330867767,0.03325809850011563,0.0790562629699707
53,321,0.9784331379277366,0.029735395159040112,0.08405470848083496
54,321,0.9500264246804374,0.028406713247299153,0.08005428314208984
55,321,0.924032487818173,0.025993936862264366,0.07104611396789551
56,321,0.898183459350041,0.025849028468132085,0.08105707168579102
57,321,0.8743114447082792,0.023872014641761807,0.10006546974182129
58,321,0.8514581422465188,0.022853302461760316,0.08505725860595703
59,321,0.8307748121363776,0.02068333011014123,0.0860593318939209
60,321,0.8101033093418394,0.02067150279453822,0.07805085182189941
61,321,0.7905677033151899,0.0195356060266495,0.07505154609680176
62,321,0.7723944684096745,0.018173234905515367,0.07505345344543457
63,321,0.7547221860374723,0.017672282372202197,0.08605432510375977
64,321,0.7378699996471405,0.016852186390331814,0.06604409217834473
65,321,0.7218925282103674,0.015977471436773083,0.07705163955688477
66,321,0.7061772638559342,0.015715264354433267,0.08205485343933105
67,321,0.6918473472935813,0.014329916562352829,0.09006357192993164
68,321,0.677513925927026,0.014333421366555354,0.09706735610961914
69,321,0.6642319541147778,0.013281971812248217,0.08605694770812988
70,321,0.6507983929259437,0.013433561188834098,0.07204771041870117
71,321,0.6382693835837501,0.012529009342193587,0.10006237030029297
72,321,0.6263314357825688,0.011937947801181292,0.07805156707763672
73,321,0.6146031379529409,0.01172829782962792,0.07605195045471191
74,321,0.6034213468176978,0.011181791135243091,0.0740499496459961
75,321,0.5922273537942342,0.011193993023463578,0.07905220985412598
76,321,0.582187781725611,0.01003957206862316,0.07104730606079102
77,321,0.5720258820567812,0.010161899668829855,0.07505083084106445
78,321,0.5622806719967297,0.009745210060051468,0.07504987716674805
79,321,0.5527776128564562,0.009503059140273495,0.10507082939147949
80,321,0.54374795878785,0.00902965406860623,0.08105611801147461
81,321,0.5348937750884465,0.008854183699403495,0.06304073333740234
82,321,0.5262819422568594,0.008611832831587063,0.07304930686950684
83,321,0.5181809644017901,0.008100977855069358,0.07404947280883789
84,321,0.5099287142498152,0.008252250151974838,0.0740506649017334
85,321,0.502386687031814,0.007542027218001235,0.08405566215515137
86,321,0.49482241950716294,0.007564267524651058,0.07205009460449219
87,321,0.48722766854081834,0.007594750966344599,0.0810556411743164
88,321,0.4803871855735779,0.0068404829672404355,0.09806466102600098
89,321,0.4733625866344997,0.007024598939078197,0.09706473350524902
90,321,0.4664812784876142,0.006881308146885479,0.07705259323120117
91,321,0.45980309947047915,0.0066781790171350774,0.07004690170288086
92,321,0.4536496852976935,0.006153414172785643,0.0760502815246582
93,321,0.44725410247700553,0.006395582820687973,0.0810549259185791
94,321,0.4410821015749659,0.0061720009020396205,0.059038400650024414
95,321,0.43545120527063097,0.0056308963043349425,0.059040069580078125
96,321,0.4293019825731005,0.0061492226975304876,0.08605790138244629
97,321,0.4239789245128632,0.005323058060237307,0.07204914093017578
98,321,0.4183933784876551,0.005585546025208055,0.09006881713867188
99,321,0.4129492822630065,0.005444096224648642,0.1090693473815918
100,321,0.4078210753457887,0.00512820691721777,0.07304739952087402
101,321,0.4026396143010684,0.005181461044720281,0.06604433059692383
102,321,0.39768880153553826,0.004950812765530166,0.06704497337341309
103,321,0.39279308827434267,0.004895713261195589,0.08405566215515137
104,321,0.38812445479631424,0.004668633478028428,0.11008143424987793
105,321,0.38348720338514874,0.0046372514111654994,0.10506963729858398
106,321,0.37885742621762414,0.004629777167524607,0.08105254173278809
107,321,0.3746128383108548,0.004244587906769348,0.07004737854003906
108,321,0.37010250748906814,0.004510330821786646,0.06804633140563965
109,321,0.3659185834016119,0.00418392408745627,0.0810544490814209
110,321,0.36181813610451563,0.0041004472970962436,0.062042951583862305
111,321,0.3577446541360446,0.0040734819684710155,0.07705426216125488
112,321,0.3538031690801893,0.003941485055855343,0.07604789733886719
113,321,0.3499166033523423,0.003886565727846958,0.07805156707763672
114,321,0.3458555955546243,0.004061007797718008,0.0810556411743164
115,321,0.3423643888831139,0.0034912066715104273,0.08005309104919434
116,321,0.3386422552551542,0.0037221336279597006,0.07504963874816895
117,321,0.33506976121664045,0.0035724940385137294,0.09006166458129883
118,321,0.33160991572482246,0.003459845491817992,0.14609622955322266
119,321,0.3280679699778557,0.003541945746966757,0.06404256820678711
120,321,0.3248508377756391,0.0032171322022165882,0.0930624008178711
121,321,0.32146093239103046,0.003389905384608649,0.07705044746398926
122,321,0.3181483134542193,0.0033126189368111736,0.06804776191711426
123,321,0.3151162077954837,0.0030321056587355733,0.08705949783325195
124,321,0.3118922781603677,0.0032239296351160296,0.11307501792907715
125,321,0.3089241631882531,0.002968114972114577,0.08305478096008301
126,321,0.30580580461025236,0.003118358578000746,0.08205533027648926
127,321,0.30288660491364344,0.0029191996966089206,0.07004618644714355
128,321,0.30005700365986143,0.0028296012537820103,0.07304883003234863
129,321,0.2971731648189681,0.002883838840893327,0.08205533027648926
130,321,0.29440114550079616,0.0027720193181719477,0.06704449653625488
131,321,0.29162263223103113,0.002778513269765026,0.07805442810058594
132,321,0.2889065441318921,0.0027160880991390357,0.0760493278503418
133,321,0.28636361257093296,0.0025429315609591385,0.06904745101928711
134,321,0.2836512529551983,0.002712359615734683,0.0790555477142334
135,321,0.28114750183480125,0.002503751120397024,0.08305525779724121
136,321,0.27862271296978,0.002524788865021277,0.09606313705444336
137,321,0.2760834107867309,0.002539302183049097,0.09106183052062988
138,321,0.2737217482413564,0.0023616625453744544,0.07805156707763672
139,321,0.2713813631279128,0.0023403851134436437,0.07505035400390625
140,321,0.26894898793101313,0.00243237519689965,0.07404947280883789
141,321,0.26660662353890285,0.0023423643921102744,0.08605718612670898
142,321,0.2643576244413853,0.002248999097517579,0.0760505199432373
143,321,0.2621801445356437,0.002177479905741575,0.07605147361755371
144,321,0.25988030420030866,0.002299840335335035,0.08205461502075195
145,321,0.2577669273231711,0.002113376877137585,0.0690462589263916
146,321,0.255630437876497,0.002136489446674106,0.06904721260070801
147,321,0.2534669261106423,0.0021635117658546643,0.07404899597167969
148,321,0.2514820618544306,0.0019848642562116936,0.07104873657226562
149,321,0.24941117099353247,0.0020708908608981502,0.06304192543029785
150,321,0.24740141626766748,0.0020097547258649817,0.0810537338256836
151,321,0.24539857658318112,0.0020028396844863627,0.07304954528808594
152,321,0.24348205488494465,0.001916521698236473,0.08305597305297852
153,321,0.24160604458195822,0.001876010302986425,0.08605766296386719
154,321,0.23966321937526974,0.001942825206688481,0.08705782890319824
155,321,0.23783543870278767,0.001827780672482071,0.09006118774414062
156,321,0.23600663132752692,0.0018288073752607548,0.13209152221679688
157,321,0.23417931123290744,0.0018273200946194723,0.08005452156066895
158,321,0.23240854491080556,0.00177076632210188,0.08205437660217285
159,321,0.23065307539275715,0.0017554695180484192,0.08806085586547852
160,321,0.22892481092470032,0.0017282644680568227,0.0830543041229248
161,321,0.22723670047095842,0.0016881104537418978,0.08405685424804688
162,321,0.22557481316583497,0.001661887305123455,0.08605718612670898
163,321,0.2238108828195504,0.0017639303462845812,0.08605480194091797
164,321,0.22225111392991884,0.001559768889631552,0.06704568862915039
165,321,0.22063320878999573,0.0016179051399231037,0.07004952430725098
166,321,0.2190183899615492,0.0016148188284465237,0.07704854011535645
167,321,0.2174602324451719,0.0015581575163773065,0.07004642486572266
168,321,0.21589542910456658,0.0015648033406053252,0.07205057144165039
169,321,0.21437594507421767,0.0015194840303489054,0.07704925537109375
170,321,0.21287535824520248,0.001500586829015188,0.08205604553222656
171,321,0.2113179857816015,0.0015573724636009922,0.07705235481262207
172,321,0.2099747818836144,0.0013432038979870886,0.06704545021057129
173,321,0.2084373929968902,0.0015373888867241947,0.0760505199432373
174,321,0.20698609016197067,0.0014513028349195378,0.08806252479553223
175,321,0.2056166481588568,0.0013694420031138688,0.09906387329101562
176,321,0.20420337277650832,0.0014132753823484778,0.07505035400390625
177,321,0.20283220739024027,0.0013711653862680528,0.07805275917053223
178,321,0.2014695020743779,0.0013627053158623836,0.07705068588256836
179,321,0.20014810926999366,0.0013213928043842305,0.07104825973510742
180,321,0.19877677889806883,0.0013713303719248282,0.08205795288085938
181,321,0.19747739076188633,0.0012993881361824944,0.09506344795227051
182,321,0.19618901896902494,0.001288371792861398,0.08505773544311523
183,321,0.1949006166415555,0.0012884023274694345,0.08205389976501465
184,321,0.19362889524442808,0.0012717213971274177,0.09006285667419434
185,321,0.1924101026569094,0.0012187925875186967,0.08505558967590332
186,321,0.19117870845964977,0.001231394197259622,0.07805156707763672
187,321,0.18993107490880148,0.0012476335508482816,0.07705092430114746
188,321,0.18878223059432847,0.0011488443144730132,0.08806395530700684
189,321,0.18757811901824814,0.00120411157608033,0.07705307006835938
190,321,0.18634748626181058,0.0012306327564375608,0.08005642890930176
191,321,0.1852640280510698,0.0010834582107407675,0.07004427909851074
192,321,0.1840891746878624,0.001174853363207412,0.07705283164978027
193,321,0.18292714414852007,0.0011620305393423291,0.06704497337341309
194,321,0.18180594518780707,0.001121198960712999,0.10907316207885742
195,321,0.18069549595458168,0.0011104492332253968,0.08105349540710449
196,321,0.17963196126903808,0.001063534685543599,0.0690469741821289
197,321,0.17851643930162703,0.0011155219674110484,0.08005452156066895
198,321,0.17744967923419816,0.001066760067428868,0.09306216239929199
199,321,0.17643101724982263,0.0010186619843755296,0.08505558967590332
200,321,0.17534153873154096,0.0010894785182816724,0.07605171203613281
