1,301,522.7129895324707,Nan,0.08405637741088867
2,301,185.25459631347655,337.45839321899416,0.07905364036560059
3,301,141.47680966186525,43.77778665161131,0.07304859161376953
4,301,91.32364923095703,50.153160430908216,0.08005523681640625
5,301,73.23581311035156,18.087836120605473,0.0900580883026123
6,301,63.884117614746096,9.351695495605462,0.0740504264831543
7,301,58.258496978759766,5.62562063598633,0.07204890251159668
8,301,51.65320690917969,6.605290069580079,0.08105349540710449
9,301,50.13613471221924,1.5170721969604486,0.1070716381072998
10,301,47.03495427703857,3.101180435180666,0.08205556869506836
11,301,39.60840878677368,7.426545490264893,0.07204866409301758
12,301,32.674850856781006,6.9335579299926735,0.06404352188110352
13,301,28.98877907562256,3.6860717811584465,0.06304192543029785
14,301,24.804169624328612,4.184609451293948,0.08505749702453613
15,301,25.412682989120484,-0.6085133647918717,0.10106754302978516
16,301,27.577851982116698,-2.1651689929962146,0.08505415916442871
17,301,27.208718662261962,0.3691333198547362,0.07204914093017578
18,301,31.35516095352173,-4.146442291259767,0.0740499496459961
19,301,37.399411727905274,-6.044250774383546,0.07104682922363281
20,301,36.68273856925964,0.7166731586456336,0.0810546875
21,301,37.49058526229858,-0.8078466930389396,0.07004618644714355
22,301,43.16989093017578,-5.679305667877202,0.0690464973449707
23,301,32.594723876953125,10.575167053222657,0.07705116271972656
24,301,18.68907625961304,13.905647617340087,0.07004761695861816
25,301,12.289446647644043,6.3996296119689955,0.07905244827270508
26,301,11.82308402633667,0.4663626213073737,0.08405685424804688
27,301,7.326950739860535,4.496133286476135,0.07104706764221191
28,301,5.233315093040466,2.0936356468200685,0.07605147361755371
29,301,3.734153402328491,1.4991616907119751,0.07104778289794922
30,301,3.2172901113033294,0.5168632910251616,0.06304216384887695
31,301,2.7590623846054076,0.4582277266979218,0.07004666328430176
32,301,2.4648764946460724,0.29418588995933526,0.08205533027648926
33,301,2.241981540441513,0.22289495420455951,0.10306954383850098
34,301,2.1026845390796662,0.13929700136184664,0.07004618644714355
35,301,1.9574934751987458,0.1451910638809204,0.08205604553222656
36,301,1.8561836524009705,0.10130982279777534,0.07304811477661133
37,301,1.7491066124439238,0.10707703995704665,0.0690464973449707
38,301,1.6604571303129196,0.08864948213100421,0.07104897499084473
39,301,1.5828417654037477,0.07761536490917198,0.08105301856994629
40,301,1.5060243651866914,0.0768174002170563,0.06404376029968262
41,301,1.4450514994859696,0.0609728657007218,0.10407114028930664
42,301,1.3806471890211105,0.06440431046485906,0.07304668426513672
43,301,1.3223369456529617,0.05831024336814883,0.0860588550567627
44,301,1.2742489142417908,0.048088031411170906,0.12007880210876465
45,301,1.2213578233718871,0.05289109086990362,0.07505106925964355
46,301,1.1793030925989152,0.04205473077297195,0.06404256820678711
47,301,1.1382431608438492,0.04105993175506595,0.07204890251159668
48,301,1.097479439139366,0.04076372170448317,0.07605099678039551
49,301,1.0654003326892854,0.03207910645008072,0.09106063842773438
50,301,1.027863965034485,0.037536367654800395,0.07304978370666504
51,301,0.9979285492897033,0.029935415744781646,0.07204771041870117
52,301,0.9660554755926132,0.03187307369709014,0.07605099678039551
53,301,0.9383249981403351,0.02773047745227808,0.08005404472351074
54,301,0.9117060617208481,0.026618936419486983,0.0760507583618164
55,301,0.8856476384401322,0.026058423280715948,0.07104730606079102
56,301,0.8634113984107972,0.022236240029334997,0.0740501880645752
57,301,0.8387012503147125,0.024710148096084628,0.0830545425415039
58,301,0.8188004193305969,0.01990083098411566,0.07305002212524414
59,301,0.7969616931676865,0.021838726162910382,0.0760507583618164
60,301,0.7779515537023545,0.019010139465332032,0.07805323600769043
61,301,0.7586435596942902,0.019307994008064266,0.08005332946777344
62,301,0.7419607766866684,0.016682783007621826,0.07705211639404297
63,301,0.7239240891337395,0.018036687552928865,0.07705068588256836
64,301,0.7083795253038406,0.015544563829898883,0.07905173301696777
65,301,0.6924551497101784,0.01592437559366222,0.07004904747009277
66,301,0.6772786148786545,0.015176534831523925,0.08105349540710449
67,301,0.6632182158231735,0.014060399055480954,0.07204818725585938
68,301,0.6489662793874741,0.014251936435699442,0.07004666328430176
69,301,0.6352488691806794,0.013717410206794733,0.06404447555541992
70,301,0.6233180096149444,0.01193085956573492,0.07705116271972656
71,301,0.6101848050951958,0.013133204519748642,0.07404875755310059
72,301,0.5992831903100013,0.010901614785194469,0.07505202293395996
73,301,0.5870835856795311,0.012199604630470207,0.0760495662689209
74,301,0.5768724778294563,0.010211107850074841,0.07204937934875488
75,301,0.5652514576911927,0.011621020138263605,0.08605694770812988
76,301,0.5558755565285682,0.009375901162624434,0.07304835319519043
77,301,0.54541468167305,0.010460874855518276,0.07505226135253906
78,301,0.536197696864605,0.009216984808445017,0.07504963874816895
79,301,0.5269268063306809,0.009270890533924048,0.10307145118713379
80,301,0.5178931228518486,0.009033683478832266,0.0760490894317627
81,301,0.5091244630217552,0.00876865983009345,0.08405828475952148
82,301,0.5006747204065323,0.00844974261522291,0.07404899597167969
83,301,0.4924588805437088,0.008215839862823482,0.08005857467651367
84,301,0.48467421329021454,0.0077846672534942485,0.07004213333129883
85,301,0.47687297534942624,0.007801237940788297,0.07004642486572266
86,301,0.4695210369229317,0.007351938426494564,0.0720510482788086
87,301,0.4619732954502106,0.007547741472721081,0.08405375480651855
88,301,0.4554275738596916,0.006545721590518971,0.07905387878417969
89,301,0.4479828869104385,0.007444686949253099,0.07705187797546387
90,301,0.4420022183656693,0.005980668544769252,0.07304906845092773
91,301,0.43506578987836836,0.006936428487300916,0.062041282653808594
92,301,0.4288805428147316,0.006185247063636767,0.06604552268981934
93,301,0.42283343577384946,0.006047107040882127,0.0830545425415039
94,301,0.41673739820718764,0.006096037566661827,0.07404947280883789
95,301,0.4111144042015076,0.00562299400568006,0.08305740356445312
96,301,0.4054862834811211,0.005628120720386487,0.08005332946777344
97,301,0.39993532437086105,0.005550959110260045,0.0760493278503418
98,301,0.3945190634727478,0.0054162608981132565,0.07605123519897461
99,301,0.38931154292821885,0.005207520544528943,0.07004833221435547
100,301,0.38424997466802596,0.0050615682601928835,0.07204627990722656
101,301,0.3795190960764885,0.00473087859153748,0.07204842567443848
102,301,0.37429369699954984,0.005225399076938642,0.07705307006835938
103,301,0.3700738812088966,0.004219815790653225,0.07304763793945312
104,301,0.3649979377090931,0.005075943499803504,0.07404923439025879
105,301,0.36068354234099387,0.004314395368099244,0.07405614852905273
106,301,0.3562654504477978,0.0044180918931960855,0.06504225730895996
107,301,0.3518688522875309,0.004396598160266885,0.08305764198303223
108,301,0.34774666371941565,0.004122188568115248,0.07505130767822266
109,301,0.34338856902718545,0.004358094692230197,0.06904411315917969
110,301,0.33965629678964615,0.0037322722375393025,0.07505083084106445
111,301,0.3355124404728413,0.0041438563168048614,0.08505940437316895
112,301,0.3317083694338799,0.0038040710389614096,0.07504725456237793
113,301,0.32789353001117705,0.0038148394227028315,0.08005404472351074
114,301,0.324414097905159,0.003479432106018032,0.11607718467712402
115,301,0.320568942964077,0.0038451549410820074,0.06604385375976562
116,301,0.3170095246732235,0.003559418290853489,0.07505130767822266
117,301,0.31355170160532,0.0034578230679035427,0.07404875755310059
118,301,0.31022835916280744,0.0033233424425125335,0.07004833221435547
119,301,0.3070503447949886,0.0031780143678188377,0.07304835319519043
120,301,0.3035092367231846,0.003541108071804022,0.08205580711364746
121,301,0.30032208397984506,0.0031871527433395275,0.07004547119140625
122,301,0.2973554067015648,0.002966677278280261,0.07705187797546387
123,301,0.2941734009087086,0.003182005792856213,0.07304883003234863
124,301,0.2912234360277653,0.00294996488094329,0.06104111671447754
125,301,0.2882951748073101,0.002928261220455197,0.0810542106628418
126,301,0.285330896794796,0.0029642780125140877,0.07104849815368652
127,301,0.28246364268660545,0.0028672541081905534,0.07404971122741699
128,301,0.27978730615973474,0.002676336526870715,0.08205890655517578
129,301,0.2770385553836823,0.0027487507760524665,0.07304501533508301
130,301,0.2742856349050999,0.002752920478582388,0.07104873657226562
131,301,0.2717336291372776,0.002552005767822274,0.07404851913452148
132,301,0.26910344904661176,0.0026301800906658457,0.07304692268371582
133,301,0.26659370300173757,0.002509746044874195,0.07705259323120117
134,301,0.26409344109892846,0.002500261902809109,0.08305668830871582
135,301,0.2615835479199886,0.002509893178939848,0.07004475593566895
136,301,0.25918527469038966,0.0023982732295989573,0.0740516185760498
137,301,0.2568869656920433,0.0022983089983463767,0.07004618644714355
138,301,0.2545282671749592,0.00235869851708409,0.07705044746398926
139,301,0.25229195177555086,0.0022363153994083285,0.07805156707763672
140,301,0.24987337148189545,0.002418580293655409,0.07404947280883789
141,301,0.24786381930112839,0.0020095521807670658,0.0820627212524414
142,301,0.24556528902053834,0.0022985302805900443,0.07604289054870605
143,301,0.24358894163370132,0.001976347386837024,0.07705211639404297
144,301,0.24131420892477035,0.002274732708930971,0.08205533027648926
145,301,0.23929330602288246,0.002020902901887889,0.08305692672729492
146,301,0.23719677793979646,0.0020965280830859967,0.09206199645996094
147,301,0.23526748090982438,0.0019292970299720769,0.07705140113830566
148,301,0.23334991231560706,0.0019175685942173226,0.07404923439025879
149,301,0.23134443983435632,0.002005472481250742,0.1190788745880127
150,301,0.22939387276768686,0.0019505670666694619,0.07304954528808594
151,301,0.22764019349217415,0.001753679275512704,0.07905292510986328
152,301,0.22566939029097557,0.0019708032011985788,0.07905316352844238
153,301,0.22390759152173995,0.0017617987692356285,0.07805514335632324
154,301,0.2220764479637146,0.0018311435580253554,0.07905292510986328
155,301,0.2203602790236473,0.001716168940067292,0.0670468807220459
156,301,0.2185057122707367,0.001854566752910597,0.06804466247558594
157,301,0.2169000285565853,0.0016056837141514013,0.06604337692260742
158,301,0.21520622476935386,0.0016938037872314404,0.07705235481262207
159,301,0.21344141510128975,0.00176480966806411,0.08505725860595703
160,301,0.21186061099171638,0.0015808041095733694,0.07705187797546387
161,301,0.21026724079251288,0.0015933701992034977,0.0760507583618164
162,301,0.2085857631266117,0.001681477665901182,0.08205485343933105
163,301,0.20706866726279258,0.0015170958638191234,0.07605171203613281
164,301,0.20550146254897117,0.0015672047138214074,0.07304930686950684
165,301,0.203970907330513,0.0015305552184581572,0.061040401458740234
166,301,0.20249943029880524,0.001471477031707774,0.07805371284484863
167,301,0.20088223960995674,0.0016171906888484966,0.08205413818359375
168,301,0.19958396995067595,0.0012982696592807874,0.06704521179199219
169,301,0.19804119619727134,0.0015427737534046138,0.07905292510986328
170,301,0.19661873322725296,0.0014224629700183844,0.07805180549621582
171,301,0.1952267725765705,0.00139196065068245,0.07204961776733398
172,301,0.19379832601547242,0.0014284465610980845,0.08505749702453613
173,301,0.19245196214318275,0.0013463638722896742,0.07605123519897461
174,301,0.19109185744822024,0.001360104694962505,0.07204794883728027
175,301,0.18983910796046258,0.001252749487757665,0.08105635643005371
176,301,0.18837880234420298,0.001460305616259594,0.07905268669128418
177,301,0.1871429939866066,0.001235808357596374,0.07504940032958984
178,301,0.18584489218890668,0.0012981017976999298,0.07404971122741699
179,301,0.1846157432347536,0.0012291489541530753,0.06904721260070801
180,301,0.1833179577589035,0.001297785475850105,0.07404923439025879
181,301,0.18209895199537277,0.0012190057635307339,0.07404923439025879
182,301,0.18087672702968122,0.0012222249656915485,0.07905411720275879
183,301,0.17965553000569343,0.0012211970239877912,0.07805085182189941
184,301,0.17846948044002056,0.0011860495656728642,0.1090707778930664
185,301,0.17731108574569227,0.0011583946943282963,0.07104825973510742
186,301,0.17617061522603034,0.0011404705196619291,0.07204818725585938
187,301,0.17496813118457794,0.0012024840414524007,0.07304835319519043
188,301,0.17389194284379483,0.0010761883407831019,0.08005452156066895
189,301,0.17272507613897323,0.0011668667048216064,0.07104754447937012
190,301,0.1716392648369074,0.0010858113020658366,0.07204842567443848
191,301,0.17053466819226742,0.0011045966446399658,0.0690453052520752
192,301,0.16948445065319537,0.001050217539072057,0.07705235481262207
193,301,0.16841895774006843,0.0010654929131269364,0.07205057144165039
194,301,0.16735859340429307,0.00106036433577536,0.08105325698852539
195,301,0.16630022823810578,0.0010583651661872917,0.07705020904541016
196,301,0.16528348556160927,0.0010167426764965126,0.0760507583618164
197,301,0.16427567985653876,0.0010078057050705025,0.07304763793945312
198,301,0.163226126357913,0.0010495534986257604,0.0760505199432373
199,301,0.1622764632254839,0.0009496631324291127,0.07705426216125488
200,301,0.16128549113869667,0.000990972086787223,0.07204699516296387
