1,2.3047790318216594,481,0.48540687561035156,Nan
2,2.2507568488121033,481,0.06851625442504883,0.05402218300955619
3,2.20483406318937,481,0.07814288139343262,0.04592278562273311
4,2.1631694056647164,481,0.0847165584564209,0.04166465752465376
5,2.1239461869512284,481,0.06902098655700684,0.039223218713487995
6,2.086149753706796,481,0.08464717864990234,0.03779643324443249
7,2.0489846138272965,481,0.08013439178466797,0.03716513987949943
8,2.012872195175716,481,0.06701374053955078,0.03611241865158066
9,1.976805030652455,481,0.08464622497558594,0.036067164523260864
10,1.9409526636600494,481,0.06902027130126953,0.03585236699240557
11,1.9050746183054788,481,0.08414173126220703,0.03587804535457062
12,1.8697635605675833,481,0.07823681831359863,0.035311057737895446
13,1.8347378072398048,481,0.08464574813842773,0.035025753327778464
14,1.7999898509298051,481,0.0688469409942627,0.03474795630999972
15,1.7654142501694816,481,0.08420777320861816,0.03457560076032351
16,1.7310389839581082,481,0.0821385383605957,0.034375266211373434
17,1.696818127495902,481,0.06501102447509766,0.034220856462206184
18,1.663035770177841,481,0.08464670181274414,0.033782357318060896
19,1.6297555540289197,481,0.06884288787841797,0.033280216148921404
20,1.5968717257635934,481,0.08464360237121582,0.03288382826532632
21,1.5644094744750432,481,0.07813191413879395,0.03246225128855018
22,1.531970906325749,481,0.06854557991027832,0.032438568149294245
23,1.4997913573128836,481,0.0850989818572998,0.03217954901286535
24,1.4679199943201882,481,0.06901931762695312,0.03187136299269544
25,1.436693426643099,481,0.07812881469726562,0.03122656767708909
26,1.4057865232058935,481,0.08464646339416504,0.03090690343720559
27,1.3750891944680894,481,0.0685265064239502,0.030697328737804064
28,1.3450961514200483,481,0.08514690399169922,0.029993043048041068
29,1.3157414192812784,481,0.08413958549499512,0.029354732138769934
30,1.2871023562635695,481,0.07818794250488281,0.02863906301770891
31,1.2586434714112964,481,0.06902074813842773,0.028458884852273103
32,1.2310717218603406,481,0.08464741706848145,0.02757174955095576
33,1.2041448920794895,481,0.08464741706848145,0.026926829780851147
34,1.177942531483514,481,0.06250286102294922,0.026202360595975582
35,1.1522791741234915,481,0.08464646339416504,0.025663357360022454
36,1.1274988949298859,481,0.06854557991027832,0.024780279193605592
37,1.1032903324876513,481,0.08501315116882324,0.02420856244223457
38,1.0799428924833026,481,0.08414173126220703,0.02334744000434874
39,1.0572926529475621,481,0.07814478874206543,0.022650239535740413
40,1.0357478758437293,481,0.0695197582244873,0.021544777103832846
41,1.0150068517923354,481,0.08464550971984863,0.020741024051393886
42,0.9947559744460243,481,0.06851482391357422,0.020250877346311147
43,0.9755008277041571,481,0.07859468460083008,0.019255146741867124
44,0.9566522943292345,481,0.08436107635498047,0.01884853337492265
45,0.9385929062877383,481,0.06856989860534668,0.018059388041496205
46,0.9213081440585,481,0.08464622497558594,0.01728476222923825
47,0.9048268935680389,481,0.07963371276855469,0.01648125049046112
48,0.8888422335215977,481,0.06714105606079102,0.015984660046441168
49,0.8734770609310695,481,0.08464574813842773,0.015365172590528275
50,0.8585085536411831,481,0.06902074813842773,0.014968507289886412
51,0.8441256389277322,481,0.08414125442504883,0.014382914713450878
52,0.8304016492877687,481,0.07815194129943848,0.013723989639963463
53,0.8170558289289475,481,0.06952142715454102,0.013345820358821259
54,0.8041173422506878,481,0.08465027809143066,0.012938486678259697
55,0.7917997175455094,481,0.06902670860290527,0.012317624705178387
56,0.7797023124013628,481,0.07813119888305664,0.012097405144146589
57,0.7680298718384334,481,0.06903314590454102,0.011672440562929376
58,0.7567136233023235,481,0.08464670181274414,0.011316248536109907
59,0.7459671100548335,481,0.06851625442504883,0.010746513247489986
60,0.7354880363259997,481,0.09472131729125977,0.010479073728833832
61,0.7251950287137713,481,0.06821179389953613,0.0102930076122284
62,0.7154966375487192,481,0.06902146339416504,0.009698391165052112
63,0.7058755306856973,481,0.08464431762695312,0.009621106863021867
64,0.6965194432905742,481,0.08464288711547852,0.009356087395123058
65,0.6875726345096316,481,0.06251001358032227,0.008946808780942672
66,0.6787775567088808,481,0.08415484428405762,0.008795077800750728
67,0.6702785153899874,481,0.08514666557312012,0.008499041318893452
68,0.6620574996130807,481,0.06851744651794434,0.008221015776906704
69,0.6542345482110977,481,0.07857942581176758,0.00782295140198297
70,0.6466436086722782,481,0.06902194023132324,0.007590939538819508
71,0.6392384927783693,481,0.0842893123626709,0.007405115893908909
72,0.6319678987094334,481,0.06901764869689941,0.007270594068935932
73,0.62481738616739,481,0.07813191413879395,0.007150512542043352
74,0.6180398949044091,481,0.08464622497558594,0.006777491262980884
75,0.6113394761596407,481,0.06901955604553223,0.006700418744768455
76,0.6049976548467364,481,0.08464646339416504,0.006341821312904283
77,0.5988060648952211,481,0.08414173126220703,0.006191589951515253
78,0.5929619482415063,481,0.07822060585021973,0.00584411665371487
79,0.587008847951889,481,0.06902098655700684,0.0059531002896172636
80,0.5812172767264503,481,0.08464622497558594,0.005791571225438719
81,0.5757036116634097,481,0.08464789390563965,0.005513665063040629
82,0.5703533469608851,481,0.07863187789916992,0.005350264702524532
83,0.5651950446026666,481,0.06815457344055176,0.005158302358218569
84,0.5599772735834122,481,0.08451604843139648,0.005217771019254358
85,0.5550376085553851,481,0.06902122497558594,0.004939665028027118
86,0.5499533484067236,481,0.08464217185974121,0.005084260148661479
87,0.5453273704988616,481,0.07813143730163574,0.004625977907862011
88,0.540525132724217,481,0.06902360916137695,0.004802237774644613
89,0.5359419601219041,481,0.08464527130126953,0.0045831726023128905
90,0.5316353798934391,481,0.0690164566040039,0.0043065802284649735
91,0.5272443029454776,481,0.07813119888305664,0.004391076947961481
92,0.5231112441505704,481,0.08464694023132324,0.004133058794907218
93,0.5187293869512422,481,0.06902194023132324,0.004381857199328265
94,0.5148113831877709,481,0.08462667465209961,0.003918003763471289
95,0.510673588352544,481,0.0846412181854248,0.004137794835226916
96,0.5069345747402736,481,0.07813143730163574,0.0037390136122703588
97,0.5031623014126505,481,0.08421564102172852,0.003772273327623088
98,0.4991681142960276,481,0.06902027130126953,0.003994187116622916
99,0.4955314768808229,481,0.08464550971984863,0.003636637415204702
100,0.4918904645528112,481,0.08414173126220703,0.0036410123280116724
