1,2.2757915100370134,361,0.43235063552856445,Nan
2,2.233160501275744,361,0.09980201721191406,0.04263100876126957
3,2.194361979552678,361,0.08476662635803223,0.03879852172306597
4,2.1557711383274625,361,0.10027146339416504,0.03859084122521539
5,2.1155467711857385,361,0.08464670181274414,0.04022436714172395
6,2.07337943649292,361,0.08431148529052734,0.042167334692818415
7,2.030522876228605,361,0.0846414566040039,0.04285656026431495
8,1.9876726110662732,361,0.07813215255737305,0.042850265162331924
9,1.9454849274839674,361,0.09981584548950195,0.042187683582305846
10,1.9039748952388764,361,0.08464670181274414,0.04151003224509098
11,1.8629527970382145,361,0.08464741706848145,0.04102209820066194
12,1.8224431646551404,361,0.08423161506652832,0.040509632383074035
13,1.7823432639666965,361,0.08416557312011719,0.040099900688443935
14,1.742773329121726,361,0.08514523506164551,0.03956993484497051
15,1.7035249962806702,361,0.09777593612670898,0.03924833284105578
16,1.6645837196622577,361,0.08063936233520508,0.03894127661841251
17,1.626149374280657,361,0.10019540786743164,0.03843434538160073
18,1.587957410778318,361,0.08464813232421875,0.03819196350233889
19,1.5498794514451708,361,0.08464574813842773,0.03807795933314728
20,1.5122830192361558,361,0.10042691230773926,0.037596432209014985
21,1.4750255452564784,361,0.09255146980285645,0.03725747397967738
22,1.4383320731435503,361,0.07579398155212402,0.03669347211292817
23,1.4020004197869982,361,0.0846414566040039,0.036331653356552085
24,1.3663792975289482,361,0.09927010536193848,0.03562112225805003
25,1.3315409908975873,361,0.0791318416595459,0.034838306631360894
26,1.2973527774470193,361,0.08464717864990234,0.034188213450567995
27,1.2640467837538039,361,0.08463263511657715,0.03330599369321541
28,1.23159996509552,361,0.10024809837341309,0.032446818658283805
29,1.20013254233769,361,0.08464646339416504,0.03146742275782999
30,1.1696911856446948,361,0.08464550971984863,0.030441356692995303
31,1.140070246049336,361,0.08464312553405762,0.02962093959535883
32,1.1114885896955218,361,0.11590266227722168,0.028581656353814155
33,1.0839918960162571,361,0.10027122497558594,0.02749669367926466
34,1.0575156703335897,361,0.08414149284362793,0.026476225682667387
35,1.0322418514830725,361,0.09658932685852051,0.02527381885051727
36,1.007854242682457,361,0.08227181434631348,0.024387608800615412
37,0.9845891581944057,361,0.09963107109069824,0.023265084488051313
38,0.9622515425511768,361,0.09031391143798828,0.022337615643228892
39,0.9407044589349202,361,0.08844232559204102,0.02154708361625668
40,0.9201717531340463,361,0.10599851608276367,0.02053270580087385
41,0.9004568388291768,361,0.10010337829589844,0.01971491430486949
42,0.8815681775297437,361,0.10027074813842773,0.018888661299433118
43,0.8633973835536412,361,0.10027527809143066,0.01817079397610255
44,0.8459911745786667,361,0.10027241706848145,0.01740620897497447
45,0.8294662820952279,361,0.10027408599853516,0.016524892483438802
46,0.8134708737475531,361,0.11589908599853516,0.015995408347674767
47,0.7981216131448746,361,0.10027217864990234,0.015349260602678494
48,0.7834707862309047,361,0.10027265548706055,0.014650826913969905
49,0.7693581207479749,361,0.08464550971984863,0.014112665482929776
50,0.7559179579871041,361,0.08464503288269043,0.013440162760870789
51,0.7428457260302135,361,0.06901931762695312,0.013072231956890668
52,0.7304122965506145,361,0.08457374572753906,0.012433429479599023
53,0.7184563322918756,361,0.08464336395263672,0.011955964258738905
54,0.7070810455424446,361,0.09826922416687012,0.011375286749431002
55,0.6961143738031388,361,0.07987070083618164,0.010966671739305767
56,0.685392808181899,361,0.08464527130126953,0.010721565621239826
57,0.6753247933217458,361,0.08464598655700684,0.010068014860153185
58,0.6653607932840074,361,0.0843203067779541,0.00996400003773834
59,0.656147689972605,361,0.08464860916137695,0.00921310331140246
60,0.6471379964351655,361,0.10028624534606934,0.009009693537439523
61,0.6385574174438204,361,0.10027098655700684,0.008580578991345011
62,0.6299754800285612,361,0.08464264869689941,0.008581937415259255
63,0.6218095976454872,361,0.07813239097595215,0.00816588238307403
64,0.6138772933994021,361,0.08464407920837402,0.007932304246085042
65,0.6062135214294706,361,0.08464670181274414,0.00766377196993151
66,0.598944963983127,361,0.08464550971984863,0.007268557446343582
67,0.5919049395833696,361,0.08464479446411133,0.007040024399757372
68,0.5849559627090182,361,0.08464360237121582,0.006948976874351476
69,0.5784168181078775,361,0.10027194023132324,0.0065391446011406895
70,0.5717601056269237,361,0.07813262939453125,0.006656712480953786
71,0.5657419776916504,361,0.0845491886138916,0.006018127935273343
72,0.5595204144545964,361,0.10027098655700684,0.0062215632370539176
73,0.553634041581835,361,0.06902050971984863,0.005886372872761392
74,0.5477458181892123,361,0.08451271057128906,0.005888223392622738
75,0.5423894293819155,361,0.11589789390563965,0.00535638880729683
76,0.5368996893337795,361,0.08464503288269043,0.00548974004813596
77,0.5316478644950049,361,0.08414196968078613,0.005251824838774621
78,0.5265333196435655,361,0.10018205642700195,0.005114544851439362
79,0.5216708697506359,361,0.07827997207641602,0.00486244989292961
80,0.51654724500009,361,0.08464431762695312,0.005123624750545952
81,0.5120245321052415,361,0.08464550971984863,0.004522712894848513
82,0.5078061885578292,361,0.10027360916137695,0.00421834354741224
83,0.5027629895636013,361,0.10027050971984863,0.005043198994227893
84,0.49849617803948265,361,0.08464789390563965,0.004266811524118674
85,0.4943170022879328,361,0.10027217864990234,0.004179175751549857
86,0.4902305696436337,361,0.08464431762695312,0.004086432644299087
87,0.4860499155776841,361,0.10027360916137695,0.004180654065949585
88,0.4821374346613884,361,0.10027098655700684,0.003912480916295702
89,0.47806461252485005,361,0.10027384757995605,0.004072822136538368
90,0.4744560997571264,361,0.11919856071472168,0.0036085127677236706
91,0.4706061710885593,361,0.08363986015319824,0.003849928668567093
92,0.46705131556306567,361,0.10027360916137695,0.0035548555254936165
93,0.46333395442792347,361,0.10027098655700684,0.0037173611351422053
94,0.45998657481159483,361,0.10027265548706055,0.0033473796163286385
95,0.45657947952406747,361,0.08464789390563965,0.003407095287527362
96,0.45317470209939137,361,0.08464765548706055,0.0034047774246760976
97,0.45008259101424897,361,0.10027265548706055,0.0030921110851424016
98,0.4467986535004207,361,0.10027098655700684,0.0032839375138282723
99,0.44364483758381434,361,0.08465337753295898,0.0031538159166063506
100,0.4407235876917839,361,0.08464598655700684,0.002921249892030464
