1,2.3307327293668476,201,0.28117990493774414,Nan
2,2.2623485798835756,201,0.08460569381713867,0.06838414948327198
3,2.2074503915650503,201,0.08458900451660156,0.05489818831852533
4,2.149678365775517,201,0.0844731330871582,0.05777202578953311
5,2.08556619480678,201,0.08415102958679199,0.06411217096873711
6,2.01926364844186,201,0.08492875099182129,0.06630254636492028
7,1.952754375900541,201,0.08413982391357422,0.06650927254131878
8,1.886774513721466,201,0.09382414817810059,0.06597986217907503
9,1.8201915889467513,201,0.08464527130126953,0.06658292477471472
10,1.7541599184444971,201,0.08464694023132324,0.06603167050225411
11,1.688195487499237,201,0.0844583511352539,0.06596443094526006
12,1.622088298184531,201,0.08418655395507812,0.06610718931470605
13,1.5557950113841466,201,0.10048341751098633,0.06629328680038449
14,1.4897201204640524,201,0.08447766304016113,0.06607489092009411
15,1.4246843963691167,201,0.08414316177368164,0.06503572409493574
16,1.3607448674610683,201,0.09378647804260254,0.06393952890804844
17,1.298479962348938,201,0.08482956886291504,0.06226490511213023
18,1.2384411532878876,201,0.08464527130126953,0.06003880906105041
19,1.180689206293651,201,0.10027909278869629,0.05775194699423669
20,1.125158315896988,201,0.10026788711547852,0.055530890396662924
21,1.0731720225981303,201,0.08457183837890625,0.05198629329885773
22,1.0248021436248507,201,0.09978365898132324,0.0483698789732796
23,0.9793663409096854,201,0.0851433277130127,0.04543580271516523
24,0.9371942638669695,201,0.08461332321166992,0.04217207704271597
25,0.8983905138458524,201,0.08414244651794434,0.03880375002111702
26,0.8620069798401424,201,0.09599947929382324,0.03638353400571004
27,0.8287447897195817,201,0.08263850212097168,0.03326219012056075
28,0.7982253041097096,201,0.08464765548706055,0.030519485609872055
29,0.7696130195856095,201,0.08449625968933105,0.02861228452410014
30,0.7434258848599025,201,0.0845346450805664,0.026187134725706995
31,0.7193145207677568,201,0.1001133918762207,0.02411136409214565
32,0.6967279077427728,201,0.08429455757141113,0.022586613024983992
33,0.6762566008908408,201,0.08414340019226074,0.020471306851931992
34,0.6569061256136213,201,0.09883499145507812,0.01935047527721956
35,0.6387380229745593,201,0.0792393684387207,0.01816810263906199
36,0.6221619646208627,201,0.08464646339416504,0.016576058353696577
37,0.6067434956857136,201,0.08464646339416504,0.015418468935149088
38,0.5918311859709876,201,0.09985518455505371,0.014912309714726013
39,0.5786877093826022,201,0.08464622497558594,0.013143476588385439
40,0.5653730731861932,201,0.08422136306762695,0.013314636196408935
41,0.5534805383426803,201,0.08414101600646973,0.011892534843512936
42,0.5422245756983757,201,0.09847617149353027,0.011255962644304618
43,0.5316607955949647,201,0.08013463020324707,0.010563780103410969
44,0.5212747332368578,201,0.08464717864990234,0.010386062358106907
45,0.5117332700150353,201,0.0843353271484375,0.009541463221822477
46,0.5027990388529642,201,0.09981989860534668,0.008934231162071149
47,0.4940570316655295,201,0.08422398567199707,0.008742007187434675
48,0.4858170493159975,201,0.08419108390808105,0.008239982349531993
49,0.4781291748540742,201,0.08414077758789062,0.007687874461923316
50,0.4706001237290246,201,0.10008716583251953,0.007529051125049591
51,0.4637853139894349,201,0.07825207710266113,0.0068148097395897
52,0.4569339914577348,201,0.08448004722595215,0.006851322531700121
53,0.4506119471788406,201,0.10027217864990234,0.006322044278894157
54,0.44432075004918237,201,0.08464479446411133,0.006291197129658255
55,0.43885326309715,201,0.08441781997680664,0.005467486952032363
56,0.43296244609355927,201,0.08417654037475586,0.0058908170035907315
57,0.4277312079668045,201,0.08464217185974121,0.005231238126754745
58,0.42221851185389925,201,0.10028290748596191,0.00551269611290528
59,0.41760357458250863,201,0.07824301719665527,0.004614937271390618
60,0.4125913293191365,201,0.08464479446411133,0.005012245263372128
61,0.4078398746592658,201,0.09040498733520508,0.004751454659870702
62,0.4030806831717491,201,0.09378623962402344,0.00475919148751669
63,0.3989731385537556,201,0.0842599868774414,0.004107544617993508
64,0.39526284670829775,201,0.08442091941833496,0.003710291845457847
65,0.39071185734442304,201,0.0846414566040039,0.004550989363874713
66,0.38702784493991305,201,0.09977030754089355,0.0036840124045099953
67,0.3831162308369364,201,0.07815742492675781,0.003911614102976635
68,0.37961984089442663,201,0.08488321304321289,0.003496389942509781
69,0.37615118909733636,201,0.08425188064575195,0.003468651797090272
70,0.37273618593386243,201,0.09990525245666504,0.0034150031634739286
71,0.36911035774435313,201,0.08446884155273438,0.0036258281895092948
72,0.36582857176235745,201,0.08464765548706055,0.0032817859819956885
73,0.3627387159892491,201,0.08464241027832031,0.00308985577310833
74,0.359866176715919,201,0.09826922416687012,0.0028725392733301436
75,0.3569132704309055,201,0.08013534545898438,0.00295290628501349
76,0.35383565598300526,201,0.0842278003692627,0.003077614447900223
77,0.3509737190944808,201,0.08464646339416504,0.0028619368885244856
78,0.3479296859077045,201,0.08434104919433594,0.0030440331867762627
79,0.3457067857342107,201,0.08418583869934082,0.0022229001734938025
80,0.3427048267126083,201,0.08464670181274414,0.003001959021602385
81,0.3404872521843229,201,0.08464360237121582,0.0022175745282854153
82,0.3379935857440744,201,0.09977006912231445,0.00249366644024851
83,0.33555635342001916,201,0.07852888107299805,0.0024372323240552385
84,0.33301910791226796,201,0.08465218544006348,0.0025372455077511957
85,0.33038562180314746,201,0.08464503288269043,0.0026334861091205086
86,0.3286022140639169,201,0.10027027130126953,0.0017834077392305803
87,0.3260180298388004,201,0.08464694023132324,0.0025841842251164704
88,0.32384131198695726,201,0.08464598655700684,0.0021767178518431463
89,0.3217255772309644,201,0.08414077758789062,0.0021157347559928597
90,0.31972681717361723,201,0.09872603416442871,0.001998760057347171
91,0.3171052337161132,201,0.08013510704040527,0.0026215834575040176
92,0.31547382692354065,201,0.08464598655700684,0.001631406792572565
93,0.3135547193161079,201,0.0842583179473877,0.0019191076074327462
94,0.31162349927425387,201,0.10027098655700684,0.0019312200418540315
95,0.30956386450358797,201,0.08417463302612305,0.002059634770665897
96,0.3075478737609727,201,0.08477091789245605,0.00201599074261527
97,0.30572029308761867,201,0.08464193344116211,0.0018275806733540345
98,0.3039428085046155,201,0.09977030754089355,0.0017774845830031416
99,0.3021613757610321,201,0.07843446731567383,0.0017814327435834443
100,0.3003893381527492,201,0.08420586585998535,0.0017720376082828726
