1,2.269556709902627,111,0.2538566589355469,Nan
2,2.151282130037035,111,0.10014033317565918,0.11827457986559198
3,2.0439711601393564,111,0.10027337074279785,0.10731096989767863
4,1.9317316310065134,111,0.11576008796691895,0.11223952913284307
5,1.817350318806512,111,0.10027050971984863,0.11438131220000125
6,1.7014779703617096,111,0.11589550971984863,0.11587234844480254
7,1.5843683819770813,111,0.10014128684997559,0.11710958838462826
8,1.4651596273354122,111,0.10008764266967773,0.11920875464166913
9,1.347938887323652,111,0.11582207679748535,0.1172207400117602
10,1.235533609867096,111,0.10007357597351074,0.11240527745655604
11,1.1318877486160823,111,0.10027217864990234,0.1036458612510136
12,1.0388458372184208,111,0.11991000175476074,0.09304191139766149
13,0.956837044273104,111,0.10177302360534668,0.08200879294531682
14,0.8847626390116555,111,0.10008001327514648,0.07207440526144848
15,0.8221148084061486,111,0.09994196891784668,0.06264783060550694
16,0.7672737620047161,111,0.11566615104675293,0.0548410464014325
17,0.7209001584393637,111,0.09994339942932129,0.04637360356535236
18,0.6795555109466825,111,0.11589765548706055,0.041344647492681186
19,0.644154821566173,111,0.10027289390563965,0.035400689380509553
20,0.6127813603026526,111,0.10027313232421875,0.031373461263520364
21,0.58551815953425,111,0.1154322624206543,0.027263200768402607
22,0.5609338168927601,111,0.10023641586303711,0.024584342641489898
23,0.5396673116939409,111,0.10018038749694824,0.02126650519881923
24,0.5204350130132267,111,0.11585068702697754,0.019232298680714188
25,0.5026597131575857,111,0.10027289390563965,0.01777529985564097
26,0.4867188173191888,111,0.09983563423156738,0.015940895838396918
27,0.47284059310810905,111,0.11585760116577148,0.01387822421107976
28,0.45989336737564634,111,0.10027098655700684,0.012947225732462708
29,0.4475436854703086,111,0.09984040260314941,0.01234968190533775
30,0.43690565200362885,111,0.11790847778320312,0.010638033466679742
31,0.42715598355020795,111,0.1042337417602539,0.009749668453420901
32,0.41704067623615265,111,0.10020995140075684,0.0101153073140553
33,0.4081691089272499,111,0.10029006004333496,0.008871567308902761
34,0.39993520033359525,111,0.11580204963684082,0.008233908593654637
35,0.39222458577156066,111,0.1155092716217041,0.00771061456203459
36,0.3847427411675453,111,0.09996795654296875,0.007481844604015353
37,0.37818949078662056,111,0.11589694023132324,0.006553250380924747
38,0.37128294060485706,111,0.10013055801391602,0.0069065501817635044
39,0.36590228605270386,111,0.10027146339416504,0.005380654552153197
40,0.35954610575096946,111,0.11543846130371094,0.006356180301734404
41,0.353925596850259,111,0.10027074813842773,0.005620508900710475
42,0.3486821357011795,111,0.11583805084228516,0.005243461149079476
43,0.3435755300607,111,0.09986996650695801,0.005106605640479489
44,0.3387356508757387,111,0.10026979446411133,0.004839879184961315
45,0.3339590671147619,111,0.11840605735778809,0.0047765837609767825
46,0.329647049341883,111,0.10428047180175781,0.004312017772878929
47,0.32538371908664704,111,0.09976768493652344,0.004263330255235953
48,0.32108598609907285,111,0.10044145584106445,0.004297732987574188
49,0.31702281994053294,111,0.09977054595947266,0.00406316615853991
50,0.3132415798945086,111,0.11605000495910645,0.0037812400460243145
51,0.3095604596904346,111,0.10027241706848145,0.0036811202040740176
52,0.305688106409141,111,0.11575651168823242,0.0038723532812935946
53,0.30257322040200235,111,0.10027122497558594,0.003114886007138662
54,0.29909979425583566,111,0.1000523567199707,0.0034734261461666915
55,0.29600721598097257,111,0.11589550971984863,0.0030925782748630892
56,0.2931028196641377,111,0.10027170181274414,0.0029043963168348674
57,0.2898365996820586,111,0.09986162185668945,0.0032662199820790994
58,0.28733843982645446,111,0.11589694023132324,0.002498159855604143
59,0.28381713364805494,111,0.10023999214172363,0.003521306178399519
60,0.28089732311453136,111,0.10002589225769043,0.0029198105335235813
61,0.2779234595979963,111,0.11589741706848145,0.002973863516535058
62,0.27506099513173105,111,0.10020661354064941,0.0028624644662652576
63,0.2724763764483588,111,0.09981203079223633,0.0025846186833722307
64,0.2701210466580731,111,0.12131690979003906,0.0023553297902856873
65,0.2679924872027976,111,0.10027289390563965,0.002128559455275514
66,0.26521498879790306,111,0.10004377365112305,0.0027774984048945517
67,0.263093857973814,111,0.11590981483459473,0.002121130824089046
68,0.26067075123957223,111,0.10027265548706055,0.0024231067342417867
69,0.2577548956615584,111,0.11589860916137695,0.0029158555780138262
70,0.25537266906244416,111,0.09980249404907227,0.0023822265991142455
71,0.2535289411970547,111,0.11098670959472656,0.001843727865389444
72,0.25180317234141486,111,0.10528039932250977,0.0017257688556398532
73,0.249166060090065,111,0.09981966018676758,0.0026371122513498546
74,0.24724817048226083,111,0.11561751365661621,0.001917889607804174
75,0.24556767012391773,111,0.10027313232421875,0.0016805003583431066
76,0.24373250257117407,111,0.10027074813842773,0.001835167552743655
77,0.24151870912100587,111,0.1154477596282959,0.0022137934501682
78,0.23935443890520505,111,0.09983563423156738,0.0021642702158008176
79,0.2377571012548038,111,0.11875367164611816,0.0015973376504012649
80,0.23581346850310053,111,0.10327482223510742,0.0019436327517032559
81,0.23392257519917828,111,0.10032343864440918,0.001890893303922253
82,0.23194071299689156,111,0.09977030754089355,0.001981862202286716
83,0.230270152756146,111,0.10050082206726074,0.00167056024074555
84,0.22869572859151022,111,0.11542725563049316,0.001574424164635796
85,0.22693036738889558,111,0.10069513320922852,0.0017653612026146404
86,0.22501464716238634,111,0.11584734916687012,0.0019157202265092377
87,0.22366701636995587,111,0.10015249252319336,0.001347630792430471
88,0.22172605125393186,111,0.11548805236816406,0.0019409651160240127
89,0.22014658056199551,111,0.09995818138122559,0.001579470691936341
90,0.21857045529995645,111,0.1002659797668457,0.0015761252620390687
91,0.21684546249679157,111,0.10027289390563965,0.0017249928031648765
92,0.21517510213383606,111,0.09995651245117188,0.0016703603629555086
93,0.21397632143114295,111,0.10027170181274414,0.0011987807026931085
94,0.21284875766507216,111,0.10015606880187988,0.0011275637660707882
95,0.21102695687753814,111,0.10027170181274414,0.0018218007875340225
96,0.20959752978597368,111,0.09982681274414062,0.0014294270915644613
97,0.20770988438384874,111,0.09983301162719727,0.0018876454021249378
98,0.206885363014681,111,0.10027074813842773,0.0008245213691677467
99,0.2053356503269502,111,0.1157989501953125,0.0015497126877307976
100,0.20362217731986726,111,0.10027194023132324,0.0017134730070829385
