1,2.3472375153132847,421,0.44761157035827637,Nan
2,2.27041853087289,421,0.06902122497558594,0.07681898444039481
3,2.2159533679144725,421,0.0846414566040039,0.05446516295841741
4,2.171071311541966,421,0.07813143730163574,0.04488205637250653
5,2.128995775835855,421,0.08464622497558594,0.04207553570611111
6,2.088635391644069,421,0.06902098655700684,0.04036038419178567
7,2.0488540566989353,421,0.08464622497558594,0.03978133494513392
8,2.009510179076876,421,0.06250262260437012,0.039343877622059154
9,1.9702808857645306,421,0.08464765548706055,0.03922929331234548
10,1.9315711681161607,421,0.08417391777038574,0.038709717648369946
11,1.8933949131284442,421,0.06952071189880371,0.038176254987716485
12,1.855254274572645,421,0.08414053916931152,0.03814063855579919
13,1.8172162359101431,421,0.06251645088195801,0.03803803866250188
14,1.7789697142669132,421,0.08483386039733887,0.03824652164322995
15,1.7409728939873832,421,0.06901955604553223,0.03799682027953
16,1.703251466206142,421,0.08414173126220703,0.03772142778124121
17,1.6658206512928009,421,0.0628054141998291,0.037430814913341104
18,1.6288255978652408,421,0.08448672294616699,0.03699505342756004
19,1.592436372620719,421,0.06891918182373047,0.03638922524452193
20,1.5562642035143717,421,0.0846414566040039,0.03617216910634724
21,1.5199938489028386,421,0.07813191413879395,0.03627035461153305
22,1.4845980647291457,421,0.06901955604553223,0.035395784173692935
23,1.4494396822111948,421,0.06902217864990234,0.03515838251795089
24,1.4150845738138471,421,0.08464193344116211,0.03435510839734768
25,1.3811992255619594,421,0.07813143730163574,0.033885348251887715
26,1.3480998008932386,421,0.06873250007629395,0.033099424668720845
27,1.3151373226983207,421,0.0842132568359375,0.03296247819491782
28,1.2830719159330641,421,0.06851577758789062,0.0320654067652566
29,1.2514138716970171,421,0.07842350006103516,0.03165804423604701
30,1.220551592520305,421,0.08458375930786133,0.030862279176712137
31,1.1901252484321594,421,0.06902217864990234,0.030426344088145596
32,1.1607376489298684,421,0.06851601600646973,0.029387599502290973
33,1.1321196954250337,421,0.07817530632019043,0.02861795350483476
34,1.1045067831448145,421,0.0842583179473877,0.027612912280219115
35,1.0777009411198752,421,0.06855010986328125,0.026805842024939297
36,1.0514436018126352,421,0.08489465713500977,0.026257339307240057
37,1.0264323590312685,421,0.07812738418579102,0.025011242781366683
38,1.00213332762037,421,0.06864690780639648,0.024299031410898397
39,0.9790263740846089,421,0.06861448287963867,0.0231069535357612
40,0.9564116428239005,421,0.08464503288269043,0.022614731260708454
41,0.9348482918398721,421,0.07863354682922363,0.021563350984028395
42,0.9142433957372393,421,0.06808924674987793,0.02060489610263272
43,0.8942494515861784,421,0.08436799049377441,0.019993944151060927
44,0.8749563377414431,421,0.06902003288269043,0.01929311384473531
45,0.8567000795773098,421,0.08263826370239258,0.018256258164133343
46,0.8390845570904868,421,0.06450843811035156,0.017615522486822965
47,0.8221064764261246,421,0.08464646339416504,0.01697808066436224
48,0.8060991099732263,421,0.06852912902832031,0.016007366452898242
49,0.7908914475440979,421,0.0846407413482666,0.01520766242912841
50,0.7759395322459085,421,0.07829451560974121,0.0149519152981894
51,0.7616982357161386,421,0.06861758232116699,0.014241296529769909
52,0.7479071105378015,421,0.08464503288269043,0.013791125178337138
53,0.7347738231590816,421,0.06901669502258301,0.013133287378719882
54,0.7222185478210449,421,0.07813119888305664,0.012555275338036687
55,0.7103301208359855,421,0.06902050971984863,0.01188842698505943
56,0.6986658339159829,421,0.08464503288269043,0.011664286920002542
57,0.6874455129589353,421,0.06901669502258301,0.011220320957047614
58,0.6767953132901873,421,0.07813239097595215,0.010650199668748028
59,0.6664734347547804,421,0.08426880836486816,0.010321878535406892
60,0.6565585830722537,421,0.06900358200073242,0.009914851682526704
61,0.6469154585770198,421,0.0690159797668457,0.009643124495233857
62,0.637613189799445,421,0.07813119888305664,0.009302268777574785
63,0.628782648733684,421,0.0842134952545166,0.008830541065761088
64,0.6201294466257096,421,0.06901979446411133,0.008653202107974378
65,0.6120787613562175,421,0.06851577758789062,0.008050685269492042
66,0.6039035835266113,421,0.0782618522644043,0.008175177829606195
67,0.5962349919080734,421,0.08464670181274414,0.0076685916185379455
68,0.5884929721866335,421,0.06857967376708984,0.007742019721439841
69,0.5813243446690696,421,0.08464670181274414,0.007168627517563975
70,0.5743139128855297,421,0.07913327217102051,0.007010431783539883
71,0.5676605428116662,421,0.06756901741027832,0.006653370073863463
72,0.5609646798542568,421,0.06901979446411133,0.006695862957409426
73,0.5546167080572674,421,0.08464550971984863,0.006347971796989427
74,0.5486048994575228,421,0.08414316177368164,0.006011808599744595
75,0.5425839623723712,421,0.07835912704467773,0.006020937085151612
76,0.5369806489774159,421,0.06902003288269043,0.005603313394955234
77,0.5313341141002519,421,0.08464694023132324,0.0056465348771640445
78,0.5257985315833773,421,0.06851506233215332,0.005535582516874582
79,0.5206404947723661,421,0.07829689979553223,0.005158036811011235
80,0.5153961359603064,421,0.06894230842590332,0.005244358812059646
81,0.5105008241023337,421,0.08436012268066406,0.004895311857972762
82,0.5054012802243233,421,0.06901764869689941,0.005099543878010371
83,0.5008765384554863,421,0.07813167572021484,0.004524741768836993
84,0.49614748201199943,421,0.08464550971984863,0.004729056443486868
85,0.4915639709404537,421,0.06895256042480469,0.004583511071545754
86,0.48701397185666223,421,0.06901836395263672,0.004549999083791445
87,0.4828622935244015,421,0.07813143730163574,0.004151678332260711
88,0.47858979610885893,421,0.08464550971984863,0.0042724974155425866
89,0.47447483216013225,421,0.06902146339416504,0.00411496394872668
90,0.4705376275948116,421,0.08448672294616699,0.003937204565320651
91,0.4667108770694052,421,0.06250214576721191,0.0038267505254064305
92,0.46280010949713846,421,0.08464503288269043,0.003910767572266716
93,0.45916461747033255,421,0.0685417652130127,0.0036354920268059088
94,0.45563455442019873,421,0.08491921424865723,0.0035300630501338137
95,0.4521817857112203,421,0.06250214576721191,0.0034527687089784265
96,0.44871068427392413,421,0.08464550971984863,0.0034711014372961757
97,0.44552915669339044,421,0.06902027130126953,0.003181527580533694
98,0.44241964863027844,421,0.0846400260925293,0.0031095080631119987
99,0.4388667225582259,421,0.06250190734863281,0.0035529260720525424
100,0.435754742034844,421,0.08464670181274414,0.0031119805233819076
