1,2.2852407339641028,181,0.28475069999694824,Nan
2,2.193607801982335,181,0.08415699005126953,0.09163293198176792
3,2.1062651393754144,181,0.08514618873596191,0.08734266260692047
4,2.019051015138626,181,0.08414077758789062,0.08721412423678832
5,1.9307964115142822,181,0.09991645812988281,0.0882546036243439
6,1.8431919151033673,181,0.09433150291442871,0.08760449641091483
7,1.7556814938953944,181,0.08413982391357422,0.08751042120797292
8,1.6682888261931283,181,0.08464646339416504,0.08739266770226606
9,1.58111954671996,181,0.08464598655700684,0.08716927947316844
10,1.4953599294594355,181,0.09993577003479004,0.08575961726052439
11,1.4119687244210923,181,0.08433675765991211,0.08339120503834319
12,1.3327659585135323,181,0.08464622497558594,0.07920276590756004
13,1.2580265503610883,181,0.10027122497558594,0.07473940815244395
14,1.1889202399253844,181,0.08464503288269043,0.06910631043570392
15,1.1248802360125951,181,0.09476256370544434,0.0640400039127893
16,1.066042569058282,181,0.08363962173461914,0.05883766695431314
17,1.0117043450900487,181,0.08464550971984863,0.05433822396823329
18,0.9625807972124645,181,0.08464622497558594,0.04912354787758422
19,0.917645169207028,181,0.10027146339416504,0.04493562800543649
20,0.8764872075830187,181,0.08464670181274414,0.04115796162400931
21,0.8391179745026998,181,0.08464431762695312,0.03736923308031892
22,0.8048825799056462,181,0.10027217864990234,0.0342353945970536
23,0.7738633738926479,181,0.08414053916931152,0.031019206012998235
24,0.7454052815607616,181,0.09695124626159668,0.028458092331886342
25,0.7193066293512071,181,0.08163762092590332,0.02609865220955443
26,0.6949750973326819,181,0.08464574813842773,0.024331532018525226
27,0.6733087130784988,181,0.0999612808227539,0.021666384254183102
28,0.6528626706259592,181,0.0846397876739502,0.02044604245253967
29,0.6339305658340454,181,0.08419990539550781,0.018932104791913762
30,0.6167654730251857,181,0.09983038902282715,0.017165092808859694
31,0.6003439925568445,181,0.0842905044555664,0.016421480468341243
32,0.5856271525791713,181,0.08414959907531738,0.014716839977673146
33,0.5711794832519123,181,0.10079455375671387,0.01444766932725905
34,0.5582870205725943,181,0.07813119888305664,0.012892462679317984
35,0.5458178830827985,181,0.10008597373962402,0.012469137489795723
36,0.5343634614859308,181,0.08464360237121582,0.011454421596867714
37,0.523448925784656,181,0.08464622497558594,0.010914535701274874
38,0.5126311882223402,181,0.10027050971984863,0.010817737562315743
39,0.5029365850005831,181,0.08464574813842773,0.009694603221757081
40,0.4939318763102804,181,0.08415365219116211,0.009004708690302732
41,0.4846035907013076,181,0.10070610046386719,0.009328285608972808
42,0.47650000260557446,181,0.08414101600646973,0.008103588095733139
43,0.46828547005142485,181,0.09636044502258301,0.008214532554149612
44,0.4610069625377655,181,0.08170819282531738,0.007278507513659327
45,0.4537729669213295,181,0.0997920036315918,0.007233995616436006
46,0.4468127551419394,181,0.08469581604003906,0.006960211779390102
47,0.4402264561482838,181,0.08464670181274414,0.006586298993655593
48,0.4340187740070479,181,0.10027003288269043,0.006207682141235904
49,0.427734976206507,181,0.08464741706848145,0.006283797800540891
50,0.42199051157917294,181,0.08434128761291504,0.005744464627334078
51,0.416227990601744,181,0.10027074813842773,0.005762520977428964
52,0.41085700479575565,181,0.08414125442504883,0.005370985805988326
53,0.40550752262558254,181,0.09529471397399902,0.005349482170173114
54,0.40036422364200863,181,0.08313918113708496,0.005143298983573907
55,0.3957222738095692,181,0.08464574813842773,0.004641949832439429
56,0.39107603356667925,181,0.10012054443359375,0.004646240242889954
57,0.38653744939395357,181,0.08464789390563965,0.004538584172725679
58,0.3822598714062146,181,0.08442020416259766,0.004277577987738979
59,0.37799488993201935,181,0.08464550971984863,0.00426498147419524
60,0.37407663997582025,181,0.10027384757995605,0.003918249956199105
61,0.3701621107033321,181,0.08414220809936523,0.003914529272488143
62,0.366249558695725,181,0.09929895401000977,0.003912552007607095
63,0.36259172947917667,181,0.0796346664428711,0.003657829216548336
64,0.35897678175142833,181,0.10027265548706055,0.003614947727748341
65,0.35581965473720006,181,0.08441662788391113,0.003157127014228267
66,0.3522364565730095,181,0.08464550971984863,0.0035831981641905597
67,0.3490666038904871,181,0.08429360389709473,0.0031698526825224005
68,0.3461005082300731,181,0.10027050971984863,0.002966095660414003
69,0.3428213892536504,181,0.08464455604553223,0.0032791189764226902
70,0.33982496483836855,181,0.0846414566040039,0.002996424415281862
71,0.3369564592582839,181,0.10027313232421875,0.002868505580084668
72,0.3339143244453839,181,0.07812881469726562,0.003042134812899999
73,0.3311592613884381,181,0.09997987747192383,0.0027550630569457835
74,0.32873384370548386,181,0.08425188064575195,0.002425417682954234
75,0.3260681226892131,181,0.08464622497558594,0.0026657210162707723
76,0.3234886517609869,181,0.09997177124023438,0.0025794709282261907
77,0.3208992800968034,181,0.0843648910522461,0.002589371664183493
78,0.3185602892850127,181,0.08464431762695312,0.002338990811790731
79,0.3158515655568668,181,0.08414030075073242,0.002708723728145901
80,0.3135626339358943,181,0.10044145584106445,0.0022889316209724897
81,0.3113283592292241,181,0.07813191413879395,0.002234274706670203
82,0.3093235396061625,181,0.10027265548706055,0.0020048196230615933
83,0.3067508167922497,181,0.08464455604553223,0.0025727228139127978
84,0.304497906097344,181,0.08434700965881348,0.0022529106949056854
85,0.3024825852555888,181,0.0998537540435791,0.002015320841755208
86,0.30066140023725374,181,0.08422279357910156,0.0018211850183350586
87,0.2983008417401995,181,0.08464574813842773,0.0023605584970542437
88,0.2963030967712402,181,0.10001802444458008,0.0019977449689592697
89,0.2947285187627588,181,0.08464336395263672,0.001574578008481431
90,0.2925369447129113,181,0.09576201438903809,0.002191574049847489
91,0.29066240163360324,181,0.08263802528381348,0.0018745430793080664
92,0.2886041132594858,181,0.08464384078979492,0.002058288374117423
93,0.2868791210097926,181,0.10001802444458008,0.0017249922496931913
94,0.2850616723213877,181,0.08417272567749023,0.0018174486884049434
95,0.2832629613024848,181,0.08478951454162598,0.0017987110189028876
96,0.28162362941248076,181,0.1002802848815918,0.0016393318900040366
97,0.2796310262765203,181,0.08463525772094727,0.001992603135960447
98,0.2780206276476383,181,0.08464169502258301,0.001610398628882015
99,0.2764938913796629,181,0.09977006912231445,0.0015267362679753926
100,0.27508945754170416,181,0.07863187789916992,0.0014044338379587407
