1,2.3303218222345623,351,0.4323458671569824,Nan
2,2.284756863798414,351,0.08442115783691406,0.045564958436148384
3,2.2429966660227096,351,0.08464169502258301,0.04176019777570428
4,2.2032941043036325,351,0.08464765548706055,0.039702561719077156
5,2.1640675513403758,351,0.08464670181274414,0.03922655296325672
6,2.1245403953960964,351,0.08464193344116211,0.03952715594427936
7,2.0850839180265153,351,0.07813143730163574,0.03945647736958113
8,2.0451288642202106,351,0.10027027130126953,0.03995505380630471
9,2.0051868575981686,351,0.08464360237121582,0.03994200662204195
10,1.9650175823824747,351,0.08465123176574707,0.04016927521569391
11,1.924309035914285,351,0.08464813232421875,0.04070854646818978
12,1.8834981390408108,351,0.10027194023132324,0.04081089687347417
13,1.8424283573627471,351,0.08439159393310547,0.04106978167806363
14,1.8009972389084952,351,0.0846409797668457,0.04143111845425196
15,1.7595967669487,351,0.07813191413879395,0.041400471959795127
16,1.7182045332363673,351,0.08464813232421875,0.04139223371233269
17,1.6769246284621102,351,0.08464646339416504,0.04127990477425714
18,1.6359925680160523,351,0.08464503288269043,0.040932060446057905
19,1.5949877680710385,351,0.0842752456665039,0.041004799945013826
20,1.5544770184925625,351,0.08464312553405762,0.040510749578476
21,1.514524824653353,351,0.09977173805236816,0.03995219383920956
22,1.4747770507335662,351,0.07814145088195801,0.03974777391978668
23,1.435530418395996,351,0.08474302291870117,0.0392466323375702
24,1.3968652916635786,351,0.08465290069580078,0.0386651267324174
25,1.3588429024219513,351,0.08464503288269043,0.038022389241627375
26,1.3213410859789168,351,0.08464813232421875,0.03750181644303452
27,1.2847855095182146,351,0.09998416900634766,0.03655557646070218
28,1.2490367253848484,351,0.09984207153320312,0.03574878413336613
29,1.2140663837364742,351,0.08464384078979492,0.034970341648374204
30,1.1800447991575513,351,0.07813167572021484,0.0340215845789229
31,1.1471302156448364,351,0.08419919013977051,0.03291458351271492
32,1.1150296801498958,351,0.08464741706848145,0.03210053549494063
33,1.0840276746749877,351,0.10019850730895996,0.031002005474908056
34,1.0541479063715253,351,0.08430242538452148,0.029879768303462395
35,1.025199871301651,351,0.06851530075073242,0.02894803506987431
36,0.9974305355719157,351,0.09567022323608398,0.02776933572973528
37,0.970929191504206,351,0.08260202407836914,0.026501344067709764
38,0.9454417788301196,351,0.08464550971984863,0.025487412674086385
39,0.920975556067058,351,0.08464717864990234,0.02446622276306154
40,0.8976969885485513,351,0.09700179100036621,0.023278567518506765
41,0.8752957548584257,351,0.08896112442016602,0.022401233690125588
42,0.8541828297546932,351,0.09881329536437988,0.021112925103732527
43,0.8340100035837719,351,0.09813570976257324,0.02017282617092131
44,0.8145313733816146,351,0.09651041030883789,0.019478630202157232
45,0.7961815987144197,351,0.09067773818969727,0.018349774667194896
46,0.7785604596138,351,0.08405470848083496,0.017621139100619687
47,0.7618666628769466,351,0.07813191413879395,0.01669379673685345
48,0.7458558009181704,351,0.08464694023132324,0.016010861958776212
49,0.7306027459757669,351,0.08453249931335449,0.015253054942403477
50,0.716084044115884,351,0.10027074813842773,0.01451870185988291
51,0.7019647875853947,351,0.06901860237121582,0.014119256530489288
52,0.6886926293373108,351,0.08464384078979492,0.01327215824808392
53,0.6760220348324094,351,0.09576416015625,0.012670594504901378
54,0.6640278052091598,351,0.0821371078491211,0.011994229623249586
55,0.6523136293547495,351,0.08418107032775879,0.011714175854410369
56,0.641294765659741,351,0.09980916976928711,0.011018863695008485
57,0.6305040765149252,351,0.10027003288269043,0.010790689144815735
58,0.6202012715509959,351,0.06902122497558594,0.010302804963929324
59,0.6104287479945592,351,0.08433270454406738,0.009772523556436763
60,0.6011974118607385,351,0.10427117347717285,0.009231336133820656
61,0.592163678765297,351,0.09649848937988281,0.009033733095441532
62,0.5834511520351683,351,0.08372831344604492,0.008712526730128678
63,0.5752001579148429,351,0.0782625675201416,0.008250994120325372
64,0.5671816526991981,351,0.09976840019226074,0.008018505215644844
65,0.5596170184697423,351,0.0919647216796875,0.007564634229455747
66,0.5520020338892937,351,0.07753515243530273,0.007614984580448625
67,0.5451948079892567,351,0.10027360916137695,0.006807225900037017
68,0.5382578163913319,351,0.06902170181274414,0.006936991597924824
69,0.5314768692340169,351,0.08464217185974121,0.0067809471573149205
70,0.5250611086658069,351,0.0987694263458252,0.006415760568210027
71,0.5188200628502029,351,0.07963347434997559,0.006241045815604029
72,0.5128992444532258,351,0.11590147018432617,0.005920818396977112
73,0.5071555179953575,351,0.09014892578125,0.005743726457868248
74,0.5016138956376485,351,0.07802200317382812,0.005541622357709053
75,0.49624660717589514,351,0.08514666557312012,0.005367288461753328
76,0.49095431298868997,351,0.08464550971984863,0.005292294187205171
77,0.4859478664142745,351,0.08464646339416504,0.005006446574415457
78,0.48101843435423713,351,0.08464217185974121,0.004929432060037375
79,0.47636941134078165,351,0.09826850891113281,0.004649023013455489
80,0.4715806184751647,351,0.07963371276855469,0.004788792865616953
81,0.46729804102863587,351,0.08463287353515625,0.0042825774465288236
82,0.46285427291052683,351,0.08423900604248047,0.004443768118109037
83,0.4586980459519795,351,0.08426380157470703,0.004156226958547338
84,0.4545667618768556,351,0.08415937423706055,0.00413128407512392
85,0.4506941613469805,351,0.08464264869689941,0.003872600529875092
86,0.4469363231233188,351,0.07814407348632812,0.003757838223661658
87,0.44293006101676397,351,0.10077452659606934,0.004006262106554859
88,0.4391916361451149,351,0.10101056098937988,0.0037384248716490487
89,0.4356691454052925,351,0.08349370956420898,0.003522490739822415
90,0.43216036489180154,351,0.08464789390563965,0.003508780513490961
91,0.4288725593515805,351,0.0845484733581543,0.003287805540221067
92,0.4255994085073471,351,0.08445096015930176,0.0032731508442333523
93,0.42222972928626196,351,0.0846414566040039,0.0033696792210851645
94,0.4192376515865326,351,0.07813119888305664,0.0029920776997293674
95,0.4161585098845618,351,0.08464574813842773,0.0030791417019707668
96,0.41315755805798937,351,0.09990715980529785,0.003000951826572451
97,0.4103021931052208,351,0.06893467903137207,0.0028553649527685576
98,0.40735076241833823,351,0.06867051124572754,0.0029514306868825835
99,0.40469626344953263,351,0.08414077758789062,0.0026544989688055964
100,0.40183484739916664,351,0.09686136245727539,0.0028614160503659947
