1,2.30768191582816,491,0.48575377464294434,Nan
2,2.261546829155513,491,0.06869029998779297,0.046135086672646874
3,2.223574029309409,491,0.07913374900817871,0.037972799846104355
4,2.189640303543636,491,0.06762290000915527,0.033933725765773026
5,2.15763105733054,491,0.06889533996582031,0.03200924621309564
6,2.1254702142306736,491,0.08424782752990723,0.032160843099866554
7,2.092751116684505,491,0.0625007152557373,0.03271909754616864
8,2.0590757491929192,491,0.08464717864990234,0.03367536749158573
9,2.0256208855765205,491,0.06901955604553223,0.03345486361639871
10,1.9913317393915995,491,0.08437228202819824,0.03428914618492107
11,1.9571178370884486,491,0.0846562385559082,0.03421390230315091
12,1.9222134981155397,491,0.07813119888305664,0.0349043389729089
13,1.8868144077914102,491,0.06877708435058594,0.03539909032412947
14,1.8518419917992184,491,0.08464622497558594,0.03497241599219181
15,1.8172305069310324,491,0.06851434707641602,0.03461148486818599
16,1.7826955515657152,491,0.0785515308380127,0.034534955365317144
17,1.7479742185047695,491,0.06901931762695312,0.034721333060945714
18,1.7135962039743151,491,0.06861329078674316,0.034378014530454415
19,1.6795851724147797,491,0.08414173126220703,0.03401103155953544
20,1.6451435829230718,491,0.06255245208740234,0.034441589491707836
21,1.6107722453049251,491,0.08464741706848145,0.0343713376181467
22,1.5764478244100297,491,0.06885194778442383,0.0343244208948954
23,1.542760595015117,491,0.0796349048614502,0.03368722939491264
24,1.5091333510194507,491,0.06701278686523438,0.03362724399566641
25,1.4758893753119877,491,0.08055543899536133,0.03324397570746296
26,1.4426708417960576,491,0.07302308082580566,0.03321853351593007
27,1.410077456508364,491,0.06250238418579102,0.03259338528769362
28,1.3775785085473742,491,0.08437561988830566,0.032498947960989844
29,1.3454377769402095,491,0.06901979446411133,0.032140731607164685
30,1.3137685931410108,491,0.06901812553405762,0.0316691837991987
31,1.282178184577397,491,0.07813167572021484,0.03159040856361384
32,1.2517629151003702,491,0.06902074813842773,0.030415269477026774
33,1.2217040670939854,491,0.08452820777893066,0.03005884800638481
34,1.192170269863946,491,0.06901955604553223,0.02953379723003935
35,1.163601853302547,491,0.07812833786010742,0.02856841656139908
36,1.1362089445250374,491,0.08421182632446289,0.02739290877750955
37,1.1089773984977178,491,0.08464598655700684,0.027231546027319586
38,1.0830672088009972,491,0.06902146339416504,0.025910189696720654
39,1.0577425882475717,491,0.08464479446411133,0.025324620553425436
40,1.033268542425973,491,0.06250262260437012,0.024474045821598622
41,1.0098568050350463,491,0.08464431762695312,0.023411737390926834
42,0.9869522233860833,491,0.06893587112426758,0.02290458164896292
43,0.9652312505245209,491,0.08414173126220703,0.021720972861562493
44,0.9442394571815218,491,0.06273174285888672,0.020991793342999054
45,0.924299967118672,491,0.08464574813842773,0.019939490062849785
46,0.904926619376455,491,0.06902122497558594,0.019373347742216995
47,0.8864714819363185,491,0.08214020729064941,0.018455137440136493
48,0.868596570968628,491,0.06493020057678223,0.01787491096769056
49,0.8517334934302738,491,0.06902170181274414,0.016863077538354143
50,0.8352573919296264,491,0.08464884757995605,0.016476101500647378
51,0.8190571711744581,491,0.06250262260437012,0.01620022075516836
52,0.8038815386806215,491,0.08464765548706055,0.015175632493836577
53,0.7895504980598177,491,0.06890153884887695,0.014331040620803814
54,0.7756062062297548,491,0.06851673126220703,0.01394429183006285
55,0.7622546056509018,491,0.07824182510375977,0.013351600578853096
56,0.7491402807235717,491,0.06866860389709473,0.013114324927330001
57,0.73707882974829,491,0.08464646339416504,0.012061450975281773
58,0.7250377976383482,491,0.06901693344116211,0.012041032109941785
59,0.7133347741195134,491,0.07813096046447754,0.011703023518834788
60,0.7023964024271284,491,0.06902217864990234,0.010938371692384985
61,0.6918853281566075,491,0.08464288711547852,0.010511074270520893
62,0.6816153830289841,491,0.06851768493652344,0.01026994512762347
63,0.6715141217878887,491,0.07817602157592773,0.010101261241095338
64,0.662190878868103,491,0.06902313232421875,0.009323242919785701
65,0.6532205691337586,491,0.0842139720916748,0.008970309734344428
66,0.6442348042896816,491,0.06901836395263672,0.008985764844076982
67,0.6357245705638613,491,0.07813119888305664,0.008510233725820271
68,0.6274936460767474,491,0.08465075492858887,0.008230924487113933
69,0.6195776349817004,491,0.06902027130126953,0.007916011095047026
70,0.6119626360791071,491,0.08450078964233398,0.007614998902593317
71,0.6045606826373509,491,0.06250238418579102,0.007401953441756204
72,0.5973393078872136,491,0.08464670181274414,0.007221374750137288
73,0.5903415936912809,491,0.06862235069274902,0.006997714195932647
74,0.58375774203028,491,0.06901884078979492,0.00658385166100095
75,0.5770556138583592,491,0.07812929153442383,0.006702128171920729
76,0.5708046971559525,491,0.06901907920837402,0.006250916702406739
77,0.5649917225667409,491,0.08464479446411133,0.005812974589211595
78,0.5588663084506988,491,0.0690164566040039,0.0061254141160420605
79,0.5530455933468682,491,0.06250596046447754,0.005820715103830643
80,0.5476539144941739,491,0.08464717864990234,0.005391678852694315
81,0.5420723788567952,491,0.06902003288269043,0.005581535637378732
82,0.536916073169027,491,0.08364129066467285,0.005156305687768148
83,0.5318002266032356,491,0.0630197525024414,0.005115846565791449
84,0.5266665725793157,491,0.06952381134033203,0.005133654023919854
85,0.5220235828757286,491,0.08464932441711426,0.004642989703587119
86,0.5174518566046442,491,0.06250262260437012,0.004571726271084375
87,0.5128348209687642,491,0.08464717864990234,0.004617035635880007
88,0.5081820424710001,491,0.06901884078979492,0.004652778497764132
89,0.503833986554827,491,0.06851601600646973,0.004348055916173044
90,0.49996406379767827,491,0.07844090461730957,0.0038699227571487582
91,0.4956502529808453,491,0.06902074813842773,0.004313810816832964
92,0.4917288345779691,491,0.08464670181274414,0.003921418402876187
93,0.48770461262123926,491,0.0690159797668457,0.0040242219567298565
94,0.48395428302458354,491,0.07813096046447754,0.0037503295966557215
95,0.4802621807541166,491,0.06853032112121582,0.003692102270466957
96,0.4765060346126556,491,0.08514595031738281,0.00375614614146097
97,0.47303047967808587,491,0.06901669502258301,0.0034755549345697467
98,0.46973287558555604,491,0.07813167572021484,0.0032976040925298267
99,0.46656190179075513,491,0.06859755516052246,0.003170973794800913
100,0.4631009722777775,491,0.06902742385864258,0.0034609295129776063
