1,2.292486974648067,171,0.2647237777709961,Nan
2,2.199346219267164,171,0.10020303726196289,0.09314075538090316
3,2.1237771207945686,171,0.08442544937133789,0.07556909847259519
4,2.0531672738279614,171,0.09994935989379883,0.07060984696660721
5,1.9831956846032823,171,0.08428120613098145,0.06997158922467905
6,1.9110672383649008,171,0.10027194023132324,0.07212844623838155
7,1.8364524804524014,171,0.10027170181274414,0.07461475791249939
8,1.7608047183241162,171,0.08421707153320312,0.07564776212828517
9,1.684310572181429,171,0.10027146339416504,0.07649414614268712
10,1.6076934265749796,171,0.08464288711547852,0.0766171456064495
11,1.531123830148152,171,0.09977078437805176,0.07656959642682759
12,1.4554774913106645,171,0.10075163841247559,0.0756463388374875
13,1.3808084209646498,171,0.07813286781311035,0.07466907034601467
14,1.307764370237078,171,0.10027408599853516,0.07304405072757181
15,1.2374393205983298,171,0.10027194023132324,0.0703250496387482
16,1.1699993280683245,171,0.08441543579101562,0.06743999253000532
17,1.1056730879374912,171,0.10027074813842773,0.06432624013083332
18,1.0448979236909322,171,0.08419084548950195,0.060775164246559044
19,0.9885104045357023,171,0.0999917984008789,0.05638751915522988
20,0.9373418760299682,171,0.08440995216369629,0.05116852850573406
21,0.8904335310799735,171,0.10000324249267578,0.04690834494999474
22,0.8476986804349081,171,0.08464527130126953,0.042734850645065325
23,0.8090331737824848,171,0.09995222091674805,0.0386655066524233
24,0.774054379940033,171,0.08414077758789062,0.03497879384245184
25,0.7423266116210393,171,0.10024046897888184,0.03172776831899371
26,0.7127987462622779,171,0.10080432891845703,0.029527865358761396
27,0.6869699539116451,171,0.07813143730163574,0.025828792350632845
28,0.6626215507984161,171,0.10010480880737305,0.024348403113228945
29,0.6404489547695432,171,0.0998070240020752,0.022172596028872893
30,0.6201417154244014,171,0.08447837829589844,0.02030723934514178
31,0.6018017295769282,171,0.0998377799987793,0.018339985847473206
32,0.5847385899680001,171,0.08464622497558594,0.017063139608928135
33,0.5687846407549721,171,0.09988141059875488,0.01595394921302795
34,0.554526801109314,171,0.08443140983581543,0.014257839645658188
35,0.5406788585356304,171,0.10027074813842773,0.013847942573683603
36,0.5279721196208681,171,0.08464670181274414,0.012706738914762261
37,0.5163385192070689,171,0.10025596618652344,0.011633600413799239
38,0.5053577324407441,171,0.08414316177368164,0.010980786766324746
39,0.49506775655916757,171,0.10074996948242188,0.01028997588157654
40,0.4850304237093244,171,0.10027241706848145,0.01003733284984315
41,0.47573605209589004,171,0.07812857627868652,0.009294371613434382
42,0.4675142859561103,171,0.10027408599853516,0.008221766139779763
43,0.45938877757958,171,0.09984850883483887,0.008125508376530255
44,0.45140696419136866,171,0.08464598655700684,0.007981813388211356
45,0.443934531552451,171,0.10027098655700684,0.00747243263891767
46,0.4375870251144682,171,0.08464646339416504,0.0063475064379828194
47,0.43068713873624803,171,0.10186052322387695,0.006899886378220144
48,0.4244852244768824,171,0.08298897743225098,0.006201914259365615
49,0.41861216693265096,171,0.08464622497558594,0.0058730575442314525
50,0.4125708491291319,171,0.09985566139221191,0.006041317803519075
51,0.40703096406800404,171,0.09995198249816895,0.005539885061127847
52,0.4018856793812343,171,0.08414173126220703,0.005145284686769724
53,0.3967577692270279,171,0.10012078285217285,0.005127910154206439
54,0.39209190357582907,171,0.09542131423950195,0.004665865651198808
55,0.3875265766722815,171,0.08313798904418945,0.004565326903547551
56,0.3829965270587376,171,0.0998070240020752,0.004530049613543918
57,0.37894494873285295,171,0.08419227600097656,0.004051578325884653
58,0.37423687086786545,171,0.09991312026977539,0.004708077864987503
59,0.3704021874325616,171,0.08464646339416504,0.003834683435303854
60,0.36646842732599805,171,0.10027098655700684,0.003933760106563544
61,0.36279395394665853,171,0.08464694023132324,0.0036744733793395157
62,0.35931397474237853,171,0.10027074813842773,0.0034799792042800037
63,0.35606642167908803,171,0.08464527130126953,0.003247553063290498
64,0.35215758512701306,171,0.09988999366760254,0.003908836552074968
65,0.34913490034852707,171,0.08414077758789062,0.0030226847784859956
66,0.34585497162171774,171,0.09994053840637207,0.0032799287268093225
67,0.3428072242992265,171,0.09985661506652832,0.0030477473224912455
68,0.33951253647463664,171,0.0783693790435791,0.003294687824589859
69,0.3367783235566957,171,0.09996914863586426,0.002734212917940959
70,0.3335020215809345,171,0.10027122497558594,0.0032763019757611755
71,0.3311475656075137,171,0.08459639549255371,0.0023544559734208215
72,0.32802340200543406,171,0.09985089302062988,0.0031241636020796215
73,0.3254464065560273,171,0.10013580322265625,0.0025769954494067604
74,0.3230879576035908,171,0.10027360916137695,0.002358448952436476
75,0.32003792410663195,171,0.10027170181274414,0.0030500334969588705
76,0.3180723126232624,171,0.10026931762695312,0.001965611483369545
77,0.31553157767653467,171,0.10027217864990234,0.0025407349467277407
78,0.3130628269570214,171,0.10027098655700684,0.0024687507195132463
79,0.31104365967001235,171,0.09987759590148926,0.0020191672870090716
80,0.30864349696040155,171,0.10027074813842773,0.002400162709610798
81,0.3062559449076653,171,0.10027050971984863,0.002387552052736275
82,0.3038859196518149,171,0.10027098655700684,0.0023700252558503943
83,0.302195126244,171,0.09998488426208496,0.0016907934078148612
84,0.29989172627670424,171,0.0998694896697998,0.0023033999672957828
85,0.2975438087156841,171,0.10027408599853516,0.002347917561020152
86,0.2958890508711338,171,0.10027170181274414,0.0016547578445502698
87,0.29394002311996054,171,0.10027122497558594,0.0019490277511732823
88,0.29185242932183403,171,0.10027098655700684,0.002087593798126508
89,0.28976353842445784,171,0.10027265548706055,0.0020888908973761833
90,0.2881985237598419,171,0.10010647773742676,0.001565014664615949
91,0.28636820440632954,171,0.10027241706848145,0.0018303193535123552
92,0.2844176922908851,171,0.0998680591583252,0.0019505121154444471
93,0.2827061327227524,171,0.08436441421508789,0.0017115595681326812
94,0.28082345034394945,171,0.10027217864990234,0.0018826823788029579
95,0.27911565027918134,171,0.10027146339416504,0.0017078000647681169
96,0.277700282986675,171,0.10027194023132324,0.0014153672925063532
97,0.2758814940750599,171,0.10024857521057129,0.0018187889116150768
98,0.2741737279636519,171,0.10027241706848145,0.0017077661114079934
99,0.27292391063485827,171,0.09988164901733398,0.0012498173287936454
100,0.27080101649250304,171,0.10002493858337402,0.002122894142355225
