1,2.258646142550877,271,0.593233585357666,Nan
2,2.199440033503941,271,0.1200416088104248,0.05920610904693602
3,2.142586357321058,271,0.11106753349304199,0.05685367618288284
4,2.0849787789753504,271,0.11589813232421875,0.05760757834570773
5,2.026209291151592,271,0.11589837074279785,0.05876948782375857
6,1.9657370025089809,271,0.10027098655700684,0.060472288642611005
7,1.9046854916300093,271,0.12540960311889648,0.06105151087897154
8,1.843709078005382,271,0.0945589542388916,0.06097641362462736
9,1.782796723161425,271,0.11589717864990234,0.06091235484395696
10,1.7217899938992092,271,0.13390779495239258,0.06100672926221584
11,1.6606667172227587,271,0.09065890312194824,0.061123276676450455
12,1.598984707559858,271,0.125596284866333,0.061682009662900716
13,1.5373203682558878,271,0.07452511787414551,0.061664339303970195
14,1.4764101268223353,271,0.08416032791137695,0.0609102414335525
15,1.4165707929474967,271,0.0851445198059082,0.05983933387483864
16,1.3581011342321123,271,0.10027289390563965,0.05846965871538434
17,1.3015106156553542,271,0.10015726089477539,0.05659051857675812
18,1.2467976816722326,271,0.06851577758789062,0.0547129339831216
19,1.1943894592353277,271,0.1158301830291748,0.052408222436904905
20,1.1444960794448853,271,0.08464455604553223,0.049893379790442394
21,1.097298944916044,271,0.07813382148742676,0.047197134528841334
22,1.0531899480479103,271,0.10027456283569336,0.04410899686813363
23,1.0115080003908703,271,0.0944364070892334,0.04168194765704003
24,0.9728812231166022,271,0.09318065643310547,0.03862677727426811
25,0.9367128912210464,271,0.09726953506469727,0.036168331895555794
26,0.9029573501518795,271,0.0687410831451416,0.033755541069166894
27,0.8717461479731968,271,0.08464217185974121,0.031211202178682673
28,0.8427673795563834,271,0.08414053916931152,0.02897876841681346
29,0.8156149906941823,271,0.07840204238891602,0.02715238886220106
30,0.7903057935067586,271,0.08433008193969727,0.02530919718742375
31,0.7668945369209562,271,0.08464813232421875,0.023411256585802342
32,0.745041319847107,271,0.08464598655700684,0.02185321707384924
33,0.7244867786169052,271,0.0690159797668457,0.02055454123020173
34,0.7056036784478597,271,0.07813119888305664,0.018883100169045597
35,0.6879111794233322,271,0.08464765548706055,0.01769249902452741
36,0.670959583231381,271,0.08464455604553223,0.01695159619195119
37,0.6552583895070212,271,0.08464550971984863,0.015701193724359852
38,0.6404588844605854,271,0.0845634937286377,0.01479950504643579
39,0.6266115608726229,271,0.08313989639282227,0.013847323587962479
40,0.613451753446034,271,0.10150527954101562,0.013159807426588954
41,0.6009905689784458,271,0.11590051651000977,0.012461184467588149
42,0.5892981519869396,271,0.13152313232421875,0.01169241699150625
43,0.5779728423867907,271,0.11649560928344727,0.01132530960014888
44,0.5675637258631843,271,0.08394169807434082,0.010409116523606432
45,0.5575213495152337,271,0.08433699607849121,0.010042376347950577
46,0.5480361871549061,271,0.08448910713195801,0.009485162360327593
47,0.5389055651085717,271,0.11260008811950684,0.009130622046334413
48,0.5302811864784786,271,0.08764219284057617,0.008624378630093132
49,0.5218727936148644,271,0.10027337074279785,0.008408392863614167
50,0.5141608107515744,271,0.11567878723144531,0.007711982863290001
51,0.5066526408706392,271,0.08464646339416504,0.007508169880935167
52,0.4993879364558629,271,0.0846414566040039,0.007264704414776335
53,0.4923150877697127,271,0.10027217864990234,0.007072848686150157
54,0.4858414421422141,271,0.07813143730163574,0.0064736456274986365
55,0.47950506839581897,271,0.10027122497558594,0.006336373746395119
56,0.47332581899847304,271,0.08436107635498047,0.006179249397345932
57,0.46738589526074276,271,0.06901860237121582,0.005939923737730279
58,0.4617878831965583,271,0.08455729484558105,0.005598012064184477
59,0.4564495654787336,271,0.08464217185974121,0.00533831771782467
60,0.451040288065161,271,0.09676504135131836,0.005409277413572611
61,0.44590263151271003,271,0.0811622142791748,0.005137656552450964
62,0.44120075479575566,271,0.08472561836242676,0.0047018767169543785
63,0.4363840761951038,271,0.10027074813842773,0.00481667860065188
64,0.43207315700394766,271,0.08465313911437988,0.004310919191156115
65,0.42748405178955623,271,0.10027122497558594,0.004589105214391431
66,0.4232926431042807,271,0.0846564769744873,0.004191408685275511
67,0.41910524553912026,271,0.08464574813842773,0.004187397565160456
68,0.4150806356327874,271,0.08464527130126953,0.004024609906332854
69,0.4112746544991221,271,0.07812833786010742,0.003805981133665315
70,0.40722815869535717,271,0.08460092544555664,0.004046495803764927
71,0.4036253011396953,271,0.08464455604553223,0.0036028575556618647
72,0.4001233837008476,271,0.06856203079223633,0.0035019174388477015
73,0.396588685802051,271,0.08414053916931152,0.0035346978987966238
74,0.3933687327504158,271,0.10051798820495605,0.0032199530516351937
75,0.3899609582935061,271,0.07813191413879395,0.003407774456909707
76,0.3867903138484274,271,0.08464550971984863,0.0031706444450786964
77,0.3837552993467876,271,0.09803533554077148,0.003035014501639788
78,0.3806823064855167,271,0.0863957405090332,0.0030729928612708846
79,0.377660910819258,271,0.06855654716491699,0.003021395666258697
80,0.3749870153920991,271,0.08464336395263672,0.002673895427158901
81,0.37199511525460655,271,0.07812833786010742,0.0029919001374925647
82,0.3693510317802429,271,0.08464622497558594,0.0026440834743636232
83,0.3668370035290718,271,0.11589717864990234,0.002514028251171141
84,0.3641122734206063,271,0.10027098655700684,0.0027247301084654674
85,0.3615117701802935,271,0.12227320671081543,0.0026005032403128014
86,0.3589729229722704,271,0.09977006912231445,0.0025388472080231095
87,0.35644848698377607,271,0.07828855514526367,0.0025244359884943335
88,0.35434120347670145,271,0.08464550971984863,0.00210728350707462
89,0.35178176582711085,271,0.08446002006530762,0.0025594376495906013
90,0.34965142182792935,271,0.08464574813842773,0.0021303439991814943
91,0.34743092386211666,271,0.08464360237121582,0.0022204979658126955
92,0.34504524712051665,271,0.08464241027832031,0.002385676741600007
93,0.3427962647676468,271,0.10027122497558594,0.002248982352869855
94,0.3407900031123843,271,0.07813239097595215,0.00200626165526252
95,0.33867127672263553,271,0.10027194023132324,0.0021187263897487485
96,0.3367615627987044,271,0.10027098655700684,0.0019097139239311334
97,0.33469575718896727,271,0.10027289390563965,0.002065805609737126
98,0.33266762479713985,271,0.10023975372314453,0.0020281323918274197
99,0.33081423895699635,271,0.08464956283569336,0.0018533858401434955
100,0.3289722827843257,271,0.10027027130126953,0.0018419561726706335
