1,2.3325963606153217,341,0.41672420501708984,Nan
2,2.264015851225172,341,0.08444070816040039,0.06858050939014992
3,2.2178254836627413,341,0.08464312553405762,0.046190367562430446
4,2.1783314621789116,341,0.09977078437805176,0.039494021483829744
5,2.139802286693028,341,0.09811830520629883,0.03852917548588364
6,2.1010750907489233,341,0.07974052429199219,0.038727195944104675
7,2.0607729962893893,341,0.08465075492858887,0.04030209445953403
8,2.0191114125932965,341,0.09987187385559082,0.04166158369609274
9,1.9761640641008105,341,0.08464574813842773,0.04294734849248605
10,1.9321903222629002,341,0.10027384757995605,0.04397374183791025
11,1.8862807665552412,341,0.09993672370910645,0.04590955570765898
12,1.8382793556622097,341,0.10011577606201172,0.04800141089303156
13,1.7881782989842552,341,0.06901979446411133,0.0501010566779545
14,1.7385324177060808,341,0.08414077758789062,0.049645881278174375
15,1.6894557347978865,341,0.11623311042785645,0.049076682908194336
16,1.6410836932999746,341,0.08464336395263672,0.048372041497911855
17,1.5935626688684736,341,0.0957646369934082,0.04752102443150097
18,1.546679057427815,341,0.0825502872467041,0.04688361144065856
19,1.5002016294683729,341,0.08464670181274414,0.04647742795944221
20,1.4547944861480169,341,0.10027360916137695,0.045407143320356
21,1.410593513080052,341,0.08439850807189941,0.04420097306796489
22,1.3676043362617494,341,0.08464550971984863,0.04298917681830261
23,1.325566014971052,341,0.08464741706848145,0.0420383212906974
24,1.285225599016462,341,0.09984993934631348,0.040340415954589925
25,1.246133620432445,341,0.08414149284362793,0.03909197858401714
26,1.2081470634937286,341,0.11621928215026855,0.03798655693871633
27,1.171842609507697,341,0.08464193344116211,0.03630445398603155
28,1.1369153282642364,341,0.09726881980895996,0.03492728124346067
29,1.1036307465008326,341,0.08063530921936035,0.033284581763403764
30,1.0714940349374498,341,0.08464646339416504,0.032136711563382825
31,1.0408983911105565,341,0.10027241706848145,0.030595643826893282
32,1.0117598217385155,341,0.08440375328063965,0.029138569372040957
33,0.9840591458593096,341,0.08464646339416504,0.027700675879205883
34,0.9575543809277671,341,0.08464527130126953,0.026504764931542524
35,0.9324264008317675,341,0.08414125442504883,0.02512798009599959
36,0.9083705208131245,341,0.09712791442871094,0.024055880018643006
37,0.8856099114247731,341,0.08113694190979004,0.02276060938835145
38,0.86391628912517,341,0.08464503288269043,0.021693622299603033
39,0.8427179089444025,341,0.10027313232421875,0.021198380180767584
40,0.8231317797728948,341,0.08464574813842773,0.019586129171507705
41,0.8047076377868653,341,0.10027360916137695,0.018424141986029485
42,0.7866108776671545,341,0.10027241706848145,0.01809676011971073
43,0.7693734327554703,341,0.0845181941986084,0.01723744491168422
44,0.7529324269465038,341,0.08460092544555664,0.01644100580896657
45,0.7374235598870686,341,0.10004806518554688,0.015508867059435105
46,0.7221279281377793,341,0.08464360237121582,0.015295631749289385
47,0.7079743236814227,341,0.07813119888305664,0.014153604456356605
48,0.6943811093568801,341,0.10027241706848145,0.013593214324542524
49,0.681629455941064,341,0.08464908599853516,0.012751653415816078
50,0.6689206913709641,341,0.10027170181274414,0.01270876457009995
51,0.6570953700201851,341,0.10013341903686523,0.011825321350778961
52,0.6458901229415621,341,0.11589789390563965,0.011205247078623026
53,0.6348297026157379,341,0.12241482734680176,0.011060420325824216
54,0.6243160051277705,341,0.14234113693237305,0.010513697487967377
55,0.6143763670069831,341,0.09906554222106934,0.009939638120787464
56,0.6046361000708171,341,0.11589932441711426,0.00974026693616592
57,0.5951662856851305,341,0.12241411209106445,0.009469814385686615
58,0.5864201710905348,341,0.10027217864990234,0.008746114594595733
59,0.5778166186128344,341,0.11590242385864258,0.008603552477700394
60,0.5694549666643143,341,0.11589884757995605,0.008361651948520121
61,0.5613502479110445,341,0.08464622497558594,0.00810471875326979
62,0.553689214697906,341,0.09980559349060059,0.007661033213138491
63,0.5464413138372558,341,0.08414196968078613,0.007247900860650192
64,0.5391207639660154,341,0.09862732887268066,0.007320549871240423
65,0.5322653671928814,341,0.08013582229614258,0.006855396773133959
66,0.5256098828400885,341,0.08464717864990234,0.006655484352792951
67,0.519079911674772,341,0.11585569381713867,0.006529971165316506
68,0.5129751481243542,341,0.08464837074279785,0.00610476355041778
69,0.5069915640269007,341,0.10027194023132324,0.005983584097453476
70,0.501157956625734,341,0.08420491218566895,0.005833607401166674
71,0.49571311574322835,341,0.08422017097473145,0.005444840882505686
72,0.49017579612561635,341,0.0841822624206543,0.005537319617612002
73,0.4848284367408071,341,0.10027360916137695,0.005347359384809236
74,0.4794436711498669,341,0.08413958549499512,0.005384765590940199
75,0.47479266727822167,341,0.09932780265808105,0.004651003871645243
76,0.46987429502180644,341,0.07900834083557129,0.004918372256415227
77,0.46499857584919246,341,0.10006380081176758,0.004875719172613979
78,0.4606142316801207,341,0.08457326889038086,0.004384344169071741
79,0.4560171276671546,341,0.08457636833190918,0.004597104012966147
80,0.4520390837618283,341,0.10027146339416504,0.003978043905326301
81,0.4475699527859688,341,0.08464717864990234,0.004469130975859492
82,0.44353931359733856,341,0.09801149368286133,0.004030639188630225
83,0.43948199138471056,341,0.08664894104003906,0.004057322212628001
84,0.435779931145055,341,0.10020065307617188,0.00370206023965558
85,0.43200972917250224,341,0.08414125442504883,0.0037702019725527336
86,0.4284823634624481,341,0.09825301170349121,0.003527365710054131
87,0.4245656207033566,341,0.08063602447509766,0.003916742759091485
88,0.4212977644630841,341,0.08464574813842773,0.0032678562402725375
89,0.4177207064969199,341,0.10027241706848145,0.003577057966164199
90,0.4143091833421162,341,0.08464479446411133,0.0034115231548036973
91,0.4112817663550377,341,0.08464837074279785,0.0030274169870784795
92,0.4077916523558753,341,0.08464550971984863,0.0034901139991624364
93,0.4048064403533936,341,0.10020899772644043,0.0029852120024816964
94,0.4015001495565687,341,0.0846409797668457,0.0033062907968248734
95,0.39868387407915934,341,0.09977030754089355,0.002816275477409369
96,0.39585365882941653,341,0.10072064399719238,0.002830215249742807
97,0.393083299100399,341,0.0987701416015625,0.002770359729017513
98,0.39023811507225037,341,0.07932782173156738,0.0028451840281486507
99,0.3874532923953874,341,0.08445239067077637,0.0027848226768629747
100,0.38490058686903544,341,0.08435320854187012,0.0025527055263519505
