1,200,2.24960471259,Nan,0.0
2,200,2.18765809801,0.0619466145833,0.0
3,200,2.13428966946,0.0533684285482,0.0
4,200,2.08484191047,0.0494477589925,0.0
5,200,2.03620320638,0.048638704088,0.0
6,200,1.98703153822,0.0491716681586,0.0
7,200,1.93654959785,0.0504819403754,0.0
8,200,1.88499080234,0.0515587955051,0.0
9,200,1.83259443495,0.052396367391,0.0
10,200,1.78026379055,0.0523306443956,0.0
11,200,1.72815324571,0.0521105448405,0.0
12,200,1.67656433105,0.0515889146593,0.0
13,200,1.62568142361,0.0508829074436,0.000999927520752
14,200,1.57558629354,0.0500951300727,0.0
15,200,1.52632529365,0.0492609998915,0.0
16,200,1.47797534519,0.0483499484592,0.0
17,200,1.43068662008,0.0472887251112,0.0
18,200,1.38493143294,0.0457551871406,0.0
19,200,1.34068104638,0.044250386556,0.0
20,200,1.29805160099,0.0426294453939,0.0
21,200,1.25718288845,0.0408687125312,0.0
22,200,1.21813716888,0.0390457195706,0.000999927520752
23,200,1.18094823201,0.0371889368693,0.0
24,200,1.14552761926,0.0354206127591,0.0
25,200,1.11183639103,0.0336912282308,0.0
26,200,1.0798557112,0.0319806798299,0.0
27,200,1.04949680328,0.0303589079115,0.000999927520752
28,200,1.02071558211,0.0287812211778,0.0
29,200,0.993510250515,0.0272053315904,0.0
30,200,0.967847044203,0.0256632063124,0.0
31,200,0.943604151408,0.0242428927951,0.0
32,200,0.920723063151,0.0228810882568,0.0
33,200,0.899093691508,0.0216293716431,0.0
34,200,0.878671158685,0.0204225328234,0.00100016593933
35,200,0.859370023939,0.0193011347453,0.0
36,200,0.841115794712,0.0182542292277,0.000999927520752
37,200,0.823834470113,0.0172813245985,0.0
38,200,0.807451379564,0.016383090549,0.0
39,200,0.791905831231,0.0155455483331,0.0
40,200,0.777144724528,0.014761106703,0.0
41,200,0.763111788432,0.0140329360962,0.0
42,200,0.749768227471,0.0133435609606,0.0
43,200,0.737064408196,0.0127038192749,0.0
44,200,0.72496140586,0.0121030023363,0.0
45,200,0.713424080743,0.0115373251173,0.0
46,200,0.702412575616,0.011011505127,0.0
47,200,0.691889112261,0.0105234633552,0.0
48,200,0.68182352066,0.0100655916002,0.0
49,200,0.672194512685,0.00962900797526,0.0
50,200,0.662971189287,0.00922332339817,0.0
51,200,0.654130730099,0.00884045918783,0.0
52,200,0.645651128557,0.00847960154215,0.0
53,200,0.63750606113,0.00814506742689,0.0
54,200,0.629681301117,0.00782476001316,0.000999927520752
55,200,0.622156456841,0.00752484427558,0.0
56,200,0.614916099972,0.00724035686917,0.0
57,200,0.607942055596,0.00697404437595,0.0
58,200,0.601223161485,0.00671889411079,0.0
59,200,0.594742893643,0.00648026784261,0.0
60,200,0.588487169478,0.00625572416517,0.0
61,200,0.582443962097,0.00604320738051,0.0
62,200,0.576602564918,0.0058413971795,0.0
63,200,0.570954329173,0.0056482357449,0.0
64,200,0.565486181047,0.00546814812554,0.0
65,200,0.560194670359,0.00529151068793,0.0
66,200,0.555068340302,0.00512633005778,0.0
67,200,0.550097675323,0.00497066497803,0.0
68,200,0.545276910994,0.0048207643297,0.000999927520752
69,200,0.540601005554,0.00467590543959,0.0
70,200,0.536064669291,0.00453633626302,0.0
71,200,0.531656926473,0.0044077428182,0.0
72,200,0.52737253401,0.00428439246284,0.0
73,200,0.523209109836,0.00416342417399,0.0
74,200,0.519159439935,0.00404966990153,0.0
75,200,0.515217950609,0.00394148932563,0.0
76,200,0.511379600101,0.00383835050795,0.0
77,200,0.507641709646,0.00373789045546,0.0
78,200,0.503998603821,0.00364310582479,0.0
79,200,0.500447957781,0.00355064604017,0.0
80,200,0.496986357371,0.00346160040961,0.0
81,200,0.493611024221,0.00337533315023,0.0
82,200,0.49031847424,0.00329254998101,0.0
83,200,0.487105517917,0.00321295632256,0.0
84,200,0.483968662686,0.00313685523139,0.0
85,200,0.4809048801,0.00306378258599,0.0
86,200,0.477912046644,0.0029928334554,0.0
87,200,0.474985478719,0.00292656792535,0.0
88,200,0.47212331348,0.00286216523912,0.0
89,200,0.469321708679,0.00280160480075,0.0
90,200,0.466580083635,0.00274162504408,0.0
91,200,0.463898194631,0.00268188900418,0.0
92,200,0.461271906959,0.00262628767225,0.0
93,200,0.458701271481,0.0025706354777,0.0
94,200,0.456178637611,0.00252263387044,0.0
95,200,0.453705800374,0.00247283723619,0.0
96,200,0.451282549964,0.00242325041029,0.0
97,200,0.448906966315,0.00237558364868,0.0
98,200,0.446577839322,0.00232912699382,0.0
99,200,0.444294215308,0.00228362401327,0.00100016593933
100,200,0.442054316203,0.0022398991055,0.0
101,200,0.439856491089,0.00219782511393,0.0
102,200,0.437697313097,0.00215917799208,0.0
103,200,0.435577500661,0.00211981243557,0.0
104,200,0.433494809469,0.00208269119263,0.0
105,200,0.431449904972,0.00204490449693,0.0
106,200,0.429442036947,0.00200786802504,0.0
107,200,0.427469086117,0.0019729508294,0.0
108,200,0.425530433655,0.00193865246243,0.0
109,200,0.423624958462,0.0019054751926,0.00100016593933
110,200,0.421751492818,0.00187346564399,0.0
111,200,0.419910178714,0.00184131410387,0.0
112,200,0.418098898994,0.00181127972073,0.0
113,200,0.416318649716,0.00178024927775,0.0
114,200,0.414565514459,0.0017531352573,0.0
115,200,0.412841491699,0.00172402275933,0.0
116,200,0.411144542694,0.00169694900513,0.0
117,200,0.409471662309,0.00167288038466,0.0
118,200,0.407824150721,0.0016475115882,0.0
119,200,0.406199849447,0.00162430127462,0.0
120,200,0.404595547782,0.00160430166456,0.000999927520752
121,200,0.403016343647,0.00157920413547,0.0
122,200,0.401462204191,0.00155413945516,0.0
123,200,0.3999318907,0.00153031349182,0.0
124,200,0.398424627516,0.00150726318359,0.00100016593933
125,200,0.396939234204,0.00148539331224,0.0
126,200,0.395475804011,0.00146343019274,0.0
127,200,0.394034101698,0.00144170231289,0.0
128,200,0.392613415188,0.00142068650987,0.0
129,200,0.391212059657,0.00140135553148,0.0
130,200,0.389829952452,0.00138210720486,0.0
131,200,0.388466821247,0.00136313120524,0.0
132,200,0.387122263379,0.00134455786811,0.0
133,200,0.385795315637,0.00132694774204,0.0
134,200,0.384484473334,0.00131084230211,0.0
135,200,0.383189592361,0.00129488097297,0.0
136,200,0.381912844976,0.00127674738566,0.0
137,200,0.380654962328,0.00125788264804,0.0
138,200,0.379411766264,0.00124319606357,0.0
139,200,0.378184710609,0.00122705565559,0.0
140,200,0.376973170174,0.0012115404341,0.0
141,200,0.375776815414,0.00119635476006,0.0
142,200,0.374595326318,0.00118148909675,0.0
143,200,0.373427522447,0.00116780387031,0.0
144,200,0.372273536258,0.0011539861891,0.0
145,200,0.371132907867,0.00114062839084,0.0
146,200,0.370006263521,0.00112664434645,0.0
147,200,0.36889304373,0.00111321979099,0.0
148,200,0.367792330848,0.00110071288215,0.0
149,200,0.366702935961,0.00108939488729,0.0
150,200,0.36562658204,0.00107635392083,0.0
151,200,0.364562331306,0.00106425073412,0.0
152,200,0.363510397805,0.0010519335005,0.0
153,200,0.362470783657,0.00103961414761,0.0
154,200,0.361442417569,0.00102836608887,0.0
155,200,0.360425803926,0.00101661364237,0.0
156,200,0.359420013428,0.00100579049852,0.0
157,200,0.358424591488,0.000995421939426,0.0
158,200,0.357440026601,0.000984564887153,0.0
159,200,0.356466419432,0.000973607169257,0.0
160,200,0.355503248639,0.000963170793322,0.0
161,200,0.354550000297,0.000953248341878,0.0
162,200,0.353606182734,0.000943817562527,0.0
163,200,0.352672464583,0.000933718151516,0.0
164,200,0.351748820411,0.000923644171821,0.0
165,200,0.350833730698,0.000915089713203,0.0
166,200,0.34992714564,0.000906585057576,0.0
167,200,0.34903029018,0.000896855460273,0.0
168,200,0.348142063353,0.000888226826986,0.000999927520752
169,200,0.347262644238,0.000879419114855,0.0
170,200,0.346391631232,0.000871013005575,0.0
171,200,0.345529342228,0.000862289004856,0.0
172,200,0.344675969018,0.000853373209636,0.0
173,200,0.343831209607,0.000844759411282,0.00100016593933
174,200,0.34299402131,0.000837188296848,0.0
175,200,0.342165206273,0.00082881503635,0.0
176,200,0.341343289481,0.000821916792128,0.0
177,200,0.340530209012,0.000813080469767,0.0
178,200,0.339724124273,0.000806084738837,0.0
179,200,0.338925643497,0.000798480775621,0.0
180,200,0.338134560055,0.00079108344184,0.0
181,200,0.337350405587,0.000784154468113,0.0
182,200,0.336573476791,0.000776928795709,0.0
183,200,0.335804116991,0.000769359800551,0.0
184,200,0.335040973028,0.000763143963284,0.0
185,200,0.334284609689,0.000756363338894,0.0
186,200,0.333533951441,0.000750658247206,0.0
187,200,0.33278995408,0.000743997361925,0.0
188,200,0.332053704792,0.000736249287923,0.0
189,200,0.331323342853,0.000730361938477,0.0
190,200,0.330598755942,0.000724586910672,0.0
191,200,0.329879822201,0.000718933741252,0.00100016593933
192,200,0.329167718887,0.00071210331387,0.0
193,200,0.32846121894,0.000706499947442,0.0
194,200,0.327760539585,0.000700679355198,0.0
195,200,0.327065954208,0.000694585376316,0.0
196,200,0.326377148098,0.000688806109958,0.0
197,200,0.325693215264,0.000683932834201,0.0
198,200,0.325015327666,0.000677887598674,0.0
199,200,0.324342093998,0.000673233668009,0.0
200,200,0.323674728605,0.000667365392049,0.0
201,200,0.323012445238,0.000662283367581,0.0
202,200,0.322355369992,0.000657075246175,0.0
203,200,0.321703164842,0.000652205149333,0.000999927520752
204,200,0.321056108475,0.000647056367662,0.0
205,200,0.320414538913,0.000641569561428,0.0
206,200,0.319776202308,0.000638336605496,0.0
207,200,0.319143118329,0.000633083979289,0.0
208,200,0.318513627582,0.000629490746392,0.00100016593933
209,200,0.317888738844,0.000624888737996,0.0
210,200,0.31726887491,0.000619863933987,0.0
211,200,0.316654157639,0.000614717271593,0.0
212,200,0.316044285032,0.000609872606066,0.0
213,200,0.315438183679,0.000606101353963,0.0
214,200,0.314836139679,0.000602043999566,0.0
215,200,0.314238442315,0.000597697363959,0.0
216,200,0.31364505132,0.000593390994602,0.0
217,200,0.313055000305,0.000590051015218,0.0
218,200,0.312469512092,0.000585488213433,0.0
219,200,0.311888722314,0.000580789777968,0.0
220,200,0.311311736637,0.000576985677083,0.0
221,200,0.310739196142,0.000572540495131,0.0
222,200,0.310170163049,0.000569033092923,0.0
223,200,0.309605759515,0.000564403533935,0.00100016593933
224,200,0.309044752121,0.000561007393731,0.0
225,200,0.308487355974,0.000557396146986,0.00100016593933
226,200,0.307933490541,0.000553865432739,0.0
227,200,0.30738336775,0.000550122790866,0.000999927520752
228,200,0.306837203768,0.000546163982815,0.0
229,200,0.306294520696,0.00054268307156,0.0
230,200,0.305756062402,0.000538458294339,0.00100016593933
231,200,0.305219677819,0.00053638458252,0.0
232,200,0.30468788041,0.000531797409058,0.0
233,200,0.304159913593,0.00052796681722,0.0
234,200,0.303634769652,0.000525143941243,0.0
235,200,0.303113168081,0.000521601570977,0.0
236,200,0.302594651116,0.000518516964383,0.000999927520752
237,200,0.302079031203,0.000515619913737,0.0
238,200,0.301567736732,0.000511294470893,0.0
239,200,0.301059528987,0.000508207745022,0.0
240,200,0.300553569794,0.000505959192912,0.0
241,200,0.300051145554,0.000502424240112,0.0
242,200,0.299550638199,0.000500507354736,0.0
243,200,0.299053419961,0.000497218237983,0.0
244,200,0.298561370638,0.000492049323188,0.0
245,200,0.298071330388,0.000490040249295,0.0
246,200,0.297583910624,0.000487419764201,0.0
247,200,0.297099101808,0.00048480881585,0.0
248,200,0.296618508233,0.000480593575372,0.0
249,200,0.296139984131,0.000478524102105,0.0
250,200,0.295663222207,0.000476761923896,0.0
251,200,0.295189966626,0.000473255581326,0.0
252,200,0.294718009101,0.000471957524618,0.0
253,200,0.294251782099,0.000466227001614,0.0
254,200,0.293784689373,0.000467092725966,0.0
255,200,0.293323062261,0.000461627112495,0.0
256,200,0.292861051559,0.000462010701497,0.0
257,200,0.292403952281,0.000457099278768,0.0
258,200,0.291949212816,0.000454739464654,0.0
259,200,0.291496376461,0.000452836354574,0.0
260,200,0.291046496497,0.000449879964193,0.0
261,200,0.290598783493,0.000447713004218,0.0
262,200,0.290153304206,0.000445479287042,0.0
263,200,0.289710380766,0.000442923439874,0.0
264,200,0.289270480474,0.000439900292291,0.0
265,200,0.288831763797,0.0004387166765,0.0
266,200,0.288396734662,0.00043502913581,0.0
267,200,0.287963180542,0.000433554119534,0.0
268,200,0.287532083723,0.000431096818712,0.0
269,200,0.287103234397,0.00042884932624,0.0
270,200,0.286676824358,0.000426410039266,0.0
271,200,0.286252141529,0.000424682829115,0.0
272,200,0.285830302768,0.000421838760376,0.0
273,200,0.285410073598,0.000420229170058,0.0
274,200,0.284995443556,0.000414630042182,0.0
275,200,0.284578223758,0.00041721979777,0.0
276,200,0.28416528172,0.000412942038642,0.0
277,200,0.283752501806,0.000412779914008,0.0
278,200,0.283343082004,0.0004094198015,0.0
279,200,0.282936053806,0.000407028198242,0.0
280,200,0.282530069351,0.000405984454685,0.0
281,200,0.282127620909,0.000402448442247,0.0
282,200,0.281726269192,0.000401351716783,0.0
283,200,0.281327144835,0.000399124357435,0.0
284,200,0.280929437213,0.000397707621256,0.0
285,200,0.280534633001,0.000394804212782,0.0
286,200,0.280140541924,0.000394091076321,0.0
287,200,0.279748214086,0.000392327838474,0.0
288,200,0.279357000987,0.000391213099162,0.0
289,200,0.278968469832,0.000388531155056,0.0
290,200,0.278583696153,0.00038477367825,0.0
291,200,0.278197201623,0.000386494530572,0.0
292,200,0.277815934287,0.00038126733568,0.0
293,200,0.277433375253,0.000382559034559,0.0
294,200,0.27705493927,0.000378435982598,0.0
295,200,0.276677869161,0.00037707010905,0.0
296,200,0.276301172045,0.000376697116428,0.0
297,200,0.275928236643,0.000372935401069,0.0
298,200,0.275554288228,0.00037394841512,0.0
299,200,0.275184328291,0.000369959937202,0.0
300,200,0.27481461525,0.000369713041518,0.0
301,200,0.274447340435,0.000367274814182,0.0
302,200,0.274081935883,0.000365404552884,0.0
303,200,0.2737159729,0.000365962982178,0.0
304,200,0.273354713652,0.000361259248522,0.0
305,200,0.272993090947,0.0003616227044,0.000999927520752
306,200,0.272633837594,0.000359253353543,0.0
307,200,0.272275407579,0.000358430014716,0.0
308,200,0.271918671926,0.000356735653347,0.0
309,200,0.271564234628,0.000354437298245,0.0
310,200,0.271210065418,0.000354169209798,0.0
311,200,0.270859359105,0.000350706312391,0.0
312,200,0.2705081643,0.000351194805569,0.0
313,200,0.270160536236,0.000347628063626,0.0
314,200,0.26981285837,0.000347677866618,0.0
315,200,0.269466629558,0.000346228811476,0.0
316,200,0.269123166402,0.000343463155958,0.0
317,200,0.268778800435,0.000344365967645,0.0
318,200,0.268438009686,0.000340790748596,0.0
319,200,0.2680989382,0.000339071485731,0.0
320,200,0.267759319941,0.000339618259006,0.000999927520752
321,200,0.267423535983,0.000335783958435,0.0
322,200,0.26708662351,0.000336912473043,0.0
323,200,0.266754405763,0.000332217746311,0.0
324,200,0.266420313517,0.000334092246162,0.00100016593933
325,200,0.266089393298,0.000330920219421,0.0
326,200,0.265758959452,0.00033043384552,0.0
327,200,0.265428443485,0.000330515967475,0.0019998550415
328,200,0.265102079709,0.000326363775465,0.0
329,200,0.264775108761,0.000326970948113,0.0
330,200,0.264451535543,0.000323573218452,0.0
331,200,0.26412814935,0.000323386192322,0.0
332,200,0.26380733596,0.000320813390944,0.0
333,200,0.263486902449,0.000320433510674,0.0
334,200,0.263168010182,0.000318892267015,0.0
335,200,0.262851374944,0.0003166352378,0.0
336,200,0.26253490501,0.000316469934252,0.0
337,200,0.262218572829,0.000316332181295,0.000999927520752
338,200,0.261904853185,0.000313719643487,0.0
339,200,0.261591207186,0.000313645998637,0.0
340,200,0.261278012594,0.000313194592794,0.0
341,200,0.260967110528,0.000310902065701,0.0
342,200,0.260654851066,0.000312259462145,0.000999927520752
343,200,0.260344244639,0.000310606426663,0.0
344,200,0.260035495758,0.000308748881022,0.0
345,200,0.259727391137,0.00030810462104,0.0
346,200,0.259419569439,0.000307821697659,0.0
347,200,0.259114698304,0.000304871135288,0.0
348,200,0.258808081415,0.000306616889106,0.00100016593933
349,200,0.258506058587,0.000302022827996,0.0
350,200,0.258203431235,0.000302627351549,0.0
351,200,0.257902109888,0.000301321347555,0.0
352,200,0.257601854536,0.000300255351596,0.0
353,200,0.257304187351,0.000297667185465,0.0
354,200,0.257007099258,0.000297088093228,0.0
355,200,0.256710009575,0.000297089682685,0.000999927520752
356,200,0.256416926914,0.000293082661099,0.0
357,200,0.256123882929,0.000293043984307,0.0
358,200,0.255830132167,0.000293750762939,0.0
359,200,0.255538716846,0.000291415320502,0.0
360,200,0.255249058406,0.000289658440484,0.0
361,200,0.254960894055,0.000288164350722,0.0
362,200,0.254669210116,0.000291683938768,0.0
363,200,0.254384806951,0.000284403165181,0.0
364,200,0.254098206096,0.000286600854662,0.0
365,200,0.25381125768,0.000286948415968,0.0
366,200,0.253528342777,0.000282914903429,0.0
367,200,0.253245889876,0.000282452901204,0.0
368,200,0.252962356673,0.000283533202277,0.0
369,200,0.25268295394,0.000279402732849,0.0
370,200,0.252400739458,0.000282214482625,0.0
371,200,0.252123631371,0.00027710808648,0.0
372,200,0.251844742033,0.000278889338175,0.0
373,200,0.251568517685,0.00027622434828,0.0
374,200,0.251290314992,0.000278202692668,0.0
375,200,0.251016071637,0.000274243354797,0.0
376,200,0.250742349625,0.000273722012838,0.0
377,200,0.250467789968,0.000274559656779,0.0
378,200,0.250193348991,0.000274440977308,0.0
379,200,0.249923182593,0.000270166397095,0.0
380,200,0.249651304351,0.000271878242493,0.0
381,200,0.249378203286,0.000273101064894,0.0
382,200,0.249107763502,0.000270439783732,0.0
383,200,0.248838248783,0.000269514719645,0.0
384,200,0.248569267061,0.000268981721666,0.0
385,200,0.248299339083,0.000269927978516,0.0
386,200,0.248030249278,0.000269089804755,0.0
387,200,0.247763617833,0.000266631444295,0.0
388,200,0.247496833271,0.000266784562005,0.0
389,200,0.247231308089,0.000265525182088,0.0
390,200,0.246966351933,0.000264956156413,0.000999927520752
391,200,0.246701769829,0.000264582104153,0.0
392,200,0.246440047158,0.000261722670661,0.0
393,200,0.246176258193,0.000263788965013,0.0
394,200,0.245915144814,0.000261113378737,0.000999927520752
395,200,0.245654933188,0.000260211626689,0.0
396,200,0.245393776364,0.0002611568239,0.0
397,200,0.245134105153,0.000259671211243,0.0
398,200,0.244876966476,0.000257138676114,0.0
399,200,0.244618629879,0.000258336597019,0.0
400,200,0.244363318019,0.000255311859979,0.0
401,200,0.244105658531,0.000257659488254,0.0
402,200,0.24385102484,0.000254633691576,0.0
403,200,0.243597782983,0.000253241856893,0.0
404,200,0.243340801133,0.00025698184967,0.0
405,200,0.243083235953,0.000257565180461,0.00100016593933
406,200,0.242829343478,0.000253892474704,0.000999927520752
407,200,0.242574090958,0.000255252520243,0.0
408,200,0.24231774754,0.000256343417697,0.0
409,200,0.24206463125,0.000253116289775,0.0
410,200,0.241809130775,0.000255500475566,0.000999927520752
411,200,0.241557243135,0.000251887639364,0.0
412,200,0.241303653717,0.000253589418199,0.0
413,200,0.241052759488,0.000250894228617,0.0
414,200,0.240803078016,0.000249681472778,0.0
415,200,0.240552453995,0.000250624020894,0.0
416,200,0.240301375389,0.000251078605652,0.0
417,200,0.240055164231,0.000246211157905,0.000999927520752
418,200,0.239806596968,0.000248567263285,0.0
419,200,0.239560057322,0.000246539645725,0.0
420,200,0.239312420951,0.000247636371189,0.0
421,200,0.239068288273,0.000244132677714,0.0
422,200,0.238823489613,0.000244798660278,0.0
423,200,0.238578912947,0.00024457666609,0.0
424,200,0.238332109981,0.0002468029658,0.0
425,200,0.238087205887,0.000244904094272,0.0
426,200,0.237841585477,0.000245620409648,0.0
427,200,0.237596658601,0.000244926876492,0.0
428,200,0.237355395953,0.000241262647841,0.00100016593933
429,200,0.237113149431,0.000242246521844,0.0
430,200,0.236871743732,0.000241405698988,0.0
431,200,0.236630422274,0.000241321457757,0.0
432,200,0.23639093505,0.000239487224155,0.0
433,200,0.236151574453,0.000239360597399,0.0
434,200,0.235913271904,0.000238302548726,0.0
435,200,0.235673775673,0.000239496231079,0.0
436,200,0.235436946551,0.000236829121908,0.0
437,200,0.235199885898,0.000237060652839,0.0
438,200,0.234964490467,0.000235395431519,0.0
439,200,0.234726575745,0.000237914721171,0.0
440,200,0.234493665695,0.000232910050286,0.0
441,200,0.234259140756,0.000234524938795,0.0
442,200,0.234023675919,0.000235464837816,0.0
443,200,0.233791393704,0.000232282214695,0.0
444,200,0.233558887906,0.00023250579834,0.0
445,200,0.233325972557,0.000232915348477,0.0
446,200,0.233094766935,0.000231205622355,0.000999927520752
447,200,0.232862898509,0.000231868426005,0.0
448,200,0.23263282564,0.000230072869195,0.0
449,200,0.232403598362,0.000229227277968,0.0
450,200,0.232174668312,0.000228930049472,0.0
451,200,0.231946236822,0.000228431489733,0.0
452,200,0.231717771424,0.000228465398153,0.0
453,200,0.231490197182,0.000227574242486,0.0
454,200,0.231264983283,0.000225213898553,0.0
455,200,0.231039630042,0.000225353240967,0.0
456,200,0.230813260608,0.000226369433933,0.0
457,200,0.230588760376,0.000224500232273,0.0
458,200,0.23036474069,0.000224019686381,0.0
459,200,0.230140975316,0.00022376537323,0.0
460,200,0.229917718569,0.000223256746928,0.0
461,200,0.229694392416,0.000223326153225,0.0
462,200,0.229472066032,0.00022232638465,0.0
463,200,0.229249951575,0.000222114457024,0.0
464,200,0.229028292232,0.000221659342448,0.00100016593933
465,200,0.228807124562,0.000221167670356,0.0
466,200,0.22858546363,0.000221660931905,0.0
467,200,0.228364952935,0.000220510694716,0.0
468,200,0.228145236969,0.000219715966119,0.0
469,200,0.227925590939,0.000219646030002,0.0
470,200,0.227707012494,0.000218578444587,0.0
471,200,0.227488738166,0.000218274328444,0.0
472,200,0.22727028211,0.000218456056383,0.0
473,200,0.22705271509,0.000217567019992,0.0
474,200,0.226835169262,0.00021754582723,0.0
475,200,0.226618050469,0.000217118793064,0.0
476,200,0.226400412983,0.000217637485928,0.0
477,200,0.226186734305,0.000213678677877,0.0
478,200,0.225967702866,0.000219031439887,0.0
479,200,0.225754364332,0.000213338534037,0.0
480,200,0.225538846122,0.000215518209669,0.0
481,200,0.225325760312,0.000213085810343,0.0
482,200,0.22511024687,0.000215513441298,0.0
483,200,0.224898111025,0.00021213584476,0.0
484,200,0.224685609606,0.000212501419915,0.0
485,200,0.224473493364,0.000212116241455,0.0
486,200,0.224257762697,0.000215730667114,0.0
487,200,0.224044630263,0.000213132434421,0.0
488,200,0.223830019633,0.000214610629612,0.0
489,200,0.223617068926,0.000212950706482,0.0
490,200,0.223403887749,0.000213181177775,0.0
491,200,0.223191047245,0.000212840504116,0.0
492,200,0.222977131738,0.000213915506999,0.0
493,200,0.222762580448,0.000214551289876,0.0
494,200,0.222550848855,0.000211731592814,0.0
495,200,0.222338383993,0.0002124648624,0.0
496,200,0.22212545236,0.000212931632996,0.0
497,200,0.221914158927,0.000211293432448,0.000999927520752
498,200,0.221703236368,0.000210922559102,0.0
499,200,0.221489892536,0.000213343832228,0.0
500,200,0.221280656391,0.00020923614502,0.0
