1,470,2.26789630979,Nan,0.000999927520752
2,470,2.23723711364,0.0306591961522,0.0
3,470,2.20959029038,0.0276468232531,0.0
4,470,2.1839491963,0.0256410940802,0.0
5,470,2.15981822415,0.024130972154,0.0
6,470,2.1367905096,0.0230277145525,0.0
7,470,2.11459209245,0.0221984171457,0.0
8,470,2.09286807059,0.0217240218575,0.0
9,470,2.07134559423,0.0215224763663,0.0
10,470,2.049841772,0.0215038222262,0.0
11,470,2.02823113709,0.0216106349091,0.0
12,470,2.00650858662,0.0217225504743,0.0
13,470,1.98447046058,0.0220381260401,0.0
14,470,1.96217775355,0.0222927070316,0.0
15,470,1.93962965543,0.0225480981148,0.0
16,470,1.91682963695,0.0228000184806,0.0
17,470,1.89390446587,0.022925171084,0.0
18,470,1.87082578124,0.0230786846281,0.0
19,470,1.84750371506,0.0233220661786,0.0
20,470,1.82411111872,0.0233925963366,0.0
21,470,1.80086915462,0.0232419641064,0.0
22,470,1.77780518266,0.0230639719552,0.0
23,470,1.75477948677,0.0230256958935,0.0
24,470,1.73176061791,0.0230188688609,0.0
25,470,1.70879961031,0.0229610075946,0.0
26,470,1.6859619102,0.0228377001143,0.0
27,470,1.66325747906,0.0227044311338,0.0
28,470,1.64063962803,0.0226178510332,0.0
29,470,1.6182076401,0.0224319879286,0.0
30,470,1.59599495823,0.0222126818718,0.00100016593933
31,470,1.57393557269,0.0220593855374,0.0
32,470,1.55200915776,0.0219264149303,0.0
33,470,1.53024352594,0.0217656318178,0.0
34,470,1.50865514228,0.0215883836679,0.0
35,470,1.48726101637,0.0213941259104,0.0
36,470,1.46605255838,0.0212084579854,0.0
37,470,1.44508944418,0.0209631142041,0.0
38,470,1.42442536513,0.0206640790419,0.0
39,470,1.4040798539,0.0203455112384,0.0
40,470,1.38404087929,0.0200389746112,0.0
41,470,1.3642761273,0.019764751987,0.0
42,470,1.34479152714,0.019484600156,0.0
43,470,1.32561256695,0.0191789601953,0.0
44,470,1.30679116138,0.0188214055673,0.0
45,470,1.28830022764,0.0184909337439,0.0
46,470,1.27016271265,0.0181375149898,0.0
47,470,1.25237115263,0.0177915600175,0.000999927520752
48,470,1.23494910054,0.0174220520916,0.0
49,470,1.217879666,0.0170694345399,0.0
50,470,1.20118469984,0.0166949661549,0.0
51,470,1.18484796313,0.0163367367081,0.0
52,470,1.16885625343,0.0159917097082,0.0
53,470,1.15318614144,0.0156701119837,0.000999927520752
54,470,1.13782892778,0.0153572136629,0.0
55,470,1.12280219328,0.0150267344961,0.0
56,470,1.10812661442,0.0146755788585,0.0
57,470,1.09379846617,0.0143281482515,0.0
58,470,1.07979349699,0.0140049691862,0.0
59,470,1.066095878,0.0136976189889,0.0
60,470,1.05270141207,0.0133944659248,0.000999927520752
61,470,1.03961963518,0.0130817768905,0.0
62,470,1.02685443275,0.0127652024305,0.0
63,470,1.01439893253,0.012455500223,0.000999927520752
64,470,1.00226050554,0.0121384269923,0.0
65,470,0.990439120856,0.0118213846812,0.0
66,470,0.978908768203,0.0115303526533,0.0
67,470,0.967677908514,0.0112308596888,0.0
68,470,0.956731927866,0.0109459806479,0.0
69,470,0.946053104536,0.01067882333,0.0
70,470,0.93564491156,0.0104081929757,0.0
71,470,0.925503575017,0.0101413365435,0.0
72,470,0.915613614849,0.00988996016822,0.00100016593933
73,470,0.905967930192,0.00964568465676,0.0
74,470,0.896561277867,0.00940665232495,0.0
75,470,0.887382784441,0.00917849342632,0.0
76,470,0.878435495487,0.00894728895379,0.0
77,470,0.86971847511,0.00871702037684,0.0
78,470,0.861216193395,0.0085022817146,0.0
79,470,0.852917738647,0.00829845474846,0.0
80,470,0.844822451892,0.00809528675485,0.0
81,470,0.836925847673,0.00789660421911,0.0
82,470,0.829216859696,0.00770898797713,0.0
83,470,0.821689603201,0.00752725649508,0.0
84,470,0.814334755562,0.00735484763844,0.0
85,470,0.807146685947,0.00718806961508,0.0
86,470,0.8001253702,0.0070213157476,0.0
87,470,0.793267016619,0.00685835358099,0.0
88,470,0.786568936364,0.00669808025418,0.0
89,470,0.780023015379,0.00654592098557,0.0
90,470,0.773623841971,0.00639917340805,0.0
91,470,0.767368897938,0.00625494403317,0.0
92,470,0.761256358447,0.00611253949043,0.0
93,470,0.755276619506,0.00597973894083,0.0
94,470,0.749426133872,0.00585048563454,0.0
95,470,0.743703532775,0.00572260109728,0.0
96,470,0.738104371339,0.00559916143601,0.0
97,470,0.732623995208,0.00548037613054,0.0
98,470,0.727260045609,0.00536394959887,0.0
99,470,0.722008198252,0.00525184735701,0.0
100,470,0.716864576021,0.00514362223122,0.0
101,470,0.711827207216,0.00503736880533,0.0
102,470,0.706892910409,0.00493429680605,0.0
103,470,0.702058267835,0.00483464257454,0.0
104,470,0.697320288607,0.00473797922801,0.0
105,470,0.692677288384,0.00464300022299,0.0
106,470,0.688125078729,0.00455220965508,0.0
107,470,0.683661476723,0.00446360200613,0.0
108,470,0.679286134134,0.00437534258842,0.0
109,470,0.674995974084,0.00429016005063,0.0
110,470,0.670787025537,0.00420894854699,0.0
111,470,0.666657033686,0.00412999185023,0.0
112,470,0.662605392897,0.0040516407898,0.000999927520752
113,470,0.658630339015,0.00397505388192,0.0
114,470,0.654728475144,0.00390186387113,0.0
115,470,0.650899457497,0.00382901764689,0.0
116,470,0.64714025654,0.00375920095705,0.0
117,470,0.643447774135,0.00369248240431,0.0
118,470,0.639821826313,0.0036259478228,0.0
119,470,0.636259497456,0.00356232885653,0.0
120,470,0.632759435029,0.00350006242654,0.0
121,470,0.629318817529,0.00344061750047,0.0
122,470,0.625938190008,0.00338062752102,0.0
123,470,0.622615294181,0.0033228958269,0.0
124,470,0.619349313773,0.00326598040843,0.0
125,470,0.616137461,0.00321185277226,0.0
126,470,0.612978927415,0.00315853358523,0.0
127,470,0.609870850158,0.003108077257,0.0
128,470,0.606814388519,0.00305646163956,0.0
129,470,0.603807428663,0.00300695985525,0.0
130,470,0.600849157505,0.00295827115802,0.0
131,470,0.597938471217,0.00291068628808,0.0
132,470,0.595074480573,0.00286399064455,0.0
133,470,0.59225290969,0.00282157088244,0.0
134,470,0.589474382758,0.00277852693227,0.0
135,470,0.58673885272,0.00273553003777,0.0
136,470,0.584045404455,0.00269344826479,0.0
137,470,0.581393594558,0.00265180989722,0.0
138,470,0.578781872317,0.00261172224082,0.0
139,470,0.576209263671,0.00257260864629,0.0
140,470,0.573673952193,0.00253531147765,0.0
141,470,0.571175739033,0.00249821316024,0.0
142,470,0.568713693126,0.00246204590725,0.0
143,470,0.566287932256,0.00242576087016,0.0
144,470,0.563897406511,0.00239052574444,0.0
145,470,0.561540878049,0.00235652846285,0.0
146,470,0.559216185978,0.00232469207006,0.0
147,470,0.556923681528,0.00229250445071,0.0
148,470,0.554663543353,0.00226013817444,0.0
149,470,0.552435316068,0.0022282272849,0.0
150,470,0.550236893087,0.00219842298173,0.0
151,470,0.548066476437,0.00217041664935,0.0
152,470,0.545925404839,0.00214107159786,0.0
153,470,0.543813091981,0.00211231285799,0.0
154,470,0.541728070055,0.00208502192628,0.0
155,470,0.539670215383,0.0020578546727,0.0
156,470,0.537639551056,0.00203066432609,0.0
157,470,0.535635358198,0.0020041928586,0.0
158,470,0.533657110015,0.00197824818264,0.0
159,470,0.531704055067,0.00195305494794,0.0
160,470,0.529776575017,0.00192748005025,0.0
161,470,0.527872608981,0.00190396603601,0.0
162,470,0.525991960137,0.00188064884391,0.0
163,470,0.524135135469,0.0018568246681,0.0
164,470,0.522301886847,0.00183324862155,0.0
165,470,0.52049162255,0.00181026429753,0.0
166,470,0.518702415903,0.00178920664686,0.0
167,470,0.516934180815,0.00176823508776,0.0
168,470,0.515187319337,0.00174686147812,0.0
169,470,0.513461121286,0.00172619805148,0.0
170,470,0.511755429648,0.00170569163808,0.0
171,470,0.510069143204,0.00168628644315,0.0
172,470,0.508402205625,0.00166693757974,0.0
173,470,0.506755210563,0.00164699506132,0.0
174,470,0.505127597121,0.00162761344253,0.0
175,470,0.503518534238,0.00160906288278,0.0
176,470,0.501928141052,0.00159039318622,0.0
177,470,0.500355193245,0.0015729478065,0.0
178,470,0.498799879041,0.00155531420413,0.0
179,470,0.497262056306,0.00153782273498,0.0
180,470,0.495740681506,0.00152137480004,0.0
181,470,0.494236206453,0.00150447505344,0.0
182,470,0.492747975459,0.00148823099417,0.0
183,470,0.491275651791,0.00147232366792,0.0
184,470,0.489819561553,0.00145609023723,0.0
185,470,0.48837906249,0.0014404990632,0.000999927520752
186,470,0.486954603804,0.00142445868634,0.0
187,470,0.485544544634,0.0014100591704,0.000999927520752
188,470,0.484149183546,0.00139536108773,0.0
189,470,0.482768338212,0.00138084533367,0.0
190,470,0.481401505514,0.00136683269837,0.0
191,470,0.480048669121,0.00135283639245,0.0
192,470,0.478709728256,0.00133894086488,0.0
193,470,0.477383502179,0.00132622607694,0.0
194,470,0.476070337962,0.00131316421725,0.0
195,470,0.474769775773,0.00130056218898,0.0
196,470,0.473482393228,0.0012873825452,0.0
197,470,0.472207690396,0.0012747028316,0.0
198,470,0.470945706604,0.00126198379223,0.0
199,470,0.46969480959,0.00125089701427,0.0
200,470,0.468455626924,0.00123918266644,0.0
201,470,0.467228711292,0.00122691563198,0.0
202,470,0.466013956022,0.00121475526989,0.0
203,470,0.464810955681,0.00120300034018,0.0
204,470,0.463619737905,0.00119121777613,0.0
205,470,0.462440072343,0.00117966556259,0.0
206,470,0.461271297122,0.00116877522029,0.00100016593933
207,470,0.460113173198,0.00115812392462,0.0
208,470,0.458965500365,0.00114767283292,0.0
209,470,0.457828685602,0.00113681476288,0.0
210,470,0.456701581022,0.00112710458046,0.0
211,470,0.455584209813,0.0011173712084,0.0
212,470,0.454476548304,0.0011076615091,0.0
213,470,0.453378124198,0.00109842410566,0.0
214,470,0.452289818799,0.00108830539893,0.0
215,470,0.451211658196,0.00107816060384,0.000999927520752
216,470,0.450142857127,0.00106880106825,0.0
217,470,0.449083641017,0.00105921610994,0.0
218,470,0.448033544044,0.0010500969737,0.0
219,470,0.446991888006,0.00104165603808,0.0
220,470,0.445959186844,0.00103270116186,0.000999927520752
221,470,0.444934832313,0.00102435453081,0.0
222,470,0.443919036792,0.00101579552122,0.0
223,470,0.442911636793,0.00100739999866,0.0
224,470,0.44191246883,0.000999167963123,0.0
225,470,0.440921998821,0.000990470008889,0.0
226,470,0.439939613207,0.000982385614119,0.0
227,470,0.438965254303,0.000974358903601,0.0
228,470,0.43799870548,0.000966548823054,0.0
229,470,0.43704035043,0.00095835505044,0.0
230,470,0.436090091949,0.000950258481104,0.0
231,470,0.435147385563,0.000942706385403,0.000999927520752
232,470,0.434212503366,0.00093488219782,0.0
233,470,0.433285238581,0.000927264784607,0.0
234,470,0.432365203653,0.000920034928404,0.0
235,470,0.431451827052,0.000913376600426,0.0
236,470,0.430544738808,0.000907088243973,0.0
237,470,0.429644703503,0.000900035305468,0.0
238,470,0.428751268165,0.000893435338106,0.0
239,470,0.427865050315,0.000886217849716,0.0
240,470,0.426985986569,0.000879063746366,0.0
241,470,0.426113400947,0.000872585621286,0.0
242,470,0.4252475038,0.000865897146764,0.0
243,470,0.424388556108,0.000858947692067,0.0
244,470,0.42353638733,0.000852168777914,0.0
245,470,0.422691491503,0.000844895827613,0.0
246,470,0.421852418016,0.000839073486483,0.0
247,470,0.421019983243,0.000832434773083,0.000999927520752
248,470,0.420194648271,0.000825334972161,0.0
249,470,0.419375548996,0.000819099275537,0.0
250,470,0.418562730637,0.000812818359097,0.0
251,470,0.417756729358,0.000806001278646,0.0
252,470,0.416955516355,0.000801213002615,0.0
253,470,0.416159855341,0.000795661014143,0.0
254,470,0.415370532541,0.000789322799945,0.0
255,470,0.414584586734,0.000785945807305,0.0
256,470,0.413804195041,0.000780391693115,0.0
257,470,0.413029482493,0.000774712548068,0.0
258,470,0.412259770503,0.000769711990125,0.0
259,470,0.411496070815,0.000763699687119,0.0
260,470,0.410737508505,0.000758562310247,0.0
261,470,0.409984569202,0.000752939303474,0.0
262,470,0.409236671521,0.000747897680528,0.0
263,470,0.408493536511,0.000743135009735,0.0
264,470,0.407755451048,0.000738085463658,0.0
265,470,0.40702245233,0.00073299871752,0.0
266,470,0.406294542581,0.00072790974904,0.0
267,470,0.405571499373,0.000723043207944,0.0
268,470,0.404853354592,0.00071814478108,0.0
269,470,0.40414055947,0.000712795122295,0.0
270,470,0.403432254637,0.000708304833255,0.0
271,470,0.402728464635,0.000703790001835,0.0
272,470,0.402029312756,0.000699151878782,0.0
273,470,0.401334905093,0.000694407663084,0.0
274,470,0.400644432713,0.000690472379644,0.0
275,470,0.399958124615,0.000686308098419,0.0
276,470,0.399276189311,0.0006819353036,0.0
277,470,0.398599026437,0.00067716287383,0.0
278,470,0.397926237131,0.000672789306022,0.0
279,470,0.397258440943,0.000667796188092,0.0
280,470,0.396595589658,0.000662851285306,0.0
281,470,0.395937195327,0.000658394331386,0.0
282,470,0.395283135044,0.000654060282606,0.0
283,470,0.394632939123,0.000650195920842,0.0
284,470,0.393986966231,0.000645972892506,0.0
285,470,0.393344610827,0.000642355403881,0.0
286,470,0.39270620491,0.00063840591678,0.0
287,470,0.392071422569,0.000634782340872,0.0
288,470,0.391440222063,0.000631200506332,0.0
289,470,0.390812813257,0.000627408805468,0.0
290,470,0.39018921683,0.000623596427168,0.0
291,470,0.38956953955,0.000619677279858,0.0
292,470,0.388953564208,0.000615975342261,0.0
293,470,0.388341042384,0.000612521823779,0.0
294,470,0.387731971277,0.000609071107379,0.0
295,470,0.387126369534,0.000605601742637,0.0
296,470,0.386524622298,0.000601747236474,0.0
297,470,0.385926460374,0.000598161923487,0.000999927520752
298,470,0.385331789363,0.000594671011696,0.0
299,470,0.384740691779,0.000591097583404,0.0
300,470,0.384153747075,0.000586944703756,0.00100016593933
301,470,0.383569733447,0.000584013628742,0.0
302,470,0.382989032363,0.000580701084002,0.0
303,470,0.382411840549,0.000577191813738,0.0
304,470,0.381837801271,0.000574039277576,0.0
305,470,0.381267006129,0.0005707951423,0.0
306,470,0.38069955793,0.00056744819958,0.0
307,470,0.380135171923,0.000564386006426,0.0
308,470,0.379574291998,0.000560879924739,0.000999927520752
309,470,0.379016744523,0.00055754747555,0.0
310,470,0.378462253443,0.000554491079808,0.0
311,470,0.377910843301,0.000551410141687,0.0
312,470,0.377362396217,0.000548447084282,0.0
313,470,0.376817163991,0.000545232225938,0.0
314,470,0.376274629881,0.000542534110273,0.0
315,470,0.375735237871,0.000539392009453,0.0
316,470,0.375198746211,0.000536491660724,0.0
317,470,0.374665202534,0.000533543676591,0.0
318,470,0.374134985992,0.000530216541696,0.0
319,470,0.373607905271,0.000527080721406,0.0
320,470,0.373083550686,0.000524354584915,0.0
321,470,0.372562018668,0.000521532018134,0.0
322,470,0.372043762188,0.000518256480208,0.0
323,470,0.371527907575,0.00051585461231,0.0
324,470,0.371015059888,0.000512847687819,0.0
325,470,0.370504781903,0.000510277984836,0.0
326,470,0.36999800971,0.00050677219302,0.0
327,470,0.369492814703,0.000505195007015,0.0
328,470,0.368990355495,0.000502459208171,0.0
329,470,0.368490416808,0.000499938686568,0.0
330,470,0.367993024345,0.000497392463104,0.000999927520752
331,470,0.367498060901,0.000494963443992,0.0
332,470,0.367005168969,0.000492891931969,0.000999927520752
333,470,0.366514942784,0.000490226185189,0.000999927520752
334,470,0.366027239439,0.000487703344621,0.0
335,470,0.365541606254,0.000485633185328,0.0
336,470,0.365058852546,0.000482753707283,0.0
337,470,0.364578117112,0.000480735434829,0.0
338,470,0.36409977195,0.000478345161755,0.00100016593933
339,470,0.36362377561,0.000475996340179,0.0
340,470,0.363149944893,0.00047383071683,0.0
341,470,0.362678080175,0.00047186471771,0.0
342,470,0.362208874537,0.000469205637954,0.00100016593933
343,470,0.361741970375,0.000466904161911,0.0
344,470,0.36127732276,0.000464647615813,0.000999927520752
345,470,0.360815017395,0.000462305364638,0.0
346,470,0.360354838328,0.000460179067069,0.0
347,470,0.359896983781,0.000457854546312,0.0
348,470,0.359441181326,0.00045580245562,0.0
349,470,0.358987495747,0.000453685578846,0.0
350,470,0.358536237641,0.00045125810571,0.0
351,470,0.358087189847,0.000449047793975,0.00100016593933
352,470,0.35764027154,0.000446918307829,0.0
353,470,0.357195476341,0.000444795198837,0.0
354,470,0.356752863868,0.000442612473122,0.0
355,470,0.3563126021,0.000440261767386,0.0
356,470,0.355874474892,0.000438127208505,0.0
357,470,0.35543823933,0.000436235561197,0.0
358,470,0.355004391772,0.000433847558776,0.0
359,470,0.354572302616,0.000432089155327,0.0
360,470,0.35414249996,0.000429802655932,0.0
361,470,0.353714627311,0.00042787264908,0.0
362,470,0.353288614714,0.000426012597669,0.0
363,470,0.352864738414,0.000423876299563,0.0
364,470,0.352442570515,0.000422167898795,0.0
365,470,0.352022498961,0.000420071554522,0.0
366,470,0.351604443698,0.000418055262851,0.0
367,470,0.351188228727,0.000416214970953,0.0
368,470,0.350773793417,0.000414435310325,0.0
369,470,0.350360630348,0.000413163068205,0.0
370,470,0.34995023366,0.000410396688011,0.0
371,470,0.349541428265,0.00040880539497,0.0
372,470,0.349134324701,0.000407103564601,0.0
373,470,0.348729253709,0.000405070991864,0.0
374,470,0.348326027212,0.000403226496842,0.0
375,470,0.347924600087,0.000401427125013,0.0
376,470,0.347525168045,0.000399432042208,0.0
377,470,0.347126838767,0.000398329277773,0.0
378,470,0.346730573755,0.000396265012515,0.0
379,470,0.346336127535,0.000394446219354,0.0
380,470,0.345943294156,0.000392833379264,0.0
381,470,0.345552402958,0.000390891197846,0.0
382,470,0.345163121653,0.000389281304774,0.000999927520752
383,470,0.344775907706,0.000387213947563,0.0
384,470,0.344390208187,0.000385699518546,0.0
385,470,0.344006228761,0.000383979426329,0.0
386,470,0.34362387749,0.000382351271408,0.0
387,470,0.343242856821,0.000381020668671,0.0
388,470,0.342863196032,0.000379660789003,0.0
389,470,0.342484968798,0.000378227233887,0.0
390,470,0.342108346433,0.000376622365238,0.0
391,470,0.341733423917,0.000374922515653,0.0
392,470,0.341359725525,0.000373698392055,0.0
393,470,0.340987678284,0.000372047240732,0.0
394,470,0.340617327898,0.000370350386476,0.0
395,470,0.340248399617,0.000368928281249,0.000999927520752
396,470,0.339881205196,0.000367194420178,0.0
397,470,0.339515703669,0.000365501527487,0.000999927520752
398,470,0.339151488587,0.000364215081707,0.0
399,470,0.338788903351,0.000362585235874,0.0
400,470,0.338427638428,0.000361264923544,0.0
401,470,0.338068279983,0.000359358444523,0.0
402,470,0.337710210883,0.000358069100037,0.0
403,470,0.337353874678,0.000356336205201,0.0
404,470,0.336998973622,0.000354901055797,0.0
405,470,0.336645613422,0.000353360200242,0.000999927520752
406,470,0.336293499569,0.00035211385323,0.0
407,470,0.335942824827,0.000350674742261,0.0
408,470,0.335593629149,0.000349195677459,0.0
409,470,0.335245691075,0.000347938073805,0.0
410,470,0.334899445653,0.000346245422672,0.000999927520752
411,470,0.334554336571,0.000345109081558,0.0
412,470,0.334210762837,0.000343573733545,0.000999927520752
413,470,0.333868262833,0.000342500004483,0.0
414,470,0.333527537803,0.000340725030097,0.00100016593933
415,470,0.33318807685,0.000339460952666,0.0
416,470,0.332850017036,0.000338059814747,0.0
417,470,0.332513213858,0.000336803177328,0.0
418,470,0.332177646109,0.000335567748776,0.000999927520752
419,470,0.331843361231,0.000334284878067,0.0
420,470,0.33151060344,0.000332757791366,0.0
421,470,0.331179055617,0.000331547823117,0.0
422,470,0.33084894531,0.000330110306435,0.0
423,470,0.330520076133,0.000328869177095,0.0
424,470,0.330192521181,0.000327554952048,0.000999927520752
425,470,0.329866277362,0.000326243818954,0.0
426,470,0.329541240081,0.000325037280839,0.0
427,470,0.329217197588,0.000324042493208,0.0
428,470,0.328894561644,0.00032263594437,0.0
429,470,0.328573264805,0.000321296838762,0.0
430,470,0.328252779507,0.00032048529767,0.0
431,470,0.327933882846,0.000318896661776,0.0
432,470,0.327615842124,0.000318040722168,0.0
433,470,0.327299053401,0.000316788722679,0.0
434,470,0.326983688281,0.000315365119787,0.00100016593933
435,470,0.326669213451,0.000314474830512,0.0
436,470,0.326355813798,0.000313399652096,0.0
437,470,0.326043770306,0.000312043492434,0.0
438,470,0.325733079205,0.00031069110109,0.0
439,470,0.32542340468,0.00030967452485,0.0
440,470,0.325114746248,0.000308658431729,0.0
441,470,0.324807380881,0.000307365367236,0.0
442,470,0.324501155237,0.000306225644298,0.0
443,470,0.324195760845,0.000305394392004,0.0
444,470,0.323891682852,0.000304077992927,0.0
445,470,0.323588739123,0.000302943729219,0.0
446,470,0.323286729501,0.000302009621169,0.000999927520752
447,470,0.322985732157,0.000300997344677,0.0
448,470,0.322686020388,0.000299711768509,0.0
449,470,0.322387226688,0.000298793699966,0.00200009346008
450,470,0.322089513529,0.000297713158945,0.0
451,470,0.321792838494,0.000296675035656,0.0
452,470,0.321497754655,0.000295083839239,0.0
453,470,0.32120296001,0.000294794644991,0.0
454,470,0.320909677136,0.000293282873121,0.00100016593933
455,470,0.320617230105,0.000292447031209,0.0
456,470,0.320326057104,0.000291173001553,0.00100016593933
457,470,0.320035669168,0.00029038793531,0.0
458,470,0.319746709522,0.000288959646177,0.0
459,470,0.319458638571,0.000288070951189,0.0
460,470,0.319171348096,0.000287290474564,0.0
461,470,0.318885357257,0.000285990839671,0.0
462,470,0.318600126023,0.00028523123373,0.0
463,470,0.318315546515,0.000284579507969,0.0
464,470,0.318032060447,0.000283486067705,0.0
465,470,0.317749538296,0.000282522151294,0.0
466,470,0.317468196933,0.000281341363352,0.0
467,470,0.31718771977,0.000280477162432,0.0
468,470,0.316908672105,0.000279047665504,0.0
469,470,0.316630274522,0.000278397582343,0.0
470,470,0.316352715826,0.000277558696789,0.0
471,470,0.316076289412,0.000276426413864,0.0
472,470,0.315800587674,0.000275701737331,0.0
473,470,0.315526035177,0.000274552496975,0.0
474,470,0.315252224266,0.000273810911324,0.0
475,470,0.314979343936,0.000272880330033,0.0
476,470,0.314707403608,0.000271940327947,0.0
477,470,0.314436157665,0.000271245942894,0.0
478,470,0.314166228894,0.000269928770829,0.0
479,470,0.313896959338,0.000269269556743,0.0
480,470,0.313628584515,0.000268374822785,0.0
481,470,0.313361503916,0.00026708059881,0.0
482,470,0.313094831455,0.000266672460987,0.0
483,470,0.312829092861,0.000265738594496,0.0
484,470,0.312564079474,0.000265013386534,0.0
485,470,0.312300103438,0.000263976036234,0.0
486,470,0.312036833816,0.00026326962155,0.0
487,470,0.311774143066,0.000262690749937,0.0
488,470,0.311512346181,0.00026179688559,0.0
489,470,0.311251318998,0.000261027182489,0.0
490,470,0.310991133745,0.000260185253294,0.0
491,470,0.310731976276,0.000259157468724,0.0
492,470,0.310473256995,0.000258719280981,0.0
493,470,0.310215187701,0.000258069294443,0.0
494,470,0.309958259047,0.000256928653582,0.0
495,470,0.309702020141,0.000256238906458,0.0
496,470,0.309446502336,0.000255517804997,0.0
497,470,0.309192097827,0.000254404508596,0.0
498,470,0.308938711682,0.000253386144822,0.0
499,470,0.308685733627,0.00025297805531,0.0
500,470,0.308433698038,0.000252035589324,0.0
