1,470,2.308042675256729,Nan,0.059020042419433594
2,470,2.299826890230179,0.008215785026550293,0.062021732330322266
3,470,2.2919543087482452,0.007872581481933594,0.06502318382263184
4,470,2.2842539846897125,0.007700324058532715,0.05101776123046875
5,470,2.2766837775707245,0.007570207118988037,0.058020591735839844
6,470,2.2691440284252167,0.0075397491455078125,0.049017906188964844
7,470,2.2614989280700684,0.007645100355148315,0.05502009391784668
8,470,2.2536734342575073,0.007825493812561035,0.06302118301391602
9,470,2.245608478784561,0.008064955472946167,0.0660240650177002
10,470,2.23727685213089,0.008331626653671265,0.05301856994628906
11,470,2.2286445796489716,0.008632272481918335,0.05802035331726074
12,470,2.219752222299576,0.008892357349395752,0.06502294540405273
13,470,2.2105875611305237,0.009164661169052124,0.06302261352539062
14,470,2.201168864965439,0.009418696165084839,0.06302309036254883
15,470,2.1914964616298676,0.009672403335571289,0.05601954460144043
16,470,2.1816252768039703,0.009871184825897217,0.07102465629577637
17,470,2.1715533435344696,0.010071933269500732,0.05401945114135742
18,470,2.161291629076004,0.010261714458465576,0.05902099609375
19,470,2.150832861661911,0.010458767414093018,0.057019948959350586
20,470,2.140132963657379,0.01069989800453186,0.057019710540771484
21,470,2.1291838884353638,0.01094907522201538,0.06002187728881836
22,470,2.118017315864563,0.011166572570800781,0.05501914024353027
23,470,2.1066426038742065,0.011374711990356445,0.058020830154418945
24,470,2.0950648486614227,0.011577755212783813,0.05802035331726074
25,470,2.083265781402588,0.011799067258834839,0.06202220916748047
26,470,2.07125324010849,0.0120125412940979,0.05101823806762695
27,470,2.0590161085128784,0.012237131595611572,0.05501890182495117
28,470,2.046532988548279,0.01248311996459961,0.05401921272277832
29,470,2.033806949853897,0.012726038694381714,0.06202220916748047
30,470,2.0208451449871063,0.012961804866790771,0.058020830154418945
31,470,2.007670134305954,0.013175010681152344,0.04801821708679199
32,470,1.9942783266305923,0.013391807675361633,0.055017709732055664
33,470,1.9806658327579498,0.013612493872642517,0.06202220916748047
34,470,1.966848462820053,0.013817369937896729,0.06602334976196289
35,470,1.952807903289795,0.014040559530258179,0.06102132797241211
36,470,1.9385358393192291,0.014272063970565796,0.05702066421508789
37,470,1.9240608662366867,0.01447497308254242,0.06302285194396973
38,470,1.9093829691410065,0.014677897095680237,0.04501533508300781
39,470,1.8945064395666122,0.014876529574394226,0.06702470779418945
40,470,1.879437878727913,0.01506856083869934,0.06002068519592285
41,470,1.8641783446073532,0.015259534120559692,0.059020280838012695
42,470,1.8487363159656525,0.015442028641700745,0.05201840400695801
43,470,1.8331207931041718,0.015615522861480713,0.05301952362060547
44,470,1.8173299878835678,0.015790805220603943,0.05501985549926758
45,470,1.8013845086097717,0.01594547927379608,0.05802035331726074
46,470,1.7852941900491714,0.01609031856060028,0.06002092361450195
47,470,1.769062340259552,0.016231849789619446,0.06302165985107422
48,470,1.7526926100254059,0.016369730234146118,0.05802106857299805
49,470,1.7361928522586823,0.016499757766723633,0.0520176887512207
50,470,1.7195731848478317,0.016619667410850525,0.05201864242553711
51,470,1.702849954366684,0.016723230481147766,0.06302189826965332
52,470,1.6860345304012299,0.0168154239654541,0.05601978302001953
53,470,1.6691370904445648,0.01689743995666504,0.05201911926269531
54,470,1.6521628946065903,0.01697419583797455,0.05201888084411621
55,470,1.6351267099380493,0.017036184668540955,0.04701590538024902
56,470,1.6180421113967896,0.017084598541259766,0.05501985549926758
57,470,1.600922092795372,0.01712001860141754,0.0680234432220459
58,470,1.5837778747081757,0.01714421808719635,0.06902503967285156
59,470,1.5666263699531555,0.01715150475502014,0.058020830154418945
60,470,1.5494807660579681,0.017145603895187378,0.05401945114135742
61,470,1.532354474067688,0.01712629199028015,0.06002044677734375
62,470,1.5152680724859238,0.01708640158176422,0.052019357681274414
63,470,1.4982323348522186,0.01703573763370514,0.05302786827087402
64,470,1.481262430548668,0.01696990430355072,0.06602287292480469
65,470,1.4643705636262894,0.01689186692237854,0.058020591735839844
66,470,1.4475715160369873,0.016799047589302063,0.05101799964904785
67,470,1.4308780580759048,0.01669345796108246,0.0680241584777832
68,470,1.4143019765615463,0.01657608151435852,0.05701947212219238
69,470,1.3978582620620728,0.016443714499473572,0.06402373313903809
70,470,1.3815588504076004,0.01629941165447235,0.06602334976196289
71,470,1.3654106259346008,0.016148224472999573,0.05601930618286133
72,470,1.3494243025779724,0.015986323356628418,0.05601954460144043
73,470,1.3336095809936523,0.01581472158432007,0.05301928520202637
74,470,1.3179788291454315,0.015630751848220825,0.057019948959350586
75,470,1.302541047334671,0.015437781810760498,0.05601978302001953
76,470,1.2873044610023499,0.015236586332321167,0.05702042579650879
77,470,1.2722770720720291,0.01502738893032074,0.05802035331726074
78,470,1.2574619054794312,0.014815166592597961,0.05602002143859863
79,470,1.242864727973938,0.014597177505493164,0.057019948959350586
80,470,1.228489026427269,0.014375701546669006,0.059021711349487305
81,470,1.2143396735191345,0.01414935290813446,0.0590205192565918
82,470,1.20041823387146,0.01392143964767456,0.055019378662109375
83,470,1.186728149652481,0.013690084218978882,0.06002163887023926
84,470,1.1732720136642456,0.013456135988235474,0.062021493911743164
85,470,1.1600513309240341,0.013220682740211487,0.05201911926269531
86,470,1.147067055106163,0.012984275817871094,0.062021493911743164
87,470,1.134318694472313,0.012748360633850098,0.05301856994628906
88,470,1.1218061596155167,0.012512534856796265,0.049018144607543945
89,470,1.1095301061868668,0.012276053428649902,0.06402254104614258
90,470,1.0974873304367065,0.012042775750160217,0.051018476486206055
91,470,1.0856777429580688,0.011809587478637695,0.054018259048461914
92,470,1.0740991979837418,0.011578544974327087,0.05301928520202637
93,470,1.0627499520778656,0.01134924590587616,0.057019710540771484
94,470,1.0516265481710434,0.011123403906822205,0.059021949768066406
95,470,1.040725290775299,0.010901257395744324,0.0610201358795166
96,470,1.030043140053749,0.010682150721549988,0.05301952362060547
97,470,1.019577644765377,0.01046549528837204,0.05301928520202637
98,470,1.0093251913785934,0.0102524533867836,0.06002044677734375
99,470,0.9992811009287834,0.010044090449810028,0.0660240650177002
100,470,0.9894436225295067,0.009837478399276733,0.09503531455993652
101,470,0.9798092469573021,0.00963437557220459,0.07102322578430176
102,470,0.9703730791807175,0.009436167776584625,0.07802772521972656
103,470,0.961131751537323,0.00924132764339447,0.07402610778808594
104,470,0.952081486582756,0.009050264954566956,0.07702755928039551
105,470,0.9432189017534256,0.008862584829330444,0.07302618026733398
106,470,0.9345398843288422,0.008679017424583435,0.0770268440246582
107,470,0.9260403141379356,0.008499570190906525,0.07202577590942383
108,470,0.9177161604166031,0.00832415372133255,0.06602287292480469
109,470,0.9095636084675789,0.0081525519490242,0.06202244758605957
110,470,0.9015780761837959,0.007985532283782959,0.05101776123046875
111,470,0.8937563970685005,0.00782167911529541,0.06502342224121094
112,470,0.8860953599214554,0.0076610371470451355,0.07202553749084473
113,470,0.8785907253623009,0.0075046345591545105,0.05802035331726074
114,470,0.8712382018566132,0.007352523505687714,0.06402254104614258
115,470,0.8640340864658356,0.007204115390777588,0.07802772521972656
116,470,0.8569751009345055,0.007058985531330109,0.09003257751464844
117,470,0.8500577732920647,0.006917327642440796,0.08302927017211914
118,470,0.8432782664895058,0.006779506802558899,0.06902432441711426
119,470,0.836633637547493,0.006644628942012787,0.07802748680114746
120,470,0.8301214501261711,0.006512187421321869,0.07102560997009277
121,470,0.8237361535429955,0.006385296583175659,0.07402563095092773
122,470,0.8174755722284317,0.006260581314563751,0.0750272274017334
123,470,0.8113362491130829,0.006139323115348816,0.0750267505645752
124,470,0.8053159490227699,0.006020300090312958,0.07402563095092773
125,470,0.7994110435247421,0.0059049054980278015,0.07302546501159668
126,470,0.7936185002326965,0.005792543292045593,0.06702375411987305
127,470,0.7879350632429123,0.005683436989784241,0.07702827453613281
128,470,0.7823584005236626,0.005576662719249725,0.07502555847167969
129,470,0.776886597275734,0.005471803247928619,0.07202553749084473
130,470,0.7715164572000504,0.005370140075683594,0.07402706146240234
131,470,0.7662453651428223,0.005271092057228088,0.0750272274017334
132,470,0.761070691049099,0.005174674093723297,0.054018497467041016
133,470,0.7559902146458626,0.005080476403236389,0.06002044677734375
134,470,0.7510017976164818,0.004988417029380798,0.068023681640625
135,470,0.7461034581065178,0.004898339509963989,0.0750267505645752
136,470,0.7412933558225632,0.00481010228395462,0.07402610778808594
137,470,0.7365691438317299,0.0047242119908332825,0.07802796363830566
138,470,0.731928177177906,0.0046409666538238525,0.07802748680114746
139,470,0.7273684591054916,0.004559718072414398,0.20107126235961914
140,470,0.7228880599141121,0.004480399191379547,0.19006824493408203
141,470,0.7184845507144928,0.004403509199619293,0.12004303932189941
142,470,0.7141565233469009,0.004328027367591858,0.08903026580810547
143,470,0.709901750087738,0.004254773259162903,0.09203267097473145
144,470,0.7057188749313354,0.004182875156402588,0.07702827453613281
145,470,0.7016060054302216,0.004112869501113892,0.1020352840423584
146,470,0.6975621432065964,0.004043862223625183,0.0930330753326416
147,470,0.6935853958129883,0.003976747393608093,0.07602715492248535
148,470,0.6896738335490227,0.003911562263965607,0.08002781867980957
149,470,0.6858254596590996,0.0038483738899230957,0.13004732131958008
150,470,0.6820393279194832,0.003786131739616394,0.09003090858459473
151,470,0.6783137246966362,0.003725603222846985,0.0840303897857666
152,470,0.6746475026011467,0.003666222095489502,0.07802748680114746
153,470,0.6710385903716087,0.003608912229537964,0.08202934265136719
154,470,0.6674857661128044,0.0035528242588043213,0.07902812957763672
155,470,0.6639884114265442,0.0034973546862602234,0.08803057670593262
156,470,0.6605450063943863,0.003443405032157898,0.09803509712219238
157,470,0.657154306769371,0.003390699625015259,0.07902765274047852
158,470,0.6538154557347298,0.003338851034641266,0.0770268440246582
159,470,0.6505268961191177,0.00328855961561203,0.08202958106994629
160,470,0.6472880095243454,0.003238886594772339,0.0770270824432373
161,470,0.6440976411104202,0.003190368413925171,0.08903169631958008
162,470,0.6409547179937363,0.00314292311668396,0.09603476524353027
163,470,0.6378580927848816,0.0030966252088546753,0.07902789115905762
164,470,0.6348066627979279,0.0030514299869537354,0.08102846145629883
165,470,0.6317990869283676,0.0030075758695602417,0.09403300285339355
166,470,0.6288352981209755,0.0029637888073921204,0.09903550148010254
167,470,0.6259138584136963,0.0029214397072792053,0.0770268440246582
168,470,0.6230337023735046,0.0028801560401916504,0.07602739334106445
169,470,0.6201936677098274,0.0028400346636772156,0.08303189277648926
170,470,0.6173935532569885,0.0028001144528388977,0.14805030822753906
171,470,0.6146329939365387,0.002760559320449829,0.08703231811523438
172,470,0.6119105294346809,0.0027224645018577576,0.08302879333496094
173,470,0.609225757420063,0.00268477201461792,0.08803033828735352
174,470,0.6065776944160461,0.0026480630040168762,0.0750267505645752
175,470,0.603965237736702,0.0026124566793441772,0.07902860641479492
176,470,0.6013875752687454,0.002577662467956543,0.07102465629577637
177,470,0.5988445729017258,0.0025430023670196533,0.08102893829345703
178,470,0.5963349342346191,0.0025096386671066284,0.08202886581420898
179,470,0.5938587859272957,0.002476148307323456,0.0840306282043457
180,470,0.5914148315787315,0.002443954348564148,0.07402515411376953
181,470,0.589002825319767,0.0024120062589645386,0.05902099609375
182,470,0.5866218730807304,0.00238095223903656,0.05401945114135742
183,470,0.5842714831233025,0.0023503899574279785,0.05502009391784668
184,470,0.5819503143429756,0.0023211687803268433,0.05101966857910156
185,470,0.5796588063240051,0.0022915080189704895,0.06201958656311035
186,470,0.5773958116769791,0.002262994647026062,0.06702375411987305
187,470,0.5751611366868019,0.0022346749901771545,0.05701947212219238
188,470,0.572954460978508,0.002206675708293915,0.06302309036254883
189,470,0.5707750394940376,0.0021794214844703674,0.047017574310302734
190,470,0.5686223804950714,0.002152658998966217,0.05301785469055176
191,470,0.5664958134293556,0.00212656706571579,0.053018808364868164
192,470,0.5643951073288918,0.002100706100463867,0.060021400451660156
193,470,0.5623194351792336,0.002075672149658203,0.06402230262756348
194,470,0.560268446803093,0.0020509883761405945,0.060021400451660156
195,470,0.5582417398691177,0.0020267069339752197,0.06602358818054199
196,470,0.5562389120459557,0.002002827823162079,0.062021732330322266
197,470,0.5542592033743858,0.0019797086715698242,0.05401968955993652
198,470,0.5523027703166008,0.001956433057785034,0.06002092361450195
199,470,0.5503685548901558,0.0019342154264450073,0.0750267505645752
200,470,0.548457108438015,0.001911446452140808,0.06302237510681152
201,470,0.5465671122074127,0.0018899962306022644,0.05201840400695801
202,470,0.5446984842419624,0.0018686279654502869,0.05501914024353027
203,470,0.5428509041666985,0.001847580075263977,0.05802154541015625
204,470,0.5410236045718193,0.0018272995948791504,0.3451228141784668
205,470,0.539216510951519,0.001807093620300293,0.05401754379272461
206,470,0.5374295935034752,0.0017869174480438232,0.05601978302001953
207,470,0.5356627181172371,0.0017668753862380981,0.06002211570739746
208,470,0.5339148305356503,0.0017478875815868378,0.05301833152770996
209,470,0.5321860015392303,0.0017288289964199066,0.06202197074890137
210,470,0.5304757542908192,0.0017102472484111786,0.05301928520202637
211,470,0.5287842527031898,0.0016915015876293182,0.0590212345123291
212,470,0.527110930532217,0.001673322170972824,0.05401968955993652
213,470,0.5254552066326141,0.00165572389960289,0.06002044677734375
214,470,0.5238169766962528,0.0016382299363613129,0.052019357681274414
215,470,0.5221956819295883,0.001621294766664505,0.05802011489868164
216,470,0.5205907970666885,0.0016048848628997803,0.06202077865600586
217,470,0.5190028809010983,0.0015879161655902863,0.06602334976196289
218,470,0.5174309425055981,0.001571938395500183,0.05502009391784668
219,470,0.5158750228583813,0.0015559196472167969,0.052017927169799805
220,470,0.5143354348838329,0.0015395879745483398,0.056020498275756836
221,470,0.5128110647201538,0.001524370163679123,0.0590205192565918
222,470,0.5113021731376648,0.0015088915824890137,0.05501914024353027
223,470,0.5098085030913353,0.0014936700463294983,0.05401968955993652
224,470,0.5083295404911041,0.0014789626002311707,0.06402254104614258
225,470,0.5068654119968414,0.0014641284942626953,0.051018714904785156
226,470,0.5054157041013241,0.0014497078955173492,0.05601930618286133
227,470,0.5039804205298424,0.0014352835714817047,0.062021732330322266
228,470,0.5025591515004635,0.001421269029378891,0.060021162033081055
229,470,0.5011517256498337,0.0014074258506298065,0.05501890182495117
230,470,0.49975790455937386,0.0013938210904598236,0.05902242660522461
231,470,0.49837755039334297,0.0013803541660308838,0.05601859092712402
232,470,0.49701016396284103,0.0013673864305019379,0.06202197074890137
233,470,0.4956558533012867,0.0013543106615543365,0.056020259857177734
234,470,0.4943143352866173,0.0013415180146694183,0.054019927978515625
235,470,0.49298524484038353,0.0013290904462337494,0.06002044677734375
236,470,0.49166903644800186,0.001316208392381668,0.05802106857299805
237,470,0.490364708006382,0.001304328441619873,0.05401968955993652
238,470,0.48907239362597466,0.0012923143804073334,0.05701947212219238
239,470,0.4877922721207142,0.0012801215052604675,0.05101895332336426
240,470,0.4865235649049282,0.0012687072157859802,0.06902456283569336
241,470,0.48526644334197044,0.0012571215629577637,0.0520172119140625
242,470,0.4840206280350685,0.0012458153069019318,0.05401873588562012
243,470,0.4827859550714493,0.0012346729636192322,0.060021162033081055
244,470,0.4815625846385956,0.0012233704328536987,0.06902503967285156
245,470,0.4803498461842537,0.0012127384543418884,0.05902266502380371
246,470,0.4791477173566818,0.001202128827571869,0.05401778221130371
247,470,0.4779561348259449,0.0011915825307369232,0.054018497467041016
248,470,0.4767751656472683,0.0011809691786766052,0.06502318382263184
249,470,0.4756045304238796,0.0011706352233886719,0.06402397155761719
250,470,0.47444409877061844,0.0011604316532611847,0.053017616271972656
251,470,0.4732934273779392,0.0011506713926792145,0.0590214729309082
252,470,0.472152192145586,0.0011412352323532104,0.05901980400085449
253,470,0.47102054581046104,0.0011316463351249695,0.07902884483337402
254,470,0.46989820152521133,0.00112234428524971,0.07102513313293457
255,470,0.46878568455576897,0.0011125169694423676,0.06002068519592285
256,470,0.4676821008324623,0.0011035837233066559,0.06202244758605957
257,470,0.4665875844657421,0.0010945163667201996,0.06202292442321777
258,470,0.4655024856328964,0.0010850988328456879,0.05301785469055176
259,470,0.4644259475171566,0.0010765381157398224,0.05802011489868164
260,470,0.46335814520716667,0.0010678023099899292,0.045015811920166016
261,470,0.4622986726462841,0.0010594725608825684,0.05802106857299805
262,470,0.46124793589115143,0.0010507367551326752,0.060021162033081055
263,470,0.4602057784795761,0.0010421574115753174,0.05301976203918457
264,470,0.4591720513999462,0.001033727079629898,0.051017045974731445
265,470,0.4581463597714901,0.0010256916284561157,0.05802035331726074
266,470,0.45712920650839806,0.001017153263092041,0.06102156639099121
267,470,0.4561200365424156,0.0010091699659824371,0.053018808364868164
268,470,0.4551190622150898,0.001000974327325821,0.05502033233642578
269,470,0.4541258253157139,0.0009932368993759155,0.0590205192565918
270,470,0.4531405121088028,0.000985313206911087,0.062021493911743164
271,470,0.4521626681089401,0.000977843999862671,0.058020591735839844
272,470,0.4511927403509617,0.0009699277579784393,0.05502033233642578
273,470,0.45023012161254883,0.0009626187384128571,0.05501842498779297
274,470,0.44927503913640976,0.0009550824761390686,0.06402349472045898
275,470,0.4483271576464176,0.0009478814899921417,0.055019378662109375
276,470,0.44738660752773285,0.0009405501186847687,0.06302189826965332
277,470,0.4464532881975174,0.0009333193302154541,0.04901766777038574
278,470,0.44552701711654663,0.0009262710809707642,0.04901838302612305
279,470,0.44460754469037056,0.0009194724261760712,0.05501818656921387
280,470,0.4436951279640198,0.0009124167263507843,0.05702042579650879
281,470,0.4427894353866577,0.0009056925773620605,0.05501985549926758
282,470,0.44189057871699333,0.0008988566696643829,0.06202220916748047
283,470,0.4409984014928341,0.0008921772241592407,0.056018829345703125
284,470,0.4401128217577934,0.0008855797350406647,0.05201888084411621
285,470,0.4392336420714855,0.0008791796863079071,0.05802130699157715
286,470,0.4383607544004917,0.0008728876709938049,0.05601930618286133
287,470,0.4374943859875202,0.0008663684129714966,0.04601716995239258
288,470,0.4366343542933464,0.0008600316941738129,0.05401897430419922
289,470,0.43578051030635834,0.0008538439869880676,0.052018165588378906
290,470,0.4349326938390732,0.0008478164672851562,0.04601645469665527
291,470,0.43409083783626556,0.0008418560028076172,0.06202244758605957
292,470,0.4332551248371601,0.0008357129991054535,0.053017616271972656
293,470,0.4324253611266613,0.0008297637104988098,0.06302237510681152
294,470,0.43160147964954376,0.0008238814771175385,0.05501985549926758
295,470,0.43078339844942093,0.0008180812001228333,0.06502223014831543
296,470,0.42997126281261444,0.000812135636806488,0.061022043228149414
297,470,0.4291648417711258,0.0008064210414886475,0.06002092361450195
298,470,0.4283638224005699,0.0008010193705558777,0.05201864242553711
299,470,0.42756833136081696,0.0007954910397529602,0.06302380561828613
300,470,0.42677808180451393,0.0007902495563030243,0.06602168083190918
301,470,0.42599333822727203,0.0007847435772418976,0.06502366065979004
302,470,0.42521408572793007,0.0007792524993419647,0.05401873588562012
303,470,0.4244399480521679,0.0007741376757621765,0.053018808364868164
304,470,0.4236711971461773,0.0007687509059906006,0.0500185489654541
305,470,0.42290767654776573,0.0007635205984115601,0.06902384757995605
306,470,0.42214934527873993,0.0007583312690258026,0.06102156639099121
307,470,0.4213958904147148,0.000753454864025116,0.05401968955993652
308,470,0.42064788192510605,0.0007480084896087646,0.06102108955383301
309,470,0.4199048690497875,0.0007430128753185272,0.06302237510681152
310,470,0.4191666357219219,0.0007382333278656006,0.06702423095703125
311,470,0.4184335060417652,0.0007331296801567078,0.06302332878112793
312,470,0.41770486161112785,0.0007286444306373596,0.06002163887023926
313,470,0.4169810973107815,0.0007237643003463745,0.052016496658325195
314,470,0.4162620082497597,0.0007190890610218048,0.06002092361450195
315,470,0.41554756835103035,0.0007144398987293243,0.06402349472045898
316,470,0.41483769565820694,0.00070987269282341,0.05601930618286133
317,470,0.414132297039032,0.0007053986191749573,0.06402373313903809
318,470,0.41343146562576294,0.000700831413269043,0.05702018737792969
319,470,0.412734929472208,0.0006965361535549164,0.05801963806152344
320,470,0.41204293817281723,0.0006919912993907928,0.06302237510681152
321,470,0.41135525330901146,0.0006876848638057709,0.060022592544555664
322,470,0.41067156195640564,0.0006836913526058197,0.05802035331726074
323,470,0.4099924974143505,0.00067906454205513,0.06302165985107422
324,470,0.4093172624707222,0.0006752349436283112,0.05802035331726074
325,470,0.40864628180861473,0.0006709806621074677,0.06202292442321777
326,470,0.40797972679138184,0.0006665550172328949,0.0610203742980957
327,470,0.4073168858885765,0.0006628409028053284,0.06202292442321777
328,470,0.4066585898399353,0.0006582960486412048,0.05702042579650879
329,470,0.4060043767094612,0.0006542131304740906,0.06502175331115723
330,470,0.4053538627922535,0.0006505139172077179,0.06002163887023926
331,470,0.4047076106071472,0.0006462521851062775,0.0660240650177002
332,470,0.4040650203824043,0.0006425902247428894,0.060021400451660156
333,470,0.40342631563544273,0.0006387047469615936,0.05201864242553711
334,470,0.4027916043996811,0.0006347112357616425,0.06502223014831543
335,470,0.4021608456969261,0.0006307587027549744,0.06402277946472168
336,470,0.4015335775911808,0.0006272681057453156,0.05802106857299805
337,470,0.4009102024137974,0.0006233751773834229,0.05501914024353027
338,470,0.4002905488014221,0.0006196536123752594,0.05001711845397949
339,470,0.39967403188347816,0.0006165169179439545,0.06702375411987305
340,470,0.39906148612499237,0.0006125457584857941,0.051018476486206055
341,470,0.3984528109431267,0.0006086751818656921,0.05602002143859863
342,470,0.39784741029143333,0.0006054006516933441,0.05702066421508789
343,470,0.39724595844745636,0.0006014518439769745,0.06302165985107422
344,470,0.3966473825275898,0.0005985759198665619,0.06102132797241211
345,470,0.3960528112947941,0.0005945712327957153,0.05201864242553711
346,470,0.39546167850494385,0.000591132789850235,0.06302237510681152
347,470,0.3948739804327488,0.0005876980721950531,0.048017263412475586
348,470,0.3942900039255619,0.0005839765071868896,0.05501985549926758
349,470,0.3937090002000332,0.000581003725528717,0.056020498275756836
350,470,0.39313149079680443,0.0005775094032287598,0.059020042419433594
351,470,0.3925572820007801,0.0005742087960243225,0.05602002143859863
352,470,0.39198610931634903,0.000571172684431076,0.05401945114135742
353,470,0.3914184011518955,0.0005677081644535065,0.062021493911743164
354,470,0.3908536657691002,0.0005647353827953339,0.060021162033081055
355,470,0.3902924284338951,0.0005612373352050781,0.05602002143859863
356,470,0.38973410055041313,0.0005583278834819794,0.05702018737792969
357,470,0.38917872309684753,0.0005553774535655975,0.05101823806762695
358,470,0.38862666860222816,0.0005520544946193695,0.053019046783447266
359,470,0.38807735592126846,0.0005493126809597015,0.057019948959350586
360,470,0.3875313885509968,0.0005459673702716827,0.06202220916748047
361,470,0.3869883641600609,0.0005430243909358978,0.05401873588562012
362,470,0.38644858077168465,0.000539783388376236,0.061022281646728516
363,470,0.38591186329722404,0.0005367174744606018,0.05601930618286133
364,470,0.3853784464299679,0.0005334168672561646,0.04701709747314453
365,470,0.38484786450862885,0.000530581921339035,0.047016143798828125
366,470,0.3843202516436577,0.0005276128649711609,0.04901719093322754
367,470,0.3837953172624111,0.0005249343812465668,0.05902099609375
368,470,0.38327299803495407,0.0005223192274570465,0.062021732330322266
369,470,0.38275375217199326,0.0005192458629608154,0.05501961708068848
370,470,0.38223718106746674,0.0005165711045265198,0.05501961708068848
371,470,0.38172313943505287,0.0005140416324138641,0.06102132797241211
372,470,0.38121216744184494,0.0005109719932079315,0.06302261352539062
373,470,0.3807036690413952,0.0005084984004497528,0.060021400451660156
374,470,0.3801978565752506,0.0005058124661445618,0.05101799964904785
375,470,0.3796945996582508,0.0005032569169998169,0.05702018737792969
376,470,0.3791940286755562,0.0005005709826946259,0.05702018737792969
377,470,0.3786962069571018,0.000497821718454361,0.0590207576751709
378,470,0.3782007358968258,0.0004954710602760315,0.05702018737792969
379,470,0.37770797312259674,0.0004927627742290497,0.06302261352539062
380,470,0.37721769139170647,0.000490281730890274,0.06702470779418945
381,470,0.3767295926809311,0.00048809871077537537,0.05001640319824219
382,470,0.37624428793787956,0.00048530474305152893,0.052019357681274414
383,470,0.3757612444460392,0.00048304349184036255,0.05501866340637207
384,470,0.37528081983327866,0.0004804246127605438,0.052019357681274414
385,470,0.3748026043176651,0.0004782155156135559,0.06402206420898438
386,470,0.37432681396603584,0.0004757903516292572,0.060022830963134766
387,470,0.373853649944067,0.00047316402196884155,0.06902384757995605
388,470,0.3733823150396347,0.00047133490443229675,0.05802106857299805
389,470,0.372913658618927,0.00046865642070770264,0.05501818656921387
390,470,0.3724472299218178,0.0004664286971092224,0.06602334976196289
391,470,0.37198302149772644,0.0004642084240913391,0.05802035331726074
392,470,0.3715210370719433,0.00046198442578315735,0.057019948959350586
393,470,0.37106168270111084,0.00045935437083244324,0.051018476486206055
394,470,0.3706042170524597,0.00045746564865112305,0.05501985549926758
395,470,0.3701491393148899,0.00045507773756980896,0.05201840400695801
396,470,0.36969641223549843,0.0004527270793914795,0.0500178337097168
397,470,0.3692457377910614,0.000450674444437027,0.06102108955383301
398,470,0.3687972240149975,0.00044851377606391907,0.06802487373352051
399,470,0.3683507926762104,0.00044643133878707886,0.0680243968963623
400,470,0.3679064102470875,0.0004443824291229248,0.06502246856689453
401,470,0.36746420338749886,0.00044220685958862305,0.05501914024353027
402,470,0.36702391132712364,0.0004402920603752136,0.06402277946472168
403,470,0.3665858581662178,0.000438053160905838,0.056020259857177734
404,470,0.3661498762667179,0.0004359818994998932,0.058020591735839844
405,470,0.3657156154513359,0.0004342608153820038,0.07302451133728027
406,470,0.3652835302054882,0.000432085245847702,0.05902266502380371
407,470,0.3648536019027233,0.0004299283027648926,0.054018259048461914
408,470,0.3644256703555584,0.000427931547164917,0.05502009391784668
409,470,0.3640001714229584,0.00042549893260002136,0.068023681640625
410,470,0.36357606574893,0.0004241056740283966,0.05502009391784668
411,470,0.3631541356444359,0.00042193010449409485,0.051016807556152344
412,470,0.36273428797721863,0.00041984766721725464,0.06402206420898438
413,470,0.3623160719871521,0.0004182159900665283,0.06102108955383301
414,470,0.361900020390749,0.00041605159640312195,0.06502318382263184
415,470,0.3614855222404003,0.00041449815034866333,0.06702494621276855
416,470,0.3610731139779091,0.0004124082624912262,0.05401921272277832
417,470,0.36066242679953575,0.0004106871783733368,0.06702280044555664
418,470,0.3602537773549557,0.0004086494445800781,0.07102537155151367
419,470,0.35984712466597557,0.00040665268898010254,0.05902099609375
420,470,0.3594421297311783,0.000404994934797287,0.06402301788330078
421,470,0.35903940349817276,0.0004027262330055237,0.054018497467041016
422,470,0.35863805934786797,0.0004013441503047943,0.05101799964904785
423,470,0.35823892056941986,0.00039913877844810486,0.07702851295471191
424,470,0.357841070741415,0.00039784982800483704,0.06502294540405273
425,470,0.3574450761079788,0.000395994633436203,0.05301928520202637
426,470,0.3570506051182747,0.0003944709897041321,0.0520169734954834
427,470,0.3566579893231392,0.00039261579513549805,0.058020591735839844
428,470,0.35626688972115517,0.00039109960198402405,0.060021162033081055
429,470,0.3558775708079338,0.00038931891322135925,0.06002235412597656
430,470,0.3554900288581848,0.0003875419497489929,0.061020851135253906
431,470,0.35510434582829475,0.0003856830298900604,0.0680239200592041
432,470,0.3547201231122017,0.00038422271609306335,0.05902242660522461
433,470,0.3543375991284847,0.0003825239837169647,0.06001996994018555
434,470,0.35395660251379013,0.00038099661469459534,0.058020830154418945
435,470,0.3535773493349552,0.00037925317883491516,0.06902408599853516
436,470,0.3531995490193367,0.000377800315618515,0.06502366065979004
437,470,0.3528236076235771,0.0003759413957595825,0.0680239200592041
438,470,0.3524490147829056,0.0003745928406715393,0.06102132797241211
439,470,0.3520761616528034,0.0003728531301021576,0.06502294540405273
440,470,0.3517047241330147,0.00037143751978874207,0.04501628875732422
441,470,0.35133494436740875,0.0003697797656059265,0.0590212345123291
442,470,0.3509667254984379,0.00036821886897087097,0.06402182579040527
443,470,0.35060013085603714,0.0003665946424007416,0.0500178337097168
444,470,0.3502347581088543,0.00036537274718284607,0.06002092361450195
445,470,0.3498711884021759,0.0003635697066783905,0.0480189323425293
446,470,0.34950874000787735,0.00036244839429855347,0.04801511764526367
447,470,0.3491480238735676,0.0003607161343097687,0.04701638221740723
448,470,0.34878893941640854,0.00035908445715904236,0.05402016639709473
449,470,0.34843121096491814,0.0003577284514904022,0.05501866340637207
450,470,0.3480747304856777,0.0003564804792404175,0.052018165588378906
451,470,0.3477198891341686,0.00035484135150909424,0.056020259857177734
452,470,0.3473663479089737,0.00035354122519493103,0.056020259857177734
453,470,0.34701428562402725,0.00035206228494644165,0.05401921272277832
454,470,0.3466637097299099,0.00035057589411735535,0.0590207576751709
455,470,0.34631436318159103,0.0003493465483188629,0.05601978302001953
456,470,0.34596652910113335,0.0003478340804576874,0.05402016639709473
457,470,0.34561992064118385,0.0003466084599494934,0.06502175331115723
458,470,0.34527483582496643,0.0003450848162174225,0.06102156639099121
459,470,0.34493107721209526,0.00034375861287117004,0.06202220916748047
460,470,0.34458891302347183,0.00034216418862342834,0.0590207576751709
461,470,0.34424813091754913,0.000340782105922699,0.04901742935180664
462,470,0.3439083881676197,0.0003397427499294281,0.05101776123046875
463,470,0.3435700424015522,0.0003383457660675049,0.04501628875732422
464,470,0.3432331010699272,0.00033694133162498474,0.058020591735839844
465,470,0.3428974933922291,0.0003356076776981354,0.05301928520202637
466,470,0.34256308898329735,0.0003344044089317322,0.05601930618286133
467,470,0.34222986549139023,0.00033322349190711975,0.056020259857177734
468,470,0.3418980650603771,0.0003318004310131073,0.05702018737792969
469,470,0.34156735613942146,0.00033070892095565796,0.0680241584777832
470,470,0.3412378095090389,0.00032954663038253784,0.06302213668823242
471,470,0.34090979397296906,0.00032801553606987,0.05902099609375
472,470,0.3405826948583126,0.00032709911465644836,0.06502294540405273
473,470,0.34025730937719345,0.0003253854811191559,0.05301976203918457
474,470,0.33993275836110115,0.0003245510160923004,0.06402111053466797
475,470,0.33960945531725883,0.0003233030438423157,0.05802154541015625
476,470,0.33928778395056725,0.00032167136669158936,0.06502246856689453
477,470,0.33896685391664505,0.00032093003392219543,0.052019596099853516
478,470,0.33864714577794075,0.0003197081387042999,0.05801963806152344
479,470,0.33832873031497,0.00031841546297073364,0.05501961708068848
480,470,0.33801134675741196,0.0003173835575580597,0.0500178337097168
481,470,0.337695375084877,0.0003159716725349426,0.05501961708068848
482,470,0.3373802974820137,0.00031507760286331177,0.06502342224121094
483,470,0.3370664305984974,0.00031386688351631165,0.06502223014831543
484,470,0.336753997951746,0.0003124326467514038,0.06202244758605957
485,470,0.33644259348511696,0.0003114044666290283,0.062021493911743164
486,470,0.3361320234835148,0.00031057000160217285,0.05502057075500488
487,470,0.33582286909222603,0.0003091543912887573,0.059020042419433594
488,470,0.3355146124958992,0.000308256596326828,0.062021732330322266
489,470,0.3352075628936291,0.00030704960227012634,0.06102275848388672
490,470,0.33490147069096565,0.00030609220266342163,0.05701923370361328
491,470,0.3345962055027485,0.0003052651882171631,0.05702018737792969
492,470,0.33429255336523056,0.0003036521375179291,0.062021732330322266
493,470,0.3339899480342865,0.0003026053309440613,0.06002163887023926
494,470,0.3336883373558521,0.00030161067843437195,0.06502342224121094
495,470,0.3333880975842476,0.00030023977160453796,0.052017927169799805
496,470,0.3330886475741863,0.00029945001006126404,0.05401968955993652
497,470,0.3327905237674713,0.0002981238067150116,0.05402255058288574
498,470,0.3324931226670742,0.00029740110039711,0.04801321029663086
499,470,0.33219701796770096,0.00029610469937324524,0.05802011489868164
500,470,0.3319019041955471,0.00029511377215385437,0.061022043228149414
