1,60,2.2772347280534646,Nan,0.08803129196166992
2,60,2.218556456646677,0.05867827140678772,0.07302546501159668
3,60,2.1493350004745744,0.06922145617210251,0.08002996444702148
4,60,2.070702795254982,0.07863220521959224,0.08402752876281738
5,60,1.9821890956264432,0.08851369962853894,0.08503031730651855
6,60,1.8855460296242923,0.09664306600215089,0.08002829551696777
7,60,1.7823698965169616,0.10317613310733065,0.08002853393554688
8,60,1.6746747008824752,0.10769519563448648,0.07802772521972656
9,60,1.5652714098914196,0.10940329099105561,0.08002901077270508
10,60,1.4580025248608346,0.10726888503058496,0.0770270824432373
11,60,1.3564098204596569,0.10159270440117774,0.07502579689025879
12,60,1.2626754954709845,0.0937343249886724,0.07802748680114746
13,60,1.177854271258338,0.08482122421264648,0.07202625274658203
14,60,1.1020379026057356,0.07581636865260233,0.08503031730651855
15,60,1.034672587604846,0.06736531500088971,0.06702399253845215
16,60,0.9748989384053117,0.05977364919953421,0.07202458381652832
17,60,0.9215758877285456,0.053323050676766126,0.07402729988098145
18,60,0.873740885217311,0.047835002511234626,0.07202482223510742
19,60,0.8310544874708531,0.04268639774645788,0.08302927017211914
20,60,0.7930069121263795,0.03804757534447356,0.09103226661682129
21,60,0.7589265815282272,0.0340803305981523,0.07902836799621582
22,60,0.7282617779101356,0.03066480361809165,0.07602763175964355
23,60,0.7005668262303886,0.027694951679747004,0.07602834701538086
24,60,0.6754639269941944,0.02510289923619413,0.08002591133117676
25,60,0.6526342261645753,0.022829700829619104,0.07402682304382324
26,60,0.6318089249780623,0.020825301186513046,0.07502627372741699
27,60,0.612748851210384,0.019060073767678265,0.08302927017211914
28,60,0.5952605382870819,0.017488312923302107,0.08202910423278809
29,60,0.5791666578438323,0.016093880443249664,0.08002829551696777
30,60,0.5643093303098516,0.014857327533980613,0.07702779769897461
31,60,0.5505544765520904,0.013754853757761198,0.07902789115905762
32,60,0.5377838838908632,0.012770592661227265,0.08603072166442871
33,60,0.5258981201608303,0.011885763730032917,0.08302903175354004
34,60,0.5148125745482364,0.011085545612593894,0.07902812957763672
35,60,0.5044462473715766,0.010366327176659751,0.08703041076660156
36,60,0.49474456350682144,0.009701683864755173,0.08302998542785645
37,60,0.48564869872594285,0.009095864780878593,0.08202886581420898
38,60,0.47709748805579494,0.008551210670147913,0.07402586936950684
39,60,0.4690417778694024,0.008055710186392562,0.08202910423278809
40,60,0.46143894781500605,0.007602830054396326,0.0840299129486084
41,60,0.45425198391332466,0.007186963901681387,0.0840308666229248
42,60,0.4474473666336577,0.006804617279666969,0.07502579689025879
43,60,0.4409925149658979,0.006454851667759776,0.08803129196166992
44,60,0.4348657914137436,0.006126723552154323,0.07402682304382324
45,60,0.4290364571547104,0.005829334259033203,0.08002805709838867
46,60,0.4234820417428421,0.0055544154118682965,0.07602643966674805
47,60,0.41818384093753364,0.005298200805308462,0.08803153038024902
48,60,0.4131297822725975,0.005054058664936134,0.08903121948242188
49,60,0.4082941145209943,0.004835667751603212,0.06902480125427246
50,60,0.4036662396738085,0.004627874847185798,0.07202601432800293
51,60,0.3992312853619204,0.004434954311888117,0.07902693748474121
52,60,0.3949744138172117,0.0042568715447086625,0.07702827453613281
53,60,0.39088935670206104,0.00408505711515067,0.07902765274047852
54,60,0.38696551019862546,0.00392384650343558,0.08302879333496094
55,60,0.3831847034773584,0.0037808067212670715,0.09403419494628906
56,60,0.3795497101747384,0.0036349933026200154,0.0750265121459961
57,60,0.37604925314248616,0.0035004570322522133,0.09803414344787598
58,60,0.37267234492099893,0.0033769082214872292,0.10303640365600586
59,60,0.3694091007366019,0.0032632441843970517,0.11204004287719727
60,60,0.36625780266220287,0.0031512980743990116,0.10603785514831543
61,60,0.36321420260405135,0.003043600058151519,0.07602691650390625
62,60,0.360267834138062,0.0029463684659893352,0.07302522659301758
63,60,0.35741636990490605,0.0028514642331559648,0.0840299129486084
64,60,0.3546532652640747,0.0027631046408313487,0.08002853393554688
65,60,0.35197546926595397,0.0026777959981207355,0.07502627372741699
66,60,0.3493767860582319,0.0025986832077220523,0.07402706146240234
67,60,0.34685231012813117,0.0025244759301007447,0.08703017234802246
68,60,0.34439925950462535,0.0024530506235058147,0.07402634620666504
69,60,0.3420067543195466,0.002392505185078775,0.08503007888793945
70,60,0.3396788860781718,0.0023278682413747642,0.0680243968963623
71,60,0.33740927784119623,0.0022696082369755843,0.06902408599853516
72,60,0.3352036375110432,0.0022056403301530247,0.06802535057067871
73,60,0.33305129939216677,0.00215233811887644,0.09503293037414551
74,60,0.3309560264066114,0.002095272985555341,0.09703445434570312
75,60,0.3289093054452185,0.0020467209613929116,0.09903526306152344
76,60,0.32691425943778735,0.001995046007431167,0.1020357608795166
77,60,0.3249646862179546,0.0019495732198327453,0.08002829551696777
78,60,0.323060150368739,0.0019045358492156272,0.08102869987487793
79,60,0.3211904031745458,0.0018697471941931942,0.08102869987487793
80,60,0.3193633263393984,0.0018270768351473787,0.08503007888793945
81,60,0.3175706512342065,0.0017926751051918766,0.09003305435180664
82,60,0.3158184252047943,0.0017522260294122183,0.08102750778198242
83,60,0.31410039405701523,0.0017180311477790755,0.07702755928039551
84,60,0.31241958146378146,0.0016808125932337714,0.08903193473815918
85,60,0.310771840103602,0.0016477413601794777,0.08703064918518066
86,60,0.3091551600876501,0.001616680015951888,0.09003138542175293
87,60,0.3075671971349393,0.0015879629527107975,0.0750274658203125
88,60,0.3060067849139036,0.0015604122210357008,0.07802820205688477
89,60,0.30447348371400673,0.0015333011998968638,0.07902693748474121
90,60,0.30296274741827434,0.0015107362957323955,0.0840303897857666
91,60,0.3014748722819959,0.0014878751362784604,0.07002472877502441
92,60,0.3000164741681794,0.0014583981138164837,0.07202577590942383
93,60,0.2985680403850846,0.0014484337830947824,0.07002425193786621
94,60,0.2971395415774846,0.0014284988075999872,0.07302618026733398
95,60,0.2957293479624441,0.0014101936150405225,0.0770268440246582
96,60,0.2943478421134464,0.0013815058489977106,0.07803010940551758
97,60,0.29298980887663567,0.0013580332368107184,0.0880289077758789
98,60,0.2916386726043992,0.0013511362722364861,0.0770270824432373
99,60,0.2903114701226606,0.0013272024817385653,0.07803034782409668
100,60,0.28901031158738216,0.0013011585352784572,0.06902170181274414
101,60,0.28772935523825177,0.001280956349130391,0.08503103256225586
102,60,0.2864716813220816,0.0012576739161701544,0.0930318832397461
103,60,0.2852246028892064,0.0012470784328751927,0.08703160285949707
104,60,0.28399808452291003,0.0012265183662963919,0.0770273208618164
105,60,0.2827856821023812,0.0012124024205288353,0.0840296745300293
106,60,0.28158500538033954,0.0012006767220416603,0.08603191375732422
107,60,0.28039657084618586,0.0011884345341536817,0.0840291976928711
108,60,0.2792203613257004,0.0011762095204854717,0.08703041076660156
109,60,0.2780610259811757,0.0011593353445246701,0.08302950859069824
110,60,0.27691889667915087,0.0011421293020248413,0.08102869987487793
111,60,0.27578855848918526,0.0011303381899656073,0.0770273208618164
112,60,0.2746717035770416,0.0011168549121436389,0.09003257751464844
113,60,0.2735708739797948,0.001100829597246833,0.08502936363220215
114,60,0.2724915510517056,0.0010793229280892103,0.08102893829345703
115,60,0.27142806452209667,0.0010634865296089147,0.08202910423278809
116,60,0.2703836166252524,0.0010444478968442694,0.08603119850158691
117,60,0.26935488010867165,0.0010287365165807527,0.08803200721740723
118,60,0.2683430374678919,0.0010118426407797476,0.07402467727661133
119,60,0.2673424184322357,0.0010006190356561806,0.07902812957763672
120,60,0.26635415321689543,0.0009882652153402893,0.07602691650390625
121,60,0.2653761927859258,0.0009779604309696488,0.07902765274047852
122,60,0.2644111865152747,0.0009650062706511031,0.07102537155151367
123,60,0.26345502446263525,0.000956162052639431,0.08202910423278809
124,60,0.26250089982808644,0.000954124634548803,0.07402682304382324
125,60,0.26156171272366735,0.0009391871044190925,0.09003114700317383
126,60,0.26063869944063284,0.0009230132830345128,0.08603072166442871
127,60,0.2597232069504463,0.0009154924901865202,0.0750265121459961
128,60,0.2588210893889605,0.0009021175614858379,0.10103607177734375
129,60,0.2579259390043,0.0008951503846604814,0.08603024482727051
130,60,0.25704553066673924,0.0008804083375607563,0.06902432441711426
131,60,0.25617431382001454,0.0008712168467246983,0.08503031730651855
132,60,0.2553122387094013,0.0008620751106132585,0.08102846145629883
133,60,0.2544578328981238,0.0008544058112774922,0.12304449081420898
134,60,0.2536109564668041,0.0008468764313196986,0.1280498504638672
135,60,0.25277188319270893,0.000839073274095159,0.1060330867767334
136,60,0.2519412596346968,0.0008306235580121113,0.09703421592712402
137,60,0.2511160810620098,0.0008251785726870464,0.09803438186645508
138,60,0.2502919219560542,0.0008241591059555686,0.09603452682495117
139,60,0.24948216545379767,0.0008097565022565367,0.09803438186645508
140,60,0.2486750849727857,0.000807080481011968,0.10103583335876465
141,60,0.24787736027422597,0.0007977246985597375,0.09003162384033203
142,60,0.2470852646787288,0.000792095595497172,0.08302950859069824
143,60,0.2463027708611246,0.0007824938176042018,0.09203243255615234
144,60,0.24551631762819776,0.000786453232926837,0.08803176879882812
145,60,0.24473749517889345,0.0007788224493043006,0.09703469276428223
146,60,0.24396533291723768,0.0007721622616557733,0.0930325984954834
147,60,0.2432002012254828,0.0007651316917548778,0.07402563095092773
148,60,0.2424462080254393,0.0007539932000434901,0.09003233909606934
149,60,0.2416970003711975,0.0007492076542418014,0.08603096008300781
150,60,0.24095729144953065,0.0007397089216668595,0.08803129196166992
151,60,0.24021945009797308,0.0007378413515575777,0.07902717590332031
152,60,0.2394898156240835,0.0007296344738895733,0.08803153038024902
153,60,0.23876815428168086,0.0007216613424026463,0.08703064918518066
154,60,0.2380480879949311,0.0007200662867497543,0.0840296745300293
155,60,0.23734057252689944,0.0007075154680316609,0.08303022384643555
156,60,0.23662962562451928,0.0007109469023801607,0.08203005790710449
157,60,0.23592507485616004,0.0007045507683592356,0.07602524757385254
158,60,0.23523137907860642,0.0006936957775536268,0.07002472877502441
159,60,0.2345368527507378,0.000694526327868622,0.08202958106994629
160,60,0.23384478385165586,0.0006920688990819379,0.07002449035644531
161,60,0.23316227341607465,0.0006825104355812073,0.07802796363830566
162,60,0.23248050942764445,0.0006817639884302007,0.08202934265136719
163,60,0.23180132510803514,0.0006791843196093106,0.08803105354309082
164,60,0.23113134036124763,0.0006699847467875053,0.07602715492248535
165,60,0.23046222076577655,0.0006691195954710849,0.07202506065368652
166,60,0.22979681484274944,0.000665405923027107,0.07702851295471191
167,60,0.22914016158398937,0.000656653258760076,0.07802629470825195
168,60,0.22848580903926138,0.0006543525447279819,0.08803129196166992
169,60,0.22783528672436537,0.0006505223148960126,0.07902789115905762
170,60,0.22718919687351938,0.0006460898508459934,0.08803153038024902
171,60,0.22655456917265715,0.0006346277008622281,0.08102869987487793
172,60,0.22592681772628073,0.0006277514463764178,0.07902789115905762
173,60,0.2252960154565714,0.0006308022697093241,0.08903121948242188
174,60,0.2246685566033347,0.0006274588532367009,0.07902836799621582
175,60,0.2240503929176573,0.0006181636856774086,0.07102489471435547
176,60,0.22343344582339464,0.0006169470942626598,0.0750267505645752
177,60,0.22282137772289373,0.0006120681005009065,0.09403347969055176
178,60,0.22221204562712524,0.0006093320957684945,0.0910332202911377
179,60,0.22160795027926816,0.0006040953478570754,0.09703469276428223
180,60,0.2210093957640357,0.0005985545152324689,0.09203100204467773
181,60,0.2204131146861335,0.0005962810779021888,0.09803581237792969
182,60,0.21982009039591935,0.0005930242902141558,0.09203195571899414
183,60,0.21923253521070643,0.0005875551852129179,0.0840299129486084
184,60,0.21864444610931105,0.0005880891013953782,0.0930325984954834
185,60,0.21806041921599437,0.0005840268933166859,0.08803129196166992
186,60,0.217481385979612,0.0005790332363823647,0.07602691650390625
187,60,0.21690536353547693,0.0005760224441350714,0.07602787017822266
188,60,0.2163304454189236,0.0005749181165533301,0.08502912521362305
189,60,0.2157603752309993,0.0005700701879242931,0.09103250503540039
190,60,0.21519140293032435,0.0005689723006749581,0.08603072166442871
191,60,0.2146240397024963,0.0005673632278280494,0.08903264999389648
192,60,0.2140560582027597,0.0005679814997366084,0.09003090858459473
193,60,0.21349371565600572,0.0005623425467539689,0.08202886581420898
194,60,0.21293280854568644,0.0005609071103192809,0.10603809356689453
195,60,0.2123772681264554,0.000555540419231032,0.09604597091674805
196,60,0.2118253012077283,0.0005519669187271092,0.08601832389831543
197,60,0.21127250588546365,0.0005527953222646542,0.09203314781188965
198,60,0.2107261692063283,0.0005463366791353397,0.07802677154541016
199,60,0.2101820269126003,0.0005441422937280116,0.0680243968963623
200,60,0.20963532124030387,0.0005467056722964214,0.07202577590942383
201,60,0.20909225006224746,0.000543071178056409,0.08502936363220215
202,60,0.20854934405977443,0.0005429060024730314,0.08002924919128418
203,60,0.20801025502762552,0.000539089032148915,0.08002781867980957
204,60,0.20747102544469348,0.0005392295829320382,0.08603048324584961
205,60,0.2069334468599093,0.0005375785847841763,0.08202934265136719
206,60,0.20640142388262991,0.0005320229772793894,0.0750265121459961
207,60,0.20587221810878334,0.000529205773846575,0.0750274658203125
208,60,0.205345257611598,0.0005269604971853414,0.08202815055847168
209,60,0.20482293819471942,0.0005223194168785805,0.06702375411987305
210,60,0.20429977900901083,0.0005231591857085827,0.08603024482727051
211,60,0.20378974307391604,0.0005100359350947992,0.08503055572509766
212,60,0.2032731988672483,0.0005165442066677461,0.08302903175354004
213,60,0.20276663010403262,0.0005065687632156701,0.08503007888793945
214,60,0.20226176739749263,0.000504862706539988,0.07702755928039551
215,60,0.20175441064066807,0.0005073567568245618,0.07702755928039551
216,60,0.20125338662478884,0.0005010240158792312,0.07402610778808594
217,60,0.2007506270024736,0.0005027596223152464,0.08503055572509766
218,60,0.20024589310258123,0.0005047338998923623,0.07802677154541016
219,60,0.19974607671216382,0.0004998163904174069,0.08002853393554688
220,60,0.19924488297458423,0.0005011937375795916,0.07602763175964355
221,60,0.19874387802714008,0.0005010049474441503,0.0840294361114502
222,60,0.1982424054610527,0.0005014725660873742,0.07802844047546387
223,60,0.1977448587195348,0.000497546741517918,0.07602572441101074
224,60,0.19724747955293978,0.0004973791665950078,0.07602715492248535
225,60,0.1967550879817898,0.0004923915711499693,0.08002853393554688
226,60,0.19626483447470908,0.0004902535070807346,0.0750265121459961
227,60,0.19577197882078462,0.0004928556539244566,0.07302665710449219
228,60,0.19528562171479402,0.000486357105990598,0.08903098106384277
229,60,0.19479831901647277,0.00048730269832125694,0.07602691650390625
230,60,0.19430847125033202,0.0004898477661407497,0.08102846145629883
231,60,0.1938311340192617,0.0004773372310703239,0.07302618026733398
232,60,0.19335086239596544,0.0004802716232962523,0.07602715492248535
233,60,0.19287182453830362,0.00047903785766181817,0.08703064918518066
234,60,0.19239585114232563,0.00047597339597799104,0.09003233909606934
235,60,0.19192214411194042,0.000473707030385212,0.09003114700317383
236,60,0.19144876175007577,0.0004733823618646438,0.07902836799621582
237,60,0.19098258498361556,0.00046617676646021344,0.0770273208618164
238,60,0.19051933225433706,0.00046325272927849603,0.08903098106384277
239,60,0.19005971225136417,0.0004596200029728936,0.08503031730651855
240,60,0.1896052210260246,0.00045449122533958164,0.08603048324584961
241,60,0.18914987500441277,0.0004553460216118188,0.08803176879882812
242,60,0.18870136634273044,0.00044850866168233416,0.0840296745300293
243,60,0.18825070105366787,0.0004506652890625684,0.08903241157531738
244,60,0.1878001299702515,0.00045057108341636787,0.09003114700317383
245,60,0.1873533331741721,0.00044679679607939615,0.08302927017211914
246,60,0.18690273620314518,0.0004505969710269231,0.08803057670593262
247,60,0.18644982753163677,0.0004529086715084063,0.09003233909606934
248,60,0.1860059273697562,0.0004439001618805616,0.08703136444091797
249,60,0.18556410945573096,0.0004418179140252554,0.08903074264526367
250,60,0.1851214601074235,0.0004426493483074556,0.08704352378845215
251,60,0.18468350222555258,0.0004379578818709262,0.09502124786376953
252,60,0.18424828236891053,0.00043521985664204954,0.0840299129486084
253,60,0.1838121929411161,0.0004360894277944394,0.09203267097473145
254,60,0.18337743325253664,0.00043475968857945024,0.08002781867980957
255,60,0.18294767568172035,0.00042975757081628596,0.08002877235412598
256,60,0.182520493233608,0.00042718244811235095,0.08002829551696777
257,60,0.1820934142096568,0.000427079023951199,0.0840296745300293
258,60,0.18166607239488827,0.00042734181476852817,0.08202958106994629
259,60,0.18124548686762987,0.0004205855272584047,0.08302903175354004
260,60,0.18081811992293698,0.0004273669446928918,0.09003186225891113
261,60,0.18040424080218298,0.000413879120753996,0.08703112602233887
262,60,0.1799828972099191,0.00042134359226386753,0.09203267097473145
263,60,0.17956289585869192,0.0004200013512271894,0.08803129196166992
264,60,0.17914143293085744,0.00042146292783448724,0.08502984046936035
265,60,0.17872889289411448,0.0004125400367429588,0.08202934265136719
266,60,0.1783073299517066,0.00042156294240788816,0.08002781867980957
267,60,0.17789857910346177,0.000408750848244821,0.07802796363830566
268,60,0.17748549113334236,0.0004130879701194079,0.08703112602233887
269,60,0.17707637874251705,0.0004091123908253058,0.07502627372741699
270,60,0.1766684866052563,0.00040789213726075135,0.08102893829345703
271,60,0.17626324131832286,0.00040524528693344775,0.07802748680114746
272,60,0.17585726322258932,0.0004059780957335335,0.07202649116516113
273,60,0.17545194987018228,0.0004053133524070385,0.06702280044555664
274,60,0.17505019600108518,0.00040175386909710453,0.07302570343017578
275,60,0.17465136301214412,0.0003988329889410558,0.07102608680725098
276,60,0.17425465621685576,0.0003967067952883596,0.08302879333496094
277,60,0.17385166138410568,0.00040299483275008097,0.09203314781188965
278,60,0.173460304484529,0.0003913568995766725,0.09103226661682129
279,60,0.17306790172548617,0.0003924027590428425,0.08002781867980957
280,60,0.17267205124184237,0.0003958504836437948,0.08703136444091797
281,60,0.17228137865915136,0.0003906725826910151,0.08002853393554688
282,60,0.17189435686095286,0.0003870217981984947,0.07402563095092773
283,60,0.1715047216768992,0.0003896351840536605,0.0840296745300293
284,60,0.17112060358463707,0.00038411809226213123,0.08102869987487793
285,60,0.17073327151395506,0.00038733207068200604,0.08002853393554688
286,60,0.1703482472290427,0.0003850242849123553,0.08102822303771973
287,60,0.16996501866033523,0.00038322856870748323,0.06902456283569336
288,60,0.16958208584179313,0.0003829328185420977,0.08603096008300781
289,60,0.16920852358058347,0.00037356226120965896,0.06702566146850586
290,60,0.16882235960940184,0.00038616397118163004,0.07302379608154297
291,60,0.16844664248874633,0.000375717120655511,0.07802772521972656
292,60,0.16807441665964612,0.00037222582910020896,0.08703088760375977
293,60,0.1676946231874369,0.0003797934722092333,0.09203267097473145
294,60,0.16732774157140215,0.00036688161603473657,0.07002496719360352
295,60,0.16695159105426174,0.0003761505171404056,0.08002805709838867
296,60,0.1665823705873247,0.000369220466937048,0.08603072166442871
297,60,0.16621586869833832,0.0003665018889863758,0.0930335521697998
298,60,0.16584315365653926,0.0003727150417990599,0.09603333473205566
299,60,0.1654781269825111,0.00036502667402815714,0.07702755928039551
300,60,0.16511505526506295,0.00036307171744814903,0.0770273208618164
301,60,0.1647475070114863,0.000367548253576655,0.08302927017211914
302,60,0.1643860801044157,0.0003614269070706111,0.08102846145629883
303,60,0.16402017640865454,0.0003659036957611439,0.08002853393554688
304,60,0.1636660477872622,0.0003541286213923356,0.0840294361114502
305,60,0.16330366101810487,0.00036238676915734125,0.09103250503540039
306,60,0.16294144889560797,0.00036221212249690216,0.08302950859069824
307,60,0.16258120423151276,0.00036024466409520506,0.07702755928039551
308,60,0.16222871145454504,0.0003524927769677222,0.07103347778320312
309,60,0.161868033772808,0.00036067768173703163,0.07501888275146484
310,60,0.16151243675563295,0.0003555970171750522,0.0770261287689209
311,60,0.16116066643242108,0.0003517703232118752,0.08002853393554688
312,60,0.16081201323008132,0.0003486532023397604,0.07902789115905762
313,60,0.16046080182669525,0.0003512114033860647,0.07702755928039551
314,60,0.16010120435286376,0.0003595974738314911,0.08302903175354004
315,60,0.15975842814324265,0.0003427762096211151,0.08002924919128418
316,60,0.15940426833043664,0.0003541598128060097,0.07002401351928711
317,60,0.15905731613353147,0.0003469521969051703,0.0840296745300293
318,60,0.15870867707466674,0.00034863905886473034,0.11704230308532715
319,60,0.15835915114414895,0.00034952593051779113,0.08102822303771973
320,60,0.158022469004332,0.0003366821398169406,0.07802748680114746
321,60,0.1576739700542668,0.0003484989500651958,0.09003210067749023
322,60,0.15734034751431417,0.0003336225399526438,0.07202577590942383
323,60,0.1569930118650703,0.0003473356492438573,0.09003186225891113
324,60,0.15665430746088593,0.00033870440418437564,0.08102917671203613
325,60,0.1563151301973957,0.0003391772634902257,0.08002829551696777
326,60,0.1559747441087739,0.0003403860886218024,0.08303022384643555
327,60,0.15563980035357555,0.0003349437551983525,0.0860297679901123
328,60,0.155305121535972,0.00033467881760354534,0.08202958106994629
329,60,0.15497060347411593,0.0003345180618560817,0.0770270824432373
330,60,0.15463603256365,0.0003345709104659311,0.08803081512451172
331,60,0.1543005267947407,0.0003355057689092833,0.08603072166442871
332,60,0.15396694251793927,0.00033358427680144076,0.08803153038024902
333,60,0.15364106567734379,0.00032587684059548483,0.07102441787719727
334,60,0.15330795407042666,0.0003331116069171247,0.07402634620666504
335,60,0.15298163720359237,0.00032631686683429195,0.08002853393554688
336,60,0.15265184344123986,0.00032979376235250935,0.07802748680114746
337,60,0.15232398291513072,0.0003278605261091416,0.08102893829345703
338,60,0.1519930050155874,0.00033097789954331103,0.08202886581420898
339,60,0.15167164846749628,0.0003213565480911229,0.07102537155151367
340,60,0.1513451113665508,0.0003265371009454898,0.07602643966674805
341,60,0.15101807343505197,0.00032703793149882476,0.0910329818725586
342,60,0.1506948360573437,0.00032323737770825756,0.08502960205078125
343,60,0.15037293530116647,0.0003219007561772458,0.08603072166442871
344,60,0.15004989530070353,0.0003230400004629319,0.07802796363830566
345,60,0.1497272103393482,0.0003226849613553462,0.09503316879272461
346,60,0.1494110233576621,0.0003161869816860896,0.08002853393554688
347,60,0.1490874753286273,0.00032354802903480917,0.08102822303771973
348,60,0.1487610367268829,0.00032643860174438877,0.06902503967285156
349,60,0.14844378046060014,0.0003172562662827616,0.08302998542785645
350,60,0.14811737810151052,0.00032640235908962256,0.07802677154541016
351,60,0.14780251391358296,0.00031486418792756043,0.09303498268127441
352,60,0.14747824873459542,0.00032426517898753726,0.1040351390838623
353,60,0.14716117999563783,0.00031706873895759324,0.10403776168823242
354,60,0.1468396357939405,0.00032154420169733244,0.11403942108154297
355,60,0.1465232705034442,0.00031636529049630657,0.10803842544555664
356,60,0.14620404507396584,0.0003192254294783481,0.08102917671203613
357,60,0.14589147181329082,0.0003125732606750198,0.0930323600769043
358,60,0.14557171202564645,0.0003197597876443692,0.07702755928039551
359,60,0.14525962835651332,0.00031208366913312857,0.0750265121459961
360,60,0.1449428299852347,0.000316798371278626,0.07002472877502441
361,60,0.14462933998744368,0.0003134899977910166,0.09203290939331055
362,60,0.14430857254034382,0.0003207674470998567,0.0930330753326416
363,60,0.14400171835796308,0.0003068541823807447,0.07002472877502441
364,60,0.14368969277810242,0.00031202557986065305,0.0930328369140625
365,60,0.14337985072348078,0.00030984205462164516,0.08603048324584961
366,60,0.14306757902189837,0.00031227170158240614,0.08202886581420898
367,60,0.14275896075671002,0.000308618265188354,0.08002829551696777
368,60,0.1424517447160462,0.0003072160406638047,0.08302950859069824
369,60,0.14214320266145772,0.0003085420545884954,0.08002853393554688
370,60,0.14184685960664586,0.00029634305481185397,0.08703088760375977
371,60,0.14153299038693057,0.0003138692197152959,0.08903145790100098
372,60,0.1412330902481483,0.0002999001387822553,0.0770270824432373
373,60,0.14092803904313153,0.00030505120501678196,0.06902480125427246
374,60,0.14062668540972775,0.0003013536334037781,0.07802796363830566
375,60,0.14032308643652222,0.0003035989732055322,0.11504101753234863
376,60,0.1400191091253596,0.00030397731116263427,0.12204289436340332
377,60,0.13972224768693164,0.0002968614384279422,0.1250448226928711
378,60,0.1394268348813057,0.00029541280562594974,0.07802653312683105
379,60,0.13912474982819314,0.00030208505311254963,0.06402277946472168
380,60,0.1388328426470191,0.0002919071811740559,0.08302950859069824
381,60,0.13853127862942421,0.00030156401759487417,0.08102869987487793
382,60,0.13824289083733396,0.00028838779209025556,0.09103226661682129
383,60,0.13794231572646207,0.00030057511087189237,0.07802796363830566
384,60,0.13765152638493958,0.0002907893415224905,0.0840303897857666
385,60,0.13735263403189385,0.0002988923530457266,0.08202791213989258
386,60,0.13705685905228226,0.00029577497961158494,0.08503127098083496
387,60,0.1367656093532756,0.00029124969900665154,0.07902789115905762
388,60,0.1364730291573678,0.0002925801959078045,0.08102893829345703
389,60,0.13617895006880923,0.0002940790885585798,0.09003162384033203
390,60,0.1358922186418105,0.00028673142699872645,0.09003353118896484
391,60,0.13559636688333446,0.0002958517584760456,0.09603214263916016
392,60,0.13530599035448948,0.00029037652884497667,0.10003519058227539
393,60,0.13501967186644925,0.00028631848804022697,0.0750267505645752
394,60,0.13473586131960658,0.0002838105468426777,0.08503079414367676
395,60,0.13444342527349115,0.00029243604611542406,0.09703397750854492
396,60,0.1341518180728969,0.0002916072005942627,0.08502984046936035
397,60,0.13387020374253644,0.0002816143303604468,0.08302974700927734
398,60,0.13357932714082427,0.00029087660171217555,0.08002829551696777
399,60,0.13329732348605738,0.0002820036547668825,0.07202506065368652
400,60,0.1330106025403839,0.0002867209456734743,0.09703493118286133
401,60,0.13273180010965316,0.0002788024307307513,0.1520540714263916
402,60,0.13244864919175536,0.00028315091789779534,0.12204408645629883
403,60,0.13215741704581146,0.00029123214594389824,0.10703706741333008
404,60,0.13188488333154533,0.0002725337142661377,0.10003542900085449
405,60,0.1315955241857949,0.00028935914575042854,0.10003519058227539
406,60,0.1313205547630787,0.00027496942271620917,0.10303688049316406
407,60,0.1310423793176473,0.00027817544543137784,0.09503483772277832
408,60,0.13075953696743917,0.00028284235020814563,0.0950319766998291
409,60,0.1304810873027575,0.000278449664681657,0.09603452682495117
410,60,0.13019537546877133,0.0002857118339861797,0.08703160285949707
411,60,0.1299200028307357,0.0002753726380356203,0.08302855491638184
412,60,0.12964210968654036,0.0002778931441953514,0.07302618026733398
413,60,0.12937148710933782,0.0002706225772025339,0.07902741432189941
414,60,0.12908551602040308,0.00028597108893474443,0.0750265121459961
415,60,0.12880858570589857,0.00027693031450451433,0.08102893829345703
416,60,0.12853204477894103,0.0002765409269575303,0.08002877235412598
417,60,0.12826623571878773,0.00026580906015330474,0.08002829551696777
418,60,0.12798288811819028,0.00028334760059745,0.08302974700927734
419,60,0.12771372105610573,0.00026916706208454655,0.0750265121459961
420,60,0.12743955339163038,0.00027416766447535545,0.07402610778808594
421,60,0.12716405333603842,0.00027550005559195956,0.07702755928039551
422,60,0.12689334356178672,0.0002707097742516984,0.08302950859069824
423,60,0.12661831125111903,0.0002750323106676944,0.08002853393554688
424,60,0.1263474487399651,0.00027086251115393534,0.08302903175354004
425,60,0.12607747417385295,0.00026997456611213555,0.08102846145629883
426,60,0.12580630764112635,0.0002711665327266022,0.06502342224121094
427,60,0.12552833355079263,0.0002779740903337269,0.07402610778808594
428,60,0.12526433902271725,0.0002639945280753786,0.07002472877502441
429,60,0.1249977857253309,0.0002665532973863405,0.07402634620666504
430,60,0.12472295319124804,0.0002748325340828639,0.0930333137512207
431,60,0.12445923787052349,0.0002637153207245557,0.08002781867980957
432,60,0.12419358299950421,0.00026565487101927465,0.0750267505645752
433,60,0.12392356758147983,0.00027001541802437745,0.10203719139099121
434,60,0.12365866799728345,0.0002648995841963847,0.10803747177124023
435,60,0.1233953702247749,0.0002632977725085528,0.08703088760375977
436,60,0.12312556967391806,0.00026980055085683297,0.0840299129486084
437,60,0.1228672449113959,0.00025832476252216074,0.08303093910217285
438,60,0.12259470229431735,0.00027254261707855554,0.08802938461303711
439,60,0.12233400831030587,0.0002606939840114758,0.08503055572509766
440,60,0.12206930035756806,0.00026470795273780823,0.08202958106994629
441,60,0.12180576296681064,0.00026353739075742066,0.09003090858459473
442,60,0.12154249101877213,0.00026327194803851817,0.08102893829345703
443,60,0.1212766020858692,0.00026588893290292737,0.08503079414367676
444,60,0.12101695206710848,0.00025965001876071536,0.07302618026733398
445,60,0.12075206782605688,0.00026488424105160224,0.08502960205078125
446,60,0.12049451527201523,0.000257552554041654,0.08302879333496094
447,60,0.12023175072114346,0.00026276455087176354,0.07602691650390625
448,60,0.11996651301949711,0.00026523770164635363,0.07702755928039551
449,60,0.1197180674111439,0.00024844560835321494,0.07802748680114746
450,60,0.1194564826407675,0.0002615847703763968,0.07302570343017578
451,60,0.1191958893027346,0.00026059333803289675,0.08002901077270508
452,60,0.11894070224489196,0.0002551870578426374,0.07202553749084473
453,60,0.11868159485570455,0.00025910738918741294,0.0840296745300293
454,60,0.11842898361511149,0.00025261124059305917,0.07802867889404297
455,60,0.1181761351556091,0.00025284845950239443,0.08803057670593262
456,60,0.11792581503169011,0.0002503201239189845,0.0770270824432373
457,60,0.11767363586163117,0.0002521791700589443,0.0840299129486084
458,60,0.11742308792673935,0.0002505479348918205,0.07002472877502441
459,60,0.11716522390054444,0.0002578640261949039,0.08102846145629883
460,60,0.11692077451843326,0.0002444493821111837,0.07002544403076172
461,60,0.11666694965402959,0.00025382486440367336,0.08502984046936035
462,60,0.11641712808760546,0.0002498215664241271,0.07602643966674805
463,60,0.11617244603270191,0.00024468205490355,0.07102608680725098
464,60,0.11591783405865654,0.00025461197404537395,0.08202838897705078
465,60,0.1156748442957967,0.00024298976285982987,0.08202910423278809
466,60,0.11542785691760354,0.0002469873781931614,0.07902836799621582
467,60,0.11518610559277616,0.0002417513248273856,0.08002829551696777
468,60,0.11493725550629325,0.00024885008648291296,0.08002853393554688
469,60,0.1146875024473263,0.00024975305896694777,0.07602691650390625
470,60,0.11444799759882991,0.00023950484849638576,0.07402777671813965
471,60,0.11420471707390527,0.00024328052492464391,0.0860295295715332
472,60,0.11395593536859852,0.00024878170530674704,0.08302879333496094
473,60,0.11370756382406769,0.0002483715445308343,0.08503055572509766
474,60,0.11347169738452313,0.00023586643954455477,0.08502960205078125
475,60,0.11322506409832987,0.00024663328619325964,0.07302594184875488
476,60,0.11298933050642579,0.00023573359190408316,0.0750267505645752
477,60,0.11273936485334979,0.0002499656530760008,0.07602715492248535
478,60,0.11250139854974665,0.00023796630360313487,0.08302903175354004
479,60,0.11225651438205929,0.00024488416768736476,0.07402682304382324
480,60,0.11202257057115184,0.00023394381090745264,0.0770268440246582
481,60,0.1117814372656709,0.0002411333054809367,0.07202553749084473
482,60,0.11153628172005638,0.0002451555456145227,0.07702898979187012
483,60,0.11130543192059307,0.0002308497994633063,0.0790262222290039
484,60,0.11105897315477921,0.0002464587658138617,0.08303046226501465
485,60,0.11082889512181282,0.00023007803296638818,0.08202862739562988
486,60,0.11058717820856531,0.00024171691324750832,0.07802748680114746
487,60,0.11035299692618644,0.00023418128237887026,0.07602643966674805
488,60,0.11011283143849696,0.00024016548768948653,0.07002520561218262
489,60,0.10988027229905128,0.00023255913944567053,0.08102893829345703
490,60,0.10964151282431715,0.00023875947473413206,0.07402610778808594
491,60,0.10941056698813277,0.00023094583618438191,0.08603024482727051
492,60,0.10917410728032306,0.00023645970780970804,0.07402610778808594
493,60,0.10893622804748809,0.00023787923283496992,0.08302950859069824
494,60,0.10870308005961321,0.0002331479878748821,0.08002829551696777
495,60,0.10847514331088227,0.0002279367487309364,0.0750272274017334
496,60,0.1082368996310032,0.0002382436798790688,0.07802700996398926
497,60,0.1080118267465446,0.0002250728844586103,0.09203314781188965
498,60,0.10777223684777648,0.00023958989876811387,0.08302950859069824
499,60,0.10754638253632239,0.00022585431145409618,0.08502984046936035
500,60,0.1073140771586006,0.0002323053777217865,0.08703041076660156
