1,30,2.2640383773379855,Nan,0.10603737831115723
2,30,2.1553809602036433,0.10865741713434218,0.1000356674194336
3,30,1.9997923720596182,0.1555885881440251,0.09103202819824219
4,30,1.7962413241720607,0.2035510478875575,0.09403324127197266
5,30,1.5717400200346596,0.2245013041374011,0.08603143692016602
6,30,1.3581317795647516,0.213608240469908,0.11303949356079102
7,30,1.1757971252131665,0.18233465435158513,0.10103583335876465
8,30,1.0290288981209454,0.14676822709222104,0.09703421592712402
9,30,0.9135986948624636,0.11543020325848186,0.10103607177734375
10,30,0.8231042939373571,0.09049440092510652,0.08703064918518066
11,30,0.7515962179909405,0.07150807594641662,0.10503816604614258
12,30,0.6943469401608166,0.0572492778301239,0.10003447532653809
13,30,0.6478135567954463,0.04653338336537027,0.09603404998779297
14,30,0.6093581756974897,0.03845538109795654,0.10503697395324707
15,30,0.5770747969802629,0.03228337871722686,0.08803176879882812
16,30,0.5495789486628312,0.02749584831743168,0.09003162384033203
17,30,0.5258723758479469,0.023706572814884308,0.09603548049926758
18,30,0.5051869030436899,0.020685472804257032,0.08202767372131348
19,30,0.48697651578829837,0.01821038725539148,0.09503364562988281
20,30,0.4707900818087097,0.016186433979588688,0.09403347969055176
21,30,0.45631274288026696,0.014477338928442718,0.09103226661682129
22,30,0.44327678168431306,0.013035961195953905,0.09903502464294434
23,30,0.43146478620349854,0.011811995480814519,0.09703397750854492
24,30,0.42071463384179986,0.010750152361698684,0.07902812957763672
25,30,0.41085404144902515,0.009860592392774703,0.09403276443481445
26,30,0.40179024776841843,0.009063793680606724,0.10103654861450195
27,30,0.3934379185621555,0.008352329206262943,0.10303688049316406
28,30,0.38570249539155227,0.007735423170603217,0.09503412246704102
29,30,0.37853174650261545,0.007170748888936818,0.10503721237182617
30,30,0.37186340299936443,0.0066683435032510174,0.11704087257385254
31,30,0.3656410085212471,0.0062223944781173435,0.2180778980255127
32,30,0.3598079318419481,0.0058330766792989985,0.2040717601776123
33,30,0.3543211312757598,0.005486800566188277,0.20107245445251465
34,30,0.34914771537495476,0.005173415900805056,0.1630561351776123
35,30,0.344256722010099,0.004890993364855767,0.1180419921875
36,30,0.33961988737185794,0.00463683463824105,0.11904263496398926
37,30,0.33521497714468557,0.004404910227172376,0.11403965950012207
38,30,0.3310352938934269,0.00417968325125867,0.11504077911376953
39,30,0.3270578804688576,0.003977413424569309,0.12804698944091797
40,30,0.3232598634611847,0.0037980170076729047,0.09403181076049805
41,30,0.31961812970475256,0.0036417337564321195,0.12104296684265137
42,30,0.316130506240914,0.003487623463838574,0.11704158782958984
43,30,0.3127975473419214,0.0033329588989925996,0.1250448226928711
44,30,0.30959408679324335,0.0032034605486780388,0.13104605674743652
45,30,0.30650998862125933,0.0030840981719840177,0.1070394515991211
46,30,0.3035392616039667,0.002970727017292618,0.13304567337036133
47,30,0.3006702906046158,0.002868970999350906,0.09103274345397949
48,30,0.29789562905446076,0.0027746615501550442,0.09003162384033203
49,30,0.2952116855189332,0.0026839435355275887,0.10603737831115723
50,30,0.29260696477105475,0.0026047207478784307,0.09703469276428223
51,30,0.29009248042463237,0.0025144843464223743,0.11404061317443848
52,30,0.2876525429578928,0.0024399374667395946,0.13104701042175293
53,30,0.28528156710995567,0.002370975847937107,0.12304306030273438
54,30,0.28296744753407616,0.002314119575879514,0.10903811454772949
55,30,0.2807199357666521,0.0022475117674240486,0.13304758071899414
56,30,0.27853238232370114,0.0021875534429509624,0.11303973197937012
57,30,0.2764054111435882,0.0021269711801129576,0.1180419921875
58,30,0.27432731774627656,0.002078093397311631,0.1270456314086914
59,30,0.27230604152139437,0.0020212762248821847,0.13004565238952637
60,30,0.2703328400086134,0.0019732015127809643,0.1250443458557129
61,30,0.26841158216070926,0.0019212578479041453,0.1020359992980957
62,30,0.26652524919591397,0.0018863329647952898,0.09903502464294434
63,30,0.2646837862383606,0.0018414629575533858,0.09003210067749023
64,30,0.2628808757688245,0.0018029104695360676,0.1020359992980957
65,30,0.2611153674686057,0.001765508300218821,0.08603072166442871
66,30,0.259384585560387,0.0017307819082186815,0.09003353118896484
67,30,0.2576845908521587,0.0016999947082282918,0.10503554344177246
68,30,0.2560160491201613,0.0016685417319974305,0.1090388298034668
69,30,0.2543811570120673,0.0016348921080939771,0.09403300285339355
70,30,0.25277966012557346,0.0016014968864938584,0.09603404998779297
71,30,0.25120559831460315,0.0015740618109703064,0.08803176879882812
72,30,0.2496583471313501,0.0015472511832530511,0.09503316879272461
73,30,0.24815286326612163,0.001505483865228474,0.09703469276428223
74,30,0.24666729257402256,0.0014855706920990641,0.10103559494018555
75,30,0.24520408514982614,0.0014632074241964221,0.09703421592712402
76,30,0.24376886019594649,0.0014352249538796547,0.09803533554077148
77,30,0.2423474931309366,0.001421367065009893,0.08803129196166992
78,30,0.24094504289902174,0.001402450231914848,0.09503316879272461
79,30,0.2395731205614204,0.0013719223376013334,0.10703802108764648
80,30,0.2382146575066269,0.0013584630547935073,0.09903550148010254
81,30,0.2368739397288897,0.0013407177777371992,0.09703445434570312
82,30,0.2355477427188148,0.0013261970100749143,0.0930325984954834
83,30,0.2342321682625856,0.0013155744562291793,0.09703445434570312
84,30,0.23292758946235365,0.0013045788002319647,0.09903502464294434
85,30,0.2316411886141341,0.0012864008482195433,0.09503364562988281
86,30,0.23036047571107873,0.0012807129030553699,0.09103226661682129
87,30,0.2290952213936382,0.0012652543174405395,0.09503364562988281
88,30,0.2278489854473334,0.0012462359463047967,0.11404109001159668
89,30,0.22661461104821956,0.0012343743991138356,0.10103511810302734
90,30,0.22539317461415234,0.001221436434067219,0.09403371810913086
91,30,0.22419849248268667,0.0011946821314656741,0.0930333137512207
92,30,0.22301016760687542,0.0011883248758112475,0.10703754425048828
93,30,0.2218541167039647,0.0011560509029107102,0.09603357315063477
94,30,0.2207142336246295,0.0011398830793352133,0.09603404998779297
95,30,0.21957434608768195,0.001139887536947548,0.109039306640625
96,30,0.21847153735211772,0.0011028087355642313,0.1110384464263916
97,30,0.21735463259566543,0.0011169047564522916,0.09203362464904785
98,30,0.2162676570761917,0.0010869755194737318,0.1000356674194336
99,30,0.2151894419748559,0.0010782151013357943,0.10003447532653809
100,30,0.21411348822025153,0.0010759537546043696,0.10003542900085449
101,30,0.21304291314803636,0.0010705750722151686,0.09903597831726074
102,30,0.21199074514910707,0.0010521679989292931,0.09803462028503418
103,30,0.2109413142515044,0.0010494308976026767,0.09203219413757324
104,30,0.20989519625138015,0.0010461180001242465,0.12104272842407227
105,30,0.20884920446536478,0.00104599178601536,0.10303711891174316
106,30,0.20782115921760216,0.0010280452477626212,0.09403276443481445
107,30,0.20680171646114087,0.0010194427564612918,0.09003162384033203
108,30,0.20578510205969852,0.0010166144014423506,0.1180429458618164
109,30,0.20479539664000526,0.0009897054196932598,0.1020355224609375
110,30,0.20381503084149116,0.000980365798514099,0.09403347969055176
111,30,0.20282722633873296,0.000987804502758205,0.09703445434570312
112,30,0.20185911849650562,0.0009681078422273393,0.09703445434570312
113,30,0.20090676468406987,0.0009523538124357467,0.1020357608795166
114,30,0.19995251966592592,0.000954245018143951,0.09403395652770996
115,30,0.19901210620489895,0.0009404134610269677,0.10103511810302734
116,30,0.19807728520061216,0.0009348210042867955,0.11103963851928711
117,30,0.19714315923360679,0.0009341259670053725,0.09903502464294434
118,30,0.19620743718666908,0.0009357220469377037,0.09403371810913086
119,30,0.1952788399325477,0.0009285972541213938,0.09803485870361328
120,30,0.19434529141737864,0.0009335485151690526,0.10403633117675781
121,30,0.19342258648994642,0.0009227049274322108,0.09603404998779297
122,30,0.19251152029276913,0.0009110661971772904,0.09203267097473145
123,30,0.19160250284605557,0.000909017446713567,0.11604166030883789
124,30,0.1907052310804526,0.000897271765602975,0.17106080055236816
125,30,0.1898040210143623,0.0009012100660902855,0.1360480785369873
126,30,0.18892220547820768,0.0008818155361546287,0.12004208564758301
127,30,0.18801942305305067,0.0009027824251570116,0.1270453929901123
128,30,0.18711732146449578,0.0009021015885548878,0.12604498863220215
129,30,0.18624565279127187,0.0008716686732239132,0.12204289436340332
130,30,0.18537236005067825,0.000873292740593612,0.12104272842407227
131,30,0.18449561504854095,0.0008767450021373024,0.10503745079040527
132,30,0.18363269259277573,0.0008629224557652193,0.10503721237182617
133,30,0.1827818488017616,0.0008508437910141331,0.08102822303771973
134,30,0.18192441070563772,0.0008574380961238748,0.1020359992980957
135,30,0.18109224561570036,0.0008321650899373589,0.08703112602233887
136,30,0.18024613915218246,0.0008461064635179039,0.09903502464294434
137,30,0.17942656942794466,0.0008195697242378008,0.08603048324584961
138,30,0.1785931692291529,0.0008334001987917727,0.11103963851928711
139,30,0.17777661176828238,0.000816557460870504,0.10003542900085449
140,30,0.17695581862050244,0.0008207931477799413,0.08903098106384277
141,30,0.17615047262774575,0.0008053459927566953,0.0930335521697998
142,30,0.17534236087758318,0.0008081117501625712,0.09603381156921387
143,30,0.1745500012468069,0.0007923596307762848,0.09403324127197266
144,30,0.17377714682211223,0.0007728544246946578,0.09203267097473145
145,30,0.1730027735615388,0.0007743732605734466,0.09003281593322754
146,30,0.172215449790924,0.0007873237706147729,0.09003090858459473
147,30,0.17147681556451014,0.0007386342264138757,0.09503412246704102
148,30,0.17071198608376023,0.0007648294807499068,0.1020357608795166
149,30,0.16995443225416362,0.0007575538295966078,0.1020362377166748
150,30,0.169204903814273,0.0007495284398906232,0.1000359058380127
151,30,0.16844986936348116,0.0007550344507918361,0.10203671455383301
152,30,0.16771354949754527,0.0007363198659358916,0.09703373908996582
153,30,0.16697374167732704,0.0007398078202182357,0.0930325984954834
154,30,0.16624867467161936,0.0007250670057076802,0.08503174781799316
155,30,0.16552555398681226,0.0007231206848070937,0.09403181076049805
156,30,0.16479999909543583,0.0007255548913764343,0.09403347969055176
157,30,0.16408021910450396,0.0007197799909318681,0.09703445434570312
158,30,0.16336900842750174,0.000711210677002222,0.09903478622436523
159,30,0.16265877126119074,0.0007102371663109952,0.09203290939331055
160,30,0.1619494608643218,0.0007093103968689451,0.11003947257995605
161,30,0.16124959194507354,0.0006998689192482532,0.09703421592712402
162,30,0.16057246232516745,0.0006771296199060972,0.0860300064086914
163,30,0.15986882509966183,0.0007036372255056211,0.09003281593322754
164,30,0.1591705777642564,0.0006982473354054386,0.09403276443481445
165,30,0.15849902907497862,0.0006715486892777678,0.10703778266906738
166,30,0.15781724214171752,0.0006817869332610971,0.09003257751464844
167,30,0.15714204811260232,0.0006751940291152003,0.09603357315063477
168,30,0.15647905947178856,0.0006629886408137664,0.13304758071899414
169,30,0.15579954865905973,0.000679510812728823,0.09403347969055176
170,30,0.15515093906567648,0.0006486095933832536,0.09503436088562012
171,30,0.1544824737546026,0.0006684653110738681,0.10003447532653809
172,30,0.15381365242358455,0.0006688213310180602,0.09703445434570312
173,30,0.15317754401292047,0.0006361084106640824,0.08302950859069824
174,30,0.15252174846191183,0.0006557955510086422,0.09903502464294434
175,30,0.1518715725431585,0.0006501759187533263,0.1000363826751709
176,30,0.15122703940440446,0.0006445331387540387,0.08903026580810547
177,30,0.15058861855958772,0.000638420844816745,0.09503436088562012
178,30,0.14996462038312203,0.0006239981764656899,0.09103178977966309
179,30,0.1493135554731911,0.0006510649099309151,0.09403371810913086
180,30,0.14870845672921237,0.0006050987439787381,0.10503721237182617
181,30,0.14806087160658124,0.0006475851226311335,0.08603048324584961
182,30,0.147440272072951,0.0006205995336302506,0.10203695297241211
183,30,0.146828174065703,0.0006120980072479854,0.09403276443481445
184,30,0.14617581792876252,0.0006523561369404796,0.08603024482727051
185,30,0.14557005407718512,0.0006057638515774011,0.09203243255615234
186,30,0.14491967753403717,0.0006503765431479513,0.08202934265136719
187,30,0.1442948194523143,0.0006248580817228844,0.08302974700927734
188,30,0.14367230734827682,0.0006225121040374648,0.09703421592712402
189,30,0.1430332022281284,0.0006391051201484199,0.1020359992980957
190,30,0.14241434402891204,0.0006188581992163655,0.09503316879272461
191,30,0.14179046117724517,0.0006238828516668682,0.09403324127197266
192,30,0.14118866264246976,0.0006017985347754051,0.09803509712219238
193,30,0.14055883661549315,0.0006298260269766154,0.09903478622436523
194,30,0.13995263692087087,0.0006061996946222781,0.0930330753326416
195,30,0.13934053292768633,0.0006121039931845373,0.09603476524353027
196,30,0.13872297127277422,0.0006175616549121132,0.10503745079040527
197,30,0.13814161310338566,0.0005813581693885628,0.09703397750854492
198,30,0.13751433936194477,0.0006272737414408924,0.11204123497009277
199,30,0.1369338133969368,0.0005805259650079608,0.09603238105773926
200,30,0.13634476942830107,0.0005890439686357385,0.0930333137512207
201,30,0.13574407467793706,0.0006006947503640059,0.10103631019592285
202,30,0.13517214781326106,0.0005719268646759978,0.08803105354309082
203,30,0.13459868751402593,0.0005734602992351345,0.09703397750854492
204,30,0.13400443487315097,0.0005942526408749538,0.10403680801391602
205,30,0.133454457960195,0.0005499769129559684,0.09803485870361328
206,30,0.13285847091012531,0.0005959870500696907,0.10103631019592285
207,30,0.13229256257032737,0.0005659083397979436,0.10503649711608887
208,30,0.1317365307870329,0.0005560317832944695,0.09403347969055176
209,30,0.13113672074535462,0.0005998100416782781,0.09803462028503418
210,30,0.13058079830092242,0.0005559224444321997,0.09703445434570312
211,30,0.1299773945958696,0.000603403705052824,0.09403371810913086
212,30,0.12941360099511778,0.0005637936007518163,0.09403300285339355
213,30,0.12885969835850927,0.0005539026366085109,0.10103607177734375
214,30,0.12825402262437546,0.0006056757341338093,0.1020357608795166
215,30,0.12771007870761758,0.000543943916757883,0.10603785514831543
216,30,0.12714776122926646,0.0005623174783511153,0.1090390682220459
217,30,0.1265812722695434,0.0005664889597230549,0.09203195571899414
218,30,0.12603909148173964,0.0005421807878037699,0.10603761672973633
219,30,0.1254825764773493,0.0005565150043903289,0.12404441833496094
220,30,0.12492383623288737,0.0005587402444619388,0.12904596328735352
221,30,0.12440536363830423,0.0005184725945831387,0.11003851890563965
222,30,0.12382686300537525,0.0005785006329289827,0.12004494667053223
223,30,0.12331755196627898,0.0005093110390962663,0.12104034423828125
224,30,0.12278981734481123,0.0005277346214677542,0.11904263496398926
225,30,0.12223831503691836,0.0005515023078928732,0.12004280090332031
226,30,0.12172496201008813,0.0005133530268302267,0.1270444393157959
227,30,0.12116659021912476,0.0005583717909633662,0.1270453929901123
228,30,0.12066196027792926,0.000504629941195503,0.12804627418518066
229,30,0.12013343909484708,0.0005285211830821784,0.1200416088104248
230,30,0.11963730692290343,0.0004961321719436501,0.12604522705078125
231,30,0.11910371031835039,0.0005335966045530438,0.13004660606384277
232,30,0.11859161745852385,0.0005120928598265351,0.11303877830505371
233,30,0.11805777471417035,0.0005338427443535021,0.11504268646240234
234,30,0.11758033098637038,0.00047744372779996713,0.1360464096069336
235,30,0.11706031505496074,0.0005200159314096425,0.13304758071899414
236,30,0.11655379101060905,0.0005065240443516972,0.13004565238952637
237,30,0.11606526021391918,0.0004885307966898678,0.13504815101623535
238,30,0.11554822359138574,0.00051703662253344,0.12404465675354004
239,30,0.11506376581059562,0.0004844577807901207,0.12404298782348633
240,30,0.11456135910354619,0.0005024067070494298,0.12304401397705078
241,30,0.1140747672567765,0.0004865918467696906,0.12604475021362305
242,30,0.11357837092354257,0.0004963963332339227,0.10903787612915039
243,30,0.11311462397376697,0.0004637469497756064,0.12204384803771973
244,30,0.11261980432985175,0.0004948196439152203,0.13204717636108398
245,30,0.11212340680261453,0.0004963975272372217,0.10103559494018555
246,30,0.1116466370339577,0.00047676976865682064,0.0840291976928711
247,30,0.11117269670288278,0.0004739403310749235,0.09103226661682129
248,30,0.11069986034725976,0.0004728363556230214,0.09003210067749023
249,30,0.1102252324931642,0.0004746278540955634,0.09403371810913086
250,30,0.10974696862837698,0.0004782638647872206,0.0930328369140625
251,30,0.10927611995392884,0.00047084867444813217,0.09903550148010254
252,30,0.10881858662917064,0.0004575333247582025,0.08502960205078125
253,30,0.10834246187701695,0.0004761247521536949,0.08202981948852539
254,30,0.10786271921526162,0.00047974266175532243,0.1020355224609375
255,30,0.10741954795124693,0.0004431712640146912,0.09503340721130371
256,30,0.10694853389938162,0.0004710140518653094,0.09703469276428223
257,30,0.1065033990252986,0.000445134874083028,0.09803438186645508
258,30,0.10601198950257057,0.0004914095227280257,0.10403704643249512
259,30,0.10558881140990645,0.00042317809266412265,0.09503340721130371
260,30,0.10514416267028731,0.00044464873961913565,0.10503745079040527
261,30,0.1046726856317021,0.0004714770385852163,0.09603404998779297
262,30,0.10422788206965496,0.00044480356204713856,0.09203219413757324
263,30,0.10379001912143496,0.0004378629482199997,0.13004684448242188
264,30,0.10335299988778737,0.0004370192336475842,0.11003851890563965
265,30,0.1029117907373569,0.0004412091504304716,0.10803914070129395
266,30,0.10247152285952853,0.0004402678778283736,0.09703373908996582
267,30,0.10202771886928469,0.0004438039902438379,0.09803438186645508
268,30,0.10158623011512125,0.0004414887541634438,0.0930335521697998
269,30,0.10115020047140937,0.0004360296437118799,0.08302879333496094
270,30,0.10071851088641545,0.0004316895849939134,0.09503364562988281
271,30,0.10029253381121363,0.00042597707520182493,0.09003233909606934
272,30,0.09986127035803774,0.0004312634531758869,0.09903573989868164
273,30,0.09944034434663944,0.000420926011398301,0.09903526306152344
274,30,0.09898413165321207,0.0004562126934273686,0.1020352840423584
275,30,0.09857205803004596,0.00041207362316611484,0.08803129196166992
276,30,0.09813203602137728,0.00044002200866867514,0.09803462028503418
277,30,0.09770757130259632,0.0004244647187809647,0.08603072166442871
278,30,0.09727767889953068,0.0004298924030656376,0.10103607177734375
279,30,0.09685212794022682,0.00042555095930385534,0.11303997039794922
280,30,0.09641278617911869,0.0004393417611081307,0.1090383529663086
281,30,0.09599219920097762,0.0004205869781410687,0.09203290939331055
282,30,0.0955720606745563,0.00042013852642132365,0.11203932762145996
283,30,0.09515944282468568,0.00041261784987062233,0.09103250503540039
284,30,0.09474930390078798,0.0004101389238976988,0.10703873634338379
285,30,0.09433217614124982,0.00041712775953815784,0.08502912521362305
286,30,0.09391920779569027,0.00041296834555955286,0.0930337905883789
287,30,0.09352207008717406,0.0003971377085162098,0.09103131294250488
288,30,0.09310774685034895,0.0004143232368251093,0.10303688049316406
289,30,0.09270709846964759,0.00040064838070136277,0.09803462028503418
290,30,0.0923091944020528,0.0003979040675947815,0.1000356674194336
291,30,0.09192672543800794,0.00038246896404486863,0.08803105354309082
292,30,0.09151629833743358,0.00041042710057435927,0.09503340721130371
293,30,0.09111177584586236,0.00040452249157121867,0.10003542900085449
294,30,0.09073892623408993,0.0003728496117724328,0.1000359058380127
295,30,0.09033831973106433,0.0004006065030255912,0.10503697395324707
296,30,0.08995503725277053,0.000383282478293806,0.09203243255615234
297,30,0.08956327939676678,0.0003917578560037466,0.10803961753845215
298,30,0.08917461550579621,0.0003886638909705725,0.10003471374511719
299,30,0.08879281929893117,0.0003817962068650427,0.09203219413757324
300,30,0.08841015245669927,0.00038266684223189906,0.09703445434570312
301,30,0.08801781654389751,0.0003923359128017584,0.09203243255615234
302,30,0.08766646240638871,0.0003513541375087942,0.10103631019592285
303,30,0.08727527370787838,0.00039118869851033355,0.09903502464294434
304,30,0.08690551870590092,0.00036975500197745925,0.09503364562988281
305,30,0.08652354151201554,0.00038197719388538554,0.10803818702697754
306,30,0.08615321829182725,0.00037032322018829,0.08603024482727051
307,30,0.08579097693770105,0.00036224135412619984,0.09003210067749023
308,30,0.08542222844070604,0.0003687484969950028,0.10503745079040527
309,30,0.08504421555269988,0.0003780128880061656,0.10103535652160645
310,30,0.08469448416119713,0.0003497313915027528,0.10603809356689453
311,30,0.08432992029553041,0.00036456386566671717,0.10303640365600586
312,30,0.08396031887421751,0.0003696014213128984,0.09603381156921387
313,30,0.0836161361513739,0.00034418272284361673,0.09903597831726074
314,30,0.0832235860104999,0.0003925501408739984,0.09203171730041504
315,30,0.08289487415558508,0.0003287118549148149,0.1020364761352539
316,30,0.08252718326691379,0.0003676908886712932,0.09103250503540039
317,30,0.08215313676235259,0.00037404650456120125,0.09903526306152344
318,30,0.08180042685001579,0.00035270991233679605,0.10003471374511719
319,30,0.08144878012597816,0.00035164672403763253,0.11304116249084473
320,30,0.08110453614280519,0.00034424398317296767,0.09003138542175293
321,30,0.0807493914746576,0.0003551446681475945,0.11003994941711426
322,30,0.08040219676704743,0.00034719470761016,0.0950326919555664
323,30,0.08005984491294521,0.00034235185410222413,0.08302927017211914
324,30,0.07972159290001687,0.0003382520129283362,0.08302974700927734
325,30,0.0793472988706114,0.0003742940294054753,0.09503293037414551
326,30,0.07904080220330985,0.0003064966673015507,0.09203314781188965
327,30,0.07869313709819928,0.00034766510511057003,0.10403680801391602
328,30,0.07833748891885974,0.0003556481793395433,0.09303402900695801
329,30,0.07801035741487375,0.00032713150398598623,0.09803414344787598
330,30,0.07769168369694908,0.0003186737179246696,0.09103155136108398
331,30,0.07733904677005406,0.00035263692689502246,0.09703493118286133
332,30,0.07701715362918937,0.0003218931408646847,0.09503364562988281
333,30,0.07668615612559594,0.0003309975035934304,0.1020352840423584
334,30,0.07636216565425324,0.0003239904713426972,0.09403371810913086
335,30,0.07603040916256161,0.00033175649169163435,0.10703849792480469
336,30,0.07570207563157265,0.00032833353098896123,0.10403680801391602
337,30,0.07538897265544814,0.0003131029761245102,0.09103178977966309
338,30,0.07504998274847992,0.0003389899069682206,0.08903193473815918
339,30,0.07475814722382869,0.0002918355246512294,0.1020359992980957
340,30,0.07443032497301316,0.0003278222508155265,0.16505980491638184
341,30,0.07410747271317703,0.0003228522598361372,0.14905190467834473
342,30,0.07381945940005219,0.00028801331312483525,0.11404061317443848
343,30,0.07347320538396254,0.0003462540160896477,0.11103940010070801
344,30,0.07317374478707202,0.0002994605968905245,0.134047269821167
345,30,0.07287020728183098,0.00030353750524103607,0.12904572486877441
346,30,0.07256471555138755,0.0003054917304434329,0.1290454864501953
347,30,0.07225043239056045,0.00031428316082710017,0.10303616523742676
348,30,0.07197076456350648,0.0002796678270539643,0.08302974700927734
349,30,0.0716432751610111,0.0003274894024953845,0.10603761672973633
350,30,0.07134798239184241,0.00029529276916868963,0.09403300285339355
351,30,0.0710567881902441,0.000291194201598316,0.09903550148010254
352,30,0.07075058051950148,0.000306207670742617,0.08803153038024902
353,30,0.07046175007827771,0.00028883044122376966,0.09203243255615234
354,30,0.07016366733731623,0.0002980827409614778,0.09803462028503418
355,30,0.06986656578050719,0.0002971015568090374,0.0930333137512207
356,30,0.06959259556208411,0.00027397021842308356,0.09703373908996582
357,30,0.06929788163775562,0.00029471392432849075,0.09803557395935059
358,30,0.0689942886113611,0.00030359302639451635,0.09403252601623535
359,30,0.06871519576853667,0.0002790928428244299,0.09903526306152344
360,30,0.06845493373484948,0.00026026203368718914,0.09903526306152344
361,30,0.06815352878318383,0.0003014049516656542,0.09103202819824219
362,30,0.06787551939487457,0.0002780093883092555,0.10303640365600586
363,30,0.06758894932925956,0.0002865700656150133,0.12404489517211914
364,30,0.06732643369394235,0.00026251563531720645,0.12304282188415527
365,30,0.06704466382407734,0.0002817698698650145,0.09603404998779297
366,30,0.06678430295875694,0.0002603608653203998,0.09803557395935059
367,30,0.06649931013966218,0.00028499281909476204,0.0950326919555664
368,30,0.06622928279077905,0.00027002734888312285,0.09903478622436523
369,30,0.06596686892434318,0.0002624138664358705,0.09503412246704102
370,30,0.06569749983743979,0.0002693690869033927,0.09903526306152344
371,30,0.0654211240605666,0.00027637577687318615,0.09003210067749023
372,30,0.06516178854956077,0.0002593355110058343,0.10503721237182617
373,30,0.06489541838502783,0.0002663701645329447,0.08803081512451172
374,30,0.06463276486620943,0.0002626535188183926,0.10803842544555664
375,30,0.06437259467525615,0.000260170190953285,0.0930328369140625
376,30,0.06411478257714173,0.0002578120981144155,0.09203267097473145
377,30,0.06384588414245945,0.0002688984346822798,0.09803509712219238
378,30,0.06359597074234077,0.0002499134001186787,0.10103535652160645
379,30,0.06334033535204382,0.0002556353902969516,0.09503388404846191
380,30,0.06307764186595495,0.0002626934860888719,0.1020359992980957
381,30,0.0628407487534305,0.00023689311252445,0.10603785514831543
382,30,0.06257222187665538,0.0002685268767751159,0.09803462028503418
383,30,0.06232856312750751,0.00024365874914787644,0.10303640365600586
384,30,0.06207590442723953,0.0002526587002679784,0.09903526306152344
385,30,0.06182572220125769,0.000250182225981839,0.09703469276428223
386,30,0.061566855400227584,0.0002588668010301068,0.10103535652160645
387,30,0.06134550751019747,0.0002213478900301158,0.09803462028503418
388,30,0.06107411621154374,0.0002713912986537295,0.0840301513671875
389,30,0.06084752523013924,0.00022659098140449807,0.09603428840637207
390,30,0.06058659090891353,0.0002609343212257101,0.09703373908996582
391,30,0.06036519107973983,0.00022139982917369905,0.08903145790100098
392,30,0.06010278726681175,0.00026240381292808035,0.10003662109375
393,30,0.05986215951892301,0.0002406277478887442,0.08302855491638184
394,30,0.05963183738068383,0.00023032213823917513,0.1020362377166748
395,30,0.05938325551712615,0.0002485818635576814,0.09403347969055176
396,30,0.0591503471438574,0.00023290837326875313,0.09603404998779297
397,30,0.05889966962142633,0.0002506775224310684,0.10303664207458496
398,30,0.058666499291793406,0.00023317032963292295,0.10603761672973633
399,30,0.05844116881171353,0.00022533048007987444,0.09503340721130371
400,30,0.05820155310898255,0.0002396157027309831,0.09703516960144043
401,30,0.057968997961690284,0.00023255514729226406,0.07902717590332031
402,30,0.057732205304643534,0.0002367926570467499,0.0910329818725586
403,30,0.057504559668083474,0.00022764563656006015,0.10303711891174316
404,30,0.05728522088760749,0.00021933878047598193,0.1020350456237793
405,30,0.05703519146220806,0.0002500294253994298,0.10003519058227539
406,30,0.05682224062327136,0.0002129508389367013,0.10303664207458496
407,30,0.05659168781951452,0.00023055280375684079,0.09003210067749023
408,30,0.05637091959420687,0.00022076822530765067,0.09803485870361328
409,30,0.056153285794724256,0.00021763379948261385,0.08603119850158691
410,30,0.05591842477233746,0.00023486102238679668,0.09803390502929688
411,30,0.05570886764898259,0.0002095571233548671,0.08202886581420898
412,30,0.05548176139147363,0.0002271062575089633,0.10103607177734375
413,30,0.055265221211454295,0.00021654018001933395,0.10003542900085449
414,30,0.055060558267829254,0.0002046629436250405,0.09903621673583984
415,30,0.054829175862619,0.00023138240521025644,0.09603261947631836
416,30,0.05461588482826184,0.00021329103435716035,0.10303711891174316
417,30,0.054403459255257226,0.00021242557300461123,0.08803129196166992
418,30,0.05420299455459811,0.00020046470065911842,0.08603024482727051
419,30,0.0539831704675005,0.0002198240870976073,0.08502960205078125
420,30,0.053773934650433876,0.00020923581706662475,0.109039306640625
421,30,0.05355504007898589,0.0002188945714479834,0.08903217315673828
422,30,0.05336352751359471,0.0001915125653911831,0.09003138542175293
423,30,0.05314622009889437,0.0002173074147003365,0.1000356674194336
424,30,0.052937765518187456,0.00020845458070691686,0.08302903175354004
425,30,0.05273645254186331,0.00020131297632414863,0.0930328369140625
426,30,0.052527656404572166,0.00020879613729114094,0.1000361442565918
427,30,0.05232643806494963,0.0002012183396225345,0.09803462028503418
428,30,0.05212279891547484,0.00020363914947479217,0.09803414344787598
429,30,0.051922260704012506,0.00020053821146233386,0.09503388404846191
430,30,0.05172886915154692,0.00019339155246558826,0.09703469276428223
431,30,0.05152411261398313,0.00020475653756378553,0.10303664207458496
432,30,0.05132805610983036,0.0001960565041527751,0.09803438186645508
433,30,0.05112977046519518,0.000198285644635178,0.09803485870361328
434,30,0.05094126623092044,0.00018850423427473756,0.09803462028503418
435,30,0.0507303142410695,0.00021095198985093822,0.09203219413757324
436,30,0.05055710247471037,0.00017321176635913538,0.10303783416748047
437,30,0.05035260318913776,0.00020449928557261104,0.09603214263916016
438,30,0.050161318065455325,0.00019128512368243172,0.10403704643249512
439,30,0.04995926288871938,0.00020205517673594492,0.1000359058380127
440,30,0.049790811605560474,0.00016845128315890606,0.10103535652160645
441,30,0.049589978877263956,0.00020083272829651833,0.09503436088562012
442,30,0.04939783520550809,0.000192143671755865,0.10503649711608887
443,30,0.04921385422189776,0.00018398098361033233,0.10303807258605957
444,30,0.04903834696031279,0.00017550726158496732,0.08903002738952637
445,30,0.04884382884981286,0.00019451811049993328,0.10503697395324707
446,30,0.04865912044755159,0.00018470840226126467,0.08603096008300781
447,30,0.048478122908048905,0.00018099753950268777,0.09003233909606934
448,30,0.04829845128135166,0.00017967162669724202,0.10303592681884766
449,30,0.04811323037307359,0.00018522090827807064,0.08803129196166992
450,30,0.04792914577783682,0.00018408459523677062,0.0860300064086914
451,30,0.04774845347333795,0.0001806923044988737,0.08903264999389648
452,30,0.047575148252340466,0.0001733052209974828,0.09103202819824219
453,30,0.04738982230361201,0.00018532594872845698,0.0930321216583252
454,30,0.047219849545827024,0.00016997275778498494,0.09203338623046875
455,30,0.047033581520534225,0.00018626802529279896,0.09503412246704102
456,30,0.04686530015996506,0.0001682813605691641,0.08903050422668457
457,30,0.04668790879301154,0.0001773913669535221,0.09503412246704102
458,30,0.04652131367156394,0.00016659512144760052,0.09903478622436523
459,30,0.04633763204050115,0.00018368163106279034,0.12004280090332031
460,30,0.046160342243428416,0.00017728979707273135,0.11404037475585938
461,30,0.04599930873363573,0.00016103350979268516,0.11604094505310059
462,30,0.045818429921841264,0.00018087881179446735,0.09903502464294434
463,30,0.04566979124489376,0.00014863867694750454,0.10403704643249512
464,30,0.045491117335314676,0.0001786739095790829,0.09703445434570312
465,30,0.045308130777353406,0.0001829865579612705,0.09003162384033203
466,30,0.045161786385708384,0.0001463443916450216,0.11204051971435547
467,30,0.04499400039322865,0.00016778599247973397,0.12104225158691406
468,30,0.044822171736413084,0.00017182865681556608,0.09203267097473145
469,30,0.0446506029384959,0.0001715687979171876,0.10603761672973633
470,30,0.04450132424393908,0.00014927869455681753,0.10103559494018555
471,30,0.04433401966961021,0.00016730457432886925,0.08803248405456543
472,30,0.044172929440680735,0.00016109022892947522,0.09703397750854492
473,30,0.04400554113090038,0.00016738830978035163,0.0840294361114502
474,30,0.04384378645107405,0.00016175467982633418,0.09003138542175293
475,30,0.043694363568678625,0.00014942288239542384,0.1000359058380127
476,30,0.043539115478499577,0.00015524809017904845,0.09003186225891113
477,30,0.04336920677501167,0.0001699087034879032,0.09903573989868164
478,30,0.043210832911551506,0.0001583738634601678,0.09903454780578613
479,30,0.04306401357325351,0.0001468193382979932,0.09403347969055176
480,30,0.04291266272576828,0.0001513508474852293,0.09703397750854492
481,30,0.0427490675336339,0.00016359519213438034,0.09703469276428223
482,30,0.042593543831672936,0.0001555237019609662,0.1000356674194336
483,30,0.042447077946212046,0.0001464658854608905,0.09703373908996582
484,30,0.04228893648753436,0.00015814145867768664,0.09003210067749023
485,30,0.042128345192784175,0.0001605912947501842,0.09603500366210938
486,30,0.04199104206477348,0.0001373031280106976,0.10303544998168945
487,30,0.04183873841857426,0.0001523036461992186,0.1000356674194336
488,30,0.04169338654615303,0.00014535187242122743,0.10103583335876465
489,30,0.04153552038881641,0.00015786615733662246,0.09403371810913086
490,30,0.04137660956615184,0.00015891082266456663,0.09503293037414551
491,30,0.041244444576625384,0.0001321649895264579,0.1020364761352539
492,30,0.04109474833513427,0.00014969624149111654,0.09503364562988281
493,30,0.0409542844694458,0.00014046386568846575,0.09503388404846191
494,30,0.04080232776080569,0.00015195670864011357,0.0860297679901123
495,30,0.04065324335048596,0.0001490844103197303,0.09003210067749023
496,30,0.04050164489059621,0.00015159845988974713,0.1000356674194336
497,30,0.04037620241825397,0.00012544247234223815,0.09803557395935059
498,30,0.040233705483345136,0.00014249693490883675,0.09803414344787598
499,30,0.040081976538794674,0.00015172894455046243,0.09403347969055176
500,30,0.03993952757097844,0.00014244896781623329,0.11904215812683105
