1,350,2.3016849756240845,Nan,0.0770268440246582
2,350,2.291983795166016,0.00970118045806867,0.06402277946472168
3,350,2.282458782196045,0.00952501296997088,0.07102465629577637
4,350,2.272974157333374,0.009484624862670987,0.06302285194396973
5,350,2.2635015726089476,0.009472584724426358,0.06102180480957031
6,350,2.253942680358887,0.00955889225006068,0.06102180480957031
7,350,2.24413902759552,0.0098036527633667,0.06502270698547363
8,350,2.2340165615081786,0.010122466087341575,0.056020498275756836
9,350,2.22361478805542,0.010401773452758611,0.06002163887023926
10,350,2.212903952598572,0.010710835456848145,0.052017927169799805
11,350,2.20186505317688,0.011038899421691895,0.0660238265991211
12,350,2.1905080795288088,0.0113569736480712,0.06402230262756348
13,350,2.178775763511658,0.011732316017150968,0.06202101707458496
14,350,2.166639494895935,0.012136268615722923,0.05201911926269531
15,350,2.154121994972229,0.012517499923705877,0.06002163887023926
16,350,2.141219663619995,0.012902331352234064,0.055019378662109375
17,350,2.1279809713363647,0.013238692283630282,0.058020591735839844
18,350,2.1144323348999023,0.013548636436462314,0.06302213668823242
19,350,2.10057532787323,0.013857007026672363,0.06002092361450195
20,350,2.0863948583602907,0.014180469512939275,0.06002163887023926
21,350,2.0719114542007446,0.014483404159546076,0.06202244758605957
22,350,2.0571261167526247,0.01478533744811994,0.07202601432800293
23,350,2.0420279026031496,0.015098214149475098,0.06602263450622559
24,350,2.0266180992126466,0.015409803390503019,0.06202197074890137
25,350,2.010887110233307,0.015730988979339777,0.062023162841796875
26,350,1.9948638319969176,0.01602327823638916,0.06002044677734375
27,350,1.9785447001457215,0.016319131851196156,0.0680243968963623
28,350,1.96192067861557,0.01662402153015141,0.06302285194396973
29,350,1.9450017929077148,0.01691888570785527,0.06302356719970703
30,350,1.9277934432029724,0.017208349704742387,0.07102370262145996
31,350,1.9103033661842346,0.017490077018737837,0.07102656364440918
32,350,1.8925373673439025,0.01776599884033203,0.06402111053466797
33,350,1.8744998216629027,0.0180375456809998,0.06302285194396973
34,350,1.856214213371277,0.018285608291625843,0.06202101707458496
35,350,1.8377050399780273,0.018509173393249645,0.06902575492858887
36,350,1.8189797163009644,0.01872532367706281,0.06202125549316406
37,350,1.8000463008880616,0.018933415412902832,0.05802035331726074
38,350,1.7809210300445557,0.019125270843505904,0.0590214729309082
39,350,1.7616155624389649,0.01930546760559082,0.05301809310913086
40,350,1.7421449065208434,0.01947065591812147,0.05501961708068848
41,350,1.7225348711013795,0.019610035419463934,0.05502057075500488
42,350,1.7027962327003479,0.019738638401031627,0.05601930618286133
43,350,1.6829447388648986,0.019851493835449263,0.06402254104614258
44,350,1.6629991412162781,0.019945597648620472,0.06502389907836914
45,350,1.6429781675338746,0.02002097368240352,0.06402158737182617
46,350,1.6229011774063111,0.020076990127563477,0.059021949768066406
47,350,1.6027843356132507,0.02011684179306039,0.06902360916137695
48,350,1.5826422214508056,0.020142114162445157,0.056020498275756836
49,350,1.5624934077262878,0.020148813724517822,0.06702375411987305
50,350,1.542361843585968,0.02013156414031969,0.06502246856689453
51,350,1.522266435623169,0.020095407962799072,0.05301856994628906
52,350,1.5022183656692505,0.0200480699539185,0.06302285194396973
53,350,1.4822443962097167,0.01997396945953378,0.05802011489868164
54,350,1.4623780488967895,0.019866347312927246,0.0590205192565918
55,350,1.442639422416687,0.019738626480102495,0.06202268600463867
56,350,1.4230467438697816,0.019592678546905384,0.055019378662109375
57,350,1.4036158561706542,0.019430887699127375,0.061020612716674805
58,350,1.3843716382980347,0.01924421787261954,0.06002235412597656
59,350,1.3653355479240417,0.01903609037399301,0.06702375411987305
60,350,1.3465179920196533,0.018817555904388383,0.06502270698547363
61,350,1.3279348850250243,0.01858310699462895,0.06302237510681152
62,350,1.3096006393432618,0.018334245681762562,0.06502270698547363
63,350,1.2915292143821717,0.018071424961090043,0.07002592086791992
64,350,1.2737310171127318,0.017798197269439875,0.06402277946472168
65,350,1.2562203407287598,0.01751067638397208,0.06202101707458496
66,350,1.239006221294403,0.01721411943435669,0.0660250186920166
67,350,1.2220959901809691,0.016910231113433927,0.11003828048706055
68,350,1.2054962992668152,0.01659969091415392,0.13504767417907715
69,350,1.1892118215560914,0.016284477710723833,0.1090385913848877
70,350,1.173248529434204,0.015963292121887296,0.10303735733032227
71,350,1.1576096415519714,0.015638887882232666,0.08803033828735352
72,350,1.1422974467277527,0.01531219482421875,0.06702303886413574
73,350,1.127308428287506,0.014989018440246582,0.06202268600463867
74,350,1.1126461267471313,0.014662301540374845,0.06602215766906738
75,350,1.098306953907013,0.01433917284011832,0.06102275848388672
76,350,1.084289789199829,0.014017164707183838,0.06102156639099121
77,350,1.0705917477607727,0.013698041439056396,0.06202125549316406
78,350,1.057208776473999,0.013382971286773682,0.06402349472045898
79,350,1.044135081768036,0.01307369470596309,0.0680243968963623
80,350,1.0313670754432678,0.012768006324768155,0.06002020835876465
81,350,1.0189021289348603,0.01246494650840746,0.06102275848388672
82,350,1.0067346572875977,0.012167471647262618,0.06702327728271484
83,350,0.9948589563369751,0.011875700950622625,0.060021400451660156
84,350,0.9832678735256195,0.011591082811355569,0.05802035331726074
85,350,0.9719562709331513,0.011311602592468217,0.06502246856689453
86,350,0.9609189867973328,0.011037284135818504,0.05501985549926758
87,350,0.9501497685909271,0.01076921820640564,0.06702423095703125
88,350,0.9396435558795929,0.010506212711334229,0.06402277946472168
89,350,0.9293949007987976,0.01024865508079531,0.06102156639099121
90,350,0.9193950116634368,0.009999889135360762,0.055019378662109375
91,350,0.9096366107463837,0.009758400917053156,0.0930333137512207
92,350,0.9001133859157562,0.009523224830627508,0.07302522659301758
93,350,0.8908199191093444,0.009293466806411743,0.06502318382263184
94,350,0.8817505419254303,0.009069377183914096,0.0680241584777832
95,350,0.8728961169719696,0.008854424953460782,0.05601978302001953
96,350,0.8642525434494018,0.008643573522567727,0.06102180480957031
97,350,0.8558134257793426,0.008439117670059226,0.06702375411987305
98,350,0.8475728690624237,0.008240556716918923,0.06202197074890137
99,350,0.8395266234874725,0.00804624557495115,0.07202553749084473
100,350,0.8316686511039734,0.007857972383499168,0.06802535057067871
101,350,0.8239923357963562,0.007676315307617143,0.06902289390563965
102,350,0.816492635011673,0.007499700784683205,0.07002496719360352
103,350,0.8091647088527679,0.007327926158905096,0.07102465629577637
104,350,0.802003675699234,0.007161033153533891,0.07102584838867188
105,350,0.7950043857097626,0.006999289989471413,0.07202601432800293
106,350,0.7881624221801757,0.006841963529586881,0.06602215766906738
107,350,0.7814735770225525,0.006688845157623247,0.0660247802734375
108,350,0.7749322652816772,0.006541311740875244,0.07002401351928711
109,350,0.7685339033603669,0.00639836192131038,0.06902456283569336
110,350,0.7622743308544159,0.006259572505950994,0.060021162033081055
111,350,0.7561495244503021,0.006124806404113725,0.06102180480957031
112,350,0.7501557409763336,0.005993783473968506,0.05201911926269531
113,350,0.7442892909049987,0.0058664500713349055,0.06502270698547363
114,350,0.738545948266983,0.0057433426380156805,0.06402206420898438
115,350,0.732922226190567,0.005623722076416038,0.06402277946472168
116,350,0.7274153530597687,0.00550687313079834,0.06502294540405273
117,350,0.7220215141773224,0.005393838882446267,0.06502342224121094
118,350,0.716737973690033,0.0052835404872894065,0.06902384757995605
119,350,0.7115617334842682,0.005176240205764793,0.06302261352539062
120,350,0.7064900577068329,0.0050716757774352805,0.06902503967285156
121,350,0.7015187919139863,0.00497126579284668,0.06402230262756348
122,350,0.6966453194618225,0.004873472452163741,0.05802202224731445
123,350,0.6918678045272827,0.004777514934539817,0.09403228759765625
124,350,0.6871825158596039,0.004685288667678811,0.1410512924194336
125,350,0.6825860738754272,0.004596441984176636,0.09103035926818848
126,350,0.6780775308609008,0.004508543014526412,0.0680246353149414
127,350,0.6736551940441131,0.00442233681678772,0.057021379470825195
128,350,0.6693160057067871,0.00433918833732605,0.07202482223510742
129,350,0.6650570273399353,0.00425897836685174,0.06402230262756348
130,350,0.6608762681484223,0.0041807591915130615,0.06902527809143066
131,350,0.6567723155021667,0.004103952646255515,0.06502294540405273
132,350,0.652743399143219,0.004028916358947754,0.06202244758605957
133,350,0.6487867951393127,0.003956604003906294,0.07002544403076172
134,350,0.6449014544487,0.0038853406906127486,0.07102394104003906
135,350,0.6410849630832672,0.003816491365432717,0.06602358818054199
136,350,0.6373350620269775,0.003749901056289695,0.06302332878112793
137,350,0.6336501181125641,0.00368494391441343,0.06902337074279785
138,350,0.6300290703773499,0.003621047735214211,0.07202577590942383
139,350,0.6264693439006805,0.003559726476669356,0.06002163887023926
140,350,0.6229702949523925,0.0034990489482880083,0.05801963806152344
141,350,0.6195300281047821,0.0034402668476104514,0.08003044128417969
142,350,0.6161471843719483,0.003382843732833818,0.0860288143157959
143,350,0.6128203570842743,0.0033268272876739724,0.0840303897857666
144,350,0.6095481514930725,0.0032722055912017822,0.0770268440246582
145,350,0.6063294410705566,0.003218710422515869,0.07902765274047852
146,350,0.6031634449958801,0.0031659960746764915,0.07202649116516113
147,350,0.6000482857227325,0.0031151592731476496,0.07402539253234863
148,350,0.5969833552837371,0.0030649304389953613,0.06002187728881836
149,350,0.5939673364162446,0.003016018867492587,0.06202220916748047
150,350,0.5909986913204193,0.002968645095825284,0.06302237510681152
151,350,0.5880757808685303,0.0029229104518889715,0.10603928565979004
152,350,0.5851972341537476,0.002878546714782715,0.07502365112304688
153,350,0.5823619425296783,0.0028352916240692583,0.06502318382263184
154,350,0.5795701086521149,0.002791833877563432,0.0680241584777832
155,350,0.5768201410770416,0.0027499675750732866,0.05702066421508789
156,350,0.5741115987300873,0.002708542346954279,0.05402040481567383
157,350,0.5714430987834931,0.0026684999465942383,0.06502151489257812
158,350,0.5688140749931335,0.0026290237903595637,0.08102941513061523
159,350,0.5662232458591461,0.002590829133987449,0.07502627372741699
160,350,0.5636706948280334,0.0025525510311126265,0.1020357608795166
161,350,0.5611549139022827,0.002515780925750777,0.08002853393554688
162,350,0.558674955368042,0.002479958534240656,0.07602691650390625
163,350,0.5562304079532623,0.0024445474147797297,0.07402658462524414
164,350,0.5538201332092285,0.002410274744033769,0.07802724838256836
165,350,0.5514434576034546,0.0023766756057739258,0.08302974700927734
166,350,0.5491005957126618,0.0023428618907928023,0.07602643966674805
167,350,0.5467904806137085,0.0023101150989532915,0.0750267505645752
168,350,0.544512540102005,0.002277940511703491,0.07102537155151367
169,350,0.5422660410404205,0.0022464990615844727,0.07602763175964355
170,350,0.5400507032871247,0.002215337753295854,0.07102441787719727
171,350,0.5378650307655335,0.0021856725215911865,0.07302594184875488
172,350,0.5357088387012482,0.0021561920642853005,0.07602667808532715
173,350,0.5335812628269195,0.0021275758743286577,0.07602691650390625
174,350,0.5314818859100342,0.0020993769168853316,0.3861377239227295
175,350,0.5294104516506195,0.002071434259414695,0.08603024482727051
176,350,0.5273662775754928,0.0020441740751266924,0.07202529907226562
177,350,0.5253481686115264,0.0020181089639663696,0.0930337905883789
178,350,0.5233557939529419,0.0019923746585845947,0.0770263671875
179,350,0.5213889658451081,0.0019668281078337735,0.07002449035644531
180,350,0.5194465190172195,0.0019424468278885776,0.07302594184875488
181,350,0.5175284445285797,0.0019180744886397871,0.08002924919128418
182,350,0.515634047985077,0.0018943965435027632,0.07702755928039551
183,350,0.5137634813785553,0.0018705666065216286,0.07902765274047852
184,350,0.5119157820940018,0.0018476992845535278,0.09203219413757324
185,350,0.5100908994674682,0.001824882626533575,0.07302570343017578
186,350,0.5082878261804581,0.0018030732870101263,0.1360492706298828
187,350,0.5065059453248978,0.0017818808555603027,0.0930325984954834
188,350,0.504745876789093,0.001760068535804793,0.08803200721740723
189,350,0.5030069589614868,0.0017389178276061568,0.0840294361114502
190,350,0.5012889862060547,0.0017179727554321733,0.07902789115905762
191,350,0.4995912849903107,0.0016977012157439741,0.08703088760375977
192,350,0.4979132354259491,0.0016780495643615723,0.08103013038635254
193,350,0.49625502824783324,0.001658207178115878,0.08802986145019531
194,350,0.49461597502231597,0.001639053225517273,0.15805602073669434
195,350,0.4929959625005722,0.0016200125217437633,0.08102917671203613
196,350,0.49139457643032075,0.0016013860702514537,0.08102917671203613
197,350,0.4898110955953598,0.0015834808349609597,0.08302855491638184
198,350,0.48824591338634493,0.0015651822090148593,0.08803129196166992
199,350,0.48669770956039426,0.001548203825950667,0.08302950859069824
200,350,0.48516678214073183,0.0015309274196624312,0.08803129196166992
201,350,0.48365287482738495,0.001513907313346885,0.1380481719970703
202,350,0.48215553164482117,0.0014973431825637817,0.07902884483337402
203,350,0.480673623085022,0.0014819085597991832,0.07602787017822266
204,350,0.47920807301998136,0.0014655500650406217,0.14204931259155273
205,350,0.477758115530014,0.0014499574899673462,0.12804555892944336
206,350,0.47632375955581663,0.0014343559741973877,0.12304377555847168
207,350,0.4749043107032776,0.0014194488525390292,0.09703373908996582
208,350,0.47350032031536105,0.0014039903879165538,0.0930323600769043
209,350,0.4721110075712204,0.0013893127441406694,0.1320478916168213
210,350,0.47073630690574647,0.0013747006654739047,0.11204028129577637
211,350,0.4693759739398956,0.0013603329658508634,0.08803009986877441
212,350,0.46802995800971986,0.001346015930175748,0.10403776168823242
213,350,0.4666978597640991,0.0013320982456207497,0.08303093910217285
214,350,0.4653781622648239,0.0013196974992751853,0.07402515411376953
215,350,0.46407208740711214,0.0013060748577117809,0.08202815055847168
216,350,0.462779501080513,0.001292586326599121,0.07602620124816895
217,350,0.46149991154670716,0.0012795895338058583,0.0930337905883789
218,350,0.46023335456848147,0.001266556978225697,0.0930323600769043
219,350,0.4589793711900711,0.0012539833784103727,0.060021162033081055
220,350,0.45773757100105283,0.0012418001890182606,0.06302309036254883
221,350,0.4565069377422333,0.0012306332588195579,0.06402158737182617
222,350,0.45528803765773773,0.0012189000844955444,0.0660243034362793
223,350,0.45408118665218355,0.001206851005554177,0.06302285194396973
224,350,0.4528862923383713,0.0011948943138122559,0.06902408599853516
225,350,0.45170285999774934,0.0011834323406219593,0.06102132797241211
226,350,0.4505308300256729,0.0011720299720764382,0.0680243968963623
227,350,0.44936980307102203,0.0011610269546508678,0.07202506065368652
228,350,0.448220032453537,0.0011497706174850575,0.06702375411987305
229,350,0.4470814079046249,0.0011386245489120594,0.07002615928649902
230,350,0.44595347344875336,0.0011279344558715598,0.0680227279663086
231,350,0.4448365271091461,0.0011169463396072388,0.07002639770507812
232,350,0.4437305212020874,0.001106005907058727,0.09203052520751953
233,350,0.442634841799736,0.0010956794023513905,0.07802867889404297
234,350,0.4415494352579117,0.0010854065418243186,0.07802939414978027
235,350,0.44047389924526215,0.0010755360126495361,0.07402491569519043
236,350,0.4394081115722656,0.001065787672996532,0.07302570343017578
237,350,0.438351908326149,0.0010562032461166049,0.07002520561218262
238,350,0.43730555176734925,0.0010463565587997548,0.061020612716674805
239,350,0.4362685114145279,0.0010370403528213723,0.059020042419433594
240,350,0.435241037607193,0.0010274738073348666,0.062024831771850586
241,350,0.4342224210500717,0.0010186165571213213,0.0610201358795166
242,350,0.4332123726606369,0.0010100483894348034,0.09803485870361328
243,350,0.4322113931179047,0.0010009795427322055,0.12304329872131348
244,350,0.4312194585800171,0.0009919345378875954,0.33912062644958496
245,350,0.43023563623428346,0.0009838223457336315,0.18806695938110352
246,350,0.4292596966028214,0.0009759396314620861,0.2720963954925537
247,350,0.4282925665378571,0.0009671300649642944,0.15505552291870117
248,350,0.427333465218544,0.0009591013193130937,0.24808764457702637
249,350,0.4263832449913025,0.000950220227241505,0.12804484367370605
250,350,0.4254410058259964,0.000942239165306058,0.1110384464263916
251,350,0.4245064347982407,0.0009345710277557373,0.12304472923278809
252,350,0.423580127954483,0.0009263068437576627,0.14405107498168945
253,350,0.4226610422134399,0.0009190857410431019,0.1180415153503418
254,350,0.42174948155879977,0.0009115606546401533,0.10403680801391602
255,350,0.420845165848732,0.0009043157100677712,0.0770268440246582
256,350,0.41994759142398835,0.0008975744247436412,0.1270461082458496
257,350,0.4190577268600464,0.0008898645639419667,0.08502960205078125
258,350,0.4181753396987915,0.0008823871612548828,0.07602667808532715
259,350,0.4172997951507568,0.0008755445480346791,0.07402586936950684
260,350,0.41643152236938474,0.0008682727813720814,0.07702946662902832
261,350,0.41557035148143767,0.0008611708879470714,0.0860285758972168
262,350,0.4147159904241562,0.000854361057281483,0.07502627372741699
263,350,0.41386862099170685,0.0008473694324493408,0.07602787017822266
264,350,0.4130278885364532,0.0008407324552536233,0.07302498817443848
265,350,0.41219379007816315,0.0008340984582900779,0.06502318382263184
266,350,0.41136620938777924,0.0008275806903839111,0.06302261352539062
267,350,0.41054506301879884,0.0008211463689803966,0.057021379470825195
268,350,0.4097301036119461,0.0008149594068527222,0.06402158737182617
269,350,0.408920481801033,0.000809621810913097,0.07602667808532715
270,350,0.40811642110347746,0.0008040606975555642,0.07402634620666504
271,350,0.40731832683086394,0.0007980942726135143,0.0770270824432373
272,350,0.40652660727500917,0.0007917195558547752,0.07102584838867188
273,350,0.4057410717010498,0.0007855355739593839,0.05802011489868164
274,350,0.4049615442752838,0.0007795274257659801,0.05702042579650879
275,350,0.4041878044605255,0.0007737398147583119,0.06902480125427246
276,350,0.4034197688102722,0.0007680356502532959,0.0840296745300293
277,350,0.4026580214500427,0.0007617473602294922,0.08202886581420898
278,350,0.4019018143415451,0.0007562071084976085,0.07602763175964355
279,350,0.40115094780921934,0.0007508665323257557,0.07802700996398926
280,350,0.4004055291414261,0.0007454186677932628,0.0770270824432373
281,350,0.3996657729148865,0.0007397562265396007,0.08002948760986328
282,350,0.3989312142133713,0.0007345587015151755,0.08202838897705078
283,350,0.39820194244384766,0.0007292717695236428,0.09203195571899414
284,350,0.3974780648946762,0.00072387754917147,0.0750267505645752
285,350,0.3967594921588898,0.0007185727357864047,0.0750265121459961
286,350,0.39604598879814146,0.0007135033607483243,0.07202672958374023
287,350,0.39533776938915255,0.0007082194089889082,0.07102394104003906
288,350,0.3946345537900925,0.0007032155990600586,0.07102537155151367
289,350,0.39393655955791473,0.0006979942321777566,0.07102513313293457
290,350,0.39324313700199126,0.000693422555923473,0.07102513313293457
291,350,0.3925544708967209,0.0006886661052703524,0.0770270824432373
292,350,0.3918708235025406,0.000683647394180309,0.07402682304382324
293,350,0.3911916524171829,0.0006791710853576993,0.07302546501159668
294,350,0.39051716327667235,0.000674489140510548,0.06602334976196289
295,350,0.3898471772670746,0.0006699860095977783,0.05401897430419922
296,350,0.3891817361116409,0.0006654411554336548,0.06202220916748047
297,350,0.38852078914642335,0.0006609469652175681,0.05501914024353027
298,350,0.3878639727830887,0.0006568163633346447,0.056020259857177734
299,350,0.3872119277715683,0.0006520450115203857,0.06302261352539062
300,350,0.386564227938652,0.0006476998329162931,0.060021400451660156
301,350,0.385920923948288,0.0006433039903640525,0.060021162033081055
302,350,0.38528201580047605,0.000638908147811923,0.06902480125427246
303,350,0.38464704155921936,0.0006349742412566917,0.05501890182495117
304,350,0.3840163558721542,0.0006306856870651467,0.07402658462524414
305,350,0.3833900660276413,0.0006262898445129061,0.07102537155151367
306,350,0.38276728689670564,0.0006227791309356689,0.07602667808532715
307,350,0.3821472078561783,0.0006200790405273549,0.07602739334106445
308,350,0.38153133988380433,0.0006158679723739513,0.0750265121459961
309,350,0.3809191048145294,0.0006122350692749357,0.06602263450622559
310,350,0.3803109288215637,0.0006081759929656982,0.06502366065979004
311,350,0.3797066301107407,0.0006042987108230147,0.08202862739562988
312,350,0.3791060775518417,0.0006005525588989591,0.08002877235412598
313,350,0.37850945591926577,0.0005966216325759555,0.07402706146240234
314,350,0.37791640758514405,0.0005930483341217152,0.07602572441101074
315,350,0.3773268610239029,0.000589546561241161,0.07302641868591309
316,350,0.3767409652471542,0.0005858957767486683,0.059020280838012695
317,350,0.37615844905376433,0.0005825161933898926,0.06502413749694824
318,350,0.3755796879529953,0.000578761100769043,0.06402158737182617
319,350,0.37500433027744295,0.0005753576755523349,0.058020830154418945
320,350,0.37443303763866426,0.0005712926387786976,0.058020830154418945
321,350,0.37386528551578524,0.0005677521228790172,0.05101823806762695
322,350,0.37330069541931155,0.0005645900964736938,0.07002496719360352
323,350,0.3727392256259918,0.0005614697933197244,0.07802724838256836
324,350,0.3721808761358261,0.0005583494901656993,0.0770270824432373
325,350,0.37162586152553556,0.0005550146102905607,0.08002853393554688
326,350,0.3710741221904755,0.0005517393350600863,0.08002829551696777
327,350,0.3705261081457138,0.0005480140447616799,0.07102489471435547
328,350,0.36998113691806794,0.0005449712276458518,0.06202244758605957
329,350,0.3694394499063492,0.00054168701171875,0.06002306938171387
330,350,0.36890090703964235,0.0005385428667068481,0.06502103805541992
331,350,0.36836581230163573,0.000535094738006614,0.052018165588378906
332,350,0.3678333520889282,0.0005324602127075306,0.05702042579650879
333,350,0.3673042684793472,0.0005290836095809826,0.07202529907226562
334,350,0.36677815914154055,0.0005261093378066684,0.07302594184875488
335,350,0.3662550956010818,0.0005230635404587236,0.0750274658203125
336,350,0.3657351076602936,0.0005199879407882246,0.06702280044555664
337,350,0.3652176082134247,0.0005174994468689076,0.053019046783447266
338,350,0.36470332741737366,0.0005142807960510365,0.05601930618286133
339,350,0.36419219672679903,0.0005111306905746238,0.05502033233642578
340,350,0.36368297040462494,0.0005092263221740945,0.06402277946472168
341,350,0.36317668557167054,0.0005062848329543956,0.0750277042388916
342,350,0.36267270147800446,0.0005039840936660878,0.07002449035644531
343,350,0.3621717423200607,0.0005009591579437367,0.06302070617675781
344,350,0.361673566699028,0.0004981756210327148,0.053019046783447266
345,350,0.3611778438091278,0.0004957228899001853,0.06402277946472168
346,350,0.360684797167778,0.0004930466413498036,0.05502033233642578
347,350,0.3601943016052246,0.000490495562553428,0.057019710540771484
348,350,0.3597068011760712,0.0004875004291534091,0.07202601432800293
349,350,0.3592212826013565,0.00048551857471468285,0.061022281646728516
350,350,0.3587384819984436,0.00048280060291289173,0.051016807556152344
351,350,0.35825846195220945,0.00048002004623415306,0.06702375411987305
352,350,0.3577808916568756,0.0004775702953338512,0.05802035331726074
353,350,0.35730578005313873,0.00047511160373686634,0.06602334976196289
354,350,0.3568329274654388,0.00047285258769991234,0.06302309036254883
355,350,0.3563625246286392,0.0004704028367996105,0.06902503967285156
356,350,0.35589414536952974,0.00046837925910947487,0.058019399642944336
357,350,0.35542820692062377,0.00046593844890596703,0.05201888084411621
358,350,0.35496429204940794,0.0004639148712158314,0.06402254104614258
359,350,0.35450209975242614,0.0004621922969818004,0.061020851135253906
360,350,0.35404236018657687,0.0004597395658492709,0.060022830963134766
361,350,0.3535843789577484,0.0004579812288284524,0.06402158737182617
362,350,0.35312843322753906,0.0004559457302093506,0.050019025802612305
363,350,0.3526744723320007,0.0004539608955383412,0.06302070617675781
364,350,0.35222263634204865,0.0004518359899520763,0.05501985549926758
365,350,0.35177300572395326,0.00044963061809538685,0.05802178382873535
366,350,0.3513252168893814,0.0004477888345718606,0.05401921272277832
367,350,0.350879493355751,0.0004457235336303711,0.07902717590332031
368,350,0.3504358381032944,0.00044365525245665394,0.07902741432189941
369,350,0.3499941885471344,0.00044164955615999535,0.07102656364440918
370,350,0.34955460429191587,0.00043958425521850586,0.07302403450012207
371,350,0.3491166174411774,0.000437986850738481,0.06702470779418945
372,350,0.3486804157495499,0.00043620169162750244,0.06702351570129395
373,350,0.3482464015483856,0.00043401420116429,0.07102584838867188
374,350,0.3478141903877258,0.00043221116065977894,0.08302974700927734
375,350,0.3473837643861771,0.0004304260015487449,0.061020851135253906
376,350,0.346955144405365,0.00042861998081206165,0.060021162033081055
377,350,0.34652834832668306,0.0004267960786819569,0.05401921272277832
378,350,0.3461040288209915,0.0004243195056915505,0.0660238265991211
379,350,0.34568175971508025,0.0004222691059112549,0.05101752281188965
380,350,0.34526133835315703,0.0004204213619232178,0.06202268600463867
381,350,0.3448430776596069,0.00041826069355010986,0.051017045974731445
382,350,0.34442630112171174,0.00041677653789518043,0.06002211570739746
383,350,0.3440115213394165,0.00041477978229526036,0.06702375411987305
384,350,0.34359870553016664,0.0004128158092498446,0.05501890182495117
385,350,0.3431878924369812,0.0004108130931854137,0.06102275848388672
386,350,0.34277935326099396,0.00040853917598726586,0.053017616271972656
387,350,0.3423726886510849,0.0004066646099090687,0.05501914024353027
388,350,0.3419676125049591,0.00040507614612578235,0.06002163887023926
389,350,0.3415641784667969,0.00040343403816223145,0.060021400451660156
390,350,0.3411626309156418,0.00040154755115506813,0.06702446937561035
391,350,0.3407630085945129,0.0003996223211288896,0.05501842498779297
392,350,0.34036501348018644,0.00039799511432647705,0.053018808364868164
393,350,0.3399692326784134,0.0003957808017730491,0.06002211570739746
394,350,0.33957548141479493,0.00039375126361845814,0.061020612716674805
395,350,0.3391836017370224,0.0003918796777725442,0.05502128601074219
396,350,0.3387931644916534,0.0003904372453689686,0.06302118301391602
397,350,0.33840455710887907,0.00038860738277435303,0.3791344165802002
398,350,0.3380177587270737,0.0003867983818053866,0.06002330780029297
399,350,0.33763285875320437,0.00038489997386931263,0.06602144241333008
400,350,0.3372498333454132,0.000383025407791171,0.06702327728271484
401,350,0.33686872720718386,0.0003811061382293368,0.07102608680725098
402,350,0.33648925721645356,0.00037946999073029675,0.0660240650177002
403,350,0.3361117094755173,0.0003775477409362904,0.05802035331726074
404,350,0.33573590517044066,0.0003758043050766102,0.06102108955383301
405,350,0.3353618890047073,0.0003740161657333485,0.0590207576751709
406,350,0.33498928844928744,0.00037260055541987747,0.062023162841796875
407,350,0.3346185117959976,0.00037077665328982823,0.06702375411987305
408,350,0.3342495381832123,0.00036897361278531715,0.06902432441711426
409,350,0.33388191759586333,0.0003676205873489602,0.06202197074890137
410,350,0.33351570665836333,0.0003662109375,0.060021400451660156
411,350,0.3331507176160812,0.0003649890422821045,0.06302237510681152
412,350,0.3327872842550278,0.0003634333610534335,0.0660238265991211
413,350,0.3324254661798477,0.0003618180751800981,0.06202125549316406
414,350,0.3320648729801178,0.00036059319972991943,0.05501985549926758
415,350,0.33170551955699923,0.0003593534231185469,0.06702375411987305
416,350,0.3313476324081421,0.00035788714885715,0.06302213668823242
417,350,0.33099150061607363,0.00035613179206844814,0.06602263450622559
418,350,0.33063667416572573,0.0003548264503479004,0.06902551651000977
419,350,0.33028364777565,0.000353026390075728,0.07602715492248535
420,350,0.3299316823482513,0.00035196542739868164,0.07302474975585938
421,350,0.3295813798904419,0.00035030245780942604,0.0660243034362793
422,350,0.32923259139060973,0.0003487884998321644,0.06102180480957031
423,350,0.32888532280921934,0.00034726858139039196,0.06402301788330078
424,350,0.32853942215442655,0.00034590065479278564,0.06002044677734375
425,350,0.3281957358121872,0.0003436863422393577,0.06402254104614258
426,350,0.3278531789779663,0.00034255683422090843,0.05501985549926758
427,350,0.32751205265522004,0.00034112632274624355,0.06302332878112793
428,350,0.32717207372188567,0.0003399789333343728,0.053017616271972656
429,350,0.32683372497558594,0.00033834874629973255,0.06302332878112793
430,350,0.3264967441558838,0.00033698081970212623,0.07102417945861816
431,350,0.326161253452301,0.000335490703582797,0.06902503967285156
432,350,0.32582730054855347,0.0003339529037475475,0.06002068519592285
433,350,0.32549474835395814,0.0003325521945953258,0.06402277946472168
434,350,0.3251636683940887,0.00033107995986941807,0.05501914024353027
435,350,0.32483392059803007,0.0003297477960586548,0.05702090263366699
436,350,0.32450540363788605,0.00032851696014402076,0.058020591735839844
437,350,0.32417814433574677,0.0003272593021392822,0.0590207576751709
438,350,0.32385195791721344,0.0003261864185333252,0.06102156639099121
439,350,0.3235271215438843,0.0003248363733291404,0.05401921272277832
440,350,0.3232035577297211,0.000323563814163208,0.06502318382263184
441,350,0.32288127243518827,0.0003222852945328203,0.06002163887023926
442,350,0.3225603222846985,0.0003209501504897738,0.061020612716674805
443,350,0.3222405999898911,0.000319722294807423,0.0570216178894043
444,350,0.32192179560661316,0.00031880438327791527,0.06202101707458496
445,350,0.3216041624546051,0.00031763315200805664,0.06902480125427246
446,350,0.32128800451755524,0.0003161579370498657,0.07602643966674805
447,350,0.3209731787443161,0.00031482577323915795,0.07602715492248535
448,350,0.32065952122211455,0.000313657522201527,0.07702827453613281
449,350,0.3203466713428497,0.00031284987926483154,0.06302189826965332
450,350,0.32003518640995027,0.0003114849328994529,0.053018808364868164
451,350,0.3197248488664627,0.00031033754348758213,0.06702351570129395
452,350,0.31941587626934054,0.000308972597122148,0.0590207576751709
453,350,0.3191078454256058,0.0003080308437347634,0.06302189826965332
454,350,0.31880108416080477,0.0003067612648010032,0.06302356719970703
455,350,0.31849550604820254,0.0003055781126022339,0.06302237510681152
456,350,0.31819107830524446,0.00030442774295807995,0.06102108955383301
457,350,0.31788777410984037,0.00030330419540408604,0.05801987648010254
458,350,0.3175857275724411,0.000302046537399292,0.06002163887023926
459,350,0.3172845482826233,0.00030117928981776565,0.05501961708068848
460,350,0.3169844657182693,0.0003000825643539873,0.05801987648010254
461,350,0.31668574213981626,0.00029872357845306396,0.06002235412597656
462,350,0.3163879930973053,0.000297749042510953,0.05802035331726074
463,350,0.31609123647212983,0.0002967566251754761,0.055019378662109375
464,350,0.3157957077026367,0.00029552876949312523,0.05702018737792969
465,350,0.3155012637376785,0.000294443964958202,0.05401921272277832
466,350,0.31520771980285645,0.0002935439348220603,0.06502318382263184
467,350,0.31491529643535615,0.0002924233675002941,0.05601930618286133
468,350,0.3146241128444672,0.00029118359088897705,0.053019046783447266
469,350,0.3143338322639465,0.0002902805805206632,0.057019948959350586
470,350,0.31404473185539244,0.00028910040855406605,0.05802202224731445
471,350,0.31375632584095003,0.00028840601444241054,0.0500178337097168
472,350,0.31346897780895233,0.00028734803199770287,0.05701875686645508
473,350,0.31318248212337496,0.0002864956855773704,0.05401921272277832
474,350,0.31289683282375336,0.00028564929962160424,0.06402277946472168
475,350,0.3126120984554291,0.0002847343683242687,0.061022043228149414
476,350,0.3123281955718994,0.0002839028835296964,0.05301856994628906
477,350,0.3120452672243118,0.00028292834758758545,0.0590207576751709
478,350,0.3117635041475296,0.00028176307678218215,0.05702042579650879
479,350,0.31148271858692167,0.00028078556060795457,0.05802011489868164
480,350,0.3112025588750839,0.00028015971183775745,0.06502318382263184
481,350,0.3109233558177948,0.00027920305728912354,0.06702327728271484
482,350,0.31064502000808714,0.0002783358097076527,0.07402658462524414
483,350,0.31036766767501833,0.00027735233306880325,0.06102252006530762
484,350,0.310091233253479,0.00027643442153935105,0.05101752281188965
485,350,0.3098157852888107,0.0002754479646682739,0.06102180480957031
486,350,0.30954105854034425,0.0002747267484664584,0.06202125549316406
487,350,0.3092673927545547,0.00027366578578952305,0.05401897430419922
488,350,0.3089946746826172,0.0002727180719375166,0.05802106857299805
489,350,0.3087228715419769,0.0002718031406402921,0.06002163887023926
490,350,0.30845186710357664,0.00027100443840027966,0.05701923370361328
491,350,0.3081817626953125,0.00027010440826413795,0.05502033233642578
492,350,0.30791257321834564,0.0002691894769668579,0.058020591735839844
493,350,0.3076440870761871,0.0002684861421585194,0.050017356872558594
494,350,0.307376629114151,0.0002674579620361439,0.05802154541015625
495,350,0.30710993707180023,0.00026669204235074684,0.04901599884033203
496,350,0.30684417188167573,0.0002657651901245006,0.059021711349487305
497,350,0.30657910704612734,0.0002650648355483898,0.0660240650177002
498,350,0.30631490647792814,0.0002642005681992021,0.06202125549316406
499,350,0.30605151057243346,0.00026339590549467884,0.06302285194396973
500,350,0.3057889133691788,0.0002625972032546664,0.06402230262756348
