1,410,2.300689273410373,Nan,0.06902360916137695
2,410,2.2929668161604138,0.007722457249959458,0.06402254104614258
3,410,2.2852800687154136,0.007686747445000197,0.05602073669433594
4,410,2.2774099508921304,0.007870117823283174,0.0520174503326416
5,410,2.2692566182878284,0.008153332604301955,0.07302665710449219
6,410,2.2608104017045765,0.008446216583251953,0.05501890182495117
7,410,2.2520805199941,0.008729881710476395,0.04801678657531738
8,410,2.2430617809295654,0.009018739064534653,0.05602002143859863
9,410,2.2338398032718234,0.00922197765774202,0.05101823806762695
10,410,2.224462005827162,0.009377797444661606,0.061022043228149414
11,410,2.214902745352851,0.009559260474310882,0.05802035331726074
12,410,2.205155293146769,0.009747452206081864,0.06002020835876465
13,410,2.1952185100979276,0.009936783048841491,0.06502366065979004
14,410,2.185069719950358,0.010148790147569642,0.05702042579650879
15,410,2.1746831205156116,0.010386599434746291,0.05802154541015625
16,410,2.1640230549706354,0.010660065544976227,0.061020612716674805
17,410,2.15307977464464,0.010943280325995453,0.048017263412475586
18,410,2.1418811745113797,0.01119860013326024,0.05501961708068848
19,410,2.1304332415262857,0.011447932985094056,0.05101776123046875
20,410,2.1187081072065563,0.011725134319729325,0.06602311134338379
21,410,2.1066923406389026,0.012015766567653685,0.05602002143859863
22,410,2.094374179840088,0.012318160798814759,0.060022592544555664
23,410,2.0817510816786022,0.012623098161485657,0.06202077865600586
24,410,2.0688357088300915,0.012915372848510742,0.06102180480957031
25,410,2.055618657006158,0.013217051823933623,0.05802130699157715
26,410,2.042102336883545,0.013516320122612946,0.0520176887512207
27,410,2.0282899273766413,0.013812409506903656,0.059021711349487305
28,410,2.014174395137363,0.014115532239278306,0.058020591735839844
29,410,1.9997460974587336,0.01442829767862941,0.06002187728881836
30,410,1.9849983983569675,0.014747699101766099,0.0520176887512207
31,410,1.969958742459615,0.015039655897352455,0.06502223014831543
32,410,1.9546549717585247,0.015303770701090347,0.06002163887023926
33,410,1.9391249153349135,0.01553005642361116,0.054018497467041016
34,410,1.9233827193578084,0.015742195977105133,0.05602002143859863
35,410,1.907415098614163,0.01596762074364544,0.0500180721282959
36,410,1.8912104235755072,0.016204675038655747,0.0680239200592041
37,410,1.8748052650027804,0.01640515857272673,0.04901695251464844
38,410,1.8581885761684842,0.016616688834296234,0.061022281646728516
39,410,1.8413753509521484,0.01681322521633577,0.06902480125427246
40,410,1.8243717749913533,0.01700357596079516,0.04801607131958008
41,410,1.807185451189677,0.017186323801676284,0.060021400451660156
42,410,1.7898361020618014,0.017349349127875557,0.0590205192565918
43,410,1.772336483001709,0.017499619060092453,0.061022043228149414
44,410,1.7546892298592462,0.017647253142462738,0.05201888084411621
45,410,1.73690931002299,0.017779919836256264,0.051018476486206055
46,410,1.7190006573994954,0.017908652623494614,0.0500185489654541
47,410,1.7009759081734552,0.018024749226040138,0.0680229663848877
48,410,1.6828553279240925,0.018120580249362694,0.06102275848388672
49,410,1.664638810687595,0.018216517236497642,0.05401778221130371
50,410,1.6463425821728177,0.01829622851477719,0.06702351570129395
51,410,1.6279910537931654,0.01835152837965226,0.06302213668823242
52,410,1.6096091402901544,0.018381913503010994,0.056020498275756836
53,410,1.5912115838792589,0.018397556410895577,0.056020259857177734
54,410,1.5728078683217366,0.018403715557522293,0.06202125549316406
55,410,1.5544196234809027,0.0183882448408339,0.059021949768066406
56,410,1.536052213774787,0.018367409706115723,0.05901980400085449
57,410,1.5177166726854112,0.01833554108937574,0.057021379470825195
58,410,1.4994344313939412,0.018282241291470047,0.0610201358795166
59,410,1.4812166161007352,0.018217815293205986,0.06502318382263184
60,410,1.4630831744935777,0.018133441607157463,0.05802202224731445
61,410,1.4450448486540053,0.018038325839572433,0.051017045974731445
62,410,1.427111996544732,0.0179328521092732,0.053019046783447266
63,410,1.4093044201533,0.017807576391432045,0.06302189826965332
64,410,1.3916309012307062,0.017673518922593834,0.06002211570739746
65,410,1.3741035593880548,0.017527341842651367,0.062021732330322266
66,410,1.356734381781684,0.01736917760637091,0.05501914024353027
67,410,1.3395371172163222,0.017197264565361747,0.06102156639099121
68,410,1.3225227064556546,0.017014410760667564,0.05501961708068848
69,410,1.305702222718133,0.016820483737521652,0.05301952362060547
70,410,1.289087388250563,0.01661483446757006,0.05201888084411621
71,410,1.27268558078342,0.016401807467142815,0.05301856994628906
72,410,1.2565066549513075,0.016178925832112556,0.06302142143249512
73,410,1.2405571010377672,0.01594955391354036,0.05301952362060547
74,410,1.2248440583546956,0.01571304268307161,0.06002092361450195
75,410,1.2093753682242498,0.015468690130445717,0.045015811920166016
76,410,1.1941588322321575,0.015216535992092384,0.06302213668823242
77,410,1.179199708832635,0.014959123399522545,0.061022043228149414
78,410,1.1644985675811768,0.01470114125145816,0.05702090263366699
79,410,1.150060945087009,0.014437622494167801,0.06402158737182617
80,410,1.1358873049418132,0.014173640145195732,0.06702351570129395
81,410,1.1219779915279813,0.013909313413831947,0.05902099609375
82,410,1.1083360645506117,0.013641926977369545,0.058022260665893555
83,410,1.0949611398908827,0.013374924659729004,0.05801868438720703
84,410,1.0818546877966986,0.013106452094184151,0.06302261352539062
85,410,1.0690160989761353,0.012838588820563324,0.05902218818664551
86,410,1.0564415454864502,0.012574553489685059,0.051017045974731445
87,410,1.0441306829452515,0.01231086254119873,0.06002187728881836
88,410,1.0320799085828993,0.012050774362352135,0.06502270698547363
89,410,1.0202868315908644,0.011793076992034912,0.057019948959350586
90,410,1.0087475379308064,0.011539293660058014,0.05602002143859863
91,410,0.9974594844712151,0.011288053459591274,0.06102108955383301
92,410,0.9864191346698337,0.011040349801381466,0.04901766777038574
93,410,0.9756226738293966,0.010796460840437061,0.0660245418548584
94,410,0.9650656580924988,0.010557015736897823,0.06502199172973633
95,410,0.9547425972090827,0.010323060883416058,0.058020591735839844
96,410,0.9446497294637892,0.010092867745293499,0.06702399253845215
97,410,0.93478305472268,0.00986667474110925,0.06602358818054199
98,410,0.9251378377278646,0.009645216994815353,0.06002020835876465
99,410,0.9157084359063042,0.00942940182156038,0.06002187728881836
100,410,0.9064916769663492,0.009216758939954994,0.04701662063598633
101,410,0.8974808851877848,0.009010791778564453,0.08002924919128418
102,410,0.8886715571085612,0.008809328079223633,0.07202482223510742
103,410,0.8800595733854506,0.008611983723110561,0.0590205192565918
104,410,0.8716411060757108,0.00841846730973983,0.05201840400695801
105,410,0.8634098172187805,0.008231288856930252,0.0590214729309082
106,410,0.8553608788384331,0.00804893838034737,0.06102132797241211
107,410,0.8474894894493951,0.007871389389038086,0.051018714904785156
108,410,0.8397922184732225,0.0076972709761725655,0.06402254104614258
109,410,0.832263191541036,0.007529026932186489,0.06102180480957031
110,410,0.8248984548780653,0.007364736662970661,0.054019927978515625
111,410,0.8176950746112399,0.007203380266825432,0.04701542854309082
112,410,0.810647275712755,0.007047798898484947,0.05401968955993652
113,410,0.8037520183457268,0.006895257367028118,0.05601978302001953
114,410,0.7970047990481058,0.00674721929762101,0.05802035331726074
115,410,0.7904021739959717,0.006602625052134159,0.05301856994628906
116,410,0.783939798672994,0.006462375322977665,0.06202197074890137
117,410,0.7776135206222534,0.006326278050740597,0.06502342224121094
118,410,0.7714200152291192,0.006193505393134235,0.05601978302001953
119,410,0.7653550505638123,0.006064964665306927,0.057019710540771484
120,410,0.759416659673055,0.005938390890757206,0.05601978302001953
121,410,0.7536010079913669,0.005815651681688183,0.056020259857177734
122,410,0.7479047841495938,0.00569622384177304,0.05401897430419922
123,410,0.7423252595795525,0.005579524570041294,0.05101919174194336
124,410,0.7368574738502502,0.005467785729302288,0.05301928520202637
125,410,0.7314994401401944,0.005358033710055832,0.05101656913757324
126,410,0.7262483371628655,0.005251102977328892,0.04901766777038574
127,410,0.7211010985904269,0.005147238572438595,0.0660238265991211
128,410,0.7160540752940707,0.005047023296356201,0.04801654815673828
129,410,0.7111053135659959,0.004948761728074791,0.048017263412475586
130,410,0.7062521179517111,0.0048531956142848776,0.05802035331726074
131,410,0.7014920777744718,0.0047600401772393,0.06902527809143066
132,410,0.6968224247296652,0.004669653044806599,0.060021400451660156
133,410,0.6922413574324714,0.004581067297193764,0.047016143798828125
134,410,0.6877459817462497,0.004495375686221714,0.062021732330322266
135,410,0.6833346022499932,0.004411379496256473,0.058020591735839844
136,410,0.6790050996674432,0.004329502582550049,0.06102132797241211
137,410,0.6747547388076782,0.0042503608597649345,0.05802035331726074
138,410,0.6705817249086168,0.00417301389906144,0.05501961708068848
139,410,0.666483912203047,0.004097812705569748,0.06202220916748047
140,410,0.662458512518141,0.004025399684906006,0.06002068519592285
141,410,0.658504757616255,0.003953754901885986,0.06202244758605957
142,410,0.6546213428179423,0.0038834147983127787,0.06002163887023926
143,410,0.6508062680562338,0.0038150747617085035,0.05301785469055176
144,410,0.6470573875639174,0.0037488804923163643,0.05802106857299805
145,410,0.6433722244368659,0.0036851631270514718,0.050017595291137695
146,410,0.6397498316235013,0.0036223928133646277,0.04701805114746094
147,410,0.6361888845761617,0.0035609470473395577,0.05801987648010254
148,410,0.6326878600650363,0.003501024511125439,0.06302142143249512
149,410,0.6292454269197252,0.003442433145311119,0.06202268600463867
150,410,0.6258601148923238,0.0033853120274013326,0.05802130699157715
151,410,0.6225307053989835,0.003329409493340374,0.06002068519592285
152,410,0.6192550261815389,0.003275679217444538,0.0590205192565918
153,410,0.61603268649843,0.0032223396831089213,0.056020259857177734
154,410,0.6128617392645942,0.003170947233835819,0.060021400451660156
155,410,0.6097412705421448,0.003120468722449421,0.054019927978515625
156,410,0.6066700220108032,0.0030712485313415527,0.06302189826965332
157,410,0.6036471260918511,0.0030228959189521065,0.053017616271972656
158,410,0.6006709271007113,0.002976198991139767,0.04701733589172363
159,410,0.5977403786447313,0.0029305484559800643,0.06502294540405273
160,410,0.5948547058635287,0.002885672781202553,0.06502318382263184
161,410,0.5920134716563754,0.0028412342071533203,0.06602287292480469
162,410,0.5892153051164415,0.0027981665399339217,0.061022043228149414
163,410,0.586458875073327,0.002756430043114544,0.052018165588378906
164,410,0.5837437841627333,0.0027150909105936316,0.06102156639099121
165,410,0.581069118446774,0.0026746657159593124,0.05401945114135742
166,410,0.578433612982432,0.0026355054643419917,0.057019948959350586
167,410,0.5758364399274191,0.002597173055012947,0.05802106857299805
168,410,0.5732762217521667,0.0025602181752523157,0.06002187728881836
169,410,0.570752826001909,0.0025233957502577287,0.0520169734954834
170,410,0.5682650605837504,0.0024877654181586495,0.055019378662109375
171,410,0.5658125546243455,0.002452505959404827,0.06202244758605957
172,410,0.5633944670359293,0.002418087588416218,0.058020591735839844
173,410,0.5610098507669237,0.002384616269005657,0.058020591735839844
174,410,0.5586585534943475,0.002351297272576214,0.04901766777038574
175,410,0.5563388930426704,0.002319660451677086,0.05601906776428223
176,410,0.5540509025255839,0.0022879905170865023,0.06402277946472168
177,410,0.5517935752868652,0.0022573272387186316,0.05301833152770996
178,410,0.5495664609803094,0.0022271143065558663,0.06602334976196289
179,410,0.5473686059316,0.002197855048709396,0.06102132797241211
180,410,0.5451991558074951,0.0021694501241048547,0.057019710540771484
181,410,0.5430582033263313,0.0021409524811638603,0.06702399253845215
182,410,0.540945010052787,0.0021131932735443115,0.059020280838012695
183,410,0.5388589766290452,0.0020860334237416955,0.05802106857299805
184,410,0.5368000732527839,0.0020589033762613562,0.0660243034362793
185,410,0.5347678197754754,0.00203225347730851,0.05101776123046875
186,410,0.5327610572179159,0.002006762557559494,0.06202125549316406
187,410,0.5307797855801053,0.001981271637810589,0.056020498275756836
188,410,0.5288238823413849,0.0019559032387204134,0.062021493911743164
189,410,0.5268922547499338,0.0019316275914510461,0.04601597785949707
190,410,0.5249848895602756,0.0019073651896582833,0.05401921272277832
191,410,0.5231010748280419,0.0018838147322336463,0.05802130699157715
192,410,0.5212397774060568,0.001861297421985153,0.05301928520202637
193,410,0.5194010701444414,0.001838707261615391,0.061020612716674805
194,410,0.5175846980677711,0.0018163720766702918,0.05201840400695801
195,410,0.515789614783393,0.0017950832843780518,0.05401945114135742
196,410,0.5140157971117232,0.0017738176716698417,0.050017356872558594
197,410,0.5122631887594858,0.0017526083522373392,0.06102156639099121
198,410,0.510530925459332,0.0017322633001538579,0.05201888084411621
199,410,0.5088191231091818,0.0017118023501502266,0.05501961708068848
200,410,0.5071275995837318,0.0016915235254499894,0.05902099609375
201,410,0.5054551925924089,0.0016724069913228723,0.06002068519592285
202,410,0.5038018226623535,0.0016533699300553817,0.05402016639709473
203,410,0.5021672182612948,0.0016346044010586702,0.0590205192565918
204,410,0.5005513727664948,0.0016158454948000944,0.05101728439331055
205,410,0.4989531371328566,0.0015982356336381454,0.055019378662109375
206,410,0.49737240539656746,0.0015807317362891427,0.05602002143859863
207,410,0.4958091742462582,0.0015632311503092633,0.056020498275756836
208,410,0.4942631820837657,0.0015459921624925155,0.06502294540405273
209,410,0.49273373352156746,0.0015294485621982212,0.06602287292480469
210,410,0.49122076564364964,0.0015129678779178257,0.05301928520202637
211,410,0.4897244936890072,0.0014962719546424141,0.05702018737792969
212,410,0.4882439474264781,0.0014805462625291366,0.06702375411987305
213,410,0.4867788685692681,0.0014650788572099782,0.054019927978515625
214,410,0.48532945579952663,0.001449412769741476,0.052017927169799805
215,410,0.4838951726754506,0.0014342831240760079,0.057019948959350586
216,410,0.48247597283787197,0.0014191998375786552,0.05201840400695801
217,410,0.481071670850118,0.0014043019877539864,0.0520176887512207
218,410,0.4796818991502126,0.0013897716999053955,0.061022043228149414
219,410,0.4783063564035628,0.001375542746649805,0.057021141052246094
220,410,0.4769448439280192,0.0013615124755435581,0.0610203742980957
221,410,0.47559728887346053,0.0013475550545586912,0.06002187728881836
222,410,0.474263028966056,0.0013342599074045447,0.061022281646728516
223,410,0.47294224633110893,0.0013207826349470597,0.0590207576751709
224,410,0.47163475553194684,0.001307490799162092,0.06302213668823242
225,410,0.47033993071979946,0.001294824812147377,0.06102132797241211
226,410,0.4690580765406291,0.001281854179170372,0.04701709747314453
227,410,0.4677886664867401,0.0012694100538889752,0.05001664161682129
228,410,0.4665316806899177,0.0012569857968224296,0.05602073669433594
229,410,0.46528716219796074,0.0012445184919569474,0.06602287292480469
230,410,0.46405483616722953,0.0012323260307312012,0.06102275848388672
231,410,0.46283437146080864,0.0012204647064208984,0.06202101707458496
232,410,0.4616257581445906,0.0012086133162180213,0.06502318382263184
233,410,0.4604287114408281,0.0011970467037625276,0.057019710540771484
234,410,0.4592430889606476,0.0011856224801805038,0.0590212345123291
235,410,0.4580683145258162,0.0011747744348313827,0.05301856994628906
236,410,0.4569047623210483,0.0011635522047678815,0.05702090263366699
237,410,0.45575193895234,0.0011528233687083111,0.053019046783447266
238,410,0.45461000005404156,0.0011419388982984446,0.3361189365386963
239,410,0.4534783661365509,0.0011316339174906598,0.0680234432220459
240,410,0.4523572590616014,0.0011211070749495011,0.06702470779418945
241,410,0.4512464768356747,0.0011107822259266986,0.05401802062988281
242,410,0.45014552937613594,0.0011009474595387592,0.05802154541015625
243,410,0.4490550657113393,0.0010904636647966481,0.057019710540771484
244,410,0.44797445005840725,0.0010806156529320488,0.058020591735839844
245,410,0.4469034837351905,0.0010709663232167377,0.06902503967285156
246,410,0.4458419779936473,0.0010615057415432338,0.0520174503326416
247,410,0.4447904924551646,0.001051485538482666,0.06202244758605957
248,410,0.4437478383382161,0.0010426541169484826,0.05702066421508789
249,410,0.4427141580316756,0.001033680306540552,0.054018497467041016
250,410,0.4416901071866353,0.0010240508450402586,0.06402277946472168
251,410,0.4406745731830597,0.0010155340035756244,0.05902099609375
252,410,0.43966809577412075,0.0010064774089389439,0.06302332878112793
253,410,0.4386704166730245,0.0009976791010962716,0.06302213668823242
254,410,0.43768107891082764,0.0009893377621968402,0.054018497467041016
255,410,0.43669995334413314,0.0009811255666944962,0.062021732330322266
256,410,0.4357272618346744,0.000972691509458723,0.05501961708068848
257,410,0.434762653377321,0.0009646084573534108,0.0590205192565918
258,410,0.43380601538552177,0.0009566379917992363,0.05401897430419922
259,410,0.4328573743502299,0.0009486410352918528,0.058022260665893555
260,410,0.43191613422499764,0.0009412401252322788,0.05501842498779297
261,410,0.4309825400511424,0.0009335941738552456,0.06602287292480469
262,410,0.4300556845135159,0.0009268555376265031,0.0590212345123291
263,410,0.42913692858484054,0.0009187559286753522,0.06102180480957031
264,410,0.42822591132587856,0.0009110172589619769,0.04601716995239258
265,410,0.4273221227857802,0.0009037885400983714,0.05801963806152344
266,410,0.42642572191026473,0.0008964008755154573,0.048017024993896484
267,410,0.42553626497586566,0.0008894569343990688,0.05201840400695801
268,410,0.4246539572874705,0.0008823076883951453,0.055019378662109375
269,410,0.42377866639031303,0.000875290897157488,0.05602002143859863
270,410,0.4229101803567674,0.0008684860335456124,0.07702779769897461
271,410,0.42204861177338493,0.0008615685833824882,0.07502579689025879
272,410,0.4211939937538571,0.000854618019527853,0.060021400451660156
273,410,0.42034511433707344,0.0008488794167836322,0.05101895332336426
274,410,0.4195028245449066,0.0008422897921668282,0.05701923370361328
275,410,0.41866705152723527,0.0008357730176713485,0.051018714904785156
276,410,0.41783764958381653,0.0008294019434187394,0.04901742935180664
277,410,0.4170144697030385,0.0008231798807780133,0.05101823806762695
278,410,0.41619740260971916,0.0008170670933193569,0.06402206420898438
279,410,0.4153866668542226,0.0008107357554965611,0.0660240650177002
280,410,0.41458195447921753,0.0008047123750050678,0.05701947212219238
281,410,0.41378316945499843,0.0007987850242190953,0.062021732330322266
282,410,0.4129904905954997,0.0007926788594987411,0.06302356719970703
283,410,0.4122037755118476,0.0007867150836520787,0.05501842498779297
284,410,0.4114228818151686,0.000780893696678997,0.05802106857299805
285,410,0.41064754790729946,0.0007753339078691579,0.058020830154418945
286,410,0.4098777340518104,0.0007698138554890765,0.05601954460144043
287,410,0.40911320183012223,0.0007645322216881523,0.05902099609375
288,410,0.4083544181452857,0.0007587836848365059,0.0680234432220459
289,410,0.4076012505425347,0.0007531676027510148,0.05802154541015625
290,410,0.4068532321188185,0.0007480184237161902,0.056018829345703125
291,410,0.40611059798134697,0.0007426341374715539,0.05201840400695801
292,410,0.4053729640112983,0.0007376339700486678,0.0680243968963623
293,410,0.40464074081844753,0.0007322231928507672,0.06302332878112793
294,410,0.4039137330320146,0.0007270077864329205,0.062021493911743164
295,410,0.403191927406523,0.0007218056254916227,0.05502009391784668
296,410,0.4024752510918511,0.0007166763146718713,0.05601906776428223
297,410,0.4017630186345842,0.0007122324572669259,0.05501985549926758
298,410,0.4010558757517073,0.0007071428828768767,0.05802106857299805
299,410,0.40035340521070695,0.0007024705410003662,0.06202197074890137
300,410,0.39965593814849854,0.0006974670622084123,0.05101823806762695
301,410,0.3989628288480971,0.000693109300401451,0.06002068519592285
302,410,0.3982745144102309,0.0006883144378662109,0.05401921272277832
303,410,0.3975909882121616,0.0006835261980692731,0.06402230262756348
304,410,0.39691198534435695,0.0006790028678046456,0.06502318382263184
305,410,0.3962371614244249,0.000674823919932066,0.04601621627807617
306,410,0.395566936996248,0.0006702244281768799,0.05401921272277832
307,410,0.39490143126911587,0.000665505727132143,0.055019378662109375
308,410,0.39423996541235184,0.0006614658567640208,0.05902099609375
309,410,0.393582734796736,0.0006572306156158447,0.055019378662109375
310,410,0.39292995466126335,0.0006527801354726526,0.06202197074890137
311,410,0.39228126737806535,0.0006486872831980017,0.05702018737792969
312,410,0.3916368352042304,0.000644432173834919,0.05101799964904785
313,410,0.3909965819782681,0.0006402532259623395,0.05601978302001953
314,410,0.39036042822731865,0.0006361537509494419,0.06602358818054199
315,410,0.3897283640172746,0.0006320642100440255,0.058020591735839844
316,410,0.389100581407547,0.0006277826097276229,0.05902099609375
317,410,0.3884766962793138,0.0006238851282331925,0.061022281646728516
318,410,0.3878570861286587,0.0006196101506550922,0.06202101707458496
319,410,0.38724135359128314,0.0006157325373755684,0.04901742935180664
320,410,0.38662940594885087,0.0006119476424322756,0.05401897430419922
321,410,0.38602132598559064,0.000608079963260233,0.054019927978515625
322,410,0.3854169216420915,0.0006044043434991209,0.06602311134338379
323,410,0.3848157425721486,0.000601179069942892,0.0590207576751709
324,410,0.38421862655215794,0.0005971160199906844,0.053018808364868164
325,410,0.38362490468555027,0.000593721866607666,0.06502294540405273
326,410,0.3830348749955495,0.0005900296900007707,0.06402301788330078
327,410,0.38244849774572587,0.000586377249823633,0.0680243968963623
328,410,0.3818654649787479,0.0005830327669779645,0.05501961708068848
329,410,0.38128553496466744,0.0005799300140804653,0.06202244758605957
330,410,0.38070899910397,0.0005765358606974469,0.06002092361450195
331,410,0.38013608588112724,0.0005729132228427525,0.05601930618286133
332,410,0.3795663052135044,0.0005697806676228656,0.05601954460144043
333,410,0.3789998922083113,0.000566413005193056,0.05401921272277832
334,410,0.3784368336200714,0.0005630585882399064,0.05602002143859863
335,410,0.3778773115740882,0.0005595220459831962,0.05602002143859863
336,410,0.3773208326763577,0.0005564788977305279,0.06002092361450195
337,410,0.3767676022317674,0.0005532304445902692,0.06002163887023926
338,410,0.3762175407674577,0.0005500614643096924,0.04801750183105469
339,410,0.3756707145108117,0.000546826256646038,0.06002020835876465
340,410,0.37512703405486214,0.0005436804559495467,0.06902480125427246
341,410,0.37458667821354336,0.0005403558413187848,0.057019948959350586
342,410,0.37404941850238377,0.0005372597111595878,0.05702042579650879
343,410,0.3735152284304301,0.0005341900719536552,0.05301856994628906
344,410,0.3729841046863132,0.0005311237441169014,0.058020830154418945
345,410,0.3724557360013326,0.0005283686849806291,0.04901695251464844
346,410,0.3719302283393012,0.0005255076620313548,0.049017906188964844
347,410,0.3714074128203922,0.0005228155189090367,0.05902099609375
348,410,0.37088772985670304,0.0005196829636891498,0.06402301788330078
349,410,0.370370970831977,0.0005167590247260323,0.05601954460144043
350,410,0.36985696024364895,0.0005140105883280621,0.054018497467041016
351,410,0.36934587690565324,0.0005110833379957103,0.05802178382873535
352,410,0.3688376016087002,0.0005082752969530202,0.05201888084411621
353,410,0.3683319820298089,0.0005056195788913365,0.053017377853393555
354,410,0.3678291042645772,0.0005028777652316685,0.06202220916748047
355,410,0.36732902460628086,0.0005000796582963485,0.052018165588378906
356,410,0.36683159404330784,0.0004974305629730225,0.06202244758605957
357,410,0.3663366933663686,0.0004949006769392472,0.05401921272277832
358,410,0.3658447033829159,0.0004919899834526786,0.05401873588562012
359,410,0.3653551671240065,0.0004895362589094066,0.053019046783447266
360,410,0.3648683726787567,0.0004867944452497941,0.05802035331726074
361,410,0.3643846313158671,0.00048374136288958924,0.05802106857299805
362,410,0.3639034463299645,0.00048118498590260517,0.051018476486206055
363,410,0.3634248905711704,0.00047855575879413026,0.06002044677734375
364,410,0.3629487587345971,0.0004761318365733014,0.05301856994628906
365,410,0.3624751501613193,0.00047360857327777284,0.04901742935180664
366,410,0.3620039191510942,0.00047123101022511493,0.05401921272277832
367,410,0.36153510875172085,0.0004688103993733539,0.05602097511291504
368,410,0.3610687620109982,0.00046634674072265625,0.052017927169799805
369,410,0.36060501138369244,0.0004637506273057479,0.04801678657531738
370,410,0.3601435290442573,0.0004614823394351597,0.05902218818664551
371,410,0.35968456003401017,0.00045896901024711223,0.06402111053466797
372,410,0.3592279288503859,0.0004566311836242676,0.056020259857177734
373,410,0.3587736288706462,0.00045429997973972513,0.0680241584777832
374,410,0.35832176936997306,0.000451859500673113,0.06502270698547363
375,410,0.3578718403975169,0.0004499289724561595,0.06402301788330078
376,410,0.35742432210180497,0.000447518295711935,0.054018259048461914
377,410,0.3569791217645009,0.0004452003373040525,0.05402064323425293
378,410,0.35653597116470337,0.00044315059979754823,0.06402230262756348
379,410,0.35609491335021126,0.00044105781449210735,0.05201911926269531
380,410,0.35565650794241166,0.00043840540779960246,0.05501842498779297
381,410,0.35521988073984784,0.0004366272025638218,0.06302189826965332
382,410,0.35478557811843026,0.0004343026214175816,0.05501985549926758
383,410,0.354353408018748,0.00043217009968227194,0.0590214729309082
384,410,0.35392306910620797,0.0004303389125400181,0.06202220916748047
385,410,0.35349493887689376,0.0004281302293142053,0.05001711845397949
386,410,0.3530689775943756,0.00042596128251815024,0.049017906188964844
387,410,0.3526449269718594,0.0004240506225162144,0.05601906776428223
388,410,0.35222254196802777,0.0004223850038316268,0.06402349472045898
389,410,0.35180294182565475,0.00041960014237302223,0.06202197074890137
390,410,0.3513847953743405,0.00041814645131427186,0.059020280838012695
391,410,0.350968384080463,0.0004164112938774833,0.06002092361450195
392,410,0.35055386688974166,0.00041451719072133075,0.06302237510681152
393,410,0.35014137294557357,0.0004124939441680908,0.06102180480957031
394,410,0.34973100821177167,0.0004103647338019045,0.06102252006530762
395,410,0.3493226302994622,0.0004083779123094655,0.054018259048461914
396,410,0.3489159444967906,0.0004066858026716136,0.05301928520202637
397,410,0.3485111693541209,0.00040477514266967773,0.054018497467041016
398,410,0.3481084638171726,0.00040270553694832234,0.05502033233642578
399,410,0.3477076093355815,0.00040085448159110637,0.05802011489868164
400,410,0.3473086655139923,0.0003989438215891705,0.05802035331726074
401,410,0.34691132770644295,0.0003973378075493583,0.0520174503326416
402,410,0.3465156488948398,0.00039567881160312846,0.05301856994628906
403,410,0.3461219337251451,0.0003937151696947194,0.06002211570739746
404,410,0.3457300795449151,0.0003918541802300224,0.05801963806152344
405,410,0.3453398711151547,0.00039020842976039694,0.06402325630187988
406,410,0.34495146407021415,0.0003884070449405308,0.07102417945861816
407,410,0.3445646001232995,0.00038686394691467285,0.05101823806762695
408,410,0.3441796402136485,0.0003849599096509837,0.05301856994628906
409,410,0.34379634261131287,0.0003832976023356305,0.06502366065979004
410,410,0.3434147106276618,0.0003816319836510429,0.05201888084411621
411,410,0.343034995926751,0.00037971470091080484,0.056018829345703125
412,410,0.34265688723988,0.00037810868687099264,0.05601978302001953
413,410,0.3422803415192498,0.00037654572063022806,0.05802035331726074
414,410,0.3419053918785519,0.00037494964069789694,0.06702399253845215
415,410,0.341532352897856,0.0003730389806959056,0.059021949768066406
416,410,0.3411606616444058,0.0003716912534502126,0.0630333423614502
417,410,0.3407905962732103,0.00037006537119549376,0.05900931358337402
418,410,0.34042229917314315,0.00036829710006713867,0.0520176887512207
419,410,0.3400556809372372,0.00036661823590594667,0.06102156639099121
420,410,0.33969028128518,0.00036539965205723,0.05702042579650879
421,410,0.33932647440168595,0.00036380688349402224,0.06302261352539062
422,410,0.33896399868859184,0.00036247571309411253,0.05602121353149414
423,410,0.3386029733551873,0.000361025333404541,0.061020612716674805
424,410,0.3382437162929111,0.0003592570622761859,0.06202292442321777
425,410,0.3378859890831841,0.0003577272097269879,0.05901956558227539
426,410,0.3375297486782074,0.0003562404049767265,0.057021141052246094
427,410,0.3371751010417938,0.0003546476364135742,0.05602002143859863
428,410,0.33682187729411656,0.00035322374767726705,0.05802035331726074
429,410,0.33647013041708207,0.0003517468770344867,0.06302142143249512
430,410,0.33611977100372314,0.00035035941335892495,0.05202031135559082
431,410,0.3357708586586846,0.0003489123450385323,0.05301690101623535
432,410,0.3354234927230411,0.0003473659356434955,0.05501961708068848
433,410,0.3350774380895827,0.0003460546334584369,0.05902099609375
434,410,0.3347329729133182,0.0003444651762644635,0.051018714904785156
435,410,0.33438997798495823,0.00034299492835998535,0.05301809310913086
436,410,0.33404823475413853,0.00034174323081970215,0.06702375411987305
437,410,0.3337079452143775,0.0003402895397610073,0.06302309036254883
438,410,0.33336904644966125,0.0003388987647162667,0.05501890182495117
439,410,0.333031478855345,0.00033756759431624594,0.06402206420898438
440,410,0.33269508679707843,0.0003363920582665769,0.06402420997619629
441,410,0.3323604961236318,0.0003345906734466553,0.06302118301391602
442,410,0.3320271207226647,0.000333375400967062,0.05802130699157715
443,410,0.33169494072596234,0.0003321799967023753,0.0680239200592041
444,410,0.3313643799887763,0.0003305607371860142,0.0750272274017334
445,410,0.331034842464659,0.0003295375241173515,0.04801678657531738
446,410,0.33070670233832467,0.00032814012633430867,0.04801750183105469
447,410,0.3303798602686988,0.0003268420696258545,0.06502175331115723
448,410,0.33005396525065106,0.00032589501804775045,0.060021400451660156
449,410,0.32972942458258736,0.00032454066806369974,0.05702018737792969
450,410,0.32940629455778336,0.000323130024803997,0.060021162033081055
451,410,0.3290845486852858,0.0003217458724975586,0.05401921272277832
452,410,0.32876401477389866,0.00032053391138714415,0.052019357681274414
453,410,0.3284447060690986,0.0003193087048000698,0.053017616271972656
454,410,0.3281266192595164,0.0003180868095821743,0.05101895332336426
455,410,0.3278095887766944,0.0003170304828220005,0.05501842498779297
456,410,0.32749392257796395,0.00031566619873046875,0.05401968955993652
457,410,0.3271794319152832,0.0003144906626807442,0.05502009391784668
458,410,0.3268660141362084,0.0003134177790747872,0.05101776123046875
459,410,0.32655391428205705,0.00031209985415137087,0.04901719093322754
460,410,0.3262428409523434,0.0003110733297136403,0.057021141052246094
461,410,0.32593299945195514,0.00030984150038826375,0.05301833152770996
462,410,0.32562439640363056,0.00030860304832458496,0.0680234432220459
463,410,0.32531695895724827,0.000307437446382286,0.06502294540405273
464,410,0.3250107732084062,0.0003061857488420583,0.0590212345123291
465,410,0.32470560404989457,0.0003051691585116423,0.05401897430419922
466,410,0.32440152102046543,0.00030408302942913634,0.057021141052246094
467,410,0.32409849100642735,0.00030303001403808594,0.0520172119140625
468,410,0.323796636528439,0.0003018544779883614,0.0590212345123291
469,410,0.3234960039456685,0.0003006325827704659,0.06102108955383301
470,410,0.32319607668452793,0.00029992726114058677,0.05702090263366699
471,410,0.32289747065967983,0.0002986060248481026,0.04901742935180664
472,410,0.32259989778200787,0.00029757287767195884,0.05501890182495117
473,410,0.3223036693202125,0.0002962284617953892,0.05401873588562012
474,410,0.3220082223415375,0.0002954469786750069,0.05702066421508789
475,410,0.32171403368314105,0.0002941886583964215,0.056020259857177734
476,410,0.3214206397533417,0.0002933939297993793,0.05902099609375
477,410,0.3211284445391761,0.00029219521416556926,0.05101823806762695
478,410,0.3208373586336772,0.0002910859054989223,0.0590207576751709
479,410,0.32054659724235535,0.00029076139132183654,0.061022043228149414
480,410,0.3202569517824385,0.0002896454599168319,0.05301809310913086
481,410,0.31996822357177734,0.00028872821066117105,0.048017263412475586
482,410,0.31968064109484357,0.0002875824769337787,0.05802130699157715
483,410,0.3193940553400252,0.00028658575481838033,0.05501890182495117
484,410,0.3191084663073222,0.00028558903270298197,0.060021400451660156
485,410,0.31882375809881425,0.00028470820850795553,0.060021400451660156
486,410,0.3185401227739122,0.000283635324902054,0.04901742935180664
487,410,0.3182574345005883,0.00028268827332389446,0.05601978302001953
488,410,0.31797568996747333,0.0002817445331149693,0.05101752281188965
489,410,0.3176950944794549,0.0002805954880184536,0.058020591735839844
490,410,0.31741538974973893,0.00027970472971594607,0.045015811920166016
491,410,0.3171368208196428,0.0002785689300961458,0.04901742935180664
492,410,0.31685887111557853,0.0002779497040642509,0.05301928520202637
493,410,0.31658171282874215,0.00027715828683638755,0.06602311134338379
494,410,0.3163056539164649,0.0002760589122772217,0.05501890182495117
495,410,0.3160302970144484,0.0002753569020165214,0.06402277946472168
496,410,0.3157561553849114,0.0002741416295369836,0.0590214729309082
497,410,0.31548309657308793,0.00027305881182349,0.06502270698547363
498,410,0.31521032253901166,0.000272774034076273,0.05401897430419922
499,410,0.31493890947765774,0.00027141306135392007,0.0590212345123291
500,410,0.31466834081543815,0.00027056866221958353,0.058020830154418945
