1,70,2.2799153232574465,Nan,0.0860295295715332
2,70,2.227241063117981,0.052674260139465634,0.07002544403076172
3,70,2.1666496706008913,0.06059139251708956,0.068023681640625
4,70,2.096237678527832,0.07041199207305926,0.07202506065368652
5,70,2.017398614883423,0.07883906364440918,0.06302285194396973
6,70,1.9317025089263915,0.08569610595703137,0.08002877235412598
7,70,1.8400120425224304,0.09169046640396106,0.08603096008300781
8,70,1.7445451593399048,0.09546688318252561,0.08702969551086426
9,70,1.6465953159332276,0.09794984340667723,0.0750277042388916
10,70,1.5474753403663635,0.09911997556686414,0.07102370262145996
11,70,1.449314332008362,0.09816100835800157,0.07802796363830566
12,70,1.3547850131988526,0.09452931880950932,0.06702375411987305
13,70,1.2661661696434021,0.08861884355545047,0.07302618026733398
14,70,1.1849463534355165,0.08121981620788565,0.0680239200592041
15,70,1.1116015553474425,0.07334479808807393,0.0750269889831543
16,70,1.0459777438640594,0.06562381148338314,0.07202506065368652
17,70,0.9875680422782898,0.058409701585769636,0.07102537155151367
18,70,0.9357102191448212,0.05185782313346854,0.0750265121459961
19,70,0.8896811556816101,0.04602906346321112,0.07102537155151367
20,70,0.8487540507316589,0.04092710494995122,0.07802748680114746
21,70,0.8122623872756958,0.03649166345596311,0.0680241584777832
22,70,0.779615409374237,0.03264697790145876,0.08002853393554688
23,70,0.7503143894672394,0.029301019906997627,0.15105819702148438
24,70,0.7239105892181397,0.026403800249099718,0.1560511589050293
25,70,0.7000144779682159,0.023896111249923746,0.14004945755004883
26,70,0.6782900297641754,0.021724448204040514,0.1270456314086914
27,70,0.6584601747989655,0.019829854965209948,0.12804412841796875
28,70,0.6402875816822052,0.018172593116760227,0.07502627372741699
29,70,0.623561133146286,0.016726448535919203,0.07602739334106445
30,70,0.6081020492315292,0.01545908391475681,0.08102965354919434
31,70,0.5937658458948135,0.014336203336715703,0.0680227279663086
32,70,0.5804210752248764,0.013344770669937112,0.0750267505645752
33,70,0.5679642349481583,0.012456840276718117,0.08002853393554688
34,70,0.5563121855258941,0.011652049422264166,0.07302641868591309
35,70,0.5453876930475235,0.010924492478370573,0.07002449035644531
36,70,0.5351241588592529,0.01026353418827064,0.0770270824432373
37,70,0.5254515439271927,0.009672614932060175,0.0680241584777832
38,70,0.5163199365139007,0.009131607413291998,0.07602667808532715
39,70,0.5076900398731232,0.008629896640777512,0.07002496719360352
40,70,0.4995135051012039,0.00817653477191932,0.07902836799621582
41,70,0.4917563098669052,0.007757195234298686,0.07802772521972656
42,70,0.48437874257564545,0.007377567291259768,0.0680243968963623
43,70,0.477345153093338,0.007033589482307423,0.07902765274047852
44,70,0.470641981959343,0.006703171133995045,0.07602667808532715
45,70,0.4642540431022644,0.006387938857078557,0.09203290939331055
46,70,0.458145877122879,0.006108165979385405,0.07902836799621582
47,70,0.4523051685094833,0.005840708613395695,0.08002781867980957
48,70,0.44671547949314117,0.005589689016342159,0.08002877235412598
49,70,0.4413577252626419,0.005357754230499279,0.0680234432220459
50,70,0.4362074065208435,0.0051503187417983876,0.0840299129486084
51,70,0.4312602210044861,0.004947185516357422,0.07902836799621582
52,70,0.42650181174278257,0.004758409261703511,0.07302570343017578
53,70,0.42191424608230593,0.0045875656604766335,0.09803581237792969
54,70,0.41749367356300354,0.00442057251930239,0.10903763771057129
55,70,0.4132339310646057,0.004259742498397834,0.0770268440246582
56,70,0.40912083983421327,0.0041130912303924405,0.06102275848388672
57,70,0.4051493495702744,0.003971490263938893,0.0770270824432373
58,70,0.401315056681633,0.0038342928886413996,0.07502555847167969
59,70,0.3976078110933304,0.003707245588302599,0.0840301513671875
60,70,0.39401657044887545,0.0035912406444549294,0.07802820205688477
61,70,0.3905385833978653,0.0034779870510101563,0.07402563095092773
62,70,0.38716410756111147,0.003374475836753821,0.08202958106994629
63,70,0.38388470411300657,0.0032794034481049006,0.08202958106994629
64,70,0.38070054054260255,0.0031841635704040194,0.07402563095092773
65,70,0.3776049792766571,0.0030955612659454568,0.07002449035644531
66,70,0.3745939564704895,0.003011022806167607,0.09603404998779297
67,70,0.37166040122509003,0.002933555245399455,0.0840308666229248
68,70,0.36881041288375854,0.0028499883413314886,0.07402515411376953
69,70,0.36603664100170136,0.0027737718820571855,0.08502984046936035
70,70,0.36333071112632753,0.002705929875373825,0.08503055572509766
71,70,0.3606996440887451,0.002631067037582424,0.07802796363830566
72,70,0.3581350535154343,0.002564590573310821,0.08302879333496094
73,70,0.3556276789307594,0.0025073745846748707,0.08002853393554688
74,70,0.35317114800214766,0.0024565309286117554,0.0680243968963623
75,70,0.35076730221509933,0.002403845787048331,0.07102513313293457
76,70,0.3484175455570221,0.00234975665807724,0.0750265121459961
77,70,0.3461258512735367,0.0022916942834854126,0.07602739334106445
78,70,0.3438864412903786,0.0022394099831580805,0.07802724838256836
79,70,0.34169420808553697,0.0021922332048416315,0.08102893829345703
80,70,0.33955471605062487,0.002139492034912094,0.07402610778808594
81,70,0.3374596217274666,0.0020950943231582975,0.07402706146240234
82,70,0.3354085049033165,0.002051116824150101,0.07402563095092773
83,70,0.3333986419439316,0.0020098629593848782,0.07902717590332031
84,70,0.33143190264701844,0.001966739296913156,0.07402706146240234
85,70,0.3295044508576393,0.001927451789379142,0.06902480125427246
86,70,0.32761706084012987,0.0018873900175094271,0.07402539253234863
87,70,0.325745148062706,0.0018719127774238786,0.08302927017211914
88,70,0.3239134442806244,0.001831703782081584,0.07102608680725098
89,70,0.32211299628019335,0.0018004480004310541,0.08102822303771973
90,70,0.3203445935249329,0.0017684027552604675,0.07902812957763672
91,70,0.3186011970043182,0.0017433965206146707,0.09103226661682129
92,70,0.31689216315746305,0.001709033846855168,0.07102489471435547
93,70,0.31521934002637864,0.001672823131084411,0.07802796363830566
94,70,0.3135671117901802,0.0016522282361984275,0.08002853393554688
95,70,0.3119416379928589,0.0016254737973213085,0.06402206420898438
96,70,0.3103419038653374,0.0015997341275215127,0.0930328369140625
97,70,0.3087749788165092,0.0015669250488281605,0.0750272274017334
98,70,0.3072391700744629,0.0015358087420463407,0.09803462028503418
99,70,0.3057236161828041,0.0015155538916588052,0.07902765274047852
100,70,0.3042291069030762,0.0014945092797278847,0.09203290939331055
101,70,0.30275660395622256,0.0014725029468536377,0.0840299129486084
102,70,0.30130733698606493,0.0014492669701576255,0.09403347969055176
103,70,0.29987612992525103,0.0014312070608138994,0.08002853393554688
104,70,0.2984637340903282,0.0014123958349228083,0.08703088760375977
105,70,0.2970613870024681,0.001402347087860134,0.07002472877502441
106,70,0.29567939311265945,0.0013819938898086415,0.08502984046936035
107,70,0.29432152062654493,0.0013578724861145197,0.08503079414367676
108,70,0.29297308534383776,0.0013484352827071722,0.0770263671875
109,70,0.2916380861401558,0.0013349992036819636,0.0660238265991211
110,70,0.2903199911117554,0.0013180950284004123,0.0770268440246582
111,70,0.2890173500776291,0.0013026410341263062,0.06402397155761719
112,70,0.28773775696754456,0.0012795931100845204,0.0950324535369873
113,70,0.28647745281457904,0.001260304152965519,0.07402729988098145
114,70,0.2852229043841362,0.0012545484304428145,0.0770261287689209
115,70,0.2839811044931412,0.0012417998909950434,0.0660240650177002
116,70,0.28276078402996063,0.0012203204631805464,0.08002901077270508
117,70,0.28155873030424117,0.0012020537257194652,0.08202815055847168
118,70,0.2803661826252937,0.001192547678947442,0.0750265121459961
119,70,0.27918576419353486,0.0011804184317588673,0.07102489471435547
120,70,0.278019982278347,0.0011657819151878468,0.07102537155151367
121,70,0.27686958223581315,0.0011504000425338612,0.07403874397277832
122,70,0.27573435693979265,0.0011352252960205034,0.09001922607421875
123,70,0.2746113681793213,0.001122988760471344,0.08203005790710449
124,70,0.2734989681839943,0.0011123999953270292,0.10703778266906738
125,70,0.27239940226078035,0.0010995659232139188,0.08402895927429199
126,70,0.27131643921136855,0.0010829630494118003,0.06902480125427246
127,70,0.27024380058050157,0.0010726386308669844,0.07302594184875488
128,70,0.26918548077344895,0.0010583198070526212,0.0680234432220459
129,70,0.2681361231207848,0.0010493576526641735,0.06902480125427246
130,70,0.2670986461639404,0.0010374769568443631,0.07902979850769043
131,70,0.2660754320025444,0.0010232141613960022,0.08402800559997559
132,70,0.2650590777397156,0.0010163542628288114,0.08002853393554688
133,70,0.2640534597635269,0.0010056179761886996,0.08803200721740723
134,70,0.263054778277874,0.000998681485652908,0.08803033828735352
135,70,0.2620658865571022,0.0009888917207717673,0.08603143692016602
136,70,0.26108859568834303,0.0009772908687591952,0.08803105354309082
137,70,0.26012159287929537,0.0009670028090476568,0.09103155136108398
138,70,0.2591624081134796,0.000959184765815746,0.08603024482727051
139,70,0.2582111731171608,0.0009512349963188282,0.07402753829956055
140,70,0.25726666241884233,0.0009445106983184681,0.07302522659301758
141,70,0.25633347809314727,0.0009331843256950578,0.07302641868591309
142,70,0.255408890247345,0.0009245878458022938,0.08302903175354004
143,70,0.2544991168379784,0.0009097734093665988,0.07502603530883789
144,70,0.2535918265581131,0.0009072902798653026,0.0930333137512207
145,70,0.2526945319771767,0.000897294580936403,0.07302570343017578
146,70,0.25180877655744555,0.0008857554197311268,0.09103274345397949
147,70,0.2509308886528015,0.000877887904644048,0.08202862739562988
148,70,0.2500663045048714,0.0008645841479301142,0.07402610778808594
149,70,0.24920917063951492,0.0008571338653564631,0.06502318382263184
150,70,0.24835968196392058,0.0008494886755943398,0.0840296745300293
151,70,0.2475181093811989,0.0008415725827216891,0.07602715492248535
152,70,0.24668725103139877,0.0008308583498001232,0.08002829551696777
153,70,0.24586224168539048,0.000825009346008293,0.07802772521972656
154,70,0.24504792630672456,0.0008143153786659141,0.07802724838256836
155,70,0.24423890471458434,0.0008090215921402188,0.0840301513671875
156,70,0.2434378108382225,0.0008010938763618469,0.0750265121459961
157,70,0.24264358282089232,0.000794228017330173,0.0840303897857666
158,70,0.24185343623161315,0.0007901465892791726,0.07802677154541016
159,70,0.2410728418827057,0.000780594348907454,0.08002948760986328
160,70,0.240299731194973,0.0007731106877326976,0.07102417945861816
161,70,0.23953564167022706,0.0007640895247459367,0.07802772521972656
162,70,0.23877439126372338,0.0007612504065036829,0.07602667808532715
163,70,0.23802168890833855,0.0007527023553848267,0.0750267505645752
164,70,0.23727455541491507,0.0007471334934234797,0.07202553749084473
165,70,0.23653169378638267,0.0007428616285324041,0.07802891731262207
166,70,0.23579213425517082,0.000739559531211853,0.07502579689025879
167,70,0.23505691215395927,0.0007352221012115467,0.08002877235412598
168,70,0.23432672664523124,0.0007301855087280262,0.07302546501159668
169,70,0.2336045442521572,0.0007221823930740334,0.0720376968383789
170,70,0.23288883820176123,0.0007157060503959756,0.0820169448852539
171,70,0.23217704728245736,0.000711790919303873,0.08302927017211914
172,70,0.23147098556160928,0.0007060617208480835,0.08202958106994629
173,70,0.2307686522603035,0.0007023333013057853,0.0860295295715332
174,70,0.23007008150219918,0.000698570758104311,0.08302998542785645
175,70,0.22937793657183647,0.0006921449303627092,0.068023681640625
176,70,0.2286923833191395,0.0006855532526969799,0.0840299129486084
177,70,0.22801089853048326,0.0006814847886562336,0.09003138542175293
178,70,0.22733404412865638,0.0006768544018268818,0.07702898979187012
179,70,0.22666417121887206,0.0006698729097843192,0.06402182579040527
180,70,0.2259931345283985,0.0006710366904735532,0.1020364761352539
181,70,0.22532680824398996,0.0006663262844085471,0.09203267097473145
182,70,0.22466438323259352,0.0006624250113964336,0.08202862739562988
183,70,0.22400590255856515,0.0006584806740283777,0.0770270824432373
184,70,0.2233530290424824,0.0006528735160827581,0.07702803611755371
185,70,0.22270416989922523,0.0006488591432571578,0.06902432441711426
186,70,0.22205820068717003,0.000645969212055203,0.08002805709838867
187,70,0.22142001435160638,0.0006381863355636452,0.08603024482727051
188,70,0.22078117057681085,0.0006388437747955333,0.08703088760375977
189,70,0.22015269607305527,0.0006284745037555828,0.07902836799621582
190,70,0.21952590778470038,0.0006267882883548848,0.09003162384033203
191,70,0.21889926329255105,0.0006266444921493308,0.07302641868591309
192,70,0.21828170821070672,0.0006175550818443287,0.06902408599853516
193,70,0.21766505628824234,0.0006166519224643785,0.07202577590942383
194,70,0.21705276086926462,0.0006122954189777263,0.08903098106384277
195,70,0.2164394810795784,0.0006132797896862274,0.0750272274017334
196,70,0.21583704575896262,0.0006024353206157684,0.08002781867980957
197,70,0.2152342389523983,0.0006028068065643266,0.1340484619140625
198,70,0.2146382649242878,0.0005959740281104853,0.12204337120056152
199,70,0.21404439747333526,0.000593867450952551,0.10603713989257812
200,70,0.21345096468925476,0.0005934327840804998,0.09203290939331055
201,70,0.21286012053489686,0.0005908441543578946,0.09003138542175293
202,70,0.21227617889642716,0.0005839416384696983,0.09903573989868164
203,70,0.2116926981508732,0.000583480745553977,0.09003114700317383
204,70,0.2111147229373455,0.0005779752135276761,0.0930328369140625
205,70,0.21054207548499107,0.0005726474523544411,0.09403324127197266
206,70,0.20997026816010475,0.0005718073248863198,0.07102489471435547
207,70,0.20940154328942298,0.0005687248706817694,0.08102917671203613
208,70,0.2088396081328392,0.0005619351565837871,0.0750265121459961
209,70,0.20827674269676208,0.0005628654360771146,0.06702446937561035
210,70,0.20772174254059791,0.0005550001561641649,0.0840291976928711
211,70,0.20716607227921485,0.0005556702613830622,0.07902789115905762
212,70,0.20661607906222343,0.0005499932169914235,0.08202886581420898
213,70,0.2060680243372917,0.000548054724931718,0.0680243968963623
214,70,0.20552379727363587,0.0005442270636558388,0.07602715492248535
215,70,0.20498220577836038,0.0005415914952754952,0.07802748680114746
216,70,0.20444617614150049,0.0005360296368598916,0.07302641868591309
217,70,0.20390892803668975,0.0005372481048107336,0.0770270824432373
218,70,0.20337144285440445,0.0005374851822853022,0.06502246856689453
219,70,0.20283716097474097,0.0005342818796634785,0.0750265121459961
220,70,0.20230991944670676,0.0005272415280342113,0.07302641868591309
221,70,0.20178251221776008,0.0005274072289466747,0.07402586936950684
222,70,0.2012590929865837,0.0005234192311763808,0.08002829551696777
223,70,0.20073866337537766,0.0005204296112060469,0.08302974700927734
224,70,0.20021955594420432,0.0005191074311733379,0.07402586936950684
225,70,0.19970522493124007,0.0005143310129642475,0.08202886581420898
226,70,0.19919282659888268,0.0005123983323573889,0.07402682304382324
227,70,0.19868444353342057,0.0005083830654621091,0.07902812957763672
228,70,0.1981753219664097,0.000509121567010884,0.09103250503540039
229,70,0.19767009809613229,0.0005052238702774048,0.08203005790710449
230,70,0.1971679511666298,0.0005021469295024839,0.08002710342407227
231,70,0.1966650253534317,0.0005029258131981074,0.07802724838256836
232,70,0.19617049723863603,0.000494528114795667,0.06402301788330078
233,70,0.1956723916530609,0.0004981055855751149,0.0750265121459961
234,70,0.19518216103315353,0.0004902306199073836,0.07402586936950684
235,70,0.19468725189566613,0.0004949091374873982,0.0680243968963623
236,70,0.19420239970088005,0.000484852194786084,0.08903193473815918
237,70,0.19370837166905402,0.0004940280318260215,0.08603024482727051
238,70,0.19323454886674882,0.0004738228023052071,0.07902765274047852
239,70,0.19275260522961615,0.00048194363713266464,0.08303141593933105
240,70,0.19227538421750068,0.0004772210121154752,0.07302403450012207
241,70,0.19179876208305358,0.0004766221344471022,0.0980367660522461
242,70,0.19132479324936866,0.00047396883368491793,0.10503792762756348
243,70,0.190855932533741,0.00046886071562765586,0.09903264045715332
244,70,0.1903857956826687,0.00047013685107230585,0.1020364761352539
245,70,0.18991219460964204,0.0004736010730266582,0.10303616523742676
246,70,0.18945299476385116,0.00045919984579087525,0.10003542900085449
247,70,0.18899139925837516,0.0004615955054760035,0.10403800010681152
248,70,0.18852998659014703,0.00046141266822813387,0.1020357608795166
249,70,0.1880681949853897,0.00046179160475731673,0.09903526306152344
250,70,0.18761141017079352,0.0004567848145961839,0.09703397750854492
251,70,0.18715623795986175,0.00045517221093177573,0.10503625869750977
252,70,0.18669388681650162,0.00046235114336012906,0.1090390682220459
253,70,0.18624633252620698,0.00044755429029463834,0.1000359058380127
254,70,0.18579425245523454,0.00045208007097244374,0.08302998542785645
255,70,0.18534711122512817,0.00044714123010636264,0.07802700996398926
256,70,0.18489880681037904,0.0004483044147491344,0.07202553749084473
257,70,0.18445455715060233,0.00044424965977671316,0.07102417945861816
258,70,0.18401013404130936,0.0004444231092929629,0.0660238265991211
259,70,0.18357115596532822,0.0004389780759811446,0.07702755928039551
260,70,0.18313126474618913,0.00043989121913909357,0.06402277946472168
261,70,0.18269564524292947,0.00043561950325965437,0.0750267505645752
262,70,0.1822580625116825,0.00043758273124697156,0.07602691650390625
263,70,0.18183107048273087,0.0004269920289516338,0.06902432441711426
264,70,0.18139899775385857,0.0004320727288723014,0.07302570343017578
265,70,0.18097227737307547,0.00042672038078309105,0.07902836799621582
266,70,0.1805464155972004,0.000425861775875086,0.07302546501159668
267,70,0.18012252882122992,0.00042388677597046676,0.06902480125427246
268,70,0.17969710111618042,0.000425427705049497,0.07502555847167969
269,70,0.17927558243274688,0.0004215186834335416,0.07002472877502441
270,70,0.17885810121893883,0.0004174812138080519,0.06902456283569336
271,70,0.17843307465314864,0.0004250265657901875,0.0750269889831543
272,70,0.1780141931772232,0.0004188814759254478,0.08202910423278809
273,70,0.17760107025504113,0.0004131229221820687,0.06702399253845215
274,70,0.17718450352549553,0.0004165667295455977,0.06602287292480469
275,70,0.1767696587741375,0.0004148447513580289,0.06502294540405273
276,70,0.1763640257716179,0.000405633002519612,0.07202529907226562
277,70,0.17595130190253258,0.00041272386908530745,0.06902503967285156
278,70,0.17554600283503533,0.00040529906749725564,0.07802724838256836
279,70,0.175136079788208,0.0004099230468273263,0.08102917671203613
280,70,0.1747327233850956,0.0004033564031123982,0.08202886581420898
281,70,0.17432845652103424,0.00040426686406136447,0.07202553749084473
282,70,0.17393083408474921,0.00039762243628502225,0.07202506065368652
283,70,0.17352732226252557,0.00040351182222364557,0.07302618026733398
284,70,0.17313746944069863,0.0003898528218269359,0.07502627372741699
285,70,0.1727331244945526,0.00040434494614602356,0.07102584838867188
286,70,0.17234462708234788,0.0003884974122047302,0.07402586936950684
287,70,0.17195146203041076,0.00039316505193712215,0.07202529907226562
288,70,0.17155735701322555,0.0003941050171852034,0.07702779769897461
289,70,0.1711685264110565,0.0003888306021690435,0.07802796363830566
290,70,0.17077464371919632,0.0003938826918601923,0.0860300064086914
291,70,0.17038654863834382,0.00038809508085249633,0.07902765274047852
292,70,0.16999788135290145,0.0003886672854423734,0.07202625274658203
293,70,0.1696087573468685,0.0003891240060329426,0.07102584838867188
294,70,0.16922671154141425,0.00038204580545425637,0.07002377510070801
295,70,0.16883810818195344,0.0003886033594608096,0.06902480125427246
296,70,0.1684572684764862,0.0003808397054672341,0.0720372200012207
297,70,0.1680687363445759,0.000388532131910313,0.08401846885681152
298,70,0.16769369855523109,0.00037503778934480647,0.08502936363220215
299,70,0.16730942010879515,0.0003842784464359317,0.0840301513671875
300,70,0.1669347980618477,0.0003746220469474648,0.07802724838256836
301,70,0.1665548087656498,0.0003799892961978968,0.07602667808532715
302,70,0.16618349477648736,0.00037131398916243064,0.07802796363830566
303,70,0.1658128906786442,0.0003706040978431746,0.07102537155151367
304,70,0.16543781593441964,0.0003750747442245461,0.09703493118286133
305,70,0.16506805405020714,0.000369761884212505,0.07802724838256836
306,70,0.1646973091363907,0.00037074491381644537,0.06502366065979004
307,70,0.16432532116770746,0.000371987968683235,0.07902836799621582
308,70,0.16396538615226747,0.0003599350154399883,0.07202458381652832
309,70,0.16359094381332398,0.000374442338943487,0.07902765274047852
310,70,0.16323310643434524,0.000357837378978737,0.07902789115905762
311,70,0.16286723852157592,0.0003658679127693243,0.07302618026733398
312,70,0.16250126093626022,0.0003659775853157021,0.07202506065368652
313,70,0.1621446989476681,0.00035656198859213006,0.06402301788330078
314,70,0.16178226321935654,0.00036243572831154425,0.07402682304382324
315,70,0.16142214894294737,0.00036011427640916804,0.07802748680114746
316,70,0.16106357991695405,0.00035856902599332163,0.07102489471435547
317,70,0.16070005372166635,0.0003635261952877056,0.06202197074890137
318,70,0.16034640565514566,0.0003536480665206898,0.06702327728271484
319,70,0.1599898572266102,0.0003565484285354692,0.07602834701538086
320,70,0.15963326126337052,0.0003565959632396698,0.07402539253234863
321,70,0.1592818146944046,0.0003514465689659074,0.07102465629577637
322,70,0.15892924144864082,0.0003525732457637931,0.07402658462524414
323,70,0.15857905626296998,0.00035018518567084267,0.06202220916748047
324,70,0.1582305060327053,0.00034855023026467147,0.06902456283569336
325,70,0.15788040921092034,0.0003500968217849676,0.07102465629577637
326,70,0.1575305712223053,0.00034983798861504267,0.07002520561218262
327,70,0.15718305587768555,0.0003475153446197421,0.07002472877502441
328,70,0.1568416613340378,0.00034139454364776056,0.06902599334716797
329,70,0.1564953725785017,0.0003462887555360783,0.07202434539794922
330,70,0.15615526862442494,0.0003401039540767703,0.07602667808532715
331,70,0.15581334993243218,0.00034191869199276526,0.07102513313293457
332,70,0.1554706897586584,0.0003426601737737678,0.08102917671203613
333,70,0.15513233445584773,0.0003383553028106778,0.06902599334716797
334,70,0.15479473136365413,0.00033760309219360574,0.07702517509460449
335,70,0.15445407740771772,0.0003406539559364097,0.07102608680725098
336,70,0.1541145872324705,0.0003394901752472035,0.07002425193786621
337,70,0.15378313280642034,0.00033145442605017617,0.07002472877502441
338,70,0.1534456130117178,0.00033751979470253435,0.06702327728271484
339,70,0.15311298601329326,0.00033262699842454,0.07602739334106445
340,70,0.15277804523706437,0.0003349407762288925,0.07102608680725098
341,70,0.15244130298495293,0.0003367422521114438,0.08102774620056152
342,70,0.15211401484906673,0.0003272881358862001,0.07202577590942383
343,70,0.15178557053208352,0.00032844431698320076,0.08002829551696777
344,70,0.1514541644603014,0.00033140607178211434,0.07602667808532715
345,70,0.15112507253885268,0.00032909192144872645,0.07802796363830566
346,70,0.15080283038318157,0.00032224215567111525,0.07402563095092773
347,70,0.1504723907262087,0.0003304396569728807,0.06902456283569336
348,70,0.15015261098742486,0.0003197797387838319,0.08503031730651855
349,70,0.1498247044533491,0.00032790653407574477,0.08903193473815918
350,70,0.14950149305164814,0.00032321140170096796,0.07402706146240234
351,70,0.1491793644428253,0.00032212860882283034,0.07502555847167969
352,70,0.14885479897260667,0.0003245654702186407,0.06202197074890137
353,70,0.1485307577252388,0.0003240412473678733,0.07802796363830566
354,70,0.1482150873541832,0.00031567037105559304,0.07902741432189941
355,70,0.14789044499397277,0.0003246423602104309,0.07302618026733398
356,70,0.14756933324038982,0.00032111175358295885,0.08202910423278809
357,70,0.1472534389048815,0.0003158943355083266,0.06902432441711426
358,70,0.146935081705451,0.00031835719943049123,0.07802796363830566
359,70,0.14661732703447342,0.0003177546709775825,0.07302546501159668
360,70,0.1463086300343275,0.00030869700014590773,0.09803485870361328
361,70,0.14599481396377087,0.0003138160705566384,0.09403324127197266
362,70,0.14567840464413165,0.0003164093196392215,0.06102180480957031
363,70,0.14536966860294342,0.0003087360411882234,0.0770273208618164
364,70,0.14506236799061298,0.0003073006123304467,0.08302950859069824
365,70,0.1447479781508446,0.00031438983976839197,0.08302903175354004
366,70,0.1444471761584282,0.0003008019924163885,0.07602715492248535
367,70,0.14413694113492967,0.0003102350234985285,0.07902908325195312
368,70,0.14383310750126838,0.00030383363366129346,0.06302142143249512
369,70,0.1435266663134098,0.00030644118785858043,0.07602691650390625
370,70,0.14322700493037702,0.0002996613830327788,0.0660240650177002
371,70,0.14291805341839792,0.00030895151197909976,0.07402539253234863
372,70,0.142621628344059,0.00029642507433891296,0.07702922821044922
373,70,0.14232118792831897,0.00030044041574003866,0.07402467727661133
374,70,0.14202175848186016,0.0002994294464588043,0.07902836799621582
375,70,0.14172002024948596,0.00030173823237419906,0.07302522659301758
376,70,0.14142670296132565,0.0002933172881603163,0.07002425193786621
377,70,0.14112743735313416,0.0002992656081914902,0.08102893829345703
378,70,0.1408321550488472,0.00029528230428696456,0.10103702545166016
379,70,0.14054083272814752,0.0002913223206996718,0.0860300064086914
380,70,0.14023745335638524,0.00030337937176228014,0.09403324127197266
381,70,0.1399539428204298,0.0002835105359554335,0.10303616523742676
382,70,0.13965451247990132,0.0002994303405284837,0.09903621673583984
383,70,0.13936651699244976,0.00028799548745156445,0.10403633117675781
384,70,0.13907399885356425,0.0002925181388855058,0.11504054069519043
385,70,0.13878223434090614,0.0002917645126581103,0.10503697395324707
386,70,0.13849534466862679,0.0002868896722793557,0.09903597831726074
387,70,0.13820509560406208,0.0002902490645647071,0.08202958106994629
388,70,0.13791829213500023,0.00028680346906184706,0.07902812957763672
389,70,0.13763424687087536,0.0002840452641248714,0.07602596282958984
390,70,0.13734781093895435,0.00028643593192101413,0.07402563095092773
391,70,0.13706306129693985,0.00028474964201449793,0.08603143692016602
392,70,0.1367813440412283,0.00028171725571154993,0.07402539253234863
393,70,0.1364985043555498,0.00028283968567849316,0.08302998542785645
394,70,0.13621790416538715,0.00028060019016265536,0.0840294361114502
395,70,0.13593638360500335,0.00028152056038380224,0.08803105354309082
396,70,0.13566160015761852,0.0002747834473848243,0.0910329818725586
397,70,0.1353831621259451,0.0002784380316734336,0.09503340721130371
398,70,0.13509903460741043,0.0002841275185346548,0.0930328369140625
399,70,0.13482644118368625,0.00027259342372418227,0.09903478622436523
400,70,0.13455064922571183,0.00027579195797441947,0.09003210067749023
401,70,0.13427504956722258,0.0002755996584892506,0.09203362464904785
402,70,0.13399964287877084,0.0002754066884517459,0.09003067016601562
403,70,0.13372890815138816,0.00027073472738267657,0.06802535057067871
404,70,0.1334529100358486,0.00027599811553954967,0.08402895927429199
405,70,0.13318063609302044,0.0002722739428281662,0.08002853393554688
406,70,0.13290919564664364,0.0002714404463768083,0.09503364562988281
407,70,0.13264025412499905,0.0002689415216445834,0.10703825950622559
408,70,0.13236519359052182,0.0002750605344772339,0.09803438186645508
409,70,0.1321001808345318,0.0002650127559900295,0.10403633117675781
410,70,0.13182946421206,0.0002707166224718005,0.09503364562988281
411,70,0.13156261689960957,0.0002668473124504134,0.09403395652770996
412,70,0.13129218980669977,0.0002704270929098085,0.10003542900085449
413,70,0.13103204272687435,0.0002601470798254124,0.10403823852539062
414,70,0.13076233565807344,0.0002697070688009173,0.10603618621826172
415,70,0.13050116203725337,0.00026117362082006546,0.11003947257995605
416,70,0.13023160867393016,0.00026955336332321056,0.09803462028503418
417,70,0.1299743366241455,0.00025727204978465146,0.09603333473205566
418,70,0.12971062675118447,0.00026370987296103765,0.10103654861450195
419,70,0.12944657571613788,0.0002640510350465919,0.1020359992980957
420,70,0.1291884197294712,0.00025815598666667494,0.10503673553466797
421,70,0.12893106490373613,0.00025735482573507884,0.06802511215209961
422,70,0.12867146901786328,0.00025959588587284865,0.08803033828735352
423,70,0.12841237969696523,0.00025908932089804826,0.09403419494628906
424,70,0.12815478034317493,0.00025759935379029986,0.09803390502929688
425,70,0.12789942242205143,0.00025535792112349465,0.10904097557067871
426,70,0.12763908758759498,0.00026033483445644934,0.1470503807067871
427,70,0.12738921821117402,0.00024986937642096363,0.12604451179504395
428,70,0.1271305675804615,0.00025865063071250916,0.12304425239562988
429,70,0.12687698923051358,0.00025357834994793604,0.12304306030273438
430,70,0.1266246944665909,0.0002522947639226891,0.11404037475585938
431,70,0.12637157090008258,0.0002531235665083065,0.11504125595092773
432,70,0.1261271959543228,0.0002443749457597677,0.11403942108154297
433,70,0.1258655822277069,0.0002616137266159002,0.10303735733032227
434,70,0.1256209084391594,0.0002446737885475059,0.11704134941101074
435,70,0.12536926560103892,0.00025164283812048605,0.12104296684265137
436,70,0.12512170784175397,0.00024755775928494983,0.10403656959533691
437,70,0.12487148210406303,0.0002502257376909428,0.09103250503540039
438,70,0.12462325282394886,0.00024822928011417056,0.10003495216369629
439,70,0.1243772692233324,0.00024598360061645064,0.10603809356689453
440,70,0.12413460806012154,0.00024266116321086662,0.10703778266906738
441,70,0.12388158328831196,0.00025302477180957905,0.10803818702697754
442,70,0.12363682098686696,0.00024476230144500344,0.10103535652160645
443,70,0.12339594937860966,0.00024087160825729537,0.09703445434570312
444,70,0.12315354995429516,0.00024239942431450445,0.09203267097473145
445,70,0.1229108876734972,0.00024266228079795893,0.11304116249084473
446,70,0.12266659028828145,0.0002442973852157526,0.11403989791870117
447,70,0.12242577694356442,0.0002408133447170252,0.1090385913848877
448,70,0.12218701168894767,0.00023876525461674625,0.10703706741333008
449,70,0.12194325603544712,0.0002437556535005575,0.10503721237182617
450,70,0.12170592866837979,0.00023732736706733037,0.09903550148010254
451,70,0.1214618930220604,0.00024403564631939045,0.08603024482727051
452,70,0.12122451923787594,0.00023737378418445254,0.09603404998779297
453,70,0.12098561137914658,0.00023890785872936193,0.10503768920898438
454,70,0.12074897736310959,0.00023663401603699064,0.109039306640625
455,70,0.12051180832087993,0.00023716904222965962,0.11204004287719727
456,70,0.12027634225785733,0.00023546606302260464,0.1200413703918457
457,70,0.1200349111109972,0.00024143114686012157,0.11003923416137695
458,70,0.11980275169014931,0.00023215942084789387,0.1090385913848877
459,70,0.11956812381744385,0.0002346278727054646,0.1090383529663086
460,70,0.11933024279773236,0.00023788101971149167,0.10603833198547363
461,70,0.11910137966275215,0.0002288631349802034,0.08102846145629883
462,70,0.11886685192584992,0.00023452773690223194,0.06902408599853516
463,70,0.11863258980214596,0.0002342621237039627,0.07202553749084473
464,70,0.11840065397322178,0.00023193582892418185,0.0680243968963623
465,70,0.11816983759403228,0.00023081637918949405,0.08903288841247559
466,70,0.11793781861662865,0.00023201897740363076,0.0770256519317627
467,70,0.11771270632743835,0.00022511228919029624,0.08002877235412598
468,70,0.11747626893222332,0.00023643739521503337,0.07302546501159668
469,70,0.11725159183144569,0.0002246771007776288,0.07802772521972656
470,70,0.11702284261584282,0.0002287492156028692,0.07902812957763672
471,70,0.11679344646632671,0.00022939614951611453,0.07702898979187012
472,70,0.11656927540898324,0.00022417105734347242,0.0860288143157959
473,70,0.11634373508393764,0.00022554032504559784,0.08803105354309082
474,70,0.11611950419843196,0.0002242308855056746,0.10303902626037598
475,70,0.11589141041040421,0.00022809378802775282,0.08802938461303711
476,70,0.11566645726561546,0.0002249531447887504,0.09803485870361328
477,70,0.11544469714164735,0.00022176012396811495,0.08102822303771973
478,70,0.11521968334913253,0.0002250137925148138,0.09703493118286133
479,70,0.1149969220161438,0.00022276133298873568,0.10303616523742676
480,70,0.11477600298821926,0.00022091902792453766,0.09203243255615234
481,70,0.11455323442816734,0.0002227685600519197,0.08603024482727051
482,70,0.11433361381292344,0.0002196206152439012,0.08002829551696777
483,70,0.11411404736340046,0.00021956644952297877,0.07902812957763672
484,70,0.11388685762882232,0.00022718973457813707,0.07102489471435547
485,70,0.11367260441184043,0.00021425321698188837,0.0750269889831543
486,70,0.1134503386169672,0.00022226579487323594,0.08302950859069824
487,70,0.11323277190327645,0.00021756671369074776,0.0750267505645752
488,70,0.11301296837627887,0.0002198035269975751,0.07602667808532715
489,70,0.11279183179140091,0.00022113658487796228,0.06902527809143066
490,70,0.11257659636437893,0.0002152354270219814,0.07202482223510742
491,70,0.11236554294824601,0.0002110534161329225,0.0820305347442627
492,70,0.11214744172990322,0.00021810121834278662,0.08402800559997559
493,70,0.111927485242486,0.00021995648741722496,0.06102180480957031
494,70,0.11171853847801685,0.0002089467644691423,0.07102513313293457
495,70,0.11150057300925255,0.00021796546876430567,0.07602715492248535
496,70,0.1112840486317873,0.00021652437746524922,0.07102608680725098
497,70,0.11107505731284618,0.00020899131894111522,0.08202838897705078
498,70,0.11086266800761223,0.0002123893052339565,0.07102465629577637
499,70,0.11064701959490776,0.00021564841270446666,0.07302665710449219
500,70,0.11043648928403854,0.0002105303108692197,0.07102441787719727
