1,490,2.3040560483932495,Nan,0.06002092361450195
2,490,2.2972217202186584,0.0068343281745910645,0.05401897430419922
3,490,2.290605276823044,0.006616443395614624,0.0500178337097168
4,490,2.284096747636795,0.006508529186248779,0.05602002143859863
5,490,2.2776331305503845,0.0064636170864105225,0.05702018737792969
6,490,2.2711063027381897,0.006526827812194824,0.055019378662109375
7,490,2.2644262611865997,0.006680041551589966,0.06102156639099121
8,490,2.257522940635681,0.006903320550918579,0.04801678657531738
9,490,2.2503050565719604,0.007217884063720703,0.056020259857177734
10,490,2.242765724658966,0.007539331912994385,0.04801654815673828
11,490,2.234903395175934,0.007862329483032227,0.05101823806762695
12,490,2.226725846529007,0.00817754864692688,0.05101823806762695
13,490,2.2182840406894684,0.008441805839538574,0.061022281646728516
14,490,2.209645241498947,0.00863879919052124,0.047016143798828125
15,490,2.2008145451545715,0.00883069634437561,0.055019378662109375
16,490,2.191798985004425,0.009015560150146484,0.05702042579650879
17,490,2.1825871765613556,0.009211808443069458,0.06302213668823242
18,490,2.1731390058994293,0.00944817066192627,0.06102275848388672
19,490,2.1634298264980316,0.009709179401397705,0.04701519012451172
20,490,2.153475135564804,0.009954690933227539,0.05702066421508789
21,490,2.143277883529663,0.010197252035140991,0.05501914024353027
22,490,2.132842540740967,0.010435342788696289,0.04601693153381348
23,490,2.1221774220466614,0.01066511869430542,0.051018714904785156
24,490,2.1112720370292664,0.01090538501739502,0.05801963806152344
25,490,2.100111484527588,0.011160552501678467,0.05802130699157715
26,490,2.0886920392513275,0.011419445276260376,0.054018497467041016
27,490,2.0770230889320374,0.011668950319290161,0.06402230262756348
28,490,2.065093457698822,0.011929631233215332,0.0680246353149414
29,490,2.0528955459594727,0.012197911739349365,0.05702018737792969
30,490,2.040416896343231,0.012478649616241455,0.06202197074890137
31,490,2.0276666581630707,0.012750238180160522,0.060021162033081055
32,490,2.0146338641643524,0.013032793998718262,0.055019378662109375
33,490,2.0013250410556793,0.013308823108673096,0.05301976203918457
34,490,1.9877281934022903,0.013596847653388977,0.06002068519592285
35,490,1.9738449901342392,0.013883203268051147,0.04701590538024902
36,490,1.959685355424881,0.014159634709358215,0.05702018737792969
37,490,1.9452557861804962,0.014429569244384766,0.06702399253845215
38,490,1.9305560290813446,0.014699757099151611,0.06202340126037598
39,490,1.915603831410408,0.014952197670936584,0.059020280838012695
40,490,1.9003929644823074,0.015210866928100586,0.07302618026733398
41,490,1.8849206566810608,0.015472307801246643,0.07102441787719727
42,490,1.8691837042570114,0.015736952424049377,0.07102537155151367
43,490,1.8532149940729141,0.01596871018409729,0.07102489471435547
44,490,1.837024286389351,0.016190707683563232,0.07302594184875488
45,490,1.8206003457307816,0.016423940658569336,0.07102489471435547
46,490,1.8039746135473251,0.01662573218345642,0.07402658462524414
47,490,1.7871746122837067,0.01680000126361847,0.07002592086791992
48,490,1.7702120542526245,0.016962558031082153,0.07002425193786621
49,490,1.753122717142105,0.01708933711051941,0.06702256202697754
50,490,1.7359127849340439,0.017209932208061218,0.07202672958374023
51,490,1.7185851335525513,0.017327651381492615,0.07202529907226562
52,490,1.7011559456586838,0.017429187893867493,0.07102441787719727
53,490,1.6836449056863785,0.017511039972305298,0.07202577590942383
54,490,1.6660824120044708,0.017562493681907654,0.07302594184875488
55,490,1.6484744995832443,0.0176079124212265,0.07302570343017578
56,490,1.630841001868248,0.017633497714996338,0.07202553749084473
57,490,1.6131890714168549,0.017651930451393127,0.07302641868591309
58,490,1.5955390185117722,0.017650052905082703,0.05902099609375
59,490,1.5779034048318863,0.017635613679885864,0.06302237510681152
60,490,1.560294657945633,0.017608746886253357,0.05801987648010254
61,490,1.5427392572164536,0.017555400729179382,0.058020830154418945
62,490,1.5252504646778107,0.017488792538642883,0.051018714904785156
63,490,1.507844090461731,0.017406374216079712,0.06102252006530762
64,490,1.4905339181423187,0.01731017231941223,0.05901932716369629
65,490,1.4733363538980484,0.017197564244270325,0.0500180721282959
66,490,1.4562685787677765,0.01706777513027191,0.0590205192565918
67,490,1.4393407553434372,0.016927823424339294,0.05301952362060547
68,490,1.4225737154483795,0.016767039895057678,0.05601906776428223
69,490,1.4059814363718033,0.016592279076576233,0.05301856994628906
70,490,1.3895714730024338,0.016409963369369507,0.06402254104614258
71,490,1.3733503818511963,0.016221091151237488,0.05802106857299805
72,490,1.357330396771431,0.01601998507976532,0.05401897430419922
73,490,1.3415205925703049,0.0158098042011261,0.06002187728881836
74,490,1.3259267657995224,0.01559382677078247,0.05101823806762695
75,490,1.3105515986680984,0.01537516713142395,0.06602311134338379
76,490,1.2954047620296478,0.015146836638450623,0.06702399253845215
77,490,1.2804853022098541,0.014919459819793701,0.058020591735839844
78,490,1.265803724527359,0.014681577682495117,0.05101752281188965
79,490,1.2513613998889923,0.0144423246383667,0.07902860641479492
80,490,1.2371573597192764,0.014204040169715881,0.06102132797241211
81,490,1.2231995463371277,0.013957813382148743,0.054019927978515625
82,490,1.209484413266182,0.01371513307094574,0.05301785469055176
83,490,1.1960163712501526,0.013468042016029358,0.0680243968963623
84,490,1.1827905774116516,0.013225793838500977,0.0500178337097168
85,490,1.1698077768087387,0.012982800602912903,0.06702351570129395
86,490,1.1570675075054169,0.012740269303321838,0.07802748680114746
87,490,1.1445675641298294,0.012499943375587463,0.05501985549926758
88,490,1.1323075890541077,0.01225997507572174,0.05502009391784668
89,490,1.1202841401100159,0.012023448944091797,0.054018259048461914
90,490,1.108494520187378,0.01178961992263794,0.057019948959350586
91,490,1.0969354510307312,0.011559069156646729,0.05902099609375
92,490,1.085603967308998,0.011331483721733093,0.06102132797241211
93,490,1.0744954198598862,0.011108547449111938,0.049017906188964844
94,490,1.0636080652475357,0.010887354612350464,0.054018497467041016
95,490,1.0529394373297691,0.010668627917766571,0.04701685905456543
96,490,1.0424849390983582,0.01045449823141098,0.0500187873840332
97,490,1.0322386771440506,0.010246261954307556,0.06502246856689453
98,490,1.0221990644931793,0.010039612650871277,0.058020830154418945
99,490,1.0123618841171265,0.009837180376052856,0.06602311134338379
100,490,1.0027232244610786,0.009638659656047821,0.06402277946472168
101,490,0.9932777881622314,0.009445436298847198,0.055019378662109375
102,490,0.9840224236249924,0.009255364537239075,0.06202268600463867
103,490,0.9749530702829361,0.009069353342056274,0.06102132797241211
104,490,0.9660674706101418,0.008885599672794342,0.05101776123046875
105,490,0.957361601293087,0.008705869317054749,0.05802106857299805
106,490,0.9488314464688301,0.008530154824256897,0.062021493911743164
107,490,0.9404708221554756,0.008360624313354492,0.06902384757995605
108,490,0.9322765320539474,0.008194290101528168,0.05201911926269531
109,490,0.9242447838187218,0.008031748235225677,0.050017356872558594
110,490,0.9163695499300957,0.007875233888626099,0.04901742935180664
111,490,0.9086481779813766,0.007721371948719025,0.05401897430419922
112,490,0.9010779708623886,0.007570207118988037,0.05101895332336426
113,490,0.8936570212244987,0.007420949637889862,0.05301809310913086
114,490,0.8863786309957504,0.0072783902287483215,0.05502033233642578
115,490,0.8792403265833855,0.00713830441236496,0.052018165588378906
116,490,0.8722372502088547,0.007003076374530792,0.04701590538024902
117,490,0.8653670996427536,0.006870150566101074,0.05201864242553711
118,490,0.8586273640394211,0.0067397356033325195,0.04801678657531738
119,490,0.8520135879516602,0.006613776087760925,0.06002211570739746
120,490,0.8455231785774231,0.0064904093742370605,0.057019948959350586
121,490,0.8391538262367249,0.006369352340698242,0.06002163887023926
122,490,0.8329010307788849,0.006252795457839966,0.052017927169799805
123,490,0.8267629444599152,0.0061380863189697266,0.06502294540405273
124,490,0.8207356184720993,0.006027325987815857,0.06002163887023926
125,490,0.8148163929581642,0.005919225513935089,0.0590212345123291
126,490,0.809002161026001,0.0058142319321632385,0.06002092361450195
127,490,0.8032910749316216,0.005711086094379425,0.062021493911743164
128,490,0.7976804375648499,0.005610637366771698,0.044016122817993164
129,490,0.7921676114201546,0.005512826144695282,0.05801987648010254
130,490,0.7867501229047775,0.005417488515377045,0.0500178337097168
131,490,0.7814270406961441,0.005323082208633423,0.05602002143859863
132,490,0.776194803416729,0.005232237279415131,0.05802035331726074
133,490,0.7710515558719635,0.005143247544765472,0.06002163887023926
134,490,0.765995442867279,0.005056113004684448,0.05501985549926758
135,490,0.7610236406326294,0.004971802234649658,0.061022043228149414
136,490,0.7561356723308563,0.004887968301773071,0.06001996994018555
137,490,0.7513284236192703,0.0048072487115859985,0.05802106857299805
138,490,0.7465998530387878,0.004728570580482483,0.059021949768066406
139,490,0.741949200630188,0.0046506524085998535,0.04901623725891113
140,490,0.7373736798763275,0.004575520753860474,0.05702018737792969
141,490,0.7328715026378632,0.0045021772384643555,0.05101799964904785
142,490,0.7284417003393173,0.004429802298545837,0.058020830154418945
143,490,0.724081315100193,0.004360385239124298,0.05602145195007324
144,490,0.7197896465659142,0.00429166853427887,0.05301713943481445
145,490,0.7155648395419121,0.004224807024002075,0.060021162033081055
146,490,0.7114058583974838,0.004158981144428253,0.05601978302001953
147,490,0.7073115035891533,0.004094354808330536,0.05702066421508789
148,490,0.7032799422740936,0.004031561315059662,0.0590212345123291
149,490,0.6993100196123123,0.003969922661781311,0.057019710540771484
150,490,0.6954000815749168,0.003909938037395477,0.062021493911743164
151,490,0.6915493607521057,0.0038507208228111267,0.06702446937561035
152,490,0.6877560541033745,0.0037933066487312317,0.06402301788330078
153,490,0.6840186268091202,0.003737427294254303,0.05201840400695801
154,490,0.6803368553519249,0.003681771457195282,0.04601597785949707
155,490,0.6767087578773499,0.0036280974745750427,0.04501605033874512
156,490,0.6731332018971443,0.003575555980205536,0.0590205192565918
157,490,0.6696089431643486,0.0035242587327957153,0.07102560997009277
158,490,0.6661347895860672,0.0034741535782814026,0.07402729988098145
159,490,0.662710152566433,0.003424637019634247,0.08102774620056152
160,490,0.6593341156840324,0.0033760368824005127,0.07002449035644531
161,490,0.656005859375,0.00332825630903244,0.07002472877502441
162,490,0.6527237892150879,0.0032820701599121094,0.0750267505645752
163,490,0.649487130343914,0.0032366588711738586,0.07202839851379395
164,490,0.6462954133749008,0.003191716969013214,0.07402324676513672
165,490,0.6431480869650841,0.003147326409816742,0.06202197074890137
166,490,0.6400436609983444,0.0031044259667396545,0.06102180480957031
167,490,0.6369811147451401,0.0030625462532043457,0.06002163887023926
168,490,0.6339602097868919,0.0030209049582481384,0.060021162033081055
169,490,0.6309797316789627,0.0029804781079292297,0.058020591735839844
170,490,0.6280381381511688,0.0029415935277938843,0.04401564598083496
171,490,0.625135749578476,0.002902388572692871,0.058020591735839844
172,490,0.6222709268331528,0.002864822745323181,0.0500180721282959
173,490,0.6194438710808754,0.0028270557522773743,0.05301833152770996
174,490,0.6166536808013916,0.002790190279483795,0.06502294540405273
175,490,0.6138989478349686,0.0027547329664230347,0.04701638221740723
176,490,0.6111797168850899,0.0027192309498786926,0.05702018737792969
177,490,0.60849479585886,0.0026849210262298584,0.06302309036254883
178,490,0.6058435365557671,0.0026512593030929565,0.052018165588378906
179,490,0.6032257042825222,0.002617832273244858,0.04901742935180664
180,490,0.6006406210362911,0.002585083246231079,0.0590207576751709
181,490,0.5980878062546253,0.002552814781665802,0.0680241584777832
182,490,0.5955667980015278,0.002521008253097534,0.050019025802612305
183,490,0.5930770747363567,0.002489723265171051,0.05101752281188965
184,490,0.5906177721917629,0.002459302544593811,0.0520176887512207
185,490,0.5881886146962643,0.0024291574954986572,0.06202268600463867
186,490,0.5857887677848339,0.002399846911430359,0.05501961708068848
187,490,0.5834178142249584,0.0023709535598754883,0.06602239608764648
188,490,0.5810751095414162,0.0023427046835422516,0.0660240650177002
189,490,0.5787602849304676,0.0023148246109485626,0.053018808364868164
190,490,0.576472569257021,0.0022877156734466553,0.05401873588562012
191,490,0.5742117762565613,0.002260793000459671,0.052019357681274414
192,490,0.5719775892794132,0.002234186977148056,0.045015573501586914
193,490,0.569769125431776,0.0022084638476371765,0.05301833152770996
194,490,0.5675863474607468,0.0021827779710292816,0.06702327728271484
195,490,0.5654286444187164,0.0021577030420303345,0.06602358818054199
196,490,0.5632956624031067,0.002132982015609741,0.05501985549926758
197,490,0.5611874237656593,0.002108238637447357,0.056020259857177734
198,490,0.5591028854250908,0.0020845383405685425,0.04901742935180664
199,490,0.5570416823029518,0.002061203122138977,0.062021732330322266
200,490,0.5550036951899529,0.0020379871129989624,0.052018165588378906
201,490,0.5529884025454521,0.0020152926445007324,0.05302071571350098
202,490,0.5509954877197742,0.0019929148256778717,0.04801511764526367
203,490,0.549024373292923,0.0019711144268512726,0.04701685905456543
204,490,0.547074943780899,0.0019494295120239258,0.05702066421508789
205,490,0.5451471395790577,0.0019278042018413544,0.06402230262756348
206,490,0.5432397462427616,0.0019073933362960815,0.06202197074890137
207,490,0.5413527861237526,0.001886960119009018,0.0660238265991211
208,490,0.5394859053194523,0.0018668808043003082,0.05401921272277832
209,490,0.537639282643795,0.0018466226756572723,0.06602239608764648
210,490,0.5358119644224644,0.0018273182213306427,0.06502342224121094
211,490,0.5340040177106857,0.0018079467117786407,0.0660240650177002
212,490,0.5322153717279434,0.0017886459827423096,0.05001711845397949
213,490,0.5304451733827591,0.0017701983451843262,0.0590212345123291
214,490,0.5286935642361641,0.0017516091465950012,0.06002068519592285
215,490,0.5269593708217144,0.0017341934144496918,0.05802106857299805
216,490,0.5252429321408272,0.0017164386808872223,0.05301928520202637
217,490,0.5235441774129868,0.0016987547278404236,0.056018829345703125
218,490,0.521862730383873,0.0016814470291137695,0.05702042579650879
219,490,0.5201976448297501,0.0016650855541229248,0.05702018737792969
220,490,0.5185495056211948,0.0016481392085552216,0.06302261352539062
221,490,0.5169174782931805,0.0016320273280143738,0.053019046783447266
222,490,0.5153029263019562,0.001614551991224289,0.056020259857177734
223,490,0.5137040764093399,0.001598849892616272,0.04901623725891113
224,490,0.512120895087719,0.0015831813216209412,0.06302285194396973
225,490,0.5105534121394157,0.0015674829483032227,0.05302023887634277
226,490,0.5090014114975929,0.001552000641822815,0.05601763725280762
227,490,0.5074642784893513,0.0015371330082416534,0.06002211570739746
228,490,0.5059422180056572,0.0015220604836940765,0.05101776123046875
229,490,0.5044347085058689,0.0015075094997882843,0.05902099609375
230,490,0.5029418542981148,0.0014928542077541351,0.061022043228149414
231,490,0.5014626383781433,0.001479215919971466,0.061020851135253906
232,490,0.49999768659472466,0.0014649517834186554,0.052019357681274414
233,490,0.4985461011528969,0.001451585441827774,0.06502270698547363
234,490,0.4971085675060749,0.0014375336468219757,0.060021400451660156
235,490,0.4956842362880707,0.0014243312180042267,0.06502294540405273
236,490,0.4942733533680439,0.0014108829200267792,0.057019948959350586
237,490,0.4928756430745125,0.0013977102935314178,0.055019378662109375
238,490,0.49149058386683464,0.0013850592076778412,0.05401921272277832
239,490,0.4901185370981693,0.0013720467686653137,0.05601954460144043
240,490,0.48875901848077774,0.0013595186173915863,0.056020498275756836
241,490,0.4874122552573681,0.0013467632234096527,0.05601930618286133
242,490,0.4860771782696247,0.0013350769877433777,0.05301928520202637
243,490,0.4847542271018028,0.0013229511678218842,0.05501890182495117
244,490,0.48344317078590393,0.0013110563158988953,0.047017574310302734
245,490,0.48214373365044594,0.0012994371354579926,0.04601550102233887
246,490,0.48085586726665497,0.0012878663837909698,0.061022043228149414
247,490,0.47957975789904594,0.001276109367609024,0.057019948959350586
248,490,0.4783148057758808,0.0012649521231651306,0.05802035331726074
249,490,0.4770609810948372,0.0012538246810436249,0.07402777671813965
250,490,0.47581811994314194,0.0012428611516952515,0.07302522659301758
251,490,0.4745860956609249,0.0012320242822170258,0.05601906776428223
252,490,0.4733646363019943,0.0012214593589305878,0.05502057075500488
253,490,0.47215380519628525,0.001210831105709076,0.05301809310913086
254,490,0.47095346078276634,0.0012003444135189056,0.04801797866821289
255,490,0.46976329386234283,0.0011901669204235077,0.06002044677734375
256,490,0.468583170324564,0.0011801235377788544,0.0680243968963623
257,490,0.4674130082130432,0.0011701621115207672,0.06502270698547363
258,490,0.46625296771526337,0.0011600404977798462,0.05501985549926758
259,490,0.46510256454348564,0.0011504031717777252,0.06102132797241211
260,490,0.463961835950613,0.0011407285928726196,0.061020851135253906
261,490,0.46283067390322685,0.0011311620473861694,0.06202220916748047
262,490,0.4617086574435234,0.0011220164597034454,0.06702446937561035
263,490,0.4605959616601467,0.0011126957833766937,0.05801963806152344
264,490,0.4594925157725811,0.0011034458875656128,0.05602097511291504
265,490,0.45839808136224747,0.0010944344103336334,0.061020851135253906
266,490,0.45731258019804955,0.0010855011641979218,0.062021732330322266
267,490,0.45623568817973137,0.0010768920183181763,0.06302309036254883
268,490,0.45516760647296906,0.0010680817067623138,0.05401921272277832
269,490,0.4541081227362156,0.0010594837367534637,0.057019948959350586
270,490,0.45305759832262993,0.0010505244135856628,0.04401516914367676
271,490,0.4520150348544121,0.0010425634682178497,0.06502366065979004
272,490,0.4509803019464016,0.0010347329080104828,0.05701923370361328
273,490,0.44995369389653206,0.0010266080498695374,0.059021711349487305
274,490,0.4489350654184818,0.001018628478050232,0.06202220916748047
275,490,0.4479246847331524,0.0010103806853294373,0.05501985549926758
276,490,0.44692184403538704,0.0010028406977653503,0.0590205192565918
277,490,0.4459270127117634,0.0009948313236236572,0.04801821708679199
278,490,0.4449399560689926,0.0009870566427707672,0.058019161224365234
279,490,0.4439605474472046,0.000979408621788025,0.060021400451660156
280,490,0.44298863783478737,0.0009719096124172211,0.05601930618286133
281,490,0.44202427193522453,0.0009643658995628357,0.05401921272277832
282,490,0.44106685370206833,0.0009574182331562042,0.05502033233642578
283,490,0.4401172176003456,0.0009496361017227173,0.05802130699157715
284,490,0.43917423859238625,0.0009429790079593658,0.06502389907836914
285,490,0.4382382780313492,0.0009359605610370636,0.06502127647399902
286,490,0.43730974942445755,0.0009285286068916321,0.04501533508300781
287,490,0.4363877587020397,0.0009219907224178314,0.06302261352539062
288,490,0.4354728050529957,0.0009149536490440369,0.0660243034362793
289,490,0.43456457555294037,0.0009082295000553131,0.068023681640625
290,490,0.43366270139813423,0.0009018741548061371,0.06102156639099121
291,490,0.43276771903038025,0.0008949823677539825,0.057019948959350586
292,490,0.4318791963160038,0.0008885227143764496,0.058020591735839844
293,490,0.430997371673584,0.0008818246424198151,0.060021400451660156
294,490,0.43012188002467155,0.0008754916489124298,0.060021162033081055
295,490,0.4292527437210083,0.0008691363036632538,0.06402277946472168
296,490,0.4283898063004017,0.0008629374206066132,0.06202340126037598
297,490,0.42753298208117485,0.0008568242192268372,0.05601859092712402
298,490,0.4266822151839733,0.0008507668972015381,0.058020591735839844
299,490,0.42583777010440826,0.0008444450795650482,0.050017595291137695
300,490,0.4249992296099663,0.0008385404944419861,0.051018714904785156
301,490,0.42416686192154884,0.0008323676884174347,0.052019357681274414
302,490,0.4233401268720627,0.0008267350494861603,0.058019399642944336
303,490,0.4225194379687309,0.0008206889033317566,0.05702042579650879
304,490,0.4217042401432991,0.0008151978254318237,0.06002092361450195
305,490,0.4208948537707329,0.0008093863725662231,0.06702351570129395
306,490,0.4200911149382591,0.0008037388324737549,0.05702090263366699
307,490,0.41929275169968605,0.0007983632385730743,0.054018259048461914
308,490,0.4185001291334629,0.0007926225662231445,0.049017906188964844
309,490,0.41771258786320686,0.0007875412702560425,0.06502270698547363
310,490,0.4169306755065918,0.0007819123566150665,0.05301856994628906
311,490,0.416154146194458,0.0007765293121337891,0.05902099609375
312,490,0.4153827540576458,0.0007713921368122101,0.058020830154418945
313,490,0.41461600363254547,0.0007667504251003265,0.06402230262756348
314,490,0.4138547256588936,0.000761277973651886,0.06102180480957031
315,490,0.4130985662341118,0.0007561594247817993,0.058020591735839844
316,490,0.41234735399484634,0.0007512122392654419,0.053019046783447266
317,490,0.4116011746227741,0.0007461793720722198,0.060021162033081055
318,490,0.41085993871092796,0.0007412359118461609,0.06002211570739746
319,490,0.4101235531270504,0.0007363855838775635,0.05101823806762695
320,490,0.4093922823667526,0.0007312707602977753,0.06302142143249512
321,490,0.4086657948791981,0.0007264874875545502,0.05501890182495117
322,490,0.40794404223561287,0.0007217526435852051,0.06202220916748047
323,490,0.4072270430624485,0.0007169991731643677,0.06202268600463867
324,490,0.406514760106802,0.0007122829556465149,0.05802011489868164
325,490,0.40580691769719124,0.0007078424096107483,0.05101823806762695
326,490,0.4051033742725849,0.0007035434246063232,0.06302165985107422
327,490,0.40440452471375465,0.0006988495588302612,0.05702018737792969
328,490,0.40370992198586464,0.0006946027278900146,0.06202340126037598
329,490,0.4030197598040104,0.000690162181854248,0.059020280838012695
330,490,0.40233413502573967,0.0006856247782707214,0.05401897430419922
331,490,0.40165285766124725,0.0006812773644924164,0.061022281646728516
332,490,0.40097589045763016,0.000676967203617096,0.053017377853393555
333,490,0.4003032445907593,0.0006726458668708801,0.04601645469665527
334,490,0.39963505417108536,0.0006681904196739197,0.0590212345123291
335,490,0.398970790207386,0.0006642639636993408,0.055019378662109375
336,490,0.3983108624815941,0.0006599277257919312,0.0590212345123291
337,490,0.39765480905771255,0.0006560534238815308,0.06102323532104492
338,490,0.397002749145031,0.0006520599126815796,0.06602215766906738
339,490,0.39635493606328964,0.000647813081741333,0.060021162033081055
340,490,0.3957109749317169,0.0006439611315727234,0.05101799964904785
341,490,0.39507096260786057,0.0006400123238563538,0.06102132797241211
342,490,0.39443474262952805,0.0006362199783325195,0.05502057075500488
343,490,0.3938024751842022,0.0006322674453258514,0.04701590538024902
344,490,0.39317381009459496,0.0006286650896072388,0.05502033233642578
345,490,0.39254897087812424,0.0006248392164707184,0.05801987648010254
346,490,0.391927856951952,0.0006211139261722565,0.05701923370361328
347,490,0.391310540959239,0.0006173159927129745,0.05101895332336426
348,490,0.3906971737742424,0.0006133671849966049,0.055019378662109375
349,490,0.3900874201208353,0.0006097536534070969,0.05702042579650879
350,490,0.3894809912890196,0.0006064288318157196,0.05501914024353027
351,490,0.38887794129550457,0.0006030499935150146,0.05601954460144043
352,490,0.3882785979658365,0.000599343329668045,0.053019046783447266
353,490,0.3876825887709856,0.0005960091948509216,0.06402254104614258
354,490,0.38709045574069023,0.000592133030295372,0.04601645469665527
355,490,0.386501282453537,0.000589173287153244,0.06202220916748047
356,490,0.38591574132442474,0.0005855411291122437,0.057021141052246094
357,490,0.3853337801992893,0.0005819611251354218,0.04501628875732422
358,490,0.3847550004720688,0.0005787797272205353,0.06202054023742676
359,490,0.38417977653443813,0.0005752239376306534,0.05802106857299805
360,490,0.38360777497291565,0.0005720015615224838,0.06602358818054199
361,490,0.38303890638053417,0.0005688685923814774,0.05402016639709473
362,490,0.3824731856584549,0.000565720722079277,0.055017948150634766
363,490,0.3819108307361603,0.0005623549222946167,0.06202292442321777
364,490,0.38135148771107197,0.0005593430250883102,0.058019161224365234
365,490,0.3807953856885433,0.0005561020225286484,0.056020259857177734
366,490,0.3802422396838665,0.0005531460046768188,0.06102156639099121
367,490,0.37969212234020233,0.0005501173436641693,0.05401873588562012
368,490,0.37914553470909595,0.0005465876311063766,0.06002163887023926
369,490,0.37860156036913395,0.0005439743399620056,0.06602358818054199
370,490,0.3780607655644417,0.0005407948046922684,0.06602311134338379
371,490,0.3775228504091501,0.0005379151552915573,0.05201864242553711
372,490,0.3769879173487425,0.0005349330604076385,0.05601978302001953
373,490,0.3764560781419277,0.0005318392068147659,0.045015573501586914
374,490,0.37592742033302784,0.0005286578088998795,0.04601645469665527
375,490,0.375401409342885,0.0005260109901428223,0.05501985549926758
376,490,0.37487848848104477,0.0005229208618402481,0.04801678657531738
377,490,0.3743581511080265,0.0005203373730182648,0.05101776123046875
378,490,0.37384084798395634,0.0005173031240701675,0.05702090263366699
379,490,0.3733261339366436,0.0005147140473127365,0.05401921272277832
380,490,0.37281440012156963,0.000511733815073967,0.04701685905456543
381,490,0.37230521999299526,0.0005091801285743713,0.057019948959350586
382,490,0.37179852463304996,0.0005066953599452972,0.06402206420898438
383,490,0.37129461765289307,0.0005039069801568985,0.06502294540405273
384,490,0.3707934841513634,0.0005011335015296936,0.05702066421508789
385,490,0.37029474414885044,0.0004987400025129318,0.06002211570739746
386,490,0.3697989284992218,0.0004958156496286392,0.06302237510681152
387,490,0.36930554173886776,0.000493386760354042,0.06302165985107422
388,490,0.3688146863132715,0.0004908554255962372,0.04901695251464844
389,490,0.3683264013379812,0.0004882849752902985,0.04401564598083496
390,490,0.36784059181809425,0.0004858095198869705,0.046016693115234375
391,490,0.36735731922090054,0.00048327259719371796,0.060021162033081055
392,490,0.3668765388429165,0.00048078037798404694,0.06502294540405273
393,490,0.36639819853007793,0.0004783403128385544,0.07002472877502441
394,490,0.36592232808470726,0.00047587044537067413,0.056020498275756836
395,490,0.36544875241816044,0.0004735756665468216,0.06102132797241211
396,490,0.36497735045850277,0.00047140195965766907,0.06702399253845215
397,490,0.36450852267444134,0.0004688277840614319,0.052018165588378906
398,490,0.3640422485768795,0.00046627409756183624,0.06302142143249512
399,490,0.36357825994491577,0.00046398863196372986,0.06902503967285156
400,490,0.36311690881848335,0.0004613511264324188,0.0500180721282959
401,490,0.3626576978713274,0.00045921094715595245,0.052017927169799805
402,490,0.3622007127851248,0.00045698508620262146,0.06402325630187988
403,490,0.36174609139561653,0.0004546213895082474,0.050019025802612305
404,490,0.3612939976155758,0.00045209378004074097,0.059018850326538086
405,490,0.3608442023396492,0.00044979527592658997,0.06702470779418945
406,490,0.36039683036506176,0.0004473719745874405,0.06402325630187988
407,490,0.35995118133723736,0.00044564902782440186,0.05802035331726074
408,490,0.3595078494399786,0.00044333189725875854,0.059020042419433594
409,490,0.3590666148811579,0.0004412345588207245,0.0680243968963623
410,490,0.35862747207283974,0.0004391428083181381,0.06302309036254883
411,490,0.35819033347070217,0.0004371386021375656,0.06402182579040527
412,490,0.3577554114162922,0.0004349220544099808,0.05802130699157715
413,490,0.357322471216321,0.00043294019997119904,0.04801678657531738
414,490,0.356891393661499,0.0004310775548219681,0.047016143798828125
415,490,0.3564625047147274,0.0004288889467716217,0.045015811920166016
416,490,0.35603570751845837,0.00042679719626903534,0.05702066421508789
417,490,0.35561093501746655,0.0004247725009918213,0.049016714096069336
418,490,0.35518799163401127,0.0004229433834552765,0.06002187728881836
419,490,0.35476717725396156,0.0004208143800497055,0.05301856994628906
420,490,0.35434851981699467,0.00041865743696689606,0.06302261352539062
421,490,0.35393159464001656,0.00041692517697811127,0.06902384757995605
422,490,0.3535166047513485,0.0004149898886680603,0.05201840400695801
423,490,0.35310379043221474,0.00041281431913375854,0.05802035331726074
424,490,0.3526928313076496,0.0004109591245651245,0.05402016639709473
425,490,0.3522837907075882,0.0004090406000614166,0.04601597785949707
426,490,0.35187653079628944,0.00040725991129875183,0.06402277946472168
427,490,0.35147119499742985,0.00040533579885959625,0.06202197074890137
428,490,0.35106760635972023,0.0004035886377096176,0.058020830154418945
429,490,0.35066560469567776,0.00040200166404247284,0.0590205192565918
430,490,0.35026572085916996,0.00039988383650779724,0.05902099609375
431,490,0.34986765682697296,0.0003980640321969986,0.05301952362060547
432,490,0.34947131760418415,0.00039633922278881073,0.04901766777038574
433,490,0.34907678328454494,0.00039453431963920593,0.054018259048461914
434,490,0.3486842419952154,0.0003925412893295288,0.05802035331726074
435,490,0.3482932597398758,0.0003909822553396225,0.060021400451660156
436,490,0.347904110327363,0.00038914941251277924,0.04501652717590332
437,490,0.34751675091683865,0.0003873594105243683,0.058019399642944336
438,490,0.347131060436368,0.00038569048047065735,0.04801678657531738
439,490,0.346747076138854,0.0003839842975139618,0.05201864242553711
440,490,0.3463646564632654,0.0003824196755886078,0.05602002143859863
441,490,0.34598400071263313,0.00038065575063228607,0.057019710540771484
442,490,0.34560494124889374,0.00037905946373939514,0.05702066421508789
443,490,0.3452275488525629,0.00037739239633083344,0.05802035331726074
444,490,0.3448519241064787,0.00037562474608421326,0.050017356872558594
445,490,0.34447766095399857,0.00037426315248012543,0.06402373313903809
446,490,0.34410541504621506,0.0003722459077835083,0.061020851135253906
447,490,0.34373472072184086,0.0003706943243741989,0.04601645469665527
448,490,0.34336553514003754,0.00036918558180332184,0.061022043228149414
449,490,0.34299806132912636,0.0003674738109111786,0.05401968955993652
450,490,0.34263219125568867,0.00036587007343769073,0.053019046783447266
451,490,0.34226778522133827,0.0003644060343503952,0.0520167350769043
452,490,0.3419050481170416,0.00036273710429668427,0.06702423095703125
453,490,0.34154373221099377,0.00036131590604782104,0.05201864242553711
454,490,0.3411840945482254,0.00035963766276836395,0.056020498275756836
455,490,0.3408259581774473,0.0003581363707780838,0.05601906776428223
456,490,0.34046925231814384,0.0003567058593034744,0.04801654815673828
457,490,0.34011408872902393,0.0003551635891199112,0.061022281646728516
458,490,0.33976025879383087,0.00035382993519306183,0.05601954460144043
459,490,0.33940801210701466,0.0003522466868162155,0.05802178382873535
460,490,0.33905708231031895,0.00035092979669570923,0.052018165588378906
461,490,0.33870772644877434,0.00034935586154460907,0.06202101707458496
462,490,0.338359709829092,0.000348016619682312,0.06102156639099121
463,490,0.33801315911114216,0.00034655071794986725,0.05303144454956055
464,490,0.3376680724322796,0.0003450866788625717,0.07701516151428223
465,490,0.3373242858797312,0.0003437865525484085,0.0680243968963623
466,490,0.33698199316859245,0.0003422927111387253,0.0750269889831543
467,490,0.3366409298032522,0.00034106336534023285,0.07302522659301758
468,490,0.3363014180213213,0.00033951178193092346,0.07202553749084473
469,490,0.3359634354710579,0.00033798255026340485,0.07202529907226562
470,490,0.3356270529329777,0.00033638253808021545,0.06302213668823242
471,490,0.33529214933514595,0.0003349035978317261,0.07402682304382324
472,490,0.33495841920375824,0.00033373013138771057,0.07202506065368652
473,490,0.3346259221434593,0.0003324970602989197,0.07002472877502441
474,490,0.334294818341732,0.0003311038017272949,0.0680243968963623
475,490,0.3339652419090271,0.00032957643270492554,0.06102132797241211
476,490,0.33363702334463596,0.00032821856439113617,0.051018476486206055
477,490,0.3333101999014616,0.0003268234431743622,0.06602311134338379
478,490,0.3329845070838928,0.000325692817568779,0.05702018737792969
479,490,0.33265996910631657,0.0003245379775762558,0.048017263412475586
480,490,0.3323367163538933,0.00032325275242328644,0.054019927978515625
481,490,0.33201468363404274,0.00032203271985054016,0.06502199172973633
482,490,0.33169388957321644,0.0003207940608263016,0.05302023887634277
483,490,0.3313743434846401,0.00031954608857631683,0.04701519012451172
484,490,0.33105603978037834,0.0003183037042617798,0.05101799964904785
485,490,0.3307389225810766,0.00031711719930171967,0.05802106857299805
486,490,0.3304230570793152,0.00031586550176143646,0.06402325630187988
487,490,0.3301083352416754,0.00031472183763980865,0.06302475929260254
488,490,0.32979489117860794,0.0003134440630674362,0.054015398025512695
489,490,0.3294824156910181,0.0003124754875898361,0.06202197074890137
490,490,0.32917117699980736,0.00031123869121074677,0.056020498275756836
491,490,0.32886108569800854,0.0003100913017988205,0.06002187728881836
492,490,0.32855220697820187,0.00030887871980667114,0.04701590538024902
493,490,0.3282444030046463,0.0003078039735555649,0.05502009391784668
494,490,0.32793785631656647,0.000306546688079834,0.06002044677734375
495,490,0.3276323825120926,0.00030547380447387695,0.060021162033081055
496,490,0.32732837460935116,0.0003040079027414322,0.05802106857299805
497,490,0.3270254470407963,0.00030292756855487823,0.06102108955383301
498,490,0.3267232198268175,0.0003022272139787674,0.06602334976196289
499,490,0.32642287388443947,0.00030034594237804413,0.05601954460144043
500,490,0.3261234275996685,0.0002994462847709656,0.05602097511291504
