1,180,2.3076637625694274,Nan,0.0930330753326416
2,180,2.2884632110595704,0.019200551509857,0.0750267505645752
3,180,2.269232416152954,0.01923079490661639,0.0680241584777832
4,180,2.249852454662323,0.019379961490630926,0.06102156639099121
5,180,2.229707431793213,0.02014502286911002,0.06702375411987305
6,180,2.2081955313682555,0.021511900424957542,0.07002544403076172
7,180,2.1847607493400574,0.023434782028198153,0.05601978302001953
8,180,2.1590672731399536,0.02569347620010376,0.054018497467041016
9,180,2.131244385242462,0.027822887897491544,0.05802035331726074
10,180,2.1014432430267336,0.029801142215728493,0.06702446937561035
11,180,2.0698251605033873,0.0316180825233463,0.07603335380554199
12,180,2.0365280151367187,0.03329714536666861,0.06301522254943848
13,180,2.001648712158203,0.034879302978515714,0.07302618026733398
14,180,1.965221530199051,0.036427181959151955,0.06302261352539062
15,180,1.9271913766860962,0.0380301535129548,0.06502270698547363
16,180,1.8875978291034698,0.03959354758262634,0.0590212345123291
17,180,1.846553087234497,0.04104474186897278,0.061020612716674805
18,180,1.8042919635772705,0.04226112365722656,0.05301928520202637
19,180,1.7613540053367616,0.042937958240508944,0.0590214729309082
20,180,1.7180690348148346,0.043284970521926924,0.07002496719360352
21,180,1.6745973646640777,0.043471670150756925,0.05702042579650879
22,180,1.631193846464157,0.04340351819992061,0.059020042419433594
23,180,1.5879663944244384,0.04322745203971867,0.05201840400695801
24,180,1.5450902163982392,0.04287617802619925,0.058020830154418945
25,180,1.5026942670345307,0.042395949363708496,0.06902432441711426
26,180,1.4609234988689423,0.041770768165588334,0.0680243968963623
27,180,1.4199186265468597,0.04100487232208261,0.0770268440246582
28,180,1.379804116487503,0.040114510059356734,0.0660240650177002
29,180,1.3407125353813172,0.039091581106185824,0.07102465629577637
30,180,1.3027641475200653,0.037948387861251875,0.07402706146240234
31,180,1.2660316348075866,0.03673251271247868,0.07202482223510742
32,180,1.2305915832519532,0.035440051555633456,0.06702351570129395
33,180,1.1964993357658387,0.0340922474861145,0.0770270824432373
34,180,1.1637876331806183,0.03271170258522038,0.07102560997009277
35,180,1.1324733793735504,0.03131425380706787,0.07002472877502441
36,180,1.1025583028793335,0.029915076494216875,0.06402277946472168
37,180,1.0740297436714172,0.028528559207916304,0.06102252006530762
38,180,1.0468596518039703,0.0271700918674469,0.06002235412597656
39,180,1.0210105985403062,0.025849053263664157,0.059018611907958984
40,180,0.9964308977127075,0.02457970082759864,0.05802154541015625
41,180,0.9730720281600952,0.02335886955261235,0.052017927169799805
42,180,0.9508804678916931,0.022191560268402077,0.06902527809143066
43,180,0.9297990679740906,0.021081399917602495,0.06702327728271484
44,180,0.9097745001316071,0.02002456784248352,0.06202197074890137
45,180,0.8907493948936462,0.01902510523796086,0.07902789115905762
46,180,0.8726681023836136,0.018081292510032654,0.06302237510681152
47,180,0.8554747939109802,0.01719330847263334,0.06102180480957031
48,180,0.8391167521476746,0.016358041763305686,0.06302237510681152
49,180,0.823542982339859,0.015573769807815552,0.0680241584777832
50,180,0.8087071239948272,0.01483585834503176,0.06602287292480469
51,180,0.7945644140243531,0.014142709970474177,0.06402325630187988
52,180,0.7810743033885956,0.013490110635757446,0.06802487373352051
53,180,0.7681931376457214,0.012881165742874234,0.06902408599853516
54,180,0.7558828353881836,0.01231030225753782,0.05902099609375
55,180,0.7441106081008911,0.011772227287292436,0.059020280838012695
56,180,0.7328483194112778,0.01126228868961332,0.06502294540405273
57,180,0.7220621824264526,0.010786136984825223,0.0660238265991211
58,180,0.7117227375507355,0.010339444875717141,0.05101776123046875
59,180,0.7018036365509033,0.009919100999832176,0.05602002143859863
60,180,0.692280650138855,0.009522986412048295,0.07002449035644531
61,180,0.683128359913826,0.009152290225028947,0.0770270824432373
62,180,0.6743268609046936,0.008801499009132407,0.06402206420898438
63,180,0.6658584237098694,0.008468437194824263,0.06302237510681152
64,180,0.6577049881219864,0.008153435587882951,0.06302237510681152
65,180,0.6498469322919845,0.007858055830001875,0.06702375411987305
66,180,0.6422668397426605,0.0075800925493240134,0.06402230262756348
67,180,0.6349507629871368,0.007316076755523704,0.07102537155151367
68,180,0.6278862804174423,0.007064482569694497,0.06502294540405273
69,180,0.6210573881864547,0.006828892230987593,0.07002520561218262
70,180,0.6144510298967362,0.006606358289718561,0.06202292442321777
71,180,0.6080588191747666,0.0063922107219696045,0.06302118301391602
72,180,0.6018687754869461,0.006190043687820501,0.0590205192565918
73,180,0.5958723336458206,0.005996441841125466,0.07202625274658203
74,180,0.5900593906641006,0.005812942981719971,0.05802178382873535
75,180,0.5844214379787445,0.005637952685356162,0.06502223014831543
76,180,0.5789488613605499,0.005472576618194558,0.0840291976928711
77,180,0.5736333936452865,0.005315467715263367,0.07902812957763672
78,180,0.5684686779975892,0.005164715647697382,0.06802511215209961
79,180,0.5634485006332397,0.005020177364349454,0.0700232982635498
80,180,0.5585667133331299,0.004881787300109797,0.06202220916748047
81,180,0.5538156419992447,0.004751071333885193,0.07402658462524414
82,180,0.549191190302372,0.004624451696872756,0.06602358818054199
83,180,0.5446888908743859,0.004502299427986078,0.06602358818054199
84,180,0.5403023138642311,0.0043865770101547685,0.07002472877502441
85,180,0.5360288321971893,0.0042734816670417786,0.0660238265991211
86,180,0.5318630173802376,0.004165814816951774,0.1430518627166748
87,180,0.5278004020452499,0.00406261533498764,0.10903716087341309
88,180,0.5238369330763817,0.003963468968868233,0.07002520561218262
89,180,0.5199672505259514,0.003869682550430298,0.08903098106384277
90,180,0.5161878347396851,0.0037794157862662825,0.07202529907226562
91,180,0.512496343255043,0.0036914914846420954,0.06002211570739746
92,180,0.5088902562856674,0.003606086969375588,0.07402896881103516
93,180,0.5053641200065613,0.00352613627910614,0.0720224380493164
94,180,0.5019152998924256,0.00344882011413572,0.06302213668823242
95,180,0.49854182451963425,0.0033734753727913125,0.06402277946472168
96,180,0.4952418729662895,0.0032999515533447266,0.05401873588562012
97,180,0.4920112997293472,0.0032305732369423135,0.06702327728271484
98,180,0.4888476476073265,0.003163652122020688,0.06302261352539062
99,180,0.48574865609407425,0.0030989915132522694,0.06102132797241211
100,180,0.4827133536338806,0.003035302460193623,0.06602334976196289
101,180,0.4797403410077095,0.002973012626171112,0.07102560997009277
102,180,0.4768270209431648,0.0029133200645447,0.06202220916748047
103,180,0.4739724323153496,0.0028545886278152355,0.06402206420898438
104,180,0.4711729228496552,0.0027995094656944053,0.06702446937561035
105,180,0.46842769384384153,0.002745229005813643,0.07402682304382324
106,180,0.4657344803214073,0.0026932135224342346,0.06502246856689453
107,180,0.463091716170311,0.002642764151096322,0.05401873588562012
108,180,0.4604975819587708,0.0025941342115402,0.07502603530883789
109,180,0.45795099884271623,0.002546583116054546,0.06202292442321777
110,180,0.45545016080141065,0.0025008380413055753,0.06702351570129395
111,180,0.45299308001995087,0.002457080781459786,0.061022043228149414
112,180,0.4505793645977974,0.002413715422153462,0.06302213668823242
113,180,0.44820996671915053,0.002369397878646873,0.05301833152770996
114,180,0.4458829462528229,0.002327020466327656,0.06502342224121094
115,180,0.44359599649906156,0.0022869497537613137,0.07002472877502441
116,180,0.441348160803318,0.0022478356957435497,0.05802035331726074
117,180,0.43913816958665847,0.002209991216659546,0.06202220916748047
118,180,0.43696530908346176,0.002172860503196705,0.07202553749084473
119,180,0.43482872694730756,0.002136582136154197,0.08803129196166992
120,180,0.4327273994684219,0.0021013274788856395,0.07202506065368652
121,180,0.4306603536009789,0.0020670458674430514,0.07002544403076172
122,180,0.42862714976072314,0.0020332038402557373,0.07902717590332031
123,180,0.4266261786222458,0.0020009711384773587,0.061022281646728516
124,180,0.4246568977832794,0.0019692808389663585,0.07202529907226562
125,180,0.422718508541584,0.0019383892416954263,0.0680246353149414
126,180,0.42081075310707095,0.0019077554345130476,0.0660240650177002
127,180,0.41893241703510287,0.0018783360719680786,0.06602215766906738
128,180,0.41708295941352846,0.0018494576215744019,0.06102156639099121
129,180,0.41526137590408324,0.0018215835094452237,0.07602691650390625
130,180,0.41346702426671983,0.0017943516373634116,0.06202292442321777
131,180,0.41169962137937544,0.0017674028873443937,0.06702470779418945
132,180,0.40995755791664124,0.0017420634627342002,0.06802248954772949
133,180,0.4082405030727386,0.00171705484390261,0.07602715492248535
134,180,0.4065482795238495,0.001692223548889149,0.07702994346618652
135,180,0.4048804134130478,0.0016678661108016635,0.06902170181274414
136,180,0.40323552042245864,0.0016448929905891752,0.06402230262756348
137,180,0.4016132473945618,0.001622273027896859,0.05802202224731445
138,180,0.40001320987939837,0.0016000375151634105,0.0680229663848877
139,180,0.39843610525131223,0.0015771046280861345,0.07002568244934082
140,180,0.39688094705343246,0.001555158197879769,0.08102798461914062
141,180,0.3953460827469826,0.0015348643064498901,0.058020591735839844
142,180,0.3938317120075226,0.0015143707394599804,0.0590207576751709
143,180,0.39233683347702025,0.0014948785305023415,0.07302594184875488
144,180,0.3908615857362747,0.0014752477407455333,0.055019378662109375
145,180,0.3894055292010307,0.0014560565352439991,0.06102132797241211
146,180,0.38796800225973127,0.0014375269412994496,0.07002711296081543
147,180,0.3865500032901764,0.0014179989695548567,0.08102774620056152
148,180,0.38515117913484576,0.001398824155330658,0.08803033828735352
149,180,0.3837688103318214,0.0013823688030243364,0.07202529907226562
150,180,0.3824046403169632,0.0013641700148582236,0.07102632522583008
151,180,0.38105755150318144,0.0013470888137817605,0.06702280044555664
152,180,0.3797271177172661,0.0013304337859153526,0.06302237510681152
153,180,0.37841309905052184,0.0013140186667442433,0.06402301788330078
154,180,0.37711507081985474,0.0012980282306671032,0.062021493911743164
155,180,0.3758328467607498,0.0012822240591049416,0.0590214729309082
156,180,0.37456693649291994,0.0012659102678298506,0.06602311134338379
157,180,0.37331645637750627,0.0012504801154136769,0.07202529907226562
158,180,0.3720805823802948,0.0012358739972114785,0.07002449035644531
159,180,0.37085965275764465,0.0012209296226501354,0.06502389907836914
160,180,0.36965357065200805,0.0012060821056366078,0.052018165588378906
161,180,0.36846147328615186,0.0011920973658561818,0.06002092361450195
162,180,0.3672828942537308,0.0011785790324210788,0.05902218818664551
163,180,0.3661181479692459,0.0011647462844848744,0.061020851135253906
164,180,0.3649665996432304,0.0011515483260154946,0.0680239200592041
165,180,0.3638281598687172,0.0011384397745132224,0.06302213668823242
166,180,0.3627034693956375,0.0011246904730796703,0.06702518463134766
167,180,0.36159019023180006,0.0011132791638374662,0.07402515411376953
168,180,0.3604902535676956,0.0010999366641044617,0.07504105567932129
169,180,0.35940261781215666,0.0010876357555389404,0.06801056861877441
170,180,0.35832685232162476,0.0010757654905318992,0.06702399253845215
171,180,0.35726395100355146,0.001062901318073295,0.06402134895324707
172,180,0.35621281415224076,0.0010511368513106967,0.06602358818054199
173,180,0.35517274439334867,0.0010400697588920926,0.06902503967285156
174,180,0.3541438147425652,0.0010289296507834944,0.0770273208618164
175,180,0.3531247049570084,0.0010191097855568043,0.07302498817443848
176,180,0.3521162122488022,0.0010084927082061879,0.07102608680725098
177,180,0.35111748427152634,0.0009987279772758484,0.06702399253845215
178,180,0.3501285195350647,0.0009889647364616505,0.06402158737182617
179,180,0.3491500407457352,0.0009784787893294955,0.057019948959350586
180,180,0.3481812238693237,0.0009688168764114824,0.06502389907836914
181,180,0.3472218871116638,0.0009593367576599121,0.06102323532104492
182,180,0.34627225399017336,0.0009496331214904341,0.06902217864990234
183,180,0.3453320890665054,0.000940164923667941,0.062024831771850586
184,180,0.34440194964408877,0.0009301394224166537,0.06902217864990234
185,180,0.34348113387823104,0.0009208157658577298,0.06302380561828613
186,180,0.34257067143917086,0.0009104624390601779,0.07402539253234863
187,180,0.3416693016886711,0.0009013697504997586,0.054018497467041016
188,180,0.3407763034105301,0.0008929982781409884,0.06702351570129395
189,180,0.33989250361919404,0.0008837997913360707,0.07202577590942383
190,180,0.33901786953210833,0.0008746340870857128,0.059020280838012695
191,180,0.3381524279713631,0.0008654415607452504,0.06902408599853516
192,180,0.33729489594697953,0.0008575320243835449,0.0680243968963623
193,180,0.33644529432058334,0.0008496016263961903,0.06902551651000977
194,180,0.3356046065688133,0.0008406877517700417,0.06602263450622559
195,180,0.3347721666097641,0.0008324399590491915,0.06903243064880371
196,180,0.33394749760627745,0.0008246690034866555,0.05701255798339844
197,180,0.33313068449497224,0.0008168131113052146,0.07102537155151367
198,180,0.33232108801603316,0.0008095964789390786,0.06902384757995605
199,180,0.33151859045028687,0.0008024975657462963,0.06202244758605957
200,180,0.33072332590818404,0.0007952645421028248,0.06402230262756348
201,180,0.329934923350811,0.000788402557373058,0.05702066421508789
202,180,0.329153710603714,0.000781212747096971,0.06702351570129395
203,180,0.32837872505187987,0.0007749855518341398,0.060021162033081055
204,180,0.3276101931929588,0.0007685318589210621,0.06702375411987305
205,180,0.3268467977643013,0.0007633954286574984,0.06202197074890137
206,180,0.3260904461145401,0.0007563516497612333,0.06702423095703125
207,180,0.3253403753042221,0.000750070810317971,0.06402254104614258
208,180,0.3245957911014557,0.0007445842027664074,0.06702399253845215
209,180,0.3238574370741844,0.000738354027271293,0.07102537155151367
210,180,0.32312596365809443,0.0007314734160899783,0.07402610778808594
211,180,0.3224009543657303,0.0007250092923641316,0.08002805709838867
212,180,0.3216820448637009,0.0007189095020294078,0.0910329818725586
213,180,0.3209693402051926,0.0007127046585083119,0.07803893089294434
214,180,0.3202617928385735,0.000707547366619099,0.06501078605651855
215,180,0.3195592060685158,0.0007025867700576893,0.06902432441711426
216,180,0.3188622258603573,0.0006969802081585041,0.0590205192565918
217,180,0.31817065104842185,0.0006915748119354359,0.058020830154418945
218,180,0.31748491898179054,0.000685732066631306,0.05602097511291504
219,180,0.3168045476078987,0.0006803713738918193,0.09503412246704102
220,180,0.3161297343671322,0.0006748132407665142,0.09803414344787598
221,180,0.3154601402580738,0.0006695941090584245,0.09603357315063477
222,180,0.31479384899139407,0.0006662912666797194,0.0910334587097168
223,180,0.31413285806775093,0.0006609909236431344,0.08102726936340332
224,180,0.3134766511619091,0.0006562069058418385,0.07302665710449219
225,180,0.3128256320953369,0.0006510190665721671,0.08502960205078125
226,180,0.3121792830526829,0.0006463490426540375,0.0750265121459961
227,180,0.3115383207798004,0.0006409622728824615,0.0750269889831543
228,180,0.3109024949371815,0.0006358258426189534,0.07602596282958984
229,180,0.31027118787169455,0.0006313070654869191,0.07202625274658203
230,180,0.30964442566037176,0.0006267622113227955,0.07602858543395996
231,180,0.3090220712125301,0.0006223544478416443,0.06402063369750977
232,180,0.308404366672039,0.000617704540491093,0.0750277042388916
233,180,0.3077912747859955,0.0006130918860435264,0.06902480125427246
234,180,0.3071835033595562,0.0006077714264393075,0.06702256202697754
235,180,0.3065796956419945,0.0006038077175616885,0.08302927017211914
236,180,0.30598048120737076,0.0005992144346237405,0.0840308666229248
237,180,0.3053855895996094,0.0005948916077613831,0.06602215766906738
238,180,0.3047951847314835,0.0005904048681258933,0.08903193473815918
239,180,0.3042091868817806,0.0005859978497028684,0.07603096961975098
240,180,0.3036272913217545,0.0005818955600261355,0.10503363609313965
241,180,0.30304944738745687,0.0005778439342976061,0.09203243255615234
242,180,0.30247598364949224,0.0005734637379646301,0.07102560997009277
243,180,0.30190624445676806,0.0005697391927241835,0.06902456283569336
244,180,0.30134022161364554,0.0005660228431225156,0.061020612716674805
245,180,0.3007779933512211,0.000562228262424469,0.07002544403076172
246,180,0.3002197086811066,0.0005582846701144839,0.055019378662109375
247,180,0.29966409876942635,0.0005556099116802438,0.057019948959350586
248,180,0.299112319201231,0.0005517795681953541,0.06202197074890137
249,180,0.2985637582838535,0.000548560917377483,0.08202958106994629
250,180,0.29801852628588676,0.0005452319979667442,0.07302546501159668
251,180,0.2974767297506332,0.000541796535253547,0.08102941513061523
252,180,0.29693798795342446,0.0005387417972087527,0.08102750778198242
253,180,0.29640321284532545,0.0005347751080990171,0.07502913475036621
254,180,0.29587138295173643,0.0005318298935890198,0.06702256202697754
255,180,0.29534339532256126,0.000527987629175164,0.06602334976196289
256,180,0.29481852650642393,0.000524868816137336,0.07202410697937012
257,180,0.294296957552433,0.0005215689539909141,0.06102252006530762
258,180,0.2937785111367702,0.0005184464156627877,0.07302522659301758
259,180,0.29326311200857164,0.0005153991281985904,0.06402277946472168
260,180,0.29275100082159045,0.0005121111869811901,0.06202268600463867
261,180,0.29224267080426214,0.0005083300173283067,0.06402230262756348
262,180,0.29173739776015284,0.0005052730441093001,0.08803224563598633
263,180,0.2912346951663494,0.0005027025938034169,0.0970454216003418
264,180,0.29073539525270464,0.0004992999136447795,0.05100560188293457
265,180,0.29023890271782876,0.0004964925348758809,0.06002187728881836
266,180,0.2897455558180809,0.0004933468997478374,0.06802487373352051
267,180,0.28925527408719065,0.000490281730890274,0.062021732330322266
268,180,0.28876749575138094,0.00048777833580970764,0.059020042419433594
269,180,0.28828276693820953,0.0004847288131714089,0.05602073669433594
270,180,0.28780062943696977,0.0004821375012397655,0.06102180480957031
271,180,0.28732074722647666,0.00047988221049311,0.061020851135253906
272,180,0.2868439793586731,0.0004767678678035403,0.06502246856689453
273,180,0.286370537430048,0.0004734419286251401,0.05802035331726074
274,180,0.28589881509542464,0.0004717223346233368,0.07002568244934082
275,180,0.2854299321770668,0.000468882918357838,0.06502294540405273
276,180,0.2849636130034924,0.00046631917357442543,0.06902456283569336
277,180,0.28450003564357756,0.00046357735991481297,0.05802011489868164
278,180,0.2840394593775272,0.00046057626605033875,0.06502318382263184
279,180,0.2835804231464863,0.0004590362310409324,0.061022043228149414
280,180,0.28312426805496216,0.00045615509152413525,0.06102132797241211
281,180,0.28267052844166757,0.00045373961329459034,0.062021493911743164
282,180,0.28221878930926325,0.0004517391324043163,0.06502366065979004
283,180,0.281769422441721,0.00044936686754226685,0.06302213668823242
284,180,0.28132241815328596,0.0004470042884350267,0.056020259857177734
285,180,0.280878022313118,0.00044439584016797706,0.06602311134338379
286,180,0.28043581619858743,0.00044220611453055225,0.061022043228149414
287,180,0.279995708912611,0.0004401072859764321,0.06602311134338379
288,180,0.27955781668424606,0.00043789222836493336,0.06002187728881836
289,180,0.2791228756308556,0.0004349410533904807,0.06502199172973633
290,180,0.2786900967359543,0.00043277889490128674,0.05802130699157715
291,180,0.2782596483826637,0.00043044835329059117,0.06302213668823242
292,180,0.2778318844735622,0.0004277639091014862,0.068023681640625
293,180,0.27740592509508133,0.00042595937848088905,0.05802106857299805
294,180,0.2769819900393486,0.00042393505573273815,0.06902551651000977
295,180,0.27656071111559866,0.0004212789237499348,0.0680232048034668
296,180,0.27614162042737006,0.0004190906882285961,0.06202244758605957
297,180,0.2757240831851959,0.00041753724217413746,0.06102132797241211
298,180,0.2753075025975704,0.00041658058762550354,0.06002068519592285
299,180,0.2748938761651516,0.00041362643241882324,0.06002187728881836
300,180,0.2744817942380905,0.00041208192706110314,0.062021732330322266
301,180,0.2740718640387058,0.00040993019938467823,0.06702399253845215
302,180,0.2736640885472298,0.00040777549147602565,0.07002472877502441
303,180,0.2732582174241543,0.00040587112307549633,0.05401945114135742
304,180,0.27285398095846175,0.00040423646569254235,0.06002187728881836
305,180,0.2724522061645985,0.0004017747938632743,0.05001688003540039
306,180,0.2720522165298462,0.00039998963475229576,0.062021732330322266
307,180,0.2716542072594166,0.0003980092704296001,0.06102156639099121
308,180,0.2712570108473301,0.0003971964120864646,0.06602334976196289
309,180,0.27086199074983597,0.00039502009749414757,0.06502318382263184
310,180,0.27046926915645597,0.00039272159337999657,0.06202292442321777
311,180,0.2700788050889969,0.00039046406745907314,0.06402111053466797
312,180,0.26969065219163896,0.0003881528973579407,0.06502389907836914
313,180,0.26930341869592667,0.0003872334957122914,0.06102156639099121
314,180,0.2689188413321972,0.00038457736372948803,0.05601978302001953
315,180,0.2685355871915817,0.00038325414061546326,0.06202268600463867
316,180,0.2681535445153713,0.00038204267621039234,0.06202292442321777
317,180,0.26777285113930704,0.00038069337606427833,0.06302118301391602
318,180,0.26739481985569,0.00037803128361701965,0.059020280838012695
319,180,0.2670167751610279,0.0003780446946621274,0.058020591735839844
320,180,0.2666409268975258,0.00037584826350212097,0.05501985549926758
321,180,0.266267292201519,0.0003736346960067638,0.06302332878112793
322,180,0.2658951491117477,0.00037214308977129296,0.0520172119140625
323,180,0.26552463248372077,0.0003705166280269512,0.06402277946472168
324,180,0.2651560798287392,0.00036855265498159095,0.06502366065979004
325,180,0.26478978544473647,0.00036629438400270775,0.0680232048034668
326,180,0.2644236274063587,0.00036615803837775074,0.0680243968963623
327,180,0.2640592880547047,0.00036433935165403053,0.06602358818054199
328,180,0.26369665041565893,0.00036263763904575974,0.05702042579650879
329,180,0.26333586499094963,0.00036078542470929786,0.06202125549316406
330,180,0.2629762805998325,0.00035958439111710705,0.06302309036254883
331,180,0.26261829137802123,0.00035798922181129456,0.06402206420898438
332,180,0.26226188987493515,0.000356401503086079,0.0590212345123291
333,180,0.26190670132637023,0.000355188548564922,0.06202268600463867
334,180,0.2615537725389004,0.0003529287874698417,0.05401873588562012
335,180,0.2612008981406689,0.00035287439823150635,0.06302189826965332
336,180,0.2608501136302948,0.0003507845103740692,0.06702351570129395
337,180,0.26050104573369026,0.00034906789660454907,0.05902099609375
338,180,0.26015321016311643,0.00034783557057382897,0.0680246353149414
339,180,0.2598073922097683,0.0003458179533481487,0.06302165985107422
340,180,0.25946303457021713,0.0003443576395511516,0.05101752281188965
341,180,0.25911966636776923,0.00034336820244790234,0.06302237510681152
342,180,0.2587775237858295,0.00034214258193970837,0.08303022384643555
343,180,0.2584362871944904,0.00034123659133911133,0.07302546501159668
344,180,0.25809645652770996,0.0003398306667804496,0.06802511215209961
345,180,0.25775797441601755,0.0003384821116924064,0.061020851135253906
346,180,0.25742056742310526,0.0003374069929122925,0.06402325630187988
347,180,0.257085520029068,0.00033504739403728,0.06302189826965332
348,180,0.25675131678581237,0.00033420324325561523,0.06102132797241211
349,180,0.2564190223813057,0.00033229440450666115,0.05401921272277832
350,180,0.25608801990747454,0.00033100247383116566,0.06302237510681152
351,180,0.2557589903473854,0.00032902956008912243,0.06402325630187988
352,180,0.25542995929718015,0.000329031050205264,0.08502984046936035
353,180,0.2551035210490227,0.000326438248157479,0.10403680801391602
354,180,0.2547775089740753,0.0003260120749473683,0.10403704643249512
355,180,0.25445296838879583,0.0003245405852794758,0.0840306282043457
356,180,0.2541297607123852,0.00032320767641064174,0.07202577590942383
357,180,0.2538075789809227,0.00032218173146247864,0.06902408599853516
358,180,0.25348671451210975,0.0003208644688129647,0.08202791213989258
359,180,0.2531667031347752,0.0003200113773345614,0.07902956008911133
360,180,0.25284874588251116,0.00031795725226402283,0.058019161224365234
361,180,0.25253081396222116,0.0003179319202900044,0.05702042579650879
362,180,0.2522145852446556,0.0003162287175655365,0.053018808364868164
363,180,0.2518997684121132,0.00031481683254241943,0.059021949768066406
364,180,0.25158523917198183,0.00031452924013136707,0.05501842498779297
365,180,0.2512721888720989,0.0003130502998829332,0.0590212345123291
366,180,0.2509608089923859,0.00031137987971302516,0.057019948959350586
367,180,0.2506504811346531,0.00031032785773277283,0.06302237510681152
368,180,0.2503412917256355,0.00030918940901758507,0.06702375411987305
369,180,0.250033138692379,0.00030815303325654186,0.07602739334106445
370,180,0.24972623214125633,0.0003069065511226432,0.06902384757995605
371,180,0.24942029118537903,0.0003059409558772985,0.0590212345123291
372,180,0.2491157241165638,0.0003045670688152369,0.06702446937561035
373,180,0.24881200566887857,0.0003037184476852306,0.06302142143249512
374,180,0.24850945249199868,0.0003025531768798828,0.06102180480957031
375,180,0.24820754826068878,0.0003019042313099074,0.07002544403076172
376,180,0.24790679439902305,0.0003007538616657257,0.07302522659301758
377,180,0.24760741889476776,0.0002993755042552948,0.07102489471435547
378,180,0.24730878099799156,0.00029863789677619934,0.07202553749084473
379,180,0.24701105058193207,0.00029773041605948847,0.06302261352539062
380,180,0.24671463519334794,0.0002964153885841314,0.06302142143249512
381,180,0.24641889557242394,0.00029573962092399597,0.0640256404876709
382,180,0.2461239993572235,0.00029489621520042975,0.06502199172973633
383,180,0.24583000615239142,0.00029399320483208813,0.06902337074279785
384,180,0.24553752467036247,0.00029248148202895563,0.07102537155151367
385,180,0.24524430707097053,0.00029321759939193726,0.0680243968963623
386,180,0.2449525475502014,0.0002917595207691248,0.07102441787719727
387,180,0.24466245323419572,0.0002900943160056846,0.06302213668823242
388,180,0.24437327757477761,0.0002891756594181061,0.06702470779418945
389,180,0.24408452734351158,0.0002887502312660384,0.07102441787719727
390,180,0.2437967002391815,0.00028782710433006287,0.06502366065979004
391,180,0.24351045340299607,0.0002862468361854442,0.07302618026733398
392,180,0.24322493076324464,0.0002855226397514288,0.07202506065368652
393,180,0.2429398663341999,0.0002850644290447457,0.068023681640625
394,180,0.24265613928437232,0.00028372704982757013,0.07102560997009277
395,180,0.24237325713038443,0.00028288215398789007,0.05301856994628906
396,180,0.24209218919277192,0.00028106793761251136,0.058020830154418945
397,180,0.24181042313575746,0.00028176605701446533,0.07102680206298828
398,180,0.24153093695640565,0.00027948617935180664,0.0610201358795166
399,180,0.24125254824757575,0.00027838870882990197,0.07202529907226562
400,180,0.24097350761294364,0.00027904063463210504,0.07402753829956055
401,180,0.24069636836647987,0.00027713924646377563,0.07002377510070801
402,180,0.24041971415281296,0.0002766542136669048,0.0660240650177002
403,180,0.24014456421136857,0.00027514994144439697,0.0680227279663086
404,180,0.23986889496445657,0.000275669246911997,0.0660245418548584
405,180,0.23959435671567916,0.0002745382487774062,0.06702327728271484
406,180,0.2393220528960228,0.00027230381965637207,0.07102584838867188
407,180,0.2390505164861679,0.0002715364098548889,0.06402182579040527
408,180,0.23877878338098527,0.0002717331051826366,0.06502270698547363
409,180,0.23850836381316184,0.00027041956782342114,0.07402777671813965
410,180,0.23823886662721633,0.0002694971859455164,0.07002377510070801
411,180,0.2379717580974102,0.00026710852980613153,0.07102513313293457
412,180,0.23770232424139975,0.00026943385601044256,0.06402230262756348
413,180,0.23743558079004287,0.00026674345135688227,0.06502318382263184
414,180,0.23716869354248046,0.00026688724756240845,0.06502246856689453
415,180,0.23690308183431624,0.00026561170816422064,0.06702399253845215
416,180,0.23663989529013635,0.0002631865441798942,0.08102917671203613
417,180,0.23637473657727243,0.0002651587128639221,0.060021162033081055
418,180,0.23611188903450966,0.0002628475427627619,0.05601930618286133
419,180,0.23584977611899377,0.0002621129155158941,0.061022043228149414
420,180,0.2355876460671425,0.0002621300518512726,0.07002472877502441
421,180,0.23532811924815178,0.0002595268189907185,0.06502342224121094
422,180,0.2350670464336872,0.0002610728144645802,0.06102180480957031
423,180,0.23480830639600753,0.00025874003767967224,0.06902360916137695
424,180,0.23455079272389412,0.0002575136721134075,0.07102584838867188
425,180,0.2342909425497055,0.0002598501741886139,0.06302189826965332
426,180,0.23403449580073357,0.00025644674897193354,0.05602002143859863
427,180,0.23377974107861518,0.0002547547221183888,0.06602311134338379
428,180,0.23352298215031625,0.00025675892829893354,0.06302309036254883
429,180,0.23326900154352187,0.0002539806067943795,0.07102489471435547
430,180,0.23301543518900872,0.0002535663545131517,0.06902480125427246
431,180,0.23276172503829,0.0002537101507187056,0.06202363967895508
432,180,0.23251052647829057,0.00025119855999944374,0.06602168083190918
433,180,0.2322603680193424,0.0002501584589481576,0.0660238265991211
434,180,0.23200827538967134,0.0002520926296710746,0.05801963806152344
435,180,0.23175847828388213,0.0002497971057892068,0.06702637672424316
436,180,0.23150972574949263,0.00024875253438949585,0.11304044723510742
437,180,0.23126109465956687,0.00024863108992576044,0.1040346622467041
438,180,0.23101504892110825,0.00024604573845862787,0.09703373908996582
439,180,0.2307673417031765,0.0002477072179317419,0.09403371810913086
440,180,0.23052058294415473,0.0002467587590217757,0.09403347969055176
441,180,0.23027471527457238,0.00024586766958234474,0.09603381156921387
442,180,0.23003111630678177,0.0002435989677906092,0.06402254104614258
443,180,0.2297867253422737,0.00024439096450806774,0.06302213668823242
444,180,0.22954226955771445,0.00024445578455925543,0.07102680206298828
445,180,0.22930045276880265,0.0002418167889118028,0.4111447334289551
446,180,0.22905628457665445,0.00024416819214820307,0.07802772521972656
447,180,0.22881476655602456,0.0002415180206298828,0.07302570343017578
448,180,0.22857469394803048,0.0002400726079940796,0.09503412246704102
449,180,0.22833308801054955,0.00024160593748093206,0.07602739334106445
450,180,0.2280930258333683,0.000240062177181255,0.0770263671875
451,180,0.2278531715273857,0.00023985430598258417,0.07202625274658203
452,180,0.22761466726660728,0.00023850426077842712,0.07402634620666504
453,180,0.22737641632556915,0.00023825094103813171,0.07402586936950684
454,180,0.2271372951567173,0.00023912116885185797,0.060021400451660156
455,180,0.22690139561891556,0.00023589953780173145,0.06302237510681152
456,180,0.22666347920894622,0.00023791640996934094,0.0680229663848877
457,180,0.2264275625348091,0.00023591667413710993,0.06502366065979004
458,180,0.22619453370571135,0.0002330288290977589,0.06702375411987305
459,180,0.22595741748809814,0.00023711621761321466,0.07002472877502441
460,180,0.2257225312292576,0.0002348862588405498,0.07002520561218262
461,180,0.22548842579126357,0.0002341054379940144,0.06302213668823242
462,180,0.22525515407323837,0.00023327171802520197,0.05501914024353027
463,180,0.22502224892377853,0.00023290514945983887,0.06702423095703125
464,180,0.22478887736797332,0.0002333715558052174,0.058020830154418945
465,180,0.22455775663256644,0.0002311207354068756,0.062021493911743164
466,180,0.22432693913578988,0.0002308174967765586,0.05401945114135742
467,180,0.22409598156809807,0.00023095756769181408,0.06902432441711426
468,180,0.22386612370610237,0.00022985786199569702,0.05802035331726074
469,180,0.22363599985837937,0.00023012384772300165,0.18706965446472168
470,180,0.22340860590338707,0.00022739395499229986,0.08502697944641113
471,180,0.22317899987101555,0.00022960603237151544,0.10503864288330078
472,180,0.22295220717787742,0.00022679269313813366,0.09603285789489746
473,180,0.22272448390722274,0.00022772327065467834,0.09803581237792969
474,180,0.22249786406755448,0.00022661983966826282,0.11103940010070801
475,180,0.22227214127779008,0.0002257227897644043,0.08903074264526367
476,180,0.2220475532114506,0.00022458806633948725,0.07502603530883789
477,180,0.22182217761874198,0.0002253755927086043,0.06502366065979004
478,180,0.22159758433699608,0.00022459328174589954,0.0770268440246582
479,180,0.22137504145503045,0.00022254288196563166,0.06402301788330078
480,180,0.2211511217057705,0.00022391974925994873,0.059020042419433594
481,180,0.22092870026826858,0.000222421437501924,0.05201888084411621
482,180,0.2207063004374504,0.00022239983081817627,0.07002449035644531
483,180,0.22048531025648116,0.00022099018096924383,0.06302309036254883
484,180,0.22026360034942627,0.00022170990705489002,0.06902408599853516
485,180,0.22004307731986045,0.00022052302956582226,0.07202506065368652
486,180,0.21982440799474717,0.0002186693251132743,0.06502366065979004
487,180,0.21960442811250686,0.00021997988224031761,0.05401897430419922
488,180,0.21938556507229806,0.00021886304020879432,0.06602358818054199
489,180,0.2191680632531643,0.00021750181913376965,0.08603048324584961
490,180,0.21895105093717576,0.00021701231598852955,0.08302998542785645
491,180,0.21873278245329858,0.000218268483877182,0.05701947212219238
492,180,0.21851645186543464,0.00021633058786393877,0.06902480125427246
493,180,0.21830142214894294,0.00021502971649170477,0.06702399253845215
494,180,0.21808547154068947,0.0002159506082534679,0.06102156639099121
495,180,0.21787026152014732,0.00021521002054214478,0.061022281646728516
496,180,0.21765677034854888,0.00021349117159844,0.06502342224121094
497,180,0.21744194403290748,0.0002148263156414032,0.06502175331115723
498,180,0.2172277294099331,0.00021421462297438465,0.0590207576751709
499,180,0.21701359525322914,0.00021413415670396008,0.05501985549926758
500,180,0.2168012611567974,0.00021233409643173218,0.06002092361450195
