1,430,2.3108648194207086,Nan,0.07102513313293457
2,430,2.3021525806850858,0.00871223873562288,0.06402254104614258
3,430,2.2938121954600015,0.00834038522508429,0.05401897430419922
4,430,2.2856929302215576,0.008119265238443862,0.05601930618286133
5,430,2.2775705655415854,0.008122364679972183,0.05602097511291504
6,430,2.2693276405334473,0.008242925008138169,0.06302165985107422
7,430,2.2607681486341686,0.008559491899278626,0.0590207576751709
8,430,2.2518321673075357,0.00893598132663298,0.06402254104614258
9,430,2.242605792151557,0.009226375155978683,0.06502342224121094
10,430,2.232984251446194,0.009621540705362808,0.058020830154418945
11,430,2.223180055618286,0.009804195827908035,0.06302189826965332
12,430,2.2132436434427896,0.009936412175496567,0.06902432441711426
13,430,2.2031198607550726,0.010123782687716965,0.068023681640625
14,430,2.1928087870279946,0.010311073727077957,0.0660238265991211
15,430,2.1822505791982016,0.010558207829792998,0.0590205192565918
16,430,2.1714418994055853,0.01080867979261635,0.06402277946472168
17,430,2.160367038514879,0.011074860890706084,0.060021400451660156
18,430,2.1490219699011908,0.011345068613688447,0.06702423095703125
19,430,2.137436125013563,0.011585844887627594,0.05401897430419922
20,430,2.1256001790364585,0.01183594597710469,0.06002068519592285
21,430,2.1134848329755993,0.012115346060859178,0.051018714904785156
22,430,2.1010350121392145,0.012449820836384795,0.0590205192565918
23,430,2.0881982379489474,0.012836774190267075,0.07202577590942383
24,430,2.074961397382948,0.013236840565999497,0.07002449035644531
25,430,2.061351007885403,0.013610389497544784,0.07302594184875488
26,430,2.047396977742513,0.013954030142889984,0.07002496719360352
27,430,2.033093571662903,0.014303406079610337,0.07102489471435547
28,430,2.018489678700765,0.01460389296213771,0.07102513313293457
29,430,2.0035716162787542,0.01491806242201088,0.07002544403076172
30,430,1.9883184830347698,0.015253133243984474,0.07102489471435547
31,430,1.9727621873219807,0.015556295712789048,0.07002472877502441
32,430,1.956892146004571,0.015870041317409767,0.06702375411987305
33,430,1.9407080014546711,0.016184144549899804,0.0590205192565918
34,430,1.924206813176473,0.016501188278198242,0.058020591735839844
35,430,1.9074080520206027,0.0167987611558702,0.056021690368652344
36,430,1.8903229766421847,0.01708507537841797,0.06502175331115723
37,430,1.8729409641689725,0.01738201247321225,0.052019596099853516
38,430,1.8552790615293715,0.01766190263960099,0.06001996994018555
39,430,1.8373508983188205,0.017928163210551018,0.05401921272277832
40,430,1.8191753758324518,0.018175522486368667,0.06302237510681152
41,430,1.8007662428749933,0.018409132957458496,0.058020591735839844
42,430,1.7821422285503812,0.018624014324612137,0.05902099609375
43,430,1.763323704401652,0.018818524148729088,0.05702090263366699
44,430,1.7443228032853868,0.01900090111626529,0.056018829345703125
45,430,1.7251555389828153,0.01916726430257154,0.06202363967895508
46,430,1.7058502700593736,0.019305268923441643,0.048015594482421875
47,430,1.6864325867758856,0.01941768328348803,0.058020830154418945
48,430,1.666917814148797,0.01951477262708856,0.06702303886413574
49,430,1.647326694594489,0.019591119554307923,0.06102299690246582
50,430,1.6276722351710002,0.019654459423488868,0.059020280838012695
51,430,1.607980728149414,0.019691507021586174,0.07602691650390625
52,430,1.5882765054702759,0.019704222679138184,0.0590214729309082
53,430,1.568571342362298,0.019705163107977874,0.053017616271972656
54,430,1.548882285753886,0.019689056608412026,0.06202292442321777
55,430,1.5292349523968167,0.019647333357069252,0.05702066421508789
56,430,1.5096509721544054,0.01958398024241137,0.05901980400085449
57,430,1.4901430871751573,0.019507884979248047,0.0660238265991211
58,430,1.4707338015238445,0.019409285651312835,0.05802106857299805
59,430,1.451434267891778,0.01929953363206649,0.06102132797241211
60,430,1.4322613345252142,0.019172933366563782,0.05601930618286133
61,430,1.4132360617319744,0.019025272793239845,0.0500178337097168
62,430,1.394375377231174,0.018860684500800362,0.053019046783447266
63,430,1.375698659155104,0.018676718076070076,0.06602358818054199
64,430,1.3572153780195448,0.018483281135559082,0.057019710540771484
65,430,1.3389476272794936,0.01826775074005127,0.05401945114135742
66,430,1.3209053807788425,0.018042246500651116,0.060021162033081055
67,430,1.3030996322631836,0.01780574851565886,0.06202197074890137
68,430,1.2855395476023357,0.017560084660847908,0.06302165985107422
69,430,1.2682361867692735,0.017303360833062165,0.05101919174194336
70,430,1.2511997487809923,0.01703643798828125,0.057019948959350586
71,430,1.23444045914544,0.016759289635552177,0.06502270698547363
72,430,1.217965669102139,0.016474790043301102,0.06702399253845215
73,430,1.2017785708109539,0.016187098291185142,0.058020591735839844
74,430,1.1858893500434027,0.01588922076755117,0.06202244758605957
75,430,1.170298417409261,0.015590932634141685,0.06302237510681152
76,430,1.155007865693834,0.015290551715426925,0.04801654815673828
77,430,1.1400231917699177,0.014984673923916336,0.052018165588378906
78,430,1.1253445280922785,0.014678663677639259,0.05801987648010254
79,430,1.1109699275758531,0.014374600516425362,0.06402349472045898
80,430,1.0968978669908311,0.014072060585021973,0.0500178337097168
81,430,1.083128445678287,0.013769421312544106,0.05702018737792969
82,430,1.0696598423851862,0.013468603293100845,0.05802035331726074
83,430,1.0564917988247342,0.01316804356045198,0.04701662063598633
84,430,1.0436193876796298,0.012872411145104401,0.06002235412597656
85,430,1.0310394167900085,0.012579970889621261,0.06702256202697754
86,430,1.018746429019504,0.012292987770504471,0.056020259857177734
87,430,1.0067364772160847,0.01200995180341935,0.05601954460144043
88,430,0.9950053095817566,0.011731167634328132,0.0660245418548584
89,430,0.9835493829515245,0.011455926630232094,0.058019399642944336
90,430,0.9723644124137031,0.011184970537821415,0.04901742935180664
91,430,0.9614425500233968,0.010921862390306236,0.062021732330322266
92,430,0.9507787492540147,0.010663800769382115,0.058020591735839844
93,430,0.9403677185376486,0.010411030716366176,0.05301952362060547
94,430,0.9302018880844116,0.010165830453236935,0.06402277946472168
95,430,0.9202757543987699,0.00992613368564177,0.06102132797241211
96,430,0.9105830722384982,0.009692682160271637,0.04801678657531738
97,430,0.9011204772525363,0.009462594985961914,0.05802035331726074
98,430,0.8918815188937717,0.009238958358764648,0.05702042579650879
99,430,0.8828609983126322,0.009020520581139446,0.051018714904785156
100,430,0.8740516304969788,0.008809367815653446,0.05702066421508789
101,430,0.8654465410444472,0.008605089452531578,0.061020612716674805
102,430,0.8570404648780823,0.008406076166364906,0.06902551651000977
103,430,0.848828136920929,0.00821232795715332,0.05901980400085449
104,430,0.8408049742380778,0.008023162682851193,0.057021379470825195
105,430,0.8329658773210313,0.007839096917046429,0.05701899528503418
106,430,0.825305786397722,0.007660090923309326,0.05702066421508789
107,430,0.8178187078899808,0.007487078507741218,0.06602287292480469
108,430,0.8104989992247688,0.0073197086652120325,0.07402682304382324
109,430,0.8033424814542135,0.00715651777055526,0.07602715492248535
110,430,0.7963450153668722,0.006997466087341309,0.05601859092712402
111,430,0.7895008391804166,0.006844176186455608,0.06402349472045898
112,430,0.7828061050838895,0.0066947340965271,0.06502294540405273
113,430,0.7762565546565585,0.0065495504273309635,0.062021732330322266
114,430,0.7698483467102051,0.006408207946353439,0.06402301788330078
115,430,0.7635787129402161,0.006269633769989014,0.06102132797241211
116,430,0.7574436532126533,0.006135059727562786,0.06002306938171387
117,430,0.7514389422204759,0.0060047109921773645,0.06301999092102051
118,430,0.7455601029925876,0.005878839227888344,0.06002163887023926
119,430,0.7398033870591058,0.005756715933481815,0.04701709747314453
120,430,0.7341654698053995,0.005637917253706215,0.05802106857299805
121,430,0.728643622663286,0.005521847142113567,0.0590205192565918
122,430,0.7232343819406297,0.00540924072265625,0.06102156639099121
123,430,0.7179346349504259,0.005299746990203857,0.06502270698547363
124,430,0.7127416001425849,0.005193034807840946,0.05201911926269531
125,430,0.7076515422927009,0.005090057849884033,0.050017595291137695
126,430,0.7026619248920016,0.004989617400699253,0.059020280838012695
127,430,0.6977697081036038,0.004892216788397796,0.05501961708068848
128,430,0.6929727064238654,0.0047970016797384,0.054019927978515625
129,430,0.6882681846618652,0.004704521762000202,0.06502223014831543
130,430,0.6836530632442899,0.004615121417575363,0.058020591735839844
131,430,0.6791254745589362,0.004527588685353634,0.06402325630187988
132,430,0.6746826701694064,0.00444280438952982,0.05301952362060547
133,430,0.6703236897786459,0.004358980390760547,0.060021162033081055
134,430,0.6660450961854723,0.0042785935931736185,0.06302142143249512
135,430,0.6618449356820848,0.004200160503387451,0.04801821708679199
136,430,0.6577207181188796,0.004124217563205246,0.0610203742980957
137,430,0.6536702844831679,0.00405043363571167,0.04701638221740723
138,430,0.6496924757957458,0.003977808687422035,0.06402254104614258
139,430,0.645783887969123,0.003908587826622845,0.05401968955993652
140,430,0.6419433752695719,0.003840512699551102,0.06302285194396973
141,430,0.6381695535447862,0.0037738217247856864,0.053018808364868164
142,430,0.6344612836837769,0.003708269861009361,0.06102132797241211
143,430,0.6308167046970792,0.0036445789866976774,0.06702351570129395
144,430,0.6272344986597697,0.003582206037309521,0.04601645469665527
145,430,0.6237131887012057,0.003521309958563923,0.061022281646728516
146,430,0.6202508277363248,0.0034623609648809506,0.05501842498779297
147,430,0.6168459918763902,0.003404835859934563,0.0500178337097168
148,430,0.6134968863593208,0.0033491055170694617,0.06002163887023926
149,430,0.6102029151386685,0.0032939712206522254,0.060021162033081055
150,430,0.6069618595971001,0.003241055541568394,0.06302237510681152
151,430,0.6037731071313223,0.0031887524657778776,0.060021162033081055
152,430,0.6006345285309685,0.003138578600353714,0.058020591735839844
153,430,0.5975450972716013,0.0030894312593672257,0.05501985549926758
154,430,0.5945029523637559,0.003042144907845379,0.05802106857299805
155,430,0.5915091435114542,0.002993808852301716,0.05101752281188965
156,430,0.5885621342394087,0.0029470092720454977,0.06502270698547363
157,430,0.5856603450245328,0.0029017892148759383,0.053018808364868164
158,430,0.5828030904134115,0.002857254611121296,0.05601954460144043
159,430,0.579989128642612,0.0028139617707995113,0.049017906188964844
160,430,0.5772172411282858,0.002771887514326221,0.055019378662109375
161,430,0.5744862390889062,0.002731002039379593,0.05601978302001953
162,430,0.571795360909568,0.0026908781793382186,0.06302237510681152
163,430,0.5691437423229218,0.0026516185866461983,0.06102180480957031
164,430,0.5665307376119826,0.0026130047109391707,0.06302189826965332
165,430,0.5639548533492618,0.002575884262720818,0.05802106857299805
166,430,0.5614156126976013,0.002539240651660446,0.05401921272277832
167,430,0.5589124858379364,0.002503126859664917,0.06102132797241211
168,430,0.5564446515507169,0.002467834287219528,0.058020591735839844
169,430,0.5540110137727525,0.002433637777964348,0.04901695251464844
170,430,0.5516110493077172,0.0023999644650353202,0.053019046783447266
171,430,0.549243602487776,0.002367446819941166,0.04801797866821289
172,430,0.5469084084033966,0.0023351940843794328,0.06002044677734375
173,430,0.5446050862471262,0.002303322156270382,0.05301952362060547
174,430,0.5423333909776475,0.0022716952694786796,0.06302165985107422
175,430,0.5400916900899675,0.0022417008876800537,0.06202197074890137
176,430,0.5378801789548662,0.0022115111351013184,0.057021141052246094
177,430,0.5356968740622202,0.002183304892645954,0.05101728439331055
178,430,0.5335418913099501,0.002154982752270107,0.058020591735839844
179,430,0.5314145882924398,0.002127303017510296,0.06102180480957031
180,430,0.5293148689799838,0.0020997193124560054,0.062021493911743164
181,430,0.5272417498959435,0.002073119084040287,0.07002520561218262
182,430,0.5251953800519308,0.002046369844012741,0.05501985549926758
183,430,0.5231752693653107,0.0020201106866201135,0.05501890182495117
184,430,0.5211803946230147,0.0019948747422959823,0.06402277946472168
185,430,0.5192106564839681,0.0019697381390465507,0.06202197074890137
186,430,0.5172652039262984,0.0019454525576697579,0.04701662063598633
187,430,0.5153434210353427,0.0019217828909556811,0.05702042579650879
188,430,0.5134452780087789,0.00189814302656377,0.0590207576751709
189,430,0.5115687681568993,0.001876509851879593,0.05202007293701172
190,430,0.509715755780538,0.0018530123763613737,0.04701662063598633
191,430,0.5078844759199355,0.0018312798606024971,0.05301713943481445
192,430,0.5060738722483317,0.0018106036716037943,0.0660238265991211
193,430,0.504284895128674,0.001788977119657642,0.06002092361450195
194,430,0.5025173591242896,0.0017675360043843957,0.06702375411987305
195,430,0.500770092010498,0.001747267113791584,0.04901766777038574
196,430,0.4990432659784953,0.0017268260320027484,0.04801678657531738
197,430,0.4973362783590953,0.0017069876194000244,0.05602002143859863
198,430,0.4956486192014482,0.00168765915764707,0.054019927978515625
199,430,0.49398039115799797,0.0016682280434502372,0.061020851135253906
200,430,0.4923316140969594,0.0016487770610385533,0.06102180480957031
201,430,0.490701738331053,0.0016298757659063967,0.0590214729309082
202,430,0.48909005853864884,0.0016116797924041748,0.059020280838012695
203,430,0.48749640583992004,0.001593652698728798,0.04801654815673828
204,430,0.48592005835639107,0.0015763474835289726,0.057021141052246094
205,430,0.4843611650996738,0.0015588932567172642,0.06102108955383301
206,430,0.48281945453749764,0.0015417105621761684,0.06302261352539062
207,430,0.48129475779003567,0.0015246967474619733,0.061022281646728516
208,430,0.4797862536377377,0.0015085041522979736,0.05701899528503418
209,430,0.47829393876923454,0.0014923148685031529,0.0590207576751709
210,430,0.47681769066386753,0.0014762481053670062,0.0590214729309082
211,430,0.4753567741976844,0.0014609164661831264,0.06102180480957031
212,430,0.47391095757484436,0.001445816622840046,0.061022043228149414
213,430,0.472480575243632,0.0014303823312123431,0.05802011489868164
214,430,0.47106431590186226,0.0014162593417697544,0.04901695251464844
215,430,0.4696631497806973,0.0014011661211649762,0.061022281646728516
216,430,0.4682760536670685,0.0013870961136288051,0.05001688003540039
217,430,0.4669029745790694,0.0013730790879991073,0.06402373313903809
218,430,0.46554384297794765,0.0013591316011217214,0.0770268440246582
219,430,0.4641985363430447,0.001345306634902954,0.05301856994628906
220,430,0.46286675996250576,0.0013317763805389404,0.051018714904785156
221,430,0.461548325088289,0.001318434874216734,0.05802035331726074
222,430,0.46024293700853985,0.0013053880797491701,0.05401945114135742
223,430,0.4589507116211785,0.0012922253873613454,0.04701662063598633
224,430,0.45767077803611755,0.001279933585060955,0.05501914024353027
225,430,0.4564034077856276,0.001267370250489952,0.05302000045776367
226,430,0.4551481339666579,0.0012552738189697266,0.0520172119140625
227,430,0.45390506585439044,0.0012430681122674314,0.0680246353149414
228,430,0.45267393853929305,0.0012311273150973912,0.060021162033081055
229,430,0.45145436459117466,0.001219573948118391,0.055019378662109375
230,430,0.4502463804350959,0.0012079841560787563,0.04901695251464844
231,430,0.44904975096384686,0.0011966294712490444,0.05602073669433594
232,430,0.44786425762706333,0.0011854933367835274,0.3471224308013916
233,430,0.44668973485628766,0.0011745227707756767,0.05501985549926758
234,430,0.4455264177587297,0.0011633170975579588,0.06702351570129395
235,430,0.44437414076593185,0.0011522769927978516,0.05401968955993652
236,430,0.4432321356402503,0.0011420051256815222,0.062021732330322266
237,430,0.44210050172275966,0.0011316339174906598,0.06002187728881836
238,430,0.44097903701994157,0.001121464702818098,0.06002020835876465
239,430,0.43986789716614616,0.0011111398537954065,0.06102156639099121
240,430,0.4387669563293457,0.001100940836800457,0.0570216178894043
241,430,0.4376756515767839,0.0010913047525618058,0.06602215766906738
242,430,0.43659406569268966,0.0010815858840942383,0.06902456283569336
243,430,0.4355221821202172,0.001071883572472454,0.0590214729309082
244,430,0.43445972932709587,0.0010624527931213379,0.06202220916748047
245,430,0.43340666757689583,0.001053061750200035,0.04801630973815918
246,430,0.43236250678698224,0.0010441607899135952,0.05401921272277832
247,430,0.431327760219574,0.0010347465674082623,0.06102132797241211
248,430,0.43030144108666313,0.0010263191329108468,0.05602002143859863
249,430,0.4292840328481462,0.0010174082385169259,0.055020809173583984
250,430,0.4282757639884949,0.001008268859651329,0.0520172119140625
251,430,0.42727556493547225,0.0010001990530226212,0.05101752281188965
252,430,0.4262840681605869,0.0009914967748853587,0.05301952362060547
253,430,0.42530076371298897,0.0009833044475979213,0.06402206420898438
254,430,0.4243264165189531,0.000974347194035885,0.053018808364868164
255,430,0.4233599139584435,0.0009665025605095634,0.05702042579650879
256,430,0.42240150107277763,0.0009584128856658936,0.04601764678955078
257,430,0.4214511381255256,0.000950362947252037,0.06202054023742676
258,430,0.420508301920361,0.00094283620516461,0.06702375411987305
259,430,0.4195730321937137,0.0009352697266472587,0.057019948959350586
260,430,0.4186449944972992,0.0009280376964145298,0.05201911926269531
261,430,0.41772467891375226,0.0009203155835469379,0.05101752281188965
262,430,0.4168116781446669,0.0009130007690853481,0.058020591735839844
263,430,0.41590624385409886,0.0009054342905680524,0.04801774024963379
264,430,0.4150080449051327,0.0008981989489661446,0.059020280838012695
265,430,0.4141169918908013,0.0008910530143313999,0.05201888084411621
266,430,0.41323308481110466,0.0008839070796966553,0.06102108955383301
267,430,0.41235607200198704,0.0008770128091176166,0.05702090263366699
268,430,0.411485943529341,0.000870128472646059,0.06402206420898438
269,430,0.4106225371360779,0.0008634063932630998,0.050018310546875
270,430,0.40976597865422565,0.000856558481852232,0.04801678657531738
271,430,0.4089155826303694,0.0008503960238562258,0.06402230262756348
272,430,0.40807075964079964,0.0008448229895697823,0.048017263412475586
273,430,0.407232575946384,0.0008381836944156285,0.0680241584777832
274,430,0.40640101167890763,0.0008315642674763812,0.06502294540405273
275,430,0.40557607346110874,0.0008249382177988873,0.05101895332336426
276,430,0.4047570990191566,0.0008189744419521694,0.05502033233642578
277,430,0.40394456850157845,0.000812530517578125,0.07102441787719727
278,430,0.40313795540067887,0.000806613100899578,0.07402539253234863
279,430,0.40233733918931747,0.0008006162113614046,0.06402277946472168
280,430,0.4015427860948775,0.000794553094439987,0.05401945114135742
281,430,0.4007539947827657,0.0007887913121117918,0.06002330780029297
282,430,0.3999710612826877,0.0007829335000779647,0.06602239608764648
283,430,0.3991937008168962,0.0007773604657915212,0.05401968955993652
284,430,0.39842189682854545,0.0007718039883507499,0.05501818656921387
285,430,0.3976557221677568,0.0007661746607886544,0.0680241584777832
286,430,0.3968949682182736,0.0007607539494832172,0.058020830154418945
287,430,0.3961399230692122,0.0007550451490613841,0.06402277946472168
288,430,0.39538999729686314,0.0007499257723490582,0.05601930618286133
289,430,0.394645588265525,0.0007444090313381557,0.06103348731994629
290,430,0.3939066297478146,0.0007389585177103863,0.06501173973083496
291,430,0.3931731979052226,0.0007334318425920028,0.05802035331726074
292,430,0.3924451834625668,0.0007280144426558,0.06402397155761719
293,430,0.391722215546502,0.0007229679160647984,0.05601835250854492
294,430,0.39100434051619637,0.0007178750303056258,0.0680246353149414
295,430,0.3902915252579583,0.0007128152582380753,0.050018310546875
296,430,0.38958359095785355,0.00070793430010474,0.04801607131958008
297,430,0.38888011707199943,0.0007034738858541223,0.06102156639099121
298,430,0.3881816996468438,0.0006984174251556396,0.06502223014831543
299,430,0.387487444612715,0.0006942550341287879,0.06302332878112793
300,430,0.38679752747217816,0.0006899171405368443,0.06002163887023926
301,430,0.38611184888415867,0.0006856785880194893,0.05801963806152344
302,430,0.38543092873361373,0.0006809201505449392,0.055019378662109375
303,430,0.3847540815671285,0.0006768471664852505,0.05501985549926758
304,430,0.3840819431675805,0.0006721383995479946,0.058020591735839844
305,430,0.3834143744574653,0.0006675687101151961,0.06302237510681152
306,430,0.38275113039546543,0.000663244061999857,0.05101728439331055
307,430,0.38209258019924164,0.000658550196223795,0.05402016639709473
308,430,0.38143809802002376,0.0006544821792178745,0.06702280044555664
309,430,0.38078829149405163,0.0006498065259721297,0.05602097511291504
310,430,0.38014299505286747,0.0006452964411841622,0.05501914024353027
311,430,0.3795018461015489,0.0006411489513185598,0.0590207576751709
312,430,0.37886487278673386,0.000636973314815048,0.05702066421508789
313,430,0.3782322042518192,0.000632668534914671,0.05401873588562012
314,430,0.37760361201233333,0.000628592239485859,0.062023162841796875
315,430,0.3769789437452952,0.0006246682670381087,0.056018829345703125
316,430,0.3763583368725247,0.000620606872770546,0.05301856994628906
317,430,0.3757413327693939,0.0006170041031307583,0.05301856994628906
318,430,0.3751281499862671,0.0006131827831268311,0.06302285194396973
319,430,0.37451866103543174,0.0006094889508353463,0.057019948959350586
320,430,0.3739130480421914,0.0006056129932403564,0.05902242660522461
321,430,0.37331101795037586,0.0006020300918155308,0.05401802062988281
322,430,0.37271289858553147,0.000598119364844385,0.05601978302001953
323,430,0.37211840351422626,0.0005944950713052122,0.05401873588562012
324,430,0.37152767678101856,0.0005907267332077026,0.05301856994628906
325,430,0.37094046506616807,0.0005872117148504885,0.06202244758605957
326,430,0.37035686605506474,0.0005835990111033307,0.06702351570129395
327,430,0.3697768019305335,0.0005800641245312099,0.05802106857299805
328,430,0.369200199842453,0.0005766020880805245,0.062021732330322266
329,430,0.368627001841863,0.000573198000590025,0.059021711349487305
330,430,0.368057068851259,0.000569932990603983,0.06502223014831543
331,430,0.3674909273783366,0.0005661414729223879,0.05802130699157715
332,430,0.36692775620354545,0.000563171174791155,0.061020612716674805
333,430,0.36636842290560406,0.000559333297941389,0.05201840400695801
334,430,0.3658122652106815,0.0005561576949225655,0.05802106857299805
335,430,0.3652593361006843,0.0005529291099972133,0.05401945114135742
336,430,0.36470962895287407,0.0005497071478102189,0.06402206420898438
337,430,0.364163253042433,0.0005463759104410437,0.06302404403686523
338,430,0.36361998154057396,0.0005432715018590661,0.048015594482421875
339,430,0.3630799220667945,0.0005400594737794417,0.05802035331726074
340,430,0.36254271037048763,0.0005372116963068829,0.05501985549926758
341,430,0.36200857328044045,0.000534137090047182,0.06202220916748047
342,430,0.36147719124952954,0.0005313820309109096,0.057019710540771484
343,430,0.3609480278359519,0.0005291634135776158,0.06002187728881836
344,430,0.36042163603835636,0.0005263917975955601,0.06402182579040527
345,430,0.3598981648683548,0.000523471170001566,0.06502366065979004
346,430,0.3593773858414756,0.0005207790268791923,0.05101823806762695
347,430,0.35885993970765007,0.0005174461338255387,0.06202197074890137
348,430,0.3583452105522156,0.0005147291554344902,0.06702351570129395
349,430,0.3578328904178407,0.0005123201343748551,0.05401945114135742
350,430,0.35732361012034947,0.0005092802974912547,0.0590207576751709
351,430,0.35681722064812976,0.0005063894722197038,0.05802035331726074
352,430,0.3563135299417708,0.0005036907063589724,0.05902099609375
353,430,0.35581254131264156,0.0005009886291292287,0.051018476486206055
354,430,0.3553142133686278,0.0004983279440137767,0.06602263450622559
355,430,0.35481852624151444,0.0004956871271133423,0.06202340126037598
356,430,0.3543255941735374,0.0004929320679770699,0.06102156639099121
357,430,0.35383520358138615,0.0004903905921512242,0.0520176887512207
358,430,0.3533475763267941,0.00048762725459206013,0.05101752281188965
359,430,0.3528626908858617,0.00048488544093239216,0.058020591735839844
360,430,0.3523799429337184,0.00048274795214331423,0.04901766777038574
361,430,0.35190005600452423,0.000479886929194151,0.05802011489868164
362,430,0.35142219728893703,0.0004778587155871983,0.05602002143859863
363,430,0.35094695289929706,0.00047524438963997273,0.06102132797241211
364,430,0.350474293033282,0.00047265986601507937,0.05602002143859863
365,430,0.3500041233168708,0.0004701697164111729,0.0500178337097168
366,430,0.34953635268741184,0.0004677706294589634,0.04601693153381348
367,430,0.34907107717461056,0.00046527551280128865,0.05501914024353027
368,430,0.34860850870609283,0.00046256846851772115,0.04801654815673828
369,430,0.34814849827024674,0.00046001043584609214,0.05702018737792969
370,430,0.3476908869213528,0.0004576113488939382,0.05602002143859863
371,430,0.34723546769883895,0.00045541922251385314,0.06302237510681152
372,430,0.34678231676419574,0.00045315093464320944,0.04901766777038574
373,430,0.3463316791587406,0.00045063760545516196,0.05201864242553711
374,430,0.34588265584574807,0.00044902331299251363,0.04901742935180664
375,430,0.3454362369245953,0.00044641892115276915,0.04901719093322754
376,430,0.34499169720543754,0.0004445397191577549,0.05402016639709473
377,430,0.3445492817295922,0.0004424154758453369,0.056018829345703125
378,430,0.34410902857780457,0.0004402531517876396,0.06002044677734375
379,430,0.343670720855395,0.00043830772240954774,0.061022043228149414
380,430,0.3432344032658471,0.0004363175895479299,0.060021162033081055
381,430,0.3428007529841529,0.00043365028169417563,0.06402277946472168
382,430,0.34236790239810944,0.00043285058604347615,0.05702018737792969
383,430,0.3419372108247545,0.00043069157335495767,0.06302309036254883
384,430,0.3415086534288194,0.0004285573959350586,0.05101799964904785
385,430,0.34108248849709827,0.00042616493172115133,0.07002425193786621
386,430,0.34065856370660996,0.0004239247904883059,0.04501628875732422
387,430,0.34023649162716335,0.0004220720794466115,0.06102180480957031
388,430,0.33981643782721627,0.00042005379994708436,0.06102156639099121
389,430,0.33939820528030396,0.0004182325469123116,0.06102108955383301
390,430,0.3389819545878304,0.00041625069247352986,0.06102180480957031
391,430,0.3385675864087211,0.00041436817910933677,0.049018144607543945
392,430,0.33815504444970024,0.0004125419590208512,0.05301833152770996
393,430,0.33774442308478886,0.0004106213649113788,0.04801678657531738
394,430,0.33733562628428143,0.00040879680050742717,0.058020591735839844
395,430,0.3369287931256824,0.00040683315859901814,0.06402254104614258
396,430,0.33652371830410427,0.0004050748215781441,0.05101895332336426
397,430,0.3361206154028575,0.00040310290124678794,0.05401802062988281
398,430,0.33571936190128326,0.0004012535015742169,0.04601621627807617
399,430,0.3353198385900921,0.00039952331119114115,0.04801774024963379
400,430,0.33492197427484727,0.00039786431524485577,0.055019378662109375
401,430,0.3345257689555486,0.0003962053192986814,0.060022592544555664
402,430,0.3341313915120231,0.0003943774435254954,0.055017709732055664
403,430,0.33373860518137616,0.0003927863306469326,0.05501985549926758
404,430,0.333347683151563,0.0003909220298131677,0.06902432441711426
405,430,0.3329589267571767,0.0003887563943862915,0.055019378662109375
406,430,0.3325720975796382,0.00038682917753851687,0.05802106857299805
407,430,0.3321870234277513,0.0003850741518868772,0.05501985549926758
408,430,0.33180320925182766,0.00038381417592364686,0.05501866340637207
409,430,0.3314211732811398,0.0003820359706878662,0.052018165588378906
410,430,0.3310408691565196,0.000380304124620201,0.05201911926269531
411,430,0.33066236476103467,0.0003785043954849243,0.055019378662109375
412,430,0.3302852577633328,0.0003771069977018815,0.057019948959350586
413,430,0.3299097584353553,0.00037549932797747987,0.05502033233642578
414,430,0.32953599757618374,0.000373760859171568,0.06102156639099121
415,430,0.3291638278298908,0.00037216974629294963,0.06102132797241211
416,430,0.3287933005226983,0.00037052730719250304,0.06102132797241211
417,430,0.3284241474337048,0.0003691530889934902,0.05902099609375
418,430,0.3280569877889421,0.00036715964476269347,0.058020591735839844
419,430,0.3276916527085834,0.00036533508035868634,0.05802035331726074
420,430,0.3273281140459908,0.0003635386625925885,0.05702090263366699
421,430,0.3269659760925505,0.0003621379534403113,0.057019710540771484
422,430,0.326605596476131,0.0003603796164194928,0.04401540756225586
423,430,0.3262466887633006,0.0003589077128304252,0.057019948959350586
424,430,0.3258894268009398,0.00035726196236079977,0.06702399253845215
425,430,0.32553357548183864,0.00035585131910115253,0.06002211570739746
426,430,0.3251790785127216,0.0003544969691170463,0.06302261352539062
427,430,0.324826267030504,0.0003528114822176076,0.04701566696166992
428,430,0.3244752287864685,0.0003510382440354842,0.04701709747314453
429,430,0.32412557303905487,0.00034965574741363525,0.068023681640625
430,430,0.3237774570782979,0.00034811596075695617,0.05301928520202637
431,430,0.3234308676587211,0.000346589419576826,0.05401897430419922
432,430,0.3230856955051422,0.00034517215357887654,0.05902218818664551
433,430,0.3227418296866947,0.0003438658184475307,0.05801868438720703
434,430,0.32239944570594364,0.0003423839807510376,0.06302261352539062
435,430,0.3220585170719359,0.0003409286340077533,0.06402301788330078
436,430,0.3217190007368724,0.00033951633506351664,0.06602311134338379
437,430,0.32138098610772026,0.0003380146291521169,0.05702066421508789
438,430,0.3210442496670617,0.00033673644065856934,0.060021162033081055
439,430,0.32070866889423794,0.00033558077282375143,0.06503510475158691
440,430,0.32037441101339126,0.00033425788084667785,0.06201028823852539
441,430,0.3200414644347297,0.00033294657866156374,0.058019399642944336
442,430,0.31970974306265515,0.0003317213720745449,0.052019596099853516
443,430,0.31937946213616264,0.00033028092649250995,0.04801607131958008
444,430,0.3190504279401567,0.00032903419600593953,0.0500185489654541
445,430,0.318722868959109,0.0003275589810476931,0.06402182579040527
446,430,0.318396238817109,0.0003266301420000173,0.056020259857177734
447,430,0.31807053585847217,0.00032570295863681986,0.05401945114135742
448,430,0.3177461971839269,0.0003243386745452881,0.0590205192565918
449,430,0.31742317312293583,0.00032302406099105063,0.07402682304382324
450,430,0.31710122360123527,0.0003219495217005597,0.0750269889831543
451,430,0.31678084201282924,0.0003203815884060268,0.05802035331726074
452,430,0.31646159787972766,0.0003192441331015816,0.04601550102233887
453,430,0.31614365842607284,0.00031793945365482523,0.05501961708068848
454,430,0.31582693258921307,0.00031672583685976585,0.06702423095703125
455,430,0.31551123327679104,0.0003156993124220353,0.05201840400695801
456,430,0.3151967376470566,0.000314495629734457,0.06202268600463867
457,430,0.3148833711942037,0.00031336645285290343,0.05601859092712402
458,430,0.3145717249976264,0.00031164619657725323,0.05101823806762695
459,430,0.3142612742053138,0.00031045079231262207,0.05601906776428223
460,430,0.3139520585536957,0.00030921565161812214,0.05702018737792969
461,430,0.31364405983024174,0.0003079987234539394,0.059020280838012695
462,430,0.3133372233973609,0.0003068364328808193,0.06402349472045898
463,430,0.3130316717757119,0.00030555162164902505,0.0590207576751709
464,430,0.31272733873791164,0.0003043330378002529,0.06102132797241211
465,430,0.3124239693085353,0.0003033694293763656,0.06602311134338379
466,430,0.3121213482485877,0.00030262105994754984,0.049017906188964844
467,430,0.3118198762337367,0.00030147201485103414,0.06102108955383301
468,430,0.31151943074332344,0.0003004454904132481,0.05401945114135742
469,430,0.31122013595369125,0.00029929478963219847,0.06802535057067871
470,430,0.3109219686852561,0.0002981672684351233,0.056018829345703125
471,430,0.31062471866607666,0.0002972500191794625,0.05702018737792969
472,430,0.3103284819258584,0.00029623674021828084,0.07002472877502441
473,430,0.3100333975421058,0.0002950843837525863,0.06002163887023926
474,430,0.30973934796121383,0.0002940495808919641,0.06002092361450195
475,430,0.30944639444351196,0.00029295351770186606,0.05501985549926758
476,430,0.3091547042131424,0.00029169023036956787,0.04701733589172363
477,430,0.30886415309376186,0.00029055111938053324,0.06002044677734375
478,430,0.3085741251707077,0.00029002792305415914,0.05101776123046875
479,430,0.3082852645052804,0.00028886066542732625,0.06302261352539062
480,430,0.3079972383048799,0.0002880262004004708,0.0590214729309082
481,430,0.3077101707458496,0.00028706755903029624,0.058020830154418945
482,430,0.30742408335208893,0.00028608739376068115,0.05601859092712402
483,430,0.3071390820874108,0.0002850012646781197,0.05301928520202637
484,430,0.306854999727673,0.00028408235973781393,0.052017927169799805
485,430,0.3065720432334476,0.0002829564942253837,0.04601693153381348
486,430,0.3062898748450809,0.0002821683883666992,0.060021400451660156
487,430,0.3060087048345142,0.0002811700105667114,0.06202220916748047
488,430,0.30572814246018726,0.00028056237432694253,0.06402277946472168
489,430,0.3054487142297957,0.00027942823039156517,0.0520176887512207
490,430,0.30517006748252445,0.0002786467472712384,0.06302309036254883
491,430,0.3048925863371955,0.0002774811453289394,0.05602002143859863
492,430,0.30461593800120884,0.0002766483359866734,0.05301833152770996
493,430,0.304340488380856,0.00027544962035286336,0.05401945114135742
494,430,0.30406587156984544,0.0002746168110105418,0.062024831771850586
495,430,0.30379196008046466,0.0002739114893807737,0.0540156364440918
496,430,0.3035190718041526,0.0002728882763120555,0.06002163887023926
497,430,0.3032469269302156,0.00027214487393700804,0.05602073669433594
498,430,0.3029760668675105,0.00027086006270510277,0.062021493911743164
499,430,0.3027060478925705,0.0002700189749400006,0.05401921272277832
500,430,0.30243711835808224,0.0002689295344882603,0.05301928520202637
