1,170,2.2987422602517262,Nan,0.08703112602233887
2,170,2.2762222857702348,0.022519974481491456,0.06002187728881836
3,170,2.2524210271381198,0.02380125863211502,0.06302237510681152
4,170,2.227308886391776,0.025112140746343936,0.059020042419433594
5,170,2.2012127467564175,0.026096139635358284,0.0660238265991211
6,170,2.1739217326754616,0.02729101408095591,0.06202292442321777
7,170,2.1451960631779263,0.0287256694975353,0.068023681640625
8,170,2.1150806063697454,0.03011545680818095,0.08102846145629883
9,170,2.0836985451834544,0.031382061186290944,0.07202529907226562
10,170,2.0510891392117454,0.03260940597170903,0.08202910423278809
11,170,2.0172003450847806,0.03388879412696477,0.07602715492248535
12,170,1.9819988693509782,0.03520147573380239,0.08903098106384277
13,170,1.9454566297076998,0.03654223964327841,0.07902884483337402
14,170,1.907666007677714,0.03779062202998573,0.08503007888793945
15,170,1.8687056813921248,0.03896032628558932,0.08502960205078125
16,170,1.8286757469177246,0.040029934474400175,0.08803153038024902
17,170,1.7876839070093065,0.04099183990841815,0.0770273208618164
18,170,1.7459312166486467,0.04175269036065976,0.07802700996398926
19,170,1.7035541250592185,0.04237709158942815,0.08703231811523438
20,170,1.6607437304088049,0.0428103946504137,0.07502603530883789
21,170,1.6176998899096535,0.04304384049915133,0.08302903175354004
22,170,1.5746167273748488,0.04308316253480471,0.08803057670593262
23,170,1.5317250319889613,0.04289169538588755,0.08603072166442871
24,170,1.4892351967947823,0.042489835194178927,0.0680243968963623
25,170,1.4473481348582677,0.04188706193651459,0.07402634620666504
26,170,1.4062600362868536,0.041088098571414156,0.08102846145629883
27,170,1.3661293869926816,0.04013064929417198,0.08302974700927734
28,170,1.3270837182090396,0.03904566878364202,0.08102822303771973
29,170,1.289245327313741,0.03783839089529861,0.08803176879882812
30,170,1.252706079255967,0.036539248057773976,0.09503412246704102
31,170,1.217525907925197,0.035180171330770005,0.10003447532653809
32,170,1.1837534734180994,0.03377243450709755,0.08202958106994629
33,170,1.1514053685324532,0.03234810488564621,0.07802748680114746
34,170,1.1204829670134044,0.030922401519048792,0.07802772521972656
35,170,1.0909775041398548,0.029505462873549604,0.08703112602233887
36,170,1.0628611700875419,0.028116334052312952,0.08302927017211914
37,170,1.0360970014617557,0.026764168625786233,0.09003233909606934
38,170,1.0106423922947474,0.025454609167008257,0.0770263671875
39,170,0.9864374654633659,0.024204926831381535,0.07902908325195312
40,170,0.9634240979240054,0.023013367539360452,0.09803485870361328
41,170,0.9415453814324879,0.021878716491517514,0.09903478622436523
42,170,0.9207441097214109,0.02080127171107704,0.1090385913848877
43,170,0.9009682621274676,0.01977584759394324,0.10503721237182617
44,170,0.8821615094230288,0.018806752704438767,0.08703017234802246
45,170,0.8642641050474984,0.017897404375530446,0.08202958106994629
46,170,0.8472204038075039,0.017043701239994546,0.08703088760375977
47,170,0.8309814816429502,0.016238922164553693,0.08703088760375977
48,170,0.8155033730325245,0.015478108610425645,0.09103178977966309
49,170,0.8007413574627468,0.014762015569777742,0.09303402900695801
50,170,0.7866452251161847,0.01409613234656204,0.1250438690185547
51,170,0.7731774534497943,0.01346777166639046,0.12604451179504395
52,170,0.7603027196157546,0.012874733834039698,0.10803890228271484
53,170,0.7479858966100783,0.01231682300567627,0.10703825950622559
54,170,0.7361916133335659,0.01179428327651244,0.24208498001098633
55,170,0.7248901497750055,0.01130146355856032,0.09903526306152344
56,170,0.7140504519144694,0.01083969786053618,0.10403656959533691
57,170,0.7036431119555518,0.010407339958917516,0.09503412246704102
58,170,0.6936469021297637,0.009996209825788194,0.09603333473205566
59,170,0.6840404186929975,0.009606483436766178,0.09403371810913086
60,170,0.6747988888195583,0.00924152987343918,0.09403371810913086
61,170,0.6659013969557626,0.008897491863795737,0.08502960205078125
62,170,0.6573317334765479,0.008569663479214618,0.10103988647460938
63,170,0.6490701976276579,0.00826153584889,0.10203266143798828
64,170,0.6411006620952061,0.007969535532451832,0.09103155136108398
65,170,0.6334105559757778,0.0076901061194283304,0.07802796363830566
66,170,0.6259842458225432,0.007426310153234583,0.07402586936950684
67,170,0.6188075514066786,0.0071766944158645485,0.08302950859069824
68,170,0.6118677939687457,0.0069397574379329585,0.0840296745300293
69,170,0.6051575484729949,0.006710245495750833,0.08603072166442871
70,170,0.598659960996537,0.0064975874764579,0.08803200721740723
71,170,0.5923653755869184,0.0062945854096185805,0.09403252601623535
72,170,0.5862646869250706,0.006100688661847764,0.08803057670593262
73,170,0.5803503862449101,0.0059143006801605225,0.09303426742553711
74,170,0.5746158787182399,0.005734507526670152,0.09803438186645508
75,170,0.5690527742817288,0.0055631044365110904,0.08302927017211914
76,170,0.5636526743570963,0.005400099924632529,0.0930330753326416
77,170,0.5584097901980082,0.005242884159088135,0.08903121948242188
78,170,0.5533151186647869,0.0050946715332212955,0.0590207576751709
79,170,0.5483646407013848,0.004950477963402089,0.06102252006530762
80,170,0.5435503082615989,0.004814332439785907,0.06302142143249512
81,170,0.5388666419755845,0.004683666286014354,0.06002092361450195
82,170,0.5343071250688463,0.004559516906738281,0.07002520561218262
83,170,0.5298668302240825,0.004440294844763715,0.07002425193786621
84,170,0.525541691553025,0.004325138671057549,0.06502389907836914
85,170,0.5213278148855481,0.004213876667476857,0.06402254104614258
86,170,0.5172222824323744,0.004105532453173688,0.06302285194396973
87,170,0.5132209289641607,0.004001353468213731,0.05701923370361328
88,170,0.5093180821055457,0.0039028468586149723,0.06302309036254883
89,170,0.5055119295914968,0.0038061525140489216,0.060021162033081055
90,170,0.5017992712202526,0.0037126583712442374,0.06902456283569336
91,170,0.4981750306628999,0.003624240557352665,0.054018497467041016
92,170,0.49463642778850736,0.00353860287439256,0.05401968955993652
93,170,0.4911812401953198,0.003455187593187581,0.07102537155151367
94,170,0.4878055254618327,0.0033757147334870785,0.05702090263366699
95,170,0.48450527020863127,0.003300255253201434,0.06402134895324707
96,170,0.4812809455962408,0.0032243246123904723,0.06202292442321777
97,170,0.47812963241622564,0.0031513131800151584,0.05701947212219238
98,170,0.47504755003111704,0.0030820823851085977,0.08002901077270508
99,170,0.4720321354411897,0.0030154145899273233,0.07502627372741699
100,170,0.4690823611759004,0.0029497742652893066,0.08102893829345703
101,170,0.46619527964364915,0.0028870815322512566,0.07202482223510742
102,170,0.46336972287722994,0.0028255567664192127,0.07302594184875488
103,170,0.4606036827677772,0.00276604010945275,0.07602715492248535
104,170,0.4578933772586641,0.002710305509113109,0.07603883743286133
105,170,0.4552383862790607,0.0026549909796033666,0.07701563835144043
106,170,0.4526365952832358,0.0026017909958249152,0.07402610778808594
107,170,0.4500874820209685,0.0025491132622673107,0.0750265121459961
108,170,0.4475881017389752,0.002499380281993313,0.06902408599853516
109,170,0.44513688342911856,0.0024512183098566176,0.06902480125427246
110,170,0.4427339675880614,0.002402915841057174,0.06302189826965332
111,170,0.4403783522901081,0.0023556152979533063,0.06702470779418945
112,170,0.4380671977996826,0.00231115449042546,0.06902480125427246
113,170,0.4357993063472566,0.0022678914524260074,0.0700235366821289
114,170,0.43357369019871667,0.002225616148539944,0.05902099609375
115,170,0.43138971782865976,0.002183972370056908,0.05602073669433594
116,170,0.4292456677981785,0.002144050030481237,0.07402515411376953
117,170,0.42714222697984605,0.0021034408183324693,0.0660238265991211
118,170,0.42507666491326834,0.0020655620665777086,0.058020591735839844
119,170,0.42304749432064237,0.002029170592625973,0.06702399253845215
120,170,0.4210546130225772,0.0019928812980651855,0.07602787017822266
121,170,0.4190963520890191,0.001958260933558109,0.07502555847167969
122,170,0.4171709191231501,0.0019254329658690006,0.06602311134338379
123,170,0.4152787285191672,0.0018921906039828795,0.06902503967285156
124,170,0.41341857541175114,0.0018601531074160516,0.06602334976196289
125,170,0.41158958418028696,0.0018289912314641832,0.05702066421508789
126,170,0.4097912084488642,0.0017983757314227744,0.06402230262756348
127,170,0.4080221482685634,0.0017690601803007633,0.06902432441711426
128,170,0.4062820403348832,0.001740107933680235,0.0590205192565918
129,170,0.4045702204817817,0.0017118198531014817,0.057021379470825195
130,170,0.40288499139604117,0.001685229085740536,0.06202125549316406
131,170,0.40122595003673006,0.0016590413593111086,0.05101776123046875
132,170,0.39959303112257094,0.0016329189141591205,0.07102608680725098
133,170,0.3979849503153846,0.0016080808071863295,0.06402158737182617
134,170,0.39640256620588754,0.0015823841094970703,0.05802106857299805
135,170,0.3948440494991484,0.0015585167067391215,0.06402206420898438
136,170,0.39330912629763287,0.0015349232015155478,0.07002496719360352
137,170,0.3917966868196215,0.0015124394780113848,0.06502318382263184
138,170,0.39030650683811735,0.0014901799815041361,0.0660240650177002
139,170,0.3888382060187204,0.0014683008193969727,0.06502294540405273
140,170,0.38739122521309627,0.0014469808056241096,0.06102108955383301
141,170,0.38596560273851666,0.001425622474579613,0.058020830154418945
142,170,0.3845599393049876,0.0014056634335290474,0.06402254104614258
143,170,0.3831726312637329,0.0013873080412546979,0.06202220916748047
144,170,0.38180574490910485,0.0013668863546280607,0.055019378662109375
145,170,0.3804568023908706,0.001348942518234253,0.06402230262756348
146,170,0.37912637137231375,0.0013304310185568435,0.05802154541015625
147,170,0.3778138274238223,0.0013125439484914514,0.08102917671203613
148,170,0.37651903004873366,0.001294797375088641,0.08502864837646484
149,170,0.37524186287607464,0.0012771671726590217,0.06502413749694824
150,170,0.37398161916505723,0.0012602437110174058,0.08102822303771973
151,170,0.37273660727909635,0.0012450118859608783,0.06702375411987305
152,170,0.3715088168780009,0.001227790401095441,0.06002068519592285
153,170,0.3702957999138605,0.0012130169641403898,0.06102180480957031
154,170,0.3690960861387707,0.0011997137750898168,0.06202220916748047
155,170,0.3679127224854061,0.001183363653364633,0.05501985549926758
156,170,0.3667439619700114,0.0011687605153946623,0.07602715492248535
157,170,0.3655901976994106,0.001153764270600821,0.06202197074890137
158,170,0.3644514310927618,0.0011387666066488,0.06302142143249512
159,170,0.3633267723378681,0.0011246587548937037,0.06802630424499512
160,170,0.362215267760413,0.0011115045774550691,0.06302070617675781
161,170,0.3611169187795548,0.0010983489808581992,0.06402230262756348
162,170,0.3600320844423203,0.001084834337234497,0.07102608680725098
163,170,0.35895946125189465,0.00107262319042567,0.0660240650177002
164,170,0.3578984347127733,0.0010610265391213791,0.07102704048156738
165,170,0.35685022955849055,0.001048205154282722,0.06902098655700684
166,170,0.35581385095914203,0.0010363785993485197,0.0680243968963623
167,170,0.35478941741443815,0.0010244335447038844,0.06702375411987305
168,170,0.35377668128127143,0.001012736133166714,0.06602287292480469
169,170,0.352775283512615,0.0010013977686564313,0.07102656364440918
170,170,0.35178599329221816,0.0009892902203968434,0.06302380561828613
171,170,0.35080851969264804,0.0009774735995701223,0.06602120399475098
172,170,0.3498414165916897,0.000967103100958322,0.06702375411987305
173,170,0.34888222104027156,0.0009591955514181572,0.07402634620666504
174,170,0.34793342437062946,0.0009487966696420935,0.0750269889831543
175,170,0.34699492653210956,0.0009384978385199028,0.1410508155822754
176,170,0.34606640111832393,0.0009285254137856302,0.09303164482116699
177,170,0.34514750185466947,0.0009188992636544602,0.09603452682495117
178,170,0.3442393399420239,0.0009081619126455887,0.08502912521362305
179,170,0.3433402705760229,0.0008990693660009819,0.07402658462524414
180,170,0.34244983465898604,0.0008904359170368581,0.07602667808532715
181,170,0.34156846148627146,0.0008813731727145835,0.07902860641479492
182,170,0.34069623620737166,0.0008722252788997964,0.07702755928039551
183,170,0.339832841640427,0.0008633945669446752,0.08102846145629883
184,170,0.3389779854388464,0.0008548562015806005,0.06402230262756348
185,170,0.3381305769795463,0.0008474084593000919,0.08003067970275879
186,170,0.33729191834018346,0.0008386586393628326,0.07802510261535645
187,170,0.3364615738391876,0.0008303445009958388,0.07202553749084473
188,170,0.33563890911283945,0.0008226647263481768,0.0660247802734375
189,170,0.33482431017217185,0.0008145989406675991,0.06602334976196289
190,170,0.33401657286144437,0.0008077373107274743,0.062021732330322266
191,170,0.33321659976527807,0.0007999730961663065,0.056018829345703125
192,170,0.33242352803548175,0.000793071729796313,0.06602334976196289
193,170,0.3316377607129869,0.0007857673224948569,0.06202197074890137
194,170,0.3308595759528024,0.000778184760184486,0.05501985549926758
195,170,0.33008794557480586,0.0007716303779965461,0.05902099609375
196,170,0.3293238707951137,0.0007640747796921477,0.07302594184875488
197,170,0.32856612829934984,0.0007577424957638801,0.06502246856689453
198,170,0.32781495224861873,0.000751176050731106,0.06502342224121094
199,170,0.327070713752792,0.0007442384958267212,0.07102489471435547
200,170,0.32633283805279506,0.0007378756999969482,0.05602002143859863
201,170,0.32560111369405476,0.0007317243587403044,0.06202197074890137
202,170,0.3248756634337561,0.0007254502602986324,0.06502270698547363
203,170,0.3241560466232754,0.0007196168104807166,0.05902099609375
204,170,0.3234405042160125,0.0007155424072629035,0.0570223331451416
205,170,0.322730798806463,0.0007097054095495103,0.07202363014221191
206,170,0.322026694104785,0.0007041047016779767,0.060021400451660156
207,170,0.3213284150475547,0.0006982790572302999,0.06202197074890137
208,170,0.3206357445035662,0.0006926705439885272,0.06502318382263184
209,170,0.3199488584484373,0.0006868860551288991,0.06402254104614258
210,170,0.3192680605820247,0.0006807978664125636,0.06902456283569336
211,170,0.31859272718429565,0.0006753333977290721,0.06702327728271484
212,170,0.31792246443884714,0.0006702627454485133,0.07102537155151367
213,170,0.31725723544756573,0.000665228991281408,0.07102465629577637
214,170,0.31659725663207827,0.0006599788154874608,0.0590212345123291
215,170,0.31594196813447134,0.0006552884976069318,0.06502270698547363
216,170,0.3152901494786853,0.0006518186557860628,0.07102513313293457
217,170,0.3146428515513738,0.0006472979273114965,0.06402325630187988
218,170,0.3140005079053697,0.0006423436460040732,0.07102513313293457
219,170,0.3133626218352999,0.0006378860700698152,0.06102156639099121
220,170,0.3127294793015435,0.0006331425337564034,0.06302237510681152
221,170,0.31210089936142876,0.0006285799401147263,0.056020259857177734
222,170,0.31147730563368115,0.0006235937277476178,0.06702351570129395
223,170,0.3108579743476141,0.0006193312860670597,0.056020259857177734
224,170,0.3102427650065649,0.0006152093410491943,0.06002163887023926
225,170,0.3096323822225843,0.0006103827839805676,0.05701923370361328
226,170,0.30902608164719175,0.000606300575392571,0.06402349472045898
227,170,0.30842407260622295,0.0006020090409687984,0.056018829345703125
228,170,0.3078264303150631,0.0005976422911598278,0.06102156639099121
229,170,0.30723309162117185,0.0005933386938912766,0.06302380561828613
230,170,0.3066435938789731,0.0005894977421987413,0.0610203742980957
231,170,0.306058250722431,0.0005853431565421285,0.07202553749084473
232,170,0.3054766108592351,0.0005816398631958708,0.07002496719360352
233,170,0.304899065267472,0.0005775455917630956,0.07202553749084473
234,170,0.30432507963407607,0.0005739856333959459,0.06002092361450195
235,170,0.30375435167834874,0.0005707279557273237,0.07102584838867188
236,170,0.30318769812583923,0.0005666535525095107,0.06702303886413574
237,170,0.3026245399599984,0.0005631581658408491,0.0660243034362793
238,170,0.30206495168663205,0.0005595882733663293,0.068023681640625
239,170,0.3015099529709135,0.0005549987157185687,0.059021711349487305
240,170,0.30095895202386946,0.0005510009470440225,0.06902456283569336
241,170,0.30041210708164034,0.0005468449422291188,0.06602191925048828
242,170,0.29987001206193653,0.0005420950197038144,0.061022043228149414
243,170,0.2993308085770834,0.0005392034848531457,0.06002187728881836
244,170,0.29879530980473473,0.0005354987723486526,0.06402230262756348
245,170,0.298263091416586,0.0005322183881487086,0.05501890182495117
246,170,0.29773389654500143,0.0005291948715845929,0.06002306938171387
247,170,0.2972062634570258,0.0005276330879756541,0.05601835250854492
248,170,0.29668208460013074,0.0005241788568950412,0.05301928520202637
249,170,0.2961611215557371,0.0005209630443936408,0.06402206420898438
250,170,0.29564318983327775,0.0005179317224593416,0.06702375411987305
251,170,0.29512754011721837,0.0005156497160593854,0.07202577590942383
252,170,0.294616210318747,0.0005113297984713494,0.06102108955383301
253,170,0.2941076649086816,0.0005085454100653974,0.05802035331726074
254,170,0.29360197697366985,0.0005056879350117671,0.06802511215209961
255,170,0.29309969147046405,0.0005022855032058016,0.05801987648010254
256,170,0.29260037413665224,0.0004993173338118106,0.07302570343017578
257,170,0.29210467352753594,0.0004957006091163008,0.05402016639709473
258,170,0.2916114202567509,0.0004932532707850323,0.06702399253845215
259,170,0.2911208357129778,0.0004905845437730982,0.05001664161682129
260,170,0.2906330426534017,0.00048779305957613595,0.06402325630187988
261,170,0.29014852501097177,0.0004845176424299047,0.05502009391784668
262,170,0.2896674530846732,0.00048107192629859297,0.060019731521606445
263,170,0.2891885148627417,0.0004789382219314575,0.06202387809753418
264,170,0.28871296913850875,0.00047554572423297303,0.06602287292480469
265,170,0.2882402219942638,0.0004727471442449449,0.0590205192565918
266,170,0.2877695397252128,0.00047068226905100374,0.06602215766906738
267,170,0.28730214493615286,0.00046739478905993836,0.06302261352539062
268,170,0.28683674051648095,0.00046540441967191093,0.07002520561218262
269,170,0.28637480310031344,0.0004619374161675127,0.06602334976196289
270,170,0.2859151526575997,0.0004596504427137327,0.06402277946472168
271,170,0.28545828873202916,0.0004568639255705387,0.07102513313293457
272,170,0.28500370397454217,0.00045458475748699767,0.0680239200592041
273,170,0.2845518887042999,0.00045181527024223955,0.06402277946472168
274,170,0.28410183177107856,0.00045005693322136553,0.06102108955383301
275,170,0.2836545975435348,0.00044723422754378017,0.05301928520202637
276,170,0.2832109942322686,0.0004436033112661941,0.06602334976196289
277,170,0.28276980987616945,0.00044118435609913353,0.05802154541015625
278,170,0.2823303831475122,0.0004394267286572662,0.07102417945861816
279,170,0.281893694684619,0.00043668846289318664,0.06302189826965332
280,170,0.2814586794092542,0.0004350152753648251,0.06902527809143066
281,170,0.28102635343869525,0.0004323259705589222,0.062021493911743164
282,170,0.28059554241952445,0.000430811019170807,0.06102252006530762
283,170,0.280167981272652,0.00042756114687242386,0.0680241584777832
284,170,0.2797411921478453,0.0004267891248067035,0.06602239608764648
285,170,0.2793168283644177,0.00042436378342763925,0.06602334976196289
286,170,0.27889486082962583,0.000421967534791845,0.06602334976196289
287,170,0.2784747914189384,0.0004200694106874514,0.05201888084411621
288,170,0.2780565591085525,0.00041823231038590203,0.07002449035644531
289,170,0.2776415419010889,0.00041501720746356385,0.06102180480957031
290,170,0.2772266162293298,0.0004149256717591032,0.057021141052246094
291,170,0.2768156010480154,0.0004110151813144225,0.05601859092712402
292,170,0.27640545722984133,0.000410143818174058,0.06102156639099121
293,170,0.2759971803142911,0.00040827691555023193,0.06902456283569336
294,170,0.27559197871457963,0.00040520159971146885,0.0590214729309082
295,170,0.2751877861363547,0.0004041925782249378,0.06702375411987305
296,170,0.27478474662417457,0.00040303951218012557,0.055019378662109375
297,170,0.27438567862624214,0.0003990679979324341,0.06902432441711426
298,170,0.273986592179253,0.00039908644698916085,0.06902384757995605
299,170,0.2735895585446131,0.0003970336346398873,0.0660245418548584
300,170,0.27319566976456416,0.00039388878004892325,0.057019948959350586
301,170,0.2728034584295182,0.0003922113350459666,0.061022043228149414
302,170,0.2724131033534095,0.0003903550761086838,0.0590214729309082
303,170,0.27202382187048596,0.0003892814829235536,0.06302142143249512
304,170,0.2716372112433116,0.00038661062717437744,0.061022281646728516
305,170,0.27125186863399686,0.00038534260931472053,0.0520176887512207
306,170,0.2708685107174374,0.00038335791655946805,0.06702351570129395
307,170,0.2704856331859316,0.0003828775315057875,0.062023162841796875
308,170,0.27010580116794225,0.0003798320179893566,0.05301785469055176
309,170,0.26972768420264837,0.0003781169652938843,0.07202553749084473
310,170,0.26935102329367683,0.0003766609089715378,0.05601954460144043
311,170,0.2689757630938575,0.00037526019981931613,0.058020591735839844
312,170,0.26860152894542333,0.0003742341484341827,0.061022043228149414
313,170,0.2682298315422876,0.00037169740313575117,0.06502294540405273
314,170,0.2678603735708055,0.00036945797148207893,0.0660238265991211
315,170,0.26749106035346076,0.00036931321734473554,0.05801987648010254
316,170,0.267123281955719,0.00036777839774176924,0.062021493911743164
317,170,0.26675641749586376,0.00036686445985523175,0.05401945114135742
318,170,0.2663914603846414,0.00036495711122236374,0.060022830963134766
319,170,0.26602847448417116,0.00036298590047023627,0.06902289390563965
320,170,0.2656666331347965,0.0003618413493746697,0.0660238265991211
321,170,0.26530622300647555,0.00036041012832094266,0.05602097511291504
322,170,0.26494796574115753,0.00035825726531801827,0.061020612716674805
323,170,0.2645906699555261,0.0003572957856314285,0.07102417945861816
324,170,0.26423526874610354,0.0003554012094225678,0.059021949768066406
325,170,0.26388107524031684,0.00035419350578669295,0.05802130699157715
326,170,0.2635282349018824,0.00035284033843446805,0.06402158737182617
327,170,0.2631778319676717,0.0003504029342106807,0.0680243968963623
328,170,0.26282877581460135,0.00034905615307034843,0.06102108955383301
329,170,0.2624818810394832,0.00034689477511812283,0.06502342224121094
330,170,0.26213544820036205,0.00034643283912116907,0.08102846145629883
331,170,0.2617903912351245,0.0003450569652375668,0.07202601432800293
332,170,0.2614473757289705,0.00034301550615400966,0.0910329818725586
333,170,0.26110572687217165,0.0003416488567988263,0.08703064918518066
334,170,0.2607652417251042,0.0003404851470674708,0.08703088760375977
335,170,0.2604260267246337,0.0003392150004704608,0.08803081512451172
336,170,0.26008901425770353,0.0003370124669301866,0.0750269889831543
337,170,0.2597521500928061,0.0003368641648974213,0.0680234432220459
338,170,0.2594172422374998,0.00033490785530632117,0.0660238265991211
339,170,0.25908365278016954,0.00033358945733025225,0.05701947212219238
340,170,0.2587510617006393,0.00033259107953026446,0.05702090263366699
341,170,0.2584201998653866,0.00033086183525266044,0.0680239200592041
342,170,0.25809078982898165,0.0003294100364049646,0.06402206420898438
343,170,0.25776276772930506,0.0003280220996765837,0.06402254104614258
344,170,0.25743572059131803,0.00032704713798703544,0.058020830154418945
345,170,0.25710982155232204,0.0003258990389959915,0.05101776123046875
346,170,0.25678573690709616,0.000324084645225875,0.05902218818664551
347,170,0.256462499499321,0.00032323740777517873,0.06702280044555664
348,170,0.2561405443009876,0.00032195519833339015,0.05402016639709473
349,170,0.25581968824068707,0.00032085606030052283,0.06202125549316406
350,170,0.2554935770375388,0.0003261112031482938,0.0680241584777832
351,170,0.2551720454579308,0.00032153157960795875,0.06702351570129395
352,170,0.25485064798877355,0.00032139746915726963,0.07702779769897461
353,170,0.25453147079263416,0.00031917719613938633,0.08002829551696777
354,170,0.2542136112848918,0.0003178595077423796,0.0770270824432373
355,170,0.25389755481765386,0.000316056467237924,0.06402301788330078
356,170,0.25358177153837114,0.000315783279282722,0.0500178337097168
357,170,0.2532672520194735,0.00031451951889766017,0.05501914024353027
358,170,0.2529546597174236,0.00031259230204988553,0.06602287292480469
359,170,0.252642558444114,0.00031210127330960624,0.07602834701538086
360,170,0.2523331791162491,0.0003093793278649004,0.07502532005310059
361,170,0.2520230809847514,0.0003100981314976825,0.08102965354919434
362,170,0.2517144325233641,0.0003086484613872842,0.06402230262756348
363,170,0.2514073770670664,0.00030705545629772235,0.07902789115905762
364,170,0.25110119865054176,0.0003061784165246384,0.06202268600463867
365,170,0.25079722205797833,0.00030397659256342635,0.07802724838256836
366,170,0.25049336609386263,0.0003038559641156957,0.06902480125427246
367,170,0.2501909314166932,0.0003024346771694497,0.07802677154541016
368,170,0.24988968457494462,0.00030124684174856475,0.06702399253845215
369,170,0.24959005628313338,0.00029962829181123807,0.07202553749084473
370,170,0.24929203022094,0.0002980260621933961,0.07202577590942383
371,170,0.2489951770930063,0.00029685312793367724,0.06502246856689453
372,170,0.24869885118234725,0.0002963259106590621,0.0750267505645752
373,170,0.2484054189352762,0.00029343224707104043,0.06002163887023926
374,170,0.24811179723058427,0.0002936217046919376,0.07202577590942383
375,170,0.2478185161238625,0.00029328110672177665,0.05902099609375
376,170,0.24752759507724217,0.00029092104662031826,0.07902789115905762
377,170,0.24723711680798305,0.0002904782692591257,0.0680241584777832
378,170,0.2469476248536791,0.00028949195430394425,0.07902741432189941
379,170,0.2466587402990886,0.00028888455459050166,0.05802106857299805
380,170,0.24637112518151602,0.0002876151175725816,0.07002472877502441
381,170,0.2460843941995076,0.00028673098200843183,0.06702303886413574
382,170,0.24579866798151107,0.00028572621799652365,0.07002520561218262
383,170,0.2455139912310101,0.0002846767505009784,0.07802796363830566
384,170,0.24523018513407027,0.00028380609693981484,0.07002639770507812
385,170,0.2449467849163782,0.0002834002176920758,0.07302522659301758
386,170,0.24466517638592494,0.0002816085304532534,0.06202268600463867
387,170,0.2443842100245612,0.0002809663613637381,0.062021493911743164
388,170,0.244104673465093,0.00027953655946821865,0.056020259857177734
389,170,0.24382467780794417,0.0002799956571488127,0.06402373313903809
390,170,0.24354639436517442,0.0002782834427697556,0.07402491569519043
391,170,0.24326953362850917,0.00027686073666524647,0.0590207576751709
392,170,0.24299376990113938,0.0002757637273697877,0.060021400451660156
393,170,0.24271809061368307,0.00027567928745630965,0.07602715492248535
394,170,0.242443689987773,0.00027440062591008174,0.06702423095703125
395,170,0.24217007841382707,0.0002736115739459255,0.05702042579650879
396,170,0.2418974375440961,0.00027264086973097235,0.0520172119140625
397,170,0.2416261150723412,0.0002713224717549034,0.06402468681335449
398,170,0.2413550452107475,0.00027106986159369795,0.07302403450012207
399,170,0.24108512628646123,0.0002699189242862665,0.07302737236022949
400,170,0.24081540675390334,0.0002697195325578883,0.07402563095092773
401,170,0.2405474398817335,0.0002679668721698447,0.08502888679504395
402,170,0.24027926794120244,0.0002681719405310534,0.056020259857177734
403,170,0.24001253928456986,0.0002667286566325755,0.0680243968963623
404,170,0.23974676643099105,0.0002657728535788162,0.0660238265991211
405,170,0.23948159317175546,0.0002651732592355849,0.05601930618286133
406,170,0.2392176581280572,0.00026393504369826015,0.06502294540405273
407,170,0.23895473920163654,0.0002629189264206633,0.0500187873840332
408,170,0.23869198915504275,0.0002627500465937904,0.06402206420898438
409,170,0.23842949597608476,0.00026249317895798985,0.06102108955383301
410,170,0.23816866250265212,0.0002608334734326423,0.07002544403076172
411,170,0.23790845345883144,0.00026020904382068055,0.06502246856689453
412,170,0.23764939109484354,0.0002590623639878997,0.06702494621276855
413,170,0.2373903684672855,0.00025902262755803096,0.06502175331115723
414,170,0.23713269474960508,0.0002576737176804289,0.05602002143859863
415,170,0.2368756135304769,0.00025708121912818016,0.06702399253845215
416,170,0.23661944412049793,0.000256169409978968,0.06602263450622559
417,170,0.23636326761472792,0.00025617650577000606,0.06702423095703125
418,170,0.23610872526963553,0.0002545423450923956,0.0660243034362793
419,170,0.23585450223514012,0.0002542230344954044,0.0590205192565918
420,170,0.23560076384317308,0.0002537383919670455,0.06702375411987305
421,170,0.23534859787850154,0.00025216596467153574,0.07102537155151367
422,170,0.2350959586245673,0.0002526392539342337,0.06702327728271484
423,170,0.23484484638486589,0.00025111223970142316,0.0680239200592041
424,170,0.23459397114458538,0.00025087524028050145,0.0660238265991211
425,170,0.23434378419603621,0.00025018694854916923,0.07002401351928711
426,170,0.23409471412499747,0.00024907007103874834,0.06202220916748047
427,170,0.23384610811869302,0.0002486060063044415,0.060021162033081055
428,170,0.2335979605004901,0.0002481476182029374,0.06402301788330078
429,170,0.23335116534006028,0.00024679516042980243,0.06302237510681152
430,170,0.23310484985510507,0.00024631548495521183,0.07202506065368652
431,170,0.23285970304693496,0.0002451468081701158,0.06602334976196289
432,170,0.2326141553265708,0.00024554772036416983,0.06102275848388672
433,170,0.23237015306949615,0.00024400225707463252,0.06902408599853516
434,170,0.23212666099979765,0.00024349206969850878,0.05902218818664551
435,170,0.23188335271108718,0.00024330828871046983,0.07102394104003906
436,170,0.23164116555736178,0.00024218715372539834,0.08903193473815918
437,170,0.23139960496198564,0.00024156059537613905,0.08803176879882812
438,170,0.2311580323037647,0.00024157265822094542,0.08803129196166992
439,170,0.2309182868117378,0.00023974549202690487,0.08002758026123047
440,170,0.23067858105614072,0.00023970575559706386,0.08503103256225586
441,170,0.23043948057151975,0.00023910048462097433,0.08002805709838867
442,170,0.23020169067950474,0.00023778989201500567,0.08202862739562988
443,170,0.22996396252087184,0.00023772815863290497,0.08102822303771973
444,170,0.22972681337878817,0.00023714914208367022,0.08302927017211914
445,170,0.2294910571404866,0.00023575623830157655,0.07702755928039551
446,170,0.2292549375976835,0.0002361195428030871,0.08303117752075195
447,170,0.2290200406596774,0.00023489693800610167,0.07602524757385254
448,170,0.22878491097972506,0.00023512967995234502,0.06902456283569336
449,170,0.22855070304302944,0.000234207936695624,0.07302594184875488
450,170,0.2283167214620681,0.00023398158096132882,0.08202886581420898
451,170,0.22808297829968588,0.00023374316238222725,0.08903336524963379
452,170,0.22785003838084994,0.00023293991883593934,0.09003114700317383
453,170,0.22761634701774233,0.00023369136310760763,0.08303117752075195
454,170,0.22738310127031236,0.00023324574742997206,0.0790255069732666
455,170,0.22715081771214804,0.00023228355816432011,0.06602311134338379
456,170,0.2269186462674822,0.00023217144466583517,0.05802035331726074
457,170,0.22668756615547908,0.00023108011200312362,0.057019948959350586
458,170,0.22645732973303115,0.00023023642244793252,0.0590212345123291
459,170,0.2262268527632668,0.00023047696976435939,0.06702375411987305
460,170,0.22599666672093527,0.0002301860423315205,0.068023681640625
461,170,0.22576755711010524,0.00022910961083003056,0.06302285194396973
462,170,0.22553925216197968,0.0002283049481255628,0.06702303886413574
463,170,0.2253108492919377,0.00022840287004197157,0.06902527809143066
464,170,0.22508391170274644,0.00022693758919126172,0.05802035331726074
465,170,0.22485600199018205,0.00022790971256439474,0.0660243034362793
466,170,0.2246295745883669,0.00022642740181513799,0.05801963806152344
467,170,0.22440468200615474,0.00022489258221217168,0.057021379470825195
468,170,0.22417897411755153,0.00022570788860321045,0.06802248954772949
469,170,0.22395482233592443,0.00022415178162710214,0.07002520561218262
470,170,0.2237310799814406,0.00022374235448383017,0.07202601432800293
471,170,0.22350787194002242,0.00022320804141817696,0.06302165985107422
472,170,0.22328537489686692,0.00022249704315549512,0.05301928520202637
473,170,0.2230626011178607,0.00022277377900623008,0.053018808364868164
474,170,0.2228414026044664,0.00022119851339430507,0.05601930618286133
475,170,0.22262051275798253,0.00022088984648385712,0.06102323532104492
476,170,0.2223993121158509,0.00022120064213163038,0.07102417945861816
477,170,0.22217861811319986,0.00022069400265103956,0.09703493118286133
478,170,0.2219575849317369,0.00022103318146296513,0.06902408599853516
479,170,0.22173793684868587,0.00021964808305102723,0.07002425193786621
480,170,0.22151811562833332,0.0002198212203525507,0.07002496719360352
481,170,0.2212985640480405,0.00021955158029282607,0.07102560997009277
482,170,0.22108018965948195,0.00021837438855853986,0.08002877235412598
483,170,0.22086098009631747,0.00021920956316448525,0.07202410697937012
484,170,0.22064368639673507,0.0002172936995823993,0.06902480125427246
485,170,0.22042559654939742,0.00021808984733764913,0.0680243968963623
486,170,0.22020868815126873,0.00021690839812868457,0.06602334976196289
487,170,0.21999172937302364,0.00021695877824509657,0.06502270698547363
488,170,0.21977558377243223,0.00021614560059141086,0.07402610778808594
489,170,0.21955991146110354,0.00021567231132868514,0.0660238265991211
490,170,0.21934440590086438,0.00021550556023916534,0.0660240650177002
491,170,0.21912830287501925,0.00021610302584512686,0.06402325630187988
492,170,0.21891289736543382,0.00021540550958543125,0.06602215766906738
493,170,0.21869814821652003,0.00021474914891378427,0.06902575492858887
494,170,0.2184845343941734,0.00021361382234663662,0.11003875732421875
495,170,0.21827089005992525,0.000213644334248142,0.11203956604003906
496,170,0.2180576054822831,0.00021328457764216435,0.08703064918518066
497,170,0.2178451759474618,0.00021242953482128457,0.0840296745300293
498,170,0.21763247925610768,0.00021269669135412506,0.08302950859069824
499,170,0.21742135002499535,0.00021112923111232806,0.08002829551696777
500,170,0.21720929834104719,0.00021205168394816676,0.07802772521972656
