1,280,2.303422689437866,Nan,0.07002615928649902
2,280,2.291652019207294,0.011770670230572211,0.0700232982635498
3,280,2.280336985221276,0.011315033986018186,0.05502009391784668
4,280,2.2693118498875546,0.011025135333721181,0.05702042579650879
5,280,2.258414653631357,0.01089719625619745,0.05101799964904785
6,280,2.247449379700881,0.010965273930476194,0.06102132797241211
7,280,2.2363323981945333,0.011116981506347656,0.05502057075500488
8,280,2.2249532479506273,0.011379150243906011,0.06502294540405273
9,280,2.21319108742934,0.011762160521287424,0.06002020835876465
10,280,2.2009407740372877,0.012250313392052181,0.049017906188964844
11,280,2.188084528996394,0.012856245040893555,0.35712671279907227
12,280,2.1744186328007626,0.013665896195631522,0.05702018737792969
13,280,2.1599475420438328,0.014471090756929872,0.06402230262756348
14,280,2.1449580009167013,0.014989541127131467,0.06102180480957031
15,280,2.12963683788593,0.015321163030771245,0.061022043228149414
16,280,2.1140430707197924,0.015593767166137695,0.059020280838012695
17,280,2.0981260996598463,0.01591697105994605,0.061022043228149414
18,280,2.0818109328930197,0.01631516676682665,0.07902789115905762
19,280,2.0650544533362756,0.016756479556744086,0.0840301513671875
20,280,2.0478389263153076,0.017215527020967958,0.08403182029724121
21,280,2.030187542621906,0.0176513836934018,0.06602120399475098
22,280,2.012068876853356,0.018118665768549924,0.07202601432800293
23,280,1.993468770614037,0.018600106239318848,0.07602810859680176
24,280,1.974406334070059,0.01906243654397799,0.07202386856079102
25,280,1.9549082334224994,0.019498100647559635,0.06902384757995605
26,280,1.9349854909456694,0.019922742476830013,0.05802130699157715
27,280,1.9146315868084247,0.020353904137244694,0.06402420997619629
28,280,1.893839460152846,0.020792126655578613,0.05401730537414551
29,280,1.8726200323838453,0.021219427769000765,0.055019378662109375
30,280,1.8509659858850331,0.021654046498812196,0.0660243034362793
31,280,1.828879741521982,0.022086244363051177,0.06203317642211914
32,280,1.8063836189416738,0.022496122580308198,0.05900859832763672
33,280,1.783463560617887,0.02292005832378674,0.05602121353149414
34,280,1.7601308822631836,0.02333267835470343,0.050016164779663086
35,280,1.7364523227398212,0.023678559523362397,0.05501985549926758
36,280,1.7124557678516095,0.02399655488821173,0.06102252006530762
37,280,1.688191294670105,0.024264473181504487,0.06902360916137695
38,280,1.6637244041149433,0.024466890555161713,0.06302332878112793
39,280,1.6390777092713575,0.024646694843585726,0.06602239608764648
40,280,1.614299645790687,0.024778063480670465,0.0590207576751709
41,280,1.5894421705832849,0.024857475207402224,0.07102513313293457
42,280,1.564527759185204,0.024914411398080816,0.060021162033081055
43,280,1.5396258739324717,0.024901885252732292,0.06902527809143066
44,280,1.514792194733253,0.02483367919921875,0.05601978302001953
45,280,1.490052342414856,0.024739852318397038,0.05501890182495117
46,280,1.4654450049767127,0.02460733743814325,0.05502057075500488
47,280,1.4410174718269935,0.02442753314971924,0.05401802062988281
48,280,1.4168070004536555,0.024210471373337983,0.058020591735839844
49,280,1.3928624299856334,0.02394457046802212,0.06202268600463867
50,280,1.3692134618759155,0.02364896810971784,0.05601930618286133
51,280,1.3458942266610951,0.023319235214820377,0.06002163887023926
52,280,1.3229368466597338,0.022957380001361383,0.062021493911743164
53,280,1.300366997718811,0.022569848940922732,0.06202292442321777
54,280,1.2781948859875019,0.022172111731309174,0.06302309036254883
55,280,1.2564522119668813,0.021742674020620578,0.07202720642089844
56,280,1.2351684111815233,0.021283800785357965,0.0700225830078125
57,280,1.214356624163114,0.020811787018409245,0.06402277946472168
58,280,1.1940237100307758,0.020332914132338287,0.06002163887023926
59,280,1.1741825342178345,0.019841175812941314,0.06002068519592285
60,280,1.154841239635761,0.019341294582073454,0.06702303886413574
61,280,1.1359964517446666,0.01884478789109445,0.061022281646728516
62,280,1.1176413939549372,0.018355057789729345,0.06602311134338379
63,280,1.0997788722698505,0.01786252168508673,0.057019948959350586
64,280,1.0824093543566191,0.01736951791323138,0.06602311134338379
65,280,1.0655326293064997,0.01687672505011939,0.05301976203918457
66,280,1.0491323287670429,0.016400300539456847,0.06302237510681152
67,280,1.0332027215224047,0.01592960724463821,0.055019378662109375
68,280,1.017730855024778,0.015471866497626774,0.06302189826965332
69,280,1.0027138086465688,0.015017046378209109,0.06202197074890137
70,280,0.9881371947435232,0.014576613903045543,0.06402397155761719
71,280,0.9739894270896912,0.014147767653832077,0.06902408599853516
72,280,0.9602569800156814,0.01373244707400978,0.06502246856689453
73,280,0.9469300508499146,0.013326929165766832,0.06702446937561035
74,280,0.9339978236418504,0.012932227208064195,0.062021732330322266
75,280,0.9214460941461416,0.012551729495708708,0.05701923370361328
76,280,0.9092618777201726,0.012184216425969008,0.07002568244934082
77,280,0.8974311397625849,0.011830737957587711,0.051017045974731445
78,280,0.8859436924640949,0.01148744729849005,0.057021141052246094
79,280,0.8747900953659644,0.011153597098130463,0.06002163887023926
80,280,0.8639591336250305,0.010830961740933898,0.062021732330322266
81,280,0.8534422104175274,0.010516923207503082,0.06902456283569336
82,280,0.8432260063978342,0.010216204019693254,0.06402254104614258
83,280,0.8333005400804373,0.00992546631739688,0.06302165985107422
84,280,0.8236551055541406,0.009645434526296737,0.06302237510681152
85,280,0.8142809409361619,0.009374164617978686,0.06502342224121094
86,280,0.8051684865584741,0.009112454377687818,0.057019710540771484
87,280,0.7963070365098807,0.0088614500485934,0.08603143692016602
88,280,0.7876869119130648,0.008620124596815826,0.0750281810760498
89,280,0.7793005383931674,0.008386373519897461,0.06001877784729004
90,280,0.7711403599152198,0.008160178477947588,0.06302237510681152
91,280,0.7631988571240351,0.007941502791184663,0.058020830154418945
92,280,0.755469927420983,0.0077289297030521675,0.06302213668823242
93,280,0.7479441165924072,0.00752581082857573,0.06402301788330078
94,280,0.7406129103440505,0.007331206248356703,0.06402254104614258
95,280,0.7334703527964078,0.007142557547642703,0.07202553749084473
96,280,0.726510070837461,0.0069602819589468234,0.07202672958374023
97,280,0.7197265258202186,0.006783545017242432,0.056020259857177734
98,280,0.713113417992225,0.006613107827993514,0.057019710540771484
99,280,0.7066650298925546,0.00644838809967041,0.06202197074890137
100,280,0.7003745574217576,0.006290472470797059,0.06302261352539062
101,280,0.6942373468325689,0.006137210589188702,0.058020830154418945
102,280,0.6882483913348272,0.005988955497741699,0.061022281646728516
103,280,0.6824029133870051,0.005845477947822086,0.058020830154418945
104,280,0.676696043748122,0.005706869638883116,0.06502151489257812
105,280,0.671122262111077,0.005573781637045028,0.06302285194396973
106,280,0.6656778592329758,0.005444402878101107,0.05301833152770996
107,280,0.6603590891911433,0.005318770041832566,0.06102275848388672
108,280,0.6551619722292974,0.005197116961845882,0.058020591735839844
109,280,0.6500830008433416,0.0050789713859558105,0.06602263450622559
110,280,0.6451175167010381,0.004965484142303467,0.05501961708068848
111,280,0.6402627000441918,0.004854816656846284,0.06402206420898438
112,280,0.6355143923025864,0.004748307741605395,0.06402277946472168
113,280,0.630869828737699,0.004644563564887405,0.061022281646728516
114,280,0.6263255614500779,0.00454426728762114,0.06602334976196289
115,280,0.6218781012755173,0.004447460174560547,0.0590207576751709
116,280,0.6175250365183904,0.004353064757126934,0.05802035331726074
117,280,0.6132627863150376,0.004262250203352802,0.060021162033081055
118,280,0.6090891544635479,0.0041736318514896675,0.06002163887023926
119,280,0.6050001612076392,0.004088993255908724,0.0660243034362793
120,280,0.6009944264705365,0.004005734737102751,0.05801963806152344
121,280,0.5970706206101638,0.003923805860372664,0.058020830154418945
122,280,0.5932239018953763,0.003846718714787478,0.058020830154418945
123,280,0.589453651354863,0.003770250540513276,0.06302118301391602
124,280,0.5857569987957294,0.0036966525591336508,0.06202220916748047
125,280,0.5821331097529485,0.003623889042780881,0.05802106857299805
126,280,0.5785787334808936,0.0035543762720549044,0.053018808364868164
127,280,0.5750921506148118,0.003486582866081833,0.05601954460144043
128,280,0.5716713529366714,0.003420797678140408,0.061022043228149414
129,280,0.5683143780781672,0.003356974858504169,0.05602002143859863
130,280,0.565019469994765,0.0032949080834021593,0.06302285194396973
131,280,0.561785088135646,0.003234381859119062,0.06002044677734375
132,280,0.5586095544008108,0.0031755337348351453,0.05401897430419922
133,280,0.5554915208082932,0.0031180335925176106,0.06402301788330078
134,280,0.5524294926570013,0.0030620281512919734,0.06702423095703125
135,280,0.5494229862323174,0.003006506424683808,0.06202244758605957
136,280,0.5464697388502268,0.0029532473820906846,0.06902337074279785
137,280,0.5435676345458398,0.0029021043043869765,0.057019948959350586
138,280,0.5407145688166985,0.0028530657291412354,0.060021162033081055
139,280,0.5379095237988692,0.0028050450178292996,0.0570216178894043
140,280,0.5351517590192648,0.0027577647796044324,0.07102465629577637
141,280,0.5324404789851263,0.0027112800341385634,0.06502294540405273
142,280,0.5297743678092957,0.002666111175830599,0.06602263450622559
143,280,0.5271525451770196,0.0026218226322760607,0.06302261352539062
144,280,0.5245737937780527,0.0025787513989669053,0.05401897430419922
145,280,0.5220365478442266,0.0025372459338260933,0.05201888084411621
146,280,0.5195407110911149,0.002495836753111713,0.05702066421508789
147,280,0.5170848300823798,0.0024558810087350613,0.06002163887023926
148,280,0.514668324818978,0.002416505263401869,0.06402277946472168
149,280,0.5122898175166204,0.0023785073023575576,0.06002068519592285
150,280,0.5099485172675207,0.0023413002490997314,0.06702327728271484
151,280,0.507643630871406,0.0023048863961147026,0.06202220916748047
152,280,0.5053738263937143,0.0022698044776916504,0.07102513313293457
153,280,0.503138773716413,0.0022350526773012858,0.060021162033081055
154,280,0.5009367557672354,0.002202017949177626,0.05601930618286133
155,280,0.498767988039897,0.002168767727338372,0.06502270698547363
156,280,0.4966320005746988,0.002135987465198219,0.0660243034362793
157,280,0.49452773653543913,0.0021042640392596734,0.07102513313293457
158,280,0.49245386857252854,0.0020738679629105916,0.05702042579650879
159,280,0.49040932609484744,0.0020445424776810994,0.05702018737792969
160,280,0.4883941136873685,0.002015212407478928,0.060021162033081055
161,280,0.486407981469081,0.0019861322182875285,0.05502009391784668
162,280,0.48444915276307327,0.0019588287060077203,0.06502270698547363
163,280,0.4825179118376512,0.001931240925422073,0.05402016639709473
164,280,0.4806141967956836,0.0019037150419675686,0.06502175331115723
165,280,0.47873742763812727,0.0018767691575563572,0.06702399253845215
166,280,0.4768866782005017,0.0018507494376255873,0.07102489471435547
167,280,0.47506115986750674,0.0018255183329949354,0.06102180480957031
168,280,0.473260923073842,0.0018002367936647556,0.0770270824432373
169,280,0.4714850210226499,0.001775902051192102,0.06902503967285156
170,280,0.46973283932759213,0.001752181695057753,0.06902432441711426
171,280,0.4680037750647618,0.0017290642628303154,0.06502389907836914
172,280,0.4662970487888043,0.0017067262759575264,0.05901980400085449
173,280,0.46461223180477434,0.0016848169840299465,0.06702423095703125
174,280,0.46294855842223537,0.0016636733825389771,0.061020851135253906
175,280,0.46130702128777135,0.0016415371344640217,0.05702018737792969
176,280,0.45968669194441575,0.0016203293433555976,0.058020830154418945
177,280,0.45808640580910903,0.0016002861353067166,0.058020830154418945
178,280,0.45650603908758897,0.0015803667215200656,0.05702042579650879
179,280,0.45494487423163193,0.0015611648559570312,0.06502366065979004
180,280,0.45340278286200303,0.0015420913696289062,0.05401802062988281
181,280,0.45187947612542373,0.0015233067365792996,0.06002163887023926
182,280,0.4503748256426591,0.0015046504827646023,0.06002187728881836
183,280,0.4488885792402121,0.0014862464024470445,0.06502223014831543
184,280,0.4474200170773726,0.0014685621628394707,0.0680241584777832
185,280,0.4459691299841954,0.0014508870931772,0.050019025802612305
186,280,0.4445354319535769,0.001433698030618491,0.06502199172973633
187,280,0.4431186387172112,0.001416793236365732,0.068023681640625
188,280,0.4417183009477762,0.0014003377694349894,0.05702042579650879
189,280,0.44033371714445263,0.0013845838033235691,0.050017356872558594
190,280,0.43896521971775937,0.0013684974266932604,0.05401968955993652
191,280,0.43761239602015567,0.0013528236976037,0.0680234432220459
192,280,0.4362748311116145,0.0013375649085411445,0.06202077865600586
193,280,0.4349524974822998,0.0013223336293147203,0.06302261352539062
194,280,0.433645106278933,0.0013073912033668145,0.0590214729309082
195,280,0.43235232738348156,0.0012927788954514297,0.07302403450012207
196,280,0.4310742708352896,0.0012780565481919637,0.05401968955993652
197,280,0.42981018928381115,0.0012640815514784465,0.05802011489868164
198,280,0.42856005751169646,0.0012501317721146932,0.05402064323425293
199,280,0.4273236072980441,0.0012364502136523736,0.0680232048034668
200,280,0.42610067358383763,0.0012229337142064534,0.06502270698547363
201,280,0.4248907703619737,0.0012099032218639283,0.06602358818054199
202,280,0.4236937692532173,0.0011970011087564236,0.056020259857177734
203,280,0.42250928511986363,0.001184484133353647,0.05501890182495117
204,280,0.42133723543240476,0.001172049687458876,0.07402610778808594
205,280,0.4201766825639285,0.0011605528684762723,0.06802511215209961
206,280,0.41902867418069106,0.00114800838323742,0.05301809310913086
207,280,0.41789241478993344,0.0011362593907576213,0.055019378662109375
208,280,0.416767608660918,0.0011248061290154432,0.05702042579650879
209,280,0.41565439105033875,0.0011132176105792535,0.05702042579650879
210,280,0.4145524616424854,0.0011019294078533637,0.06902384757995605
211,280,0.4134613344302544,0.00109112721223098,0.06002187728881836
212,280,0.41238073202279896,0.0010806024074554443,0.060021162033081055
213,280,0.41131061774033767,0.0010701142824612875,0.062021493911743164
214,280,0.4102510099227612,0.001059607817576469,0.057019710540771484
215,280,0.4092019246174739,0.0010490853052873006,0.05101895332336426
216,280,0.4081631417457874,0.0010387828716865166,0.0590205192565918
217,280,0.4071345650232755,0.001028576722511887,0.06302309036254883
218,280,0.406115133028764,0.0010194319945114882,0.0680241584777832
219,280,0.4051058017290555,0.0010093312997084825,0.08803105354309082
220,280,0.404106257053522,0.0009995446755335369,0.07602763175964355
221,280,0.4031160771846771,0.0009901798688448649,0.08002781867980957
222,280,0.40213534006705653,0.0009807371176205892,0.07002449035644531
223,280,0.40116374079997724,0.0009715992670792928,0.08302974700927734
224,280,0.40020127021349394,0.0009624705864832994,0.05901980400085449
225,280,0.39924741708315337,0.0009538531303405762,0.05902266502380371
226,280,0.3983023693928352,0.0009450476903181682,0.06302165985107422
227,280,0.39736578785456145,0.0009365815382737508,0.05702090263366699
228,280,0.396437589938824,0.0009281979157374498,0.051017045974731445
229,280,0.3955176839461693,0.0009199059926546793,0.05501961708068848
230,280,0.394605822288073,0.0009118616580963135,0.06302189826965332
231,280,0.393702160853606,0.000903661434467018,0.06302261352539062
232,280,0.3928057345060202,0.0008964263475857992,0.06402277946472168
233,280,0.39191757944914013,0.0008881550568800578,0.0680243968963623
234,280,0.3910369918896602,0.0008805875594799506,0.068023681640625
235,280,0.39016422858605015,0.0008727633036100246,0.07002520561218262
236,280,0.3892989433728732,0.0008652852131769695,0.06502270698547363
237,280,0.38844125545941866,0.0008576879134545301,0.05802035331726074
238,280,0.3875909149646759,0.0008503404947427518,0.06402277946472168
239,280,0.3867477018099565,0.0008432131547194133,0.07302546501159668
240,280,0.38591163892012376,0.0008360628898327338,0.05902099609375
241,280,0.38508270107782805,0.0008289378422957072,0.05902218818664551
242,280,0.3842599850434523,0.0008227160343757256,0.07202482223510742
243,280,0.3834438484448653,0.0008161365985870361,0.07902812957763672
244,280,0.3826343990289248,0.0008094494159404664,0.08002758026123047
245,280,0.38183136398975664,0.0008030350391681762,0.07002520561218262
246,280,0.38103490609389085,0.0007964578958657986,0.1360490322113037
247,280,0.3802448625747974,0.0007900435190934529,0.12404441833496094
248,280,0.3794612861596621,0.0007835764151352675,0.07802605628967285
249,280,0.3786837412760808,0.0007775448835813381,0.06702399253845215
250,280,0.3779124984374413,0.0007712428386394965,0.0630331039428711
251,280,0.3771474819916945,0.0007650164457467801,0.05700945854187012
252,280,0.37638794917326707,0.0007595328184274441,0.05501961708068848
253,280,0.3756345327083881,0.0007534164648789754,0.053018808364868164
254,280,0.3748872303045713,0.0007473024038168186,0.0660240650177002
255,280,0.3741457737409152,0.0007414565636560955,0.061020612716674805
256,280,0.3734103601712447,0.0007354135696704955,0.05902099609375
257,280,0.37268050129597,0.0007298588752746582,0.05402016639709473
258,280,0.3719563392492441,0.0007241620467259291,0.0610203742980957
259,280,0.37123788778598493,0.0007184514632591621,0.06402301788330078
260,280,0.37052496121479916,0.000712926571185768,0.057021141052246094
261,280,0.3698171010384193,0.0007078601763798598,0.050016164779663086
262,280,0.3691150202200963,0.0007020808183230143,0.06402325630187988
263,280,0.3684181502232185,0.0006968699968777914,0.060021400451660156
264,280,0.36772666756923383,0.0006914826539846652,0.07202553749084473
265,280,0.36704006791114807,0.0006865996580857625,0.06002163887023926
266,280,0.36635886705838716,0.0006812008527609104,0.05101776123046875
267,280,0.3656825629564432,0.0006763041019439697,0.052019596099853516
268,280,0.3650109928387862,0.0006715701176570055,0.05101656913757324
269,280,0.3643442254800063,0.0006667673587799072,0.06302213668823242
270,280,0.36368310222258937,0.0006611232574169068,0.06502366065979004
271,280,0.3630269765853882,0.0006561256372011881,0.06302285194396973
272,280,0.36237555054517895,0.0006514260402092353,0.05802011489868164
273,280,0.36172888141412,0.0006466691310589301,0.06602358818054199
274,280,0.361086742236064,0.0006421391780560004,0.05702066421508789
275,280,0.36044928202262294,0.0006374602134410767,0.0770261287689209
276,280,0.35981698678090024,0.0006322952417227024,0.06402349472045898
277,280,0.3591890770655412,0.0006279097153590318,0.07602643966674805
278,280,0.35856544512968797,0.0006236319358532416,0.07802867889404297
279,280,0.35794570354314953,0.0006197415865384359,0.07402491569519043
280,280,0.3573298775232755,0.0006158260198740328,0.05902099609375
281,280,0.35671842785981983,0.0006114496634556654,0.08002853393554688
282,280,0.3561111551064711,0.0006072727533487088,0.07102513313293457
283,280,0.3555078116747049,0.0006033434317662123,0.0680246353149414
284,280,0.3549085763784555,0.0005992352962493896,0.06302213668823242
285,280,0.3543135982293349,0.0005949781491206285,0.05401897430419922
286,280,0.3537226135914142,0.0005909846379206773,0.048018455505371094
287,280,0.35313528776168823,0.000587325829725982,0.06502199172973633
288,280,0.3525518545737633,0.0005834331879249199,0.0770268440246582
289,280,0.3519721489686232,0.0005797056051400906,0.06602334976196289
290,280,0.3513961090491368,0.0005760399194864041,0.07102608680725098
291,280,0.3508239526015062,0.0005721564476306451,0.06402182579040527
292,280,0.3502553884799664,0.0005685641215397719,0.0820302963256836
293,280,0.3496905496487251,0.00056483883124131,0.06702303886413574
294,280,0.349129495712427,0.0005610539362980727,0.07502579689025879
295,280,0.34857247884456927,0.0005570168678577514,0.06302332878112793
296,280,0.34801886402643645,0.0005536148181328193,0.07302546501159668
297,280,0.3474683463573456,0.0005505176690908664,0.05802035331726074
298,280,0.34692153334617615,0.0005468130111694336,0.062021493911743164
299,280,0.34637821179169875,0.0005433215544773939,0.06102180480957031
300,280,0.3458384550534762,0.000539756738222541,0.056020259857177734
301,280,0.3453024419454428,0.0005360131080334174,0.053018808364868164
302,280,0.3447697644050305,0.0005326775404123074,0.060021400451660156
303,280,0.34424047057445234,0.000529293830578148,0.08002781867980957
304,280,0.34371455586873567,0.000525914705716668,0.07902956008911133
305,280,0.3431918483514052,0.0005227075173304674,0.08002686500549316
306,280,0.3426719307899475,0.0005199175614576945,0.07102584838867188
307,280,0.3421557110089522,0.0005162197809953084,0.07002449035644531
308,280,0.3416423201560974,0.0005133908528547892,0.058020591735839844
309,280,0.34113208605692935,0.000510234099168061,0.05201840400695801
310,280,0.3406249170119946,0.0005071690449347521,0.06402397155761719
311,280,0.34012083136118376,0.0005040856508108371,0.06002020835876465
312,280,0.3396195883934314,0.0005012429677523356,0.05101895332336426
313,280,0.3391210115872897,0.0004985768061417373,0.061020612716674805
314,280,0.33862580015109134,0.0004952114361983506,0.05601978302001953
315,280,0.3381331975643451,0.0004926025867462158,0.07302594184875488
316,280,0.3376432473842914,0.0004899501800537109,0.06302285194396973
317,280,0.3371564012307387,0.0004868461535527113,0.06602287292480469
318,280,0.33667219831393314,0.00048420291680556504,0.07002496719360352
319,280,0.3361908014004047,0.0004813969135284424,0.07202577590942383
320,280,0.33571208211091846,0.0004787192894862291,0.07502603530883789
321,280,0.33523642329069286,0.0004756588202255996,0.058020591735839844
322,280,0.3347633389326242,0.0004730843580686428,0.056020259857177734
323,280,0.33429260895802426,0.00047072997459995936,0.05702018737792969
324,280,0.33382511597413284,0.00046749298389142657,0.05801987648010254
325,280,0.33336000029857343,0.00046511567555940214,0.05702042579650879
326,280,0.33289727568626404,0.0004627246123093953,0.052018165588378906
327,280,0.3324373777096088,0.00045989797665524357,0.056020259857177734
328,280,0.33197978138923645,0.0004575963203723443,0.06402254104614258
329,280,0.3315245875945458,0.000455193794690667,0.05802154541015625
330,280,0.33107232130490816,0.00045226628963762616,0.06002068519592285
331,280,0.3306223016518813,0.0004500196530268785,0.0660245418548584
332,280,0.3301742970943451,0.00044800455753618573,0.07502532005310059
333,280,0.32972973585128784,0.000444561243057251,0.0750269889831543
334,280,0.3292875083593222,0.00044222749196565214,0.06102108955383301
335,280,0.3288472661605248,0.00044024219879740256,0.07402777671813965
336,280,0.32840971992566037,0.00043754623486441657,0.07102370262145996
337,280,0.3279740283122429,0.0004356916134174438,0.07602691650390625
338,280,0.3275412114766928,0.0004328168355501316,0.07802939414978027
339,280,0.3271102767724257,0.000430934704267083,0.058019161224365234
340,280,0.32668137779602635,0.00042889897639936114,0.06002187728881836
341,280,0.32625518853847796,0.00042618925754839276,0.06001996994018555
342,280,0.32583077825032747,0.00042441028815048965,0.059021711349487305
343,280,0.32540860313635606,0.0004221751139714125,0.061022043228149414
344,280,0.32498884888795704,0.000419754248399018,0.05301785469055176
345,280,0.3245708438066336,0.00041800508132344705,0.06302237510681152
346,280,0.3241554624759234,0.0004153813307101739,0.06902480125427246
347,280,0.3237417351741057,0.00041372730181771233,0.06902813911437988
348,280,0.32333023158403545,0.00041150359007025017,0.07502245903015137
349,280,0.3229209092947153,0.0004093222893201687,0.05802130699157715
350,280,0.32251347028292143,0.0004074390117938531,0.0770270824432373
351,280,0.3221079879082166,0.0004054823747048353,0.0750265121459961
352,280,0.32170474643890673,0.0004032414693098674,0.06202197074890137
353,280,0.32130320140948665,0.00040154502942008063,0.05902099609375
354,280,0.32090407380690944,0.00039912760257720947,0.08002901077270508
355,280,0.32050663232803345,0.0003974414788759928,0.059020042419433594
356,280,0.3201110683954679,0.000395563932565568,0.05101776123046875
357,280,0.3197180021267671,0.0003930662687007813,0.05401945114135742
358,280,0.319326462653967,0.0003915394728000732,0.06503486633300781
359,280,0.31893698412638444,0.0003894785275825874,0.06100940704345703
360,280,0.31854936939019424,0.0003876147361902005,0.06302237510681152
361,280,0.3181636883662297,0.00038568102396452364,0.0590207576751709
362,280,0.31777953986938184,0.0003841484968478692,0.057019948959350586
363,280,0.317397524531071,0.0003820153383108371,0.05802106857299805
364,280,0.31701722053381115,0.00038030399725985653,0.06602311134338379
365,280,0.3166387379169464,0.0003784826168647393,0.061022281646728516
366,280,0.3162621339926353,0.000376603924311103,0.05702018737792969
367,280,0.3158871944134052,0.0003749395792301269,0.07202458381652832
368,280,0.3155142951470155,0.0003728992663896702,0.07102560997009277
369,280,0.31514297884244186,0.0003713163045736545,0.07702851295471191
370,280,0.31477265174572283,0.0003703270967190253,0.07802629470825195
371,280,0.3144039041720904,0.00036874757363242194,0.07102608680725098
372,280,0.31403684616088867,0.0003670580112017374,0.07402610778808594
373,280,0.3136718628498224,0.00036498331106626924,0.06102275848388672
374,280,0.3133082424218838,0.0003636204279385824,0.06302070617675781
375,280,0.3129463814772092,0.00036186094467460794,0.05101752281188965
376,280,0.3125861252729709,0.0003602562042382962,0.05401921272277832
377,280,0.31222775693123156,0.00035836834173935683,0.04801750183105469
378,280,0.31186971641503847,0.0003580405161930922,0.057021141052246094
379,280,0.3115129894935168,0.0003567269215216662,0.06202101707458496
380,280,0.31115812407090115,0.0003548654226156467,0.06302189826965332
381,280,0.31080509149111235,0.0003530325797888034,0.05401945114135742
382,280,0.3104538287107761,0.0003512627803362589,0.04701709747314453
383,280,0.3101042371529799,0.00034959155779618056,0.05501914024353027
384,280,0.3097559568973688,0.00034828025561112197,0.05702066421508789
385,280,0.3094092080226311,0.000346748874737679,0.06502294540405273
386,280,0.3090638632957752,0.000345344726855934,0.0680246353149414
387,280,0.3087203869452843,0.0003434763504908678,0.05701947212219238
388,280,0.30837804079055786,0.00034234615472644725,0.058020591735839844
389,280,0.30803723404040706,0.00034080675015080164,0.05802011489868164
390,280,0.30769759989701784,0.0003396341433892225,0.05401945114135742
391,280,0.3073596197825212,0.0003379801144966499,0.06402301788330078
392,280,0.30702321575238156,0.0003364040301396254,0.08102941513061523
393,280,0.3066880978070773,0.0003351179453042752,0.05901980400085449
394,280,0.306354820728302,0.0003332770787752848,0.04801678657531738
395,280,0.3060225351498677,0.0003322855784342882,0.04901862144470215
396,280,0.30569177522109103,0.0003307599287766805,0.059020280838012695
397,280,0.30536211453951323,0.0003296606815778036,0.06502270698547363
398,280,0.305034060890858,0.00032805364865523545,0.055019378662109375
399,280,0.3047073116669288,0.00032674922392916805,0.0590214729309082
400,280,0.30438175109716564,0.0003255605697631836,0.062021732330322266
401,280,0.30405781819270206,0.00032393290446358636,0.06202340126037598
402,280,0.30373529860606563,0.0003225195866364272,0.06902337074279785
403,280,0.3034141201239366,0.00032117848212903644,0.08102846145629883
404,280,0.30309395835949826,0.00032016176443833144,0.06202197074890137
405,280,0.3027753680944443,0.00031859026505398624,0.05101823806762695
406,280,0.30245817739229935,0.0003171907021449205,0.07302594184875488
407,280,0.3021425879918612,0.0003155894004381321,0.06402277946472168
408,280,0.30182750752338994,0.0003150804684712849,0.05802035331726074
409,280,0.3015139951155736,0.00031351240781635203,0.06902408599853516
410,280,0.3012013721924562,0.0003126229231174005,0.06702399253845215
411,280,0.3008901820732997,0.0003111901191564792,0.05401945114135742
412,280,0.3005804683153446,0.00030971375795513234,0.06002092361450195
413,280,0.3002718182710501,0.0003086500442944784,0.07202672958374023
414,280,0.29996451276999253,0.00030730550105756427,0.07302498817443848
415,280,0.29965817584441257,0.00030633692557996417,0.06402230262756348
416,280,0.2993532522366597,0.00030492360775286054,0.058020591735839844
417,280,0.2990495287455045,0.0003037234911552056,0.05702090263366699
418,280,0.29874667869164395,0.0003028500538605483,0.05701947212219238
419,280,0.29844532104638904,0.00030135764525490716,0.06302237510681152
420,280,0.2981453171143165,0.0003000039320725234,0.062021493911743164
421,280,0.29784655570983887,0.0002987614044776543,0.059021711349487305
422,280,0.29754888667510104,0.00029766903473782413,0.05601954460144043
423,280,0.29725217016843647,0.00029671650666457383,0.05802106857299805
424,280,0.2969569667027547,0.00029520346568179257,0.06902432441711426
425,280,0.29666252778126645,0.00029443892148822703,0.06502342224121094
426,280,0.29636960190076095,0.0002929258805055013,0.059020280838012695
427,280,0.29607754945755005,0.0002920524432108995,0.06002187728881836
428,280,0.29578665930491227,0.0002908901526377794,0.05602097511291504
429,280,0.2954969280041181,0.00028973130079418263,0.04901599884033203
430,280,0.295208134330236,0.00028879367388207067,0.06602263450622559
431,280,0.2949205132631155,0.0002876210671204915,0.05702042579650879
432,280,0.2946340716802157,0.00028644158289981014,0.05401945114135742
433,280,0.2943485447993645,0.0002855268808512057,0.06602334976196289
434,280,0.2940644816710399,0.00028406312832462977,0.05802035331726074
435,280,0.29378095727700454,0.00028352439403533936,0.0680246353149414
436,280,0.2934986100747035,0.0002823472023010254,0.0680232048034668
437,280,0.29321742287048924,0.0002811872042142727,0.07602810859680176
438,280,0.29293714463710785,0.00028027823338139246,0.07402515411376953
439,280,0.29265763094791997,0.00027951368918788244,0.061022281646728516
440,280,0.29237949275053465,0.00027813819738531365,0.07802772521972656
441,280,0.2921022681089548,0.00027722464157986515,0.06902503967285156
442,280,0.2918259661931258,0.00027630191582900254,0.0680241584777832
443,280,0.2915503325370642,0.0002756336560615913,0.06402182579040527
444,280,0.2912762187994443,0.00027411373761987434,0.055019378662109375
445,280,0.29100258304522586,0.00027363575421845976,0.06202197074890137
446,280,0.2907301095815805,0.00027247346364533964,0.06702375411987305
447,280,0.2904587628749701,0.00027134670661044247,0.06102132797241211
448,280,0.2901878288159004,0.00027093405906969403,0.06802487373352051
449,280,0.2899181372844256,0.00026969153147476943,0.07102489471435547
450,280,0.289649547292636,0.00026858999178963616,0.05902099609375
451,280,0.2893812977350675,0.00026824955756848956,0.06902480125427246
452,280,0.28911440991438353,0.00026688782068395867,0.06002092361450195
453,280,0.28884828090667725,0.0002661290077062839,0.07402634620666504
454,280,0.2885828740321673,0.0002654068745099325,0.06302189826965332
455,280,0.2883185228476158,0.0002643511845515367,0.0590207576751709
456,280,0.2880549912269299,0.0002635316206858751,0.06902432441711426
457,280,0.28779225509900314,0.00026273612792676593,0.05202007293701172
458,280,0.28753071221021503,0.00026154288878810217,0.057019948959350586
459,280,0.28726995564424074,0.0002607565659742961,0.05301833152770996
460,280,0.28701015504506916,0.00025980059917157794,0.06102108955383301
461,280,0.28675122329821956,0.00025893174684959996,0.07002496719360352
462,280,0.2864930033683777,0.00025821992984187414,0.07403874397277832
463,280,0.28623593082794774,0.00025707254042994787,0.06801152229309082
464,280,0.2859794463102634,0.0002564845176843411,0.0500185489654541
465,280,0.2857237641627972,0.00025568214746618523,0.06002211570739746
466,280,0.28546897723124576,0.00025478693155145393,0.062021732330322266
467,280,0.28521510041677034,0.00025387681447541777,0.05701899528503418
468,280,0.2849618047475815,0.0002532956691888577,0.05601930618286133
469,280,0.2847095246498401,0.0002522800977413642,0.06902527809143066
470,280,0.28445809506453,0.0002514295853101034,0.05001711845397949
471,280,0.2842072340158316,0.0002508610486984253,0.05201911926269531
472,280,0.28395737592990583,0.0002498580859257582,0.05501961708068848
473,280,0.28370841993735385,0.0002489559925519802,0.05401897430419922
474,280,0.2834603924017686,0.00024802753558522683,0.06002092361450195
475,280,0.28321362687991214,0.0002467655218564846,0.06902432441711426
476,280,0.2829668178008153,0.0002468090790968547,0.0680241584777832
477,280,0.282721262711745,0.0002455550890702596,0.07802820205688477
478,280,0.28247655584261966,0.0002447068691253662,0.10003495216369629
479,280,0.2822323189331935,0.0002442369094261543,0.06902623176574707
480,280,0.28198887637028325,0.00024344256291025657,0.06302094459533691
481,280,0.2817459301306651,0.00024294623961812478,0.06902551651000977
482,280,0.2815038137711011,0.00024211635956400412,0.06802225112915039
483,280,0.281262518121646,0.00024129564945513104,0.06502389907836914
484,280,0.28102176923018235,0.00024074889146363798,0.06102252006530762
485,280,0.2807818570962319,0.00023991213395047062,0.053017616271972656
486,280,0.28054270950647503,0.00023914758975684958,0.060021400451660156
487,280,0.28030417744929975,0.00023853205717527803,0.0590207576751709
488,280,0.28006636523283446,0.00023781221646529405,0.06402254104614258
489,280,0.27982947803460634,0.00023688719822811954,0.05601954460144043
490,280,0.27959315134928775,0.00023632668531858858,0.06302285194396973
491,280,0.2793574401965508,0.00023571115273696153,0.053019046783447266
492,280,0.27912259560364944,0.00023484459290135096,0.06602334976196289
493,280,0.2788884387566493,0.00023415684700012207,0.06502318382263184
494,280,0.2786551175209192,0.00023332123573011065,0.06302189826965332
495,280,0.27842247715363133,0.00023264036728787296,0.06102108955383301
496,280,0.27819040646919835,0.0002320706844329834,0.05802154541015625
497,280,0.27795943044699156,0.00023097602220678581,0.06302213668823242
498,280,0.27772889802089107,0.00023053242610049374,0.08503055572509766
499,280,0.2774987392700635,0.0002301587508275471,0.07302546501159668
500,280,0.2772696167230606,0.00022912254700291346,0.06702423095703125
