1,100,2.3094618116106305,Nan,0.08102893829345703
2,100,2.2847786835261754,0.024683128084455053,0.07102441787719727
3,100,2.2591884613037108,0.025590222222464654,0.06402301788330078
4,100,2.2323360102517262,0.026852451051984527,0.06902408599853516
5,100,2.2029454299381803,0.02939058031354591,0.0680243968963623
6,100,2.1705785410744802,0.032366888863700094,0.07102560997009277
7,100,2.134254619053432,0.03632392202104828,0.06602287292480469
8,100,2.0931616238185335,0.0410929952348984,0.06702375411987305
9,100,2.0473043578011647,0.045857266017368836,0.057021379470825195
10,100,1.9969872202192034,0.050317137581961324,0.06702280044555664
11,100,1.942654435975211,0.05433278424399246,0.0680241584777832
12,100,1.88462860924857,0.05802582672664092,0.0660240650177002
13,100,1.8230763128825596,0.06155229636601045,0.07402682304382324
14,100,1.7588162285940987,0.06426008428846086,0.0680227279663086
15,100,1.6929298945835658,0.0658863340105329,0.07602715492248535
16,100,1.6262909821101597,0.06663891247340614,0.06602334976196289
17,100,1.5595516272953578,0.06673935481480187,0.06902408599853516
18,100,1.49351772580828,0.06603390148707788,0.07002449035644531
19,100,1.428950663975307,0.064567061832973,0.06702399253845215
20,100,1.3664723600660051,0.06247830390930176,0.06302285194396973
21,100,1.3066283396312168,0.059844020434788314,0.07302570343017578
22,100,1.2497761487960815,0.056852190835135374,0.06802511215209961
23,100,1.1961520944322859,0.05362405436379558,0.07603073120117188
24,100,1.1458512476512364,0.05030084678104951,0.07102084159851074
25,100,1.0988231795174734,0.047028068133762924,0.0750265121459961
26,100,1.0550093616758074,0.04381381784166605,0.07602739334106445
27,100,1.0142462304660251,0.040763131209782255,0.08002758026123047
28,100,0.9763642140797206,0.03788201638630451,0.07602715492248535
29,100,0.9411996211324419,0.035164592947278694,0.05501866340637207
30,100,0.9085367662566048,0.03266285487583709,0.06302309036254883
31,100,0.87818523645401,0.030351529802594812,0.06602311134338379
32,100,0.8499655944960458,0.028219641957964225,0.05802106857299805
33,100,0.8237098778997148,0.02625571659633097,0.06702375411987305
34,100,0.79926575251988,0.02444412537983487,0.07202553749084473
35,100,0.7764855708394732,0.02278018168040674,0.07002449035644531
36,100,0.7552291171891349,0.021256453650338347,0.07602763175964355
37,100,0.7353785855429513,0.019850531646183556,0.06602215766906738
38,100,0.7168159365653992,0.01856264897755211,0.061022043228149414
39,100,0.6994395800999232,0.017376356465475973,0.07702755928039551
40,100,0.6831504719597953,0.01628910814012796,0.068023681640625
41,100,0.667865388734,0.015285083225795248,0.07402634620666504
42,100,0.6534988846097673,0.014366504124232682,0.06302285194396973
43,100,0.6399794493402754,0.013519435269491953,0.07202506065368652
44,100,0.6272408076695033,0.0127386416707721,0.07302641868591309
45,100,0.6152168801852635,0.01202392748423975,0.07002472877502441
46,100,0.6038580502782549,0.01135882990700865,0.07402610778808594
47,100,0.593114881856101,0.010743168422153948,0.07802796363830566
48,100,0.5829404805387769,0.010174401317324056,0.07202506065368652
49,100,0.5732951010976519,0.00964537944112498,0.07302570343017578
50,100,0.5641431697777339,0.009151931319917983,0.07102560997009277
51,100,0.5554462807519095,0.008696889025824439,0.07902884483337402
52,100,0.5471740160669599,0.00827226468494957,0.07402491569519043
53,100,0.5392968458788735,0.007877170188086424,0.0660238265991211
54,100,0.5317877556596483,0.00750909021922519,0.06702280044555664
55,100,0.5246241578033992,0.007163597856249093,0.07102632522583008
56,100,0.5177840641566686,0.0068400936467306606,0.08002758026123047
57,100,0.5112436320100512,0.00654043214661737,0.07402658462524414
58,100,0.5049825864178794,0.006261045592171777,0.0770270824432373
59,100,0.4989851636545999,0.005997422763279525,0.062021732330322266
60,100,0.4932370415755681,0.005748122079031803,0.06502342224121094
61,100,0.48772258247647965,0.005514459099088431,0.07002496719360352
62,100,0.4824296585151127,0.0052929239613669354,0.0750274658203125
63,100,0.4773455934865134,0.005084065028599316,0.06302165985107422
64,100,0.47245407359940667,0.004891519887106732,0.06002068519592285
65,100,0.46774633867400034,0.004707734925406326,0.06002163887023926
66,100,0.4632107138633728,0.004535624810627525,0.07802796363830566
67,100,0.4588394854749952,0.004371228388377613,0.07602667808532715
68,100,0.4546228749411447,0.004216610533850529,0.07602643966674805
69,100,0.4505530561719622,0.004069818769182498,0.07202577590942383
70,100,0.4466219101633344,0.003931146008627762,0.07103514671325684
71,100,0.44282055582318985,0.003801354340144558,0.07001495361328125
72,100,0.43914200833865574,0.0036785474845341115,0.06702399253845215
73,100,0.4355809509754181,0.0035610573632376408,0.06102156639099121
74,100,0.4321338074547904,0.0034471435206276935,0.06902456283569336
75,100,0.4287920662334987,0.0033417412212917164,0.053018808364868164
76,100,0.4255516733442034,0.003240392889295285,0.07302570343017578
77,100,0.4224080920219421,0.0031435813222612796,0.10803914070129395
78,100,0.4193557058061872,0.003052386215754932,0.10703730583190918
79,100,0.41639051352228434,0.002965192283902851,0.1090388298034668
80,100,0.413507126058851,0.0028833874634333623,0.11104059219360352
81,100,0.4107046663761139,0.0028024596827370685,0.10303592681884766
82,100,0.4079773170607431,0.0027273493153708306,0.07302451133728027
83,100,0.4053238213062286,0.0026534957545144566,0.0750272274017334
84,100,0.40274002296583994,0.0025837983403886877,0.06402230262756348
85,100,0.40022450344903127,0.002515519516808673,0.07902789115905762
86,100,0.39777206352778843,0.0024524399212428327,0.06402301788330078
87,100,0.3953820535114833,0.002390010016305122,0.08503055572509766
88,100,0.39304966245378764,0.002332391057695671,0.08202910423278809
89,100,0.3907720795699528,0.002277582883834839,0.0750267505645752
90,100,0.3885479101112911,0.0022241694586617178,0.05801987648010254
91,100,0.3863759585789272,0.0021719515323638805,0.060021400451660156
92,100,0.38425448622022357,0.0021214723587036355,0.06902480125427246
93,100,0.38217973027910507,0.0020747559411185,0.07102441787719727
94,100,0.3801512377602713,0.0020284925188337466,0.07102537155151367
95,100,0.3781673337732043,0.0019839039870670483,0.08102917671203613
96,100,0.37622759682791573,0.0019397369452885393,0.08903098106384277
97,100,0.37432782394545416,0.00189977288246157,0.06702399253845215
98,100,0.3724685294287545,0.0018592945166996389,0.0750265121459961
99,100,0.3706463422094073,0.0018221872193472377,0.07402586936950684
100,100,0.3688607667173658,0.0017855754920415023,0.07702755928039551
101,100,0.3671099790505001,0.0017507876668657052,0.07502603530883789
102,100,0.3653919918196542,0.0017179872308458743,0.06102180480957031
103,100,0.36370615107672555,0.001685840742928657,0.07102632522583008
104,100,0.3620522345815386,0.0016539164951869245,0.0750265121459961
105,100,0.36042965650558473,0.0016225780759538955,0.06702351570129395
106,100,0.358834160225732,0.0015954962798527261,0.07402586936950684
107,100,0.3572681299277714,0.0015660302979605967,0.07302546501159668
108,100,0.35573140808514186,0.0015367218426295404,0.07002592086791992
109,100,0.35422080968107494,0.0015105984040669207,0.0770261287689209
110,100,0.3527363279036113,0.001484481777463631,0.07402658462524414
111,100,0.3512766761439187,0.0014596517596925929,0.05501961708068848
112,100,0.3498423772198813,0.0014342989240374027,0.055019378662109375
113,100,0.3484318562916347,0.001410520928246617,0.06402254104614258
114,100,0.3470440864562988,0.0013877698353358947,0.06302165985107422
115,100,0.3456784324986594,0.001365653957639379,0.06002187728881836
116,100,0.3443338083369391,0.0013446241617203203,0.058020830154418945
117,100,0.34301064653056007,0.0013231618063790362,0.07202529907226562
118,100,0.34170734116009305,0.0013033053704670228,0.059021711349487305
119,100,0.34042425538812365,0.0012830857719693944,0.07302546501159668
120,100,0.33916048535278864,0.00126377003533501,0.06002068519592285
121,100,0.3379145473241806,0.0012459380286080624,0.0660243034362793
122,100,0.33668992434229167,0.001224622981888912,0.07202506065368652
123,100,0.3354813665151596,0.001208557827132084,0.06302213668823242
124,100,0.33429116819586074,0.0011901983192988408,0.07302618026733398
125,100,0.33311852174145834,0.001172646454402404,0.07602667808532715
126,100,0.3319610238075256,0.0011574979339327163,0.07102608680725098
127,100,0.33081978985241484,0.0011412339551107875,0.06502223014831543
128,100,0.329694281731333,0.0011255081210818085,0.06302285194396973
129,100,0.3285808065107891,0.0011134752205439469,0.06202197074890137
130,100,0.3274835480110986,0.001097258499690501,0.06502270698547363
131,100,0.32640080749988554,0.0010827405112130428,0.06402254104614258
132,100,0.3253303553376879,0.0010704521621976437,0.06902456283569336
133,100,0.3242748941693987,0.0010554611682891957,0.07902836799621582
134,100,0.3232334383896419,0.0010414557797567836,0.07202553749084473
135,100,0.3222063566957201,0.0010270816939217942,0.062021493911743164
136,100,0.3211912717138018,0.0010150849819183239,0.05401897430419922
137,100,0.3201886398451669,0.0010026318686349178,0.06502366065979004
138,100,0.3191992908716202,0.0009893489735466887,0.06102132797241211
139,100,0.3182220080069133,0.0009772828647068854,0.06502318382263184
140,100,0.31725792075906484,0.0009640872478484663,0.0770268440246582
141,100,0.31630211685385023,0.0009558039052146028,0.07802748680114746
142,100,0.31535845952374597,0.0009436573301042639,0.07102632522583008
143,100,0.3144256813185556,0.0009327782051903877,0.06402182579040527
144,100,0.3135036732469286,0.0009220080716269563,0.06702399253845215
145,100,0.3125938615628651,0.0009098116840635107,0.06702375411987305
146,100,0.3116911539009639,0.0009027076619012031,0.06602287292480469
147,100,0.31080017813614436,0.0008909757648195571,0.06302261352539062
148,100,0.3099184342793056,0.000881743856838757,0.06902456283569336
149,100,0.30904738690171923,0.0008710473775863647,0.06502294540405273
150,100,0.30818447853837694,0.0008629083633422963,0.05802106857299805
151,100,0.30732902799333844,0.0008554505450384942,0.06402182579040527
152,100,0.30648398101329805,0.0008450469800403981,0.07402610778808594
153,100,0.3056485022817339,0.0008354787315641432,0.07202625274658203
154,100,0.3048198610544205,0.0008286412273134092,0.06202101707458496
155,100,0.3039999932050705,0.0008198678493500089,0.0750274658203125
156,100,0.3031889344964709,0.000811058708599599,0.07202506065368652
157,100,0.3023854949644634,0.0008034395320075105,0.06602334976196289
158,100,0.3015902238232749,0.0007952711411884916,0.07002449035644531
159,100,0.30080270043441226,0.000787523388862621,0.0680246353149414
160,100,0.3000219247170857,0.0007807757173265428,0.06302213668823242
161,100,0.2992487907409668,0.0007731339761189449,0.0660243034362793
162,100,0.29848233035632543,0.0007664603846413431,0.05801963806152344
163,100,0.2977235355547496,0.0007587948015758128,0.0700373649597168
164,100,0.29697143520627706,0.0007521003484725619,0.06501078605651855
165,100,0.29622662493160795,0.0007448102746691054,0.07102489471435547
166,100,0.2954882936818259,0.0007383312497820649,0.07302570343017578
167,100,0.29475677737167905,0.0007315163101468403,0.0680246353149414
168,100,0.29403216413089206,0.0007246132407869865,0.06902527809143066
169,100,0.29331497124263217,0.0007171928882598877,0.07002401351928711
170,100,0.2926035306283406,0.0007114406142915697,0.06302261352539062
171,100,0.2919009132044656,0.0007026174238750071,0.06902384757995605
172,100,0.2912000775337219,0.0007008356707436936,0.07202506065368652
173,100,0.2905069661991937,0.000693111334528207,0.07602787017822266
174,100,0.2898215332201549,0.0006854329790387803,0.06402301788330078
175,100,0.2891382132257734,0.0006833199943815371,0.08302855491638184
176,100,0.28846352653844015,0.0006746866873332258,0.07602787017822266
177,100,0.2877905032464436,0.0006730232919965329,0.06502294540405273
178,100,0.287124490737915,0.0006660125085286017,0.0770266056060791
179,100,0.2864660790988377,0.0006584116390773165,0.0660243034362793
180,100,0.2858093525682177,0.0006567265306199888,0.068023681640625
181,100,0.2851618298462459,0.0006475227219718271,0.07802724838256836
182,100,0.284515962430409,0.0006458674158368871,0.07602715492248535
183,100,0.28387711260999954,0.0006388498204094595,0.08202981948852539
184,100,0.28324509050164903,0.0006320221083505051,0.07502555847167969
185,100,0.2826148224728448,0.0006302680288042262,0.06102132797241211
186,100,0.2819929510354996,0.0006218714373452117,0.0660238265991211
187,100,0.2813722708395549,0.0006206801959446895,0.07802939414978027
188,100,0.2807599599872317,0.0006123108523232168,0.06302118301391602
189,100,0.2801488884857723,0.0006110715014593926,0.06602263450622559
190,100,0.2795447217566626,0.0006041667291096786,0.06202220916748047
191,100,0.27894631837095535,0.000598403385707269,0.06402277946472168
192,100,0.27834798863955906,0.0005983297313962854,0.06602311134338379
193,100,0.2777584173849651,0.000589571254593968,0.07002520561218262
194,100,0.2771684203829084,0.0005899970020566969,0.07202506065368652
195,100,0.2765866620200021,0.0005817583629063039,0.07002592086791992
196,100,0.27600452091012684,0.000582141109875256,0.06302189826965332
197,100,0.27542824021407536,0.0005762806960514788,0.06002092361450195
198,100,0.2748532797609057,0.0005749604531696817,0.06502342224121094
199,100,0.2742843121290207,0.0005689676318849646,0.07402563095092773
200,100,0.2737157966409411,0.0005685154880796239,0.07202601432800293
201,100,0.2731534144708088,0.0005623821701322695,0.0680239200592041
202,100,0.27259255690234047,0.0005608575684683537,0.06302165985107422
203,100,0.272039195895195,0.0005533610071454809,0.07302713394165039
204,100,0.2714859885828836,0.000553207312311399,0.05301856994628906
205,100,0.2709391768489565,0.0005468117339270662,0.07102513313293457
206,100,0.2703935610396521,0.0005456158093044006,0.0770268440246582
207,100,0.2698543071746826,0.0005392538649695022,0.06202220916748047
208,100,0.26931578900132863,0.0005385181733539857,0.06402301788330078
209,100,0.2687839963606426,0.0005317926406860352,0.062021493911743164
210,100,0.2682535495076861,0.000530446852956501,0.06502270698547363
211,100,0.2677246051175254,0.0005289443901607127,0.06002163887023926
212,100,0.2672033403600965,0.0005212647574288631,0.060021162033081055
213,100,0.26668076642921995,0.0005225739308765687,0.06202292442321777
214,100,0.26616448078836713,0.0005162856408528205,0.07302546501159668
215,100,0.2656504362821579,0.0005140445062092325,0.06002020835876465
216,100,0.2651371879237039,0.0005132483584540104,0.0660240650177002
217,100,0.2646312866892133,0.0005059012344905689,0.0660240650177002
218,100,0.26412424189703804,0.0005070447921752819,0.05401921272277832
219,100,0.2636243871280125,0.0004998547690255317,0.07902812957763672
220,100,0.2631250253745488,0.0004993617534637118,0.05802011489868164
221,100,0.26262772253581457,0.000497302838734226,0.06502294540405273
222,100,0.26213658494608744,0.0004911375897271308,0.06702375411987305
223,100,0.26164614302771433,0.0004904419183731079,0.06402325630187988
224,100,0.2611573496035167,0.0004887934241976089,0.06702327728271484
225,100,0.2606747763497489,0.0004825732537678262,0.07002472877502441
226,100,0.26019173988274164,0.00048303646700725844,0.0770270824432373
227,100,0.259711246405329,0.0004804934774126357,0.06702470779418945
228,100,0.2592347340924399,0.000476512312889088,0.0680227279663086
229,100,0.25875952797276636,0.00047520611967355464,0.07102560997009277
230,100,0.25828511800084797,0.0004744099719183881,0.07302689552307129
231,100,0.25781757533550265,0.00046754266534532185,0.07302451133728027
232,100,0.2573506304195949,0.0004669449159077632,0.05902099609375
233,100,0.2568830417735236,0.0004675886460712708,0.05401921272277832
234,100,0.25642338267394477,0.0004596590995788463,0.0750269889831543
235,100,0.2559629942689623,0.00046038840498247025,0.07102465629577637
236,100,0.2555035978555679,0.0004593964133943751,0.06802511215209961
237,100,0.2550507400717054,0.00045285778386250364,0.07802724838256836
238,100,0.2545982939856393,0.00045244608606609393,0.06302189826965332
239,100,0.2541481771639415,0.0004501168216978213,0.06702446937561035
240,100,0.25369801819324495,0.00045015897069655697,0.061020612716674805
241,100,0.253254959838731,0.0004430583545139699,0.06702375411987305
242,100,0.25281103849411013,0.00044392134462084565,0.0660240650177002
243,100,0.25236879459449224,0.000442243899617889,0.09903478622436523
244,100,0.251932503921645,0.0004362906728472282,0.08202791213989258
245,100,0.2514945664576122,0.00043793746403281153,0.06202197074890137
246,100,0.25106004348823,0.0004345229693821784,0.06202244758605957
247,100,0.25062564866883413,0.0004343948193958891,0.0590212345123291
248,100,0.25019796916416714,0.000427679504666989,0.06502366065979004
249,100,0.24976989030838012,0.000428078855787023,0.06402134895324707
250,100,0.24934195578098298,0.00042793452739714466,0.06902456283569336
251,100,0.2489204525947571,0.00042150318622588556,0.06702423095703125
252,100,0.24849912353924342,0.00042132905551367505,0.07202482223510742
253,100,0.2480800360441208,0.000419087495122622,0.05802106857299805
254,100,0.24766178854874202,0.00041824749537877626,0.07502627372741699
255,100,0.2472483434847423,0.0004134450639997067,0.07002496719360352
256,100,0.24683479453836168,0.00041354894638062634,0.06002092361450195
257,100,0.246421246443476,0.0004135480948856962,0.061022043228149414
258,100,0.2460143885442189,0.0004068578992570959,0.068023681640625
259,100,0.2456057778426579,0.00040861070156097967,0.0660238265991211
260,100,0.24520024188927242,0.0004055359533854941,0.06902527809143066
261,100,0.2447937514100756,0.00040649047919683046,0.06602311134338379
262,100,0.24439410950456347,0.00039964190551211587,0.06102108955383301
263,100,0.2439926266670227,0.0004014828375407675,0.05801987648010254
264,100,0.2435926228761673,0.0004000037908554188,0.07202577590942383
265,100,0.24319810100964137,0.00039452186652591537,0.0590212345123291
266,100,0.24280423649719785,0.00039386451244352583,0.06502389907836914
267,100,0.24240854978561402,0.00039568671158382585,0.06502223014831543
268,100,0.24201993261064803,0.0003886171749659939,0.0660243034362793
269,100,0.2416297776358468,0.00039015497480121564,0.06502246856689453
270,100,0.24124076877321515,0.0003890088626316568,0.06002068519592285
271,100,0.24085207283496857,0.000388695938246586,0.05902099609375
272,100,0.2404659492628915,0.0003861235720770684,0.057019948959350586
273,100,0.24008028890405383,0.0003856603588376639,0.056020259857177734
274,100,0.23969468687261855,0.0003856020314352837,0.07102584838867188
275,100,0.2393137208053044,0.0003809660673141646,0.07302498817443848
276,100,0.23893333290304455,0.0003803879022598322,0.07202553749084473
277,100,0.23855349251202174,0.00037984039102281764,0.06402373313903809
278,100,0.23817400378840312,0.0003794887236186206,0.06402230262756348
279,100,0.23780078760215215,0.00037321618625096864,0.07002472877502441
280,100,0.23742553634302957,0.0003752512591225776,0.06602311134338379
281,100,0.23704870896680014,0.00037682737622943274,0.06902432441711426
282,100,0.23667969235352107,0.0003690166132790662,0.08102893829345703
283,100,0.236308159998485,0.00037153235503606385,0.06302356719970703
284,100,0.23593911954334804,0.0003690404551369708,0.07602620124816895
285,100,0.23556890359946658,0.0003702159438814523,0.06702399253845215
286,100,0.23520287615912303,0.00036602744034355816,0.07402563095092773
287,100,0.2348374971321651,0.0003653790269579349,0.07002425193786621
288,100,0.23447212321417674,0.00036537391798835417,0.0750269889831543
289,100,0.23410903172833578,0.0003630914858409606,0.06902647018432617
290,100,0.2337490345750536,0.00035999715328216553,0.06702160835266113
291,100,0.23338923624583652,0.00035979832921709254,0.06402373313903809
292,100,0.2330275080033711,0.00036172824246541446,0.06302213668823242
293,100,0.2326726496219635,0.0003548583814076134,0.07002401351928711
294,100,0.23231597372463772,0.00035667589732577,0.06602311134338379
295,100,0.23196057549544744,0.00035539822919028463,0.06902456283569336
296,100,0.23160679723535266,0.0003537782600947781,0.06802487373352051
297,100,0.2312517191682543,0.0003550780670983633,0.07002401351928711
298,100,0.23090115700449262,0.0003505621637616696,0.06202340126037598
299,100,0.2305516426052366,0.00034951439925601235,0.06502199172973633
300,100,0.23020283962999072,0.0003488029752458932,0.06802487373352051
301,100,0.22985282838344573,0.00035001124654499005,0.06702303886413574
302,100,0.22950804914746967,0.0003447792359760615,0.07002592086791992
303,100,0.2291623043162482,0.0003457448312214617,0.06902360916137695
304,100,0.22881875251020703,0.00034355180604117574,0.07302570343017578
305,100,0.22847465191568647,0.00034410059452055775,0.07602787017822266
306,100,0.22813387640884944,0.00034077550683703217,0.07502579689025879
307,100,0.22779587379523686,0.0003380026136125813,0.07302546501159668
308,100,0.22745455631187983,0.0003413174833570287,0.07602834701538086
309,100,0.22711512744426726,0.00033942886761256785,0.06702351570129395
310,100,0.22677299635750905,0.00034213108675820725,0.06202077865600586
311,100,0.22643758186272211,0.00033541449478693974,0.07102537155151367
312,100,0.22610096761158535,0.00033661425113676313,0.06102156639099121
313,100,0.22576349462781634,0.000337472983769016,0.07602787017822266
314,100,0.22543115700994218,0.0003323376178741566,0.06402206420898438
315,100,0.22509852988379342,0.0003326271261487601,0.0660240650177002
316,100,0.2247669313635145,0.00033159852027891956,0.07002377510070801
317,100,0.22443646149975913,0.0003304698637553727,0.06602334976196289
318,100,0.22410450194563183,0.0003319595541272924,0.06902480125427246
319,100,0.22377922577517373,0.0003252761704581053,0.06902432441711426
320,100,0.2234516128897667,0.0003276128854070304,0.07602691650390625
321,100,0.22312633310045515,0.00032527978931154444,0.06602358818054199
322,100,0.22280181774071284,0.0003245153597423167,0.06902480125427246
323,100,0.22247812343495232,0.0003236943057605135,0.06302213668823242
324,100,0.22215513778584345,0.0003229856491088756,0.07602715492248535
325,100,0.22183513024023602,0.0003200075456074314,0.0680241584777832
326,100,0.22151615406785694,0.0003189761723790818,0.06502318382263184
327,100,0.22119563392230443,0.0003205201455525053,0.062021732330322266
328,100,0.22087577091796057,0.00031986300434386217,0.05602002143859863
329,100,0.220561035828931,0.0003147350890295719,0.07102513313293457
330,100,0.22024424012218202,0.0003167957067489735,0.06302237510681152
331,100,0.2199287095240184,0.0003155305981636103,0.07602763175964355
332,100,0.21961422222001212,0.00031448730400629454,0.0770266056060791
333,100,0.219297784779753,0.0003164374402591097,0.060021400451660156
334,100,0.21898740785462514,0.0003103769251278643,0.061022281646728516
335,100,0.21867469123431615,0.0003127166203089893,0.06302118301391602
336,100,0.2183646383030074,0.00031005293130875744,0.07202696800231934
337,100,0.21805200704506467,0.0003126312579427304,0.06602311134338379
338,100,0.21774491433586393,0.0003070927092007347,0.07202601432800293
339,100,0.21743711147989545,0.00030780285596848644,0.06902313232421875
340,100,0.21712898633309774,0.0003081251467977053,0.06502294540405273
341,100,0.21682336905172894,0.0003056172813687974,0.06502294540405273
342,100,0.21651597108159745,0.00030739797013148995,0.05702042579650879
343,100,0.21621215002877373,0.0003038210528237273,0.07202529907226562
344,100,0.21590908616781235,0.00030306386096137783,0.07402706146240234
345,100,0.2156055550490107,0.00030353111880165873,0.07302522659301758
346,100,0.21530341037682124,0.0003021446721894472,0.07202553749084473
347,100,0.21499954334327154,0.000303867033549704,0.07002496719360352
348,100,0.2147008587207113,0.00029868462256024686,0.0680239200592041
349,100,0.2144020425421851,0.0002988161785262011,0.07002472877502441
350,100,0.21410254857369831,0.0002994939684867748,0.06702470779418945
351,100,0.21380387267896106,0.00029867589473725475,0.07302522659301758
352,100,0.21350405939987727,0.00029981327908379374,0.08903169631958008
353,100,0.21320899554661343,0.0002950638532638328,0.08903145790100098
354,100,0.21291362749678747,0.000295368049825967,0.09003210067749023
355,100,0.21261817663908006,0.00029545085770740775,0.09003162384033203
356,100,0.21232316153390066,0.00029501510517940255,0.06602311134338379
357,100,0.2120273213301386,0.00029584020376205444,0.06602334976196289
358,100,0.21173623906714575,0.0002910822629928478,0.07702851295471191
359,100,0.21144426784345083,0.0002919712236949257,0.06502342224121094
360,100,0.21115191685301918,0.00029235099043165014,0.07602620124816895
361,100,0.21086048994745527,0.00029142690556391293,0.0590205192565918
362,100,0.2105688608118466,0.00029162913560867865,0.059020280838012695
363,100,0.2102754818541663,0.0002933789576802792,0.07702755928039551
364,100,0.20998840757778714,0.0002870742763791678,0.06302261352539062
365,100,0.20969890994685036,0.0002894976309367747,0.07902836799621582
366,100,0.2094109322343554,0.0002879777124949745,0.06602287292480469
367,100,0.20912243787731444,0.0002884943570409526,0.0680241584777832
368,100,0.20883763624089105,0.0002848016364233874,0.06202197074890137
369,100,0.20855092768158232,0.00028670855930873484,0.06702351570129395
370,100,0.20826259340558734,0.0002883342759949781,0.07402682304382324
371,100,0.20798047099794661,0.0002821224076407225,0.07202577590942383
372,100,0.2076975615961211,0.00028290940182551516,0.06402230262756348
373,100,0.20741324105433057,0.0002843205417905337,0.07102513313293457
374,100,0.20713184752634595,0.00028139352798461914,0.07102489471435547
375,100,0.20685064707483564,0.0002812004515103106,0.07602691650390625
376,100,0.2065698619399752,0.000280785134860434,0.05401897430419922
377,100,0.20629069762570518,0.0002791643142700251,0.0750269889831543
378,100,0.20601200993571964,0.0002786876899855406,0.07302594184875488
379,100,0.2057317595396723,0.0002802503960473435,0.06702423095703125
380,100,0.2054528987833432,0.00027886075632910234,0.06502223014831543
381,100,0.20517430007457732,0.00027859870876587034,0.07402658462524414
382,100,0.20489542803594044,0.0002788720386368848,0.058020830154418945
383,100,0.20461632226194654,0.00027910577399389846,0.062021493911743164
384,100,0.20434070293392453,0.0002756193280220032,0.0680241584777832
385,100,0.2040650337934494,0.0002756691404751377,0.0750265121459961
386,100,0.20378878308194023,0.0002762507115091628,0.07602787017822266
387,100,0.20351413318089076,0.00027464990104947296,0.09103202819824219
388,100,0.20323904135397503,0.0002750918269157354,0.07602667808532715
389,100,0.20296582196440016,0.0002732193895748636,0.06902503967285156
390,100,0.20269425149474826,0.00027157046965189946,0.07402586936950684
391,100,0.20242285366569246,0.0002713978290558028,0.06702351570129395
392,100,0.2021511197090149,0.0002717339566775667,0.07102537155151367
393,100,0.201880963572434,0.0002701561365808791,0.07702755928039551
394,100,0.20160943014281138,0.0002715334296226335,0.05501914024353027
395,100,0.20134259866816656,0.0002668314746448186,0.07702755928039551
396,100,0.20107331318514687,0.0002692854830196878,0.06202244758605957
397,100,0.20080625201974597,0.0002670611654009003,0.05901956558227539
398,100,0.20053864674908775,0.00026760527065822215,0.07302641868591309
399,100,0.20027041392666953,0.000268232822418224,0.07002449035644531
400,100,0.2000079442347799,0.00026246969188961633,0.07002496719360352
401,100,0.19974253454378674,0.0002654096909931736,0.0770273208618164
402,100,0.19947542399168014,0.0002671105521065975,0.07902836799621582
403,100,0.19921418279409409,0.000261241197586054,0.06102108955383301
404,100,0.19895002033029283,0.00026416246380125963,0.07302570343017578
405,100,0.19868630362408501,0.0002637167062078116,0.0750281810760498
406,100,0.19842617937496732,0.00026012424911769916,0.06602239608764648
407,100,0.19816539819751466,0.0002607811774526514,0.07102489471435547
408,100,0.197903582240854,0.00026181595666066593,0.07202577590942383
409,100,0.19764634434665954,0.00025723789419446197,0.06402349472045898
410,100,0.19738396576472692,0.00026237858193262076,0.0680232048034668
411,100,0.1971259464110647,0.00025801935366220885,0.07102513313293457
412,100,0.1968672377722604,0.0002587086388043114,0.07202577590942383
413,100,0.19660709159714834,0.0002601461751120526,0.06302189826965332
414,100,0.19635074798549926,0.0002563436116490847,0.0680241584777832
415,100,0.1960936780486788,0.0002570699368204532,0.05802106857299805
416,100,0.19583505115338734,0.0002586268952914639,0.07002425193786621
417,100,0.1955806525690215,0.0002543985843658503,0.07902836799621582
418,100,0.19532375804015567,0.00025689452886581976,0.0770273208618164
419,100,0.19506625490529197,0.0002575031348636958,0.06702375411987305
420,100,0.19481267631053925,0.0002535785947527236,0.07102513313293457
421,100,0.19455689724002564,0.0002557790705136065,0.06102132797241211
422,100,0.19430474575076784,0.00025215148925780695,0.07602763175964355
423,100,0.1940514692238399,0.00025327652692794245,0.068023681640625
424,100,0.1937952275787081,0.0002562416451317995,0.05902099609375
425,100,0.19354503388915742,0.0002501936895506762,0.05101776123046875
426,100,0.19329140675919396,0.00025362712996346293,0.06302237510681152
427,100,0.1930373517530305,0.00025405500616346166,0.06702423095703125
428,100,0.19278982196535382,0.0002475297876766702,0.07402563095092773
429,100,0.19253275628600802,0.0002570656793458026,0.06902503967285156
430,100,0.19228571695940835,0.00024703932659966843,0.07002520561218262
431,100,0.1920323901942798,0.000253326765128542,0.06202101707458496
432,100,0.19178201662642616,0.00025037356785365117,0.07102632522583008
433,100,0.19153434421334947,0.0002476724130766883,0.07102537155151367
434,100,0.19128720547471728,0.00024713873863219105,0.07202482223510742
435,100,0.19103673121758868,0.0002504742571285967,0.06902384757995605
436,100,0.19078927103962218,0.00024746017796650754,0.06902551651000977
437,100,0.19054254101855414,0.00024673002106803676,0.068023681640625
438,100,0.19029472257409777,0.00024781844445637136,0.05701947212219238
439,100,0.19004995908055985,0.00024476349353791393,0.06102180480957031
440,100,0.18980538717338016,0.00024457190717969146,0.05501985549926758
441,100,0.18956062027386256,0.00024476689951760666,0.07102537155151367
442,100,0.18931493226970944,0.0002456880041531162,0.05602002143859863
443,100,0.1890710779598781,0.00024385430983134282,0.07102465629577637
444,100,0.188826870066779,0.00024420789309909097,0.06302213668823242
445,100,0.1885816799742835,0.0002451900924955175,0.06602287292480469
446,100,0.18834022262266703,0.00024145735161645865,0.07002544403076172
447,100,0.18809870268617357,0.0002415199364934617,0.07002568244934082
448,100,0.18785393280642373,0.00024476987974983433,0.07402515411376953
449,100,0.18761506101914815,0.00023887178727557967,0.07002520561218262
450,100,0.18737469336816243,0.00024036765098572888,0.07102489471435547
451,100,0.1871338116271155,0.00024088174104691662,0.07302618026733398
452,100,0.18689738235303333,0.00023642927408218384,0.0680241584777832
453,100,0.18665644973516465,0.00024093261786867215,0.07202529907226562
454,100,0.18641942696911948,0.00023702276604517514,0.06502318382263184
455,100,0.18617731503077917,0.00024211193834031142,0.06202220916748047
456,100,0.18593920682157788,0.00023810820920128206,0.07202529907226562
457,100,0.1857013185109411,0.00023788831063678573,0.06502294540405273
458,100,0.1854607409664563,0.00024057754448481017,0.0680243968963623
459,100,0.18522334098815918,0.00023739997829710924,0.06602311134338379
460,100,0.18498776512486595,0.00023557586329323033,0.06902408599853516
461,100,0.18474999453340257,0.00023777059146337653,0.07202601432800293
462,100,0.18451210196529116,0.00023789256811140858,0.06702351570129395
463,100,0.18427449677671706,0.00023760518857410262,0.06002163887023926
464,100,0.1840424235377993,0.00023207323891777376,0.07002472877502441
465,100,0.1838053713951792,0.00023705214262009777,0.06902432441711426
466,100,0.18357117601803372,0.00023419537714547412,0.07102489471435547
467,100,0.1833371775490897,0.00023399846894400778,0.07302641868591309
468,100,0.18310443056481226,0.00023274698427744323,0.07202506065368652
469,100,0.18287057386977332,0.00023385669503894757,0.06802487373352051
470,100,0.18263800655092513,0.00023256731884818693,0.07302546501159668
471,100,0.18240658406700408,0.00023142248392105103,0.06502294540405273
472,100,0.18217578125851494,0.00023080280848913892,0.07202529907226562
473,100,0.18194526540381567,0.00023051585469927027,0.07302618026733398
474,100,0.18171293884515763,0.00023232655865804142,0.06602358818054199
475,100,0.181485187794481,0.00022775105067662782,0.07202506065368652
476,100,0.18125268731798444,0.00023250047649656103,0.06502342224121094
477,100,0.18102440110274723,0.00022828621523721115,0.0840303897857666
478,100,0.18079285685505186,0.0002315442476953644,0.0770266056060791
479,100,0.180565060036523,0.00022779681852885814,0.0660240650177002
480,100,0.18033767661878042,0.0002273834177425882,0.06102132797241211
481,100,0.18011005520820617,0.00022762141057425245,0.07102489471435547
482,100,0.17988273948431016,0.0002273157238960044,0.06302165985107422
483,100,0.17965447264058249,0.0002282668437276758,0.07802867889404297
484,100,0.1794284156390599,0.00022605700152258934,0.07002449035644531
485,100,0.17920131704636982,0.0002270985926900726,0.0680241584777832
486,100,0.17897609919309615,0.00022521785327367372,0.07202601432800293
487,100,0.1787498067532267,0.00022629243986946324,0.08303022384643555
488,100,0.1785296191062246,0.0002201876470020736,0.07502532005310059
489,100,0.17830091182674682,0.00022870727947779668,0.07602715492248535
490,100,0.1780783099787576,0.00022260184798922333,0.07102489471435547
491,100,0.17785424994570867,0.00022406003304892286,0.07002496719360352
492,100,0.17763249341930662,0.00022175652640205046,0.06702399253845215
493,100,0.17740586059434074,0.00022663282496587778,0.06702303886413574
494,100,0.1771884711725371,0.00021738942180363208,0.06702375411987305
495,100,0.17696311686720168,0.00022535430533543455,0.06803631782531738
496,100,0.17674424265112196,0.00021887421607971747,0.07501506805419922
497,100,0.1765225118824414,0.00022173076868056696,0.08102869987487793
498,100,0.17629989151443753,0.00022262036800385632,0.0770266056060791
499,100,0.1760821465935026,0.00021774492093493136,0.07402658462524414
500,100,0.1758620885866029,0.00022005800689969823,0.06502294540405273
