1,1,0.914860710611517,Nan,1.2684497833251953
2,1,0.3951670374822139,0.5196936731293031,1.3164665699005127
3,1,0.3213026141043855,0.07386442337782839,1.4054982662200928
4,1,0.2732586558933585,0.04804395821102697,1.4265055656433105
5,1,0.23660566945145223,0.03665298644190629,1.3084652423858643
6,1,0.207376276242863,0.02922939320858922,1.3224680423736572
7,1,0.18360784341527872,0.023768432827584285,1.2504429817199707
8,1,0.162407607757493,0.021200235657785726,1.277451992034912
9,1,0.14466830444658088,0.017739303310912113,1.2244346141815186
10,1,0.12994065327149418,0.014727651175086703,1.279453992843628
11,1,0.11546946430694585,0.014471188964548326,1.2724506855010986
12,1,0.10331465683120078,0.012154807475745072,1.237438440322876
13,1,0.0924150707975254,0.010899586033675385,1.2334372997283936
14,1,0.08285297839984757,0.00956209239767783,1.2204327583312988
15,1,0.0735065539324237,0.00934642446742387,1.2164316177368164
16,1,0.0656900185219163,0.007816535410507391,1.2174313068389893
17,1,0.058351176026476506,0.0073388424954397985,1.231435775756836
18,1,0.05201434383686104,0.006336832189615463,1.289457082748413
19,1,0.04558613467847363,0.0064282091583874115,1.2854561805725098
20,1,0.03949876624212517,0.00608736843634846,1.2694501876831055
21,1,0.03491866235944218,0.004580103882682991,1.2374382019042969
22,1,0.029895282940722787,0.005023379418719394,1.264448642730713
23,1,0.026965409283641342,0.0029298736570814443,1.2524433135986328
24,1,0.023555119505720982,0.0034102897779203604,1.2134301662445068
25,1,0.021192003047949964,0.0023631164577710174,1.4775240421295166
26,1,0.018943916847858382,0.002248086200091582,1.3074634075164795
27,1,0.016970677738985945,0.001973239108872437,1.2794537544250488
28,1,0.015451546220118092,0.0015191315188678532,1.2584455013275146
29,1,0.01409380533715155,0.0013577408829665415,1.2174315452575684
30,1,0.012855647605528495,0.0012381577316230557,1.2184324264526367
31,1,0.011957668774433376,0.0008979788310951187,1.223433256149292
32,1,0.01108116150725751,0.0008765072671758668,1.2874562740325928
33,1,0.010401430170703375,0.0006797313365541346,1.4905290603637695
34,1,0.009679178292483692,0.0007222518782196829,1.645582914352417
35,1,0.009098466979593284,0.0005807113128904074,1.6095707416534424
36,1,0.008598599718519269,0.0004998672610740159,1.6285772323608398
37,1,0.008113006431491989,0.00048559328702727986,1.3234691619873047
38,1,0.007716298519326315,0.00039670791216567334,1.2754521369934082
39,1,0.007302093274899116,0.0004142052444271998,1.242440938949585
40,1,0.006980788563862727,0.0003213047110363883,1.2554442882537842
41,1,0.006644394596201573,0.00033639396766115427,1.2994611263275146
42,1,0.006357795830263844,0.00028659876593772893,1.2854557037353516
43,1,0.006062202051182792,0.00029559377908105165,1.2384390830993652
44,1,0.0058319260514683585,0.0002302759997144339,1.194422721862793
45,1,0.00559899122126427,0.00023293483020408838,1.236438512802124
46,1,0.005388387696617827,0.0002106035246464428,1.22243332862854
47,1,0.0051833815912176555,0.00020500610540017186,1.2244341373443604
48,1,0.0049897041549405476,0.00019367743627710793,1.2844550609588623
49,1,0.004821773578966914,0.00016793057597363353,1.3114650249481201
50,1,0.004659664906479191,0.00016210867248772284,1.2444417476654053
51,1,0.004504912171694751,0.00015475273478444008,1.2554442882537842
52,1,0.004360137868217757,0.00014477430347699383,1.1884212493896484
53,1,0.004219217792220349,0.00014092007599740813,1.2084286212921143
54,1,0.0040979715709438015,0.00012124622127654763,1.22243332862854
55,1,0.003963953417073114,0.00013401815387068753,1.3754873275756836
56,1,0.00385553474818743,0.00010841866888568414,1.264448642730713
57,1,0.00374021197746394,0.00011532277072348997,1.2584457397460938
58,1,0.0036441405387428604,9.607143872107952e-05,1.2674493789672852
59,1,0.003532304478750514,0.0001118360599923463,1.244441032409668
60,1,0.003448357383845609,8.394709490490513e-05,1.2124295234680176
61,1,0.0033596490231281046,8.870836071750432e-05,1.2354388236999512
62,1,0.0032641925592453163,9.545646388278836e-05,1.276451826095581
63,1,0.003191260007131118,7.293255211419805e-05,1.2194318771362305
64,1,0.0031082565704727535,8.300343665836474e-05,1.198425054550171
65,1,0.003031527899741364,7.672867073138957e-05,1.288456678390503
66,1,0.002960271467252726,7.12564324886378e-05,1.2384393215179443
67,1,0.002894617124730397,6.565434252232914e-05,1.4285063743591309
68,1,0.0028210536888805078,7.356343584988918e-05,1.3234689235687256
69,1,0.002764597568699357,5.645612018115092e-05,1.2904572486877441
70,1,0.0026999344825809554,6.466308611840143e-05,1.2804539203643799
71,1,0.0026408539869203817,5.9080495660573766e-05,1.2324368953704834
72,1,0.002587127424119831,5.3726562800550555e-05,1.472522497177124
73,1,0.002532957355264239,5.417006885559189e-05,1.302461862564087
74,1,0.002477305182322426,5.5652172941813e-05,1.247441291809082
75,1,0.0024311017889196438,4.620339340278244e-05,1.274451732635498
76,1,0.002378037450068689,5.306433885095491e-05,1.2214336395263672
77,1,0.0023322804787295234,4.5756971339165446e-05,1.2344374656677246
78,1,0.0022878363253710605,4.44441533584629e-05,1.2184314727783203
79,1,0.0022404352603022305,4.7401065068829965e-05,1.2284352779388428
80,1,0.002202575302386475,3.785995791575573e-05,1.2834556102752686
81,1,0.002161587837744277,4.098746464219769e-05,1.2564456462860107
82,1,0.002119144915236468,4.244292250780903e-05,1.229435682296753
83,1,0.0020820266277088765,3.7118287527591626e-05,1.2424402236938477
84,1,0.002047060705499036,3.496592220984026e-05,1.2724509239196777
85,1,0.0020067324520883735,4.0328253410662745e-05,1.2304365634918213
86,1,0.0019725211234046013,3.421132868377218e-05,1.2554447650909424
87,1,0.0019413963873111766,3.112473609342471e-05,1.2844550609588623
88,1,0.001907762047512168,3.363433979900864e-05,1.286456823348999
89,1,0.0018784255428160991,2.9336504696068823e-05,1.2274341583251953
90,1,0.0018430425846434671,3.5382958172631984e-05,1.2204339504241943
91,1,0.0018155730735495215,2.7469511093945612e-05,1.2244336605072021
92,1,0.0017887781207849714,2.6794952764550104e-05,1.2724504470825195
93,1,0.0017581549228904002,3.0623197894571194e-05,1.2134299278259277
94,1,0.001730368920680395,2.7786002210005312e-05,1.2464418411254883
95,1,0.001705656118094611,2.471280258578394e-05,1.2424402236938477
96,1,0.0016767119230033296,2.8944195091281386e-05,1.3334732055664062
97,1,0.0016538378012372985,2.2874121766031054e-05,1.2704510688781738
98,1,0.0016301352163581098,2.3702584879188712e-05,1.261446237564087
99,1,0.0016049335694615589,2.5201646896550953e-05,1.2624478340148926
100,1,0.0015824259756181372,2.2507593843421655e-05,1.223433494567871
101,1,0.0015576286516309767,2.4797323987160464e-05,1.2404401302337646
102,1,0.001539528135173627,1.810051645734982e-05,1.2884557247161865
103,1,0.00151575706220564,2.3771072967987026e-05,1.2154314517974854
104,1,0.0014948025471934626,2.095451501217733e-05,1.2994601726531982
105,1,0.0014764615067073916,1.8341040486070936e-05,1.26344895362854
106,1,0.001454319073694687,2.2142433012704637e-05,1.297459602355957
107,1,0.0014369629569788386,1.7356116715848413e-05,1.2644476890563965
108,1,0.001418557245458874,1.8405711519964675e-05,1.2984602451324463
109,1,0.0013998460755491869,1.8711169909687046e-05,1.2544445991516113
110,1,0.0013804397280416986,1.9406347507488304e-05,1.22843599319458
111,1,0.0013627288031290061,1.7710924912692433e-05,1.2724509239196777
112,1,0.0013481527204376412,1.4576082691364909e-05,1.279454231262207
113,1,0.0013297399293158735,1.841279112176769e-05,1.2324354648590088
114,1,0.0013133531937431044,1.6386735572769106e-05,1.235438346862793
115,1,0.0012978404897774141,1.551270396569029e-05,1.2914576530456543
116,1,0.0012811880944628555,1.6652395314558678e-05,1.272451400756836
117,1,0.0012675262019511827,1.3661892511672739e-05,1.2644481658935547
118,1,0.0012519513101096951,1.5574891841487566e-05,1.2394392490386963
119,1,0.001238384509378398,1.3566800731297252e-05,1.2634475231170654
120,1,0.0012220066096797991,1.6377899698598753e-05,1.4975309371948242
121,1,0.001209079777786022,1.2926831893777082e-05,1.2634479999542236
122,1,0.0011950818242669205,1.3997953519101535e-05,1.2274353504180908
123,1,0.0011813898171098428,1.369200715707771e-05,1.2424402236938477
124,1,0.0011690217551672676,1.2368061942575215e-05,1.2414405345916748
125,1,0.0011563472662497237,1.2674488917543882e-05,1.253443717956543
126,1,0.0011429093063273217,1.3437959922402024e-05,1.259446382522583
127,1,0.0011317819448946004,1.1127361432721307e-05,1.2564456462860107
128,1,0.0011186745753581065,1.3107369536493902e-05,1.3494789600372314
129,1,0.0011073234275405476,1.1351147817558914e-05,1.326470136642456
130,1,0.0010959654925516865,1.1357934988861108e-05,1.2494428157806396
131,1,0.0010834709376345017,1.2494554917184732e-05,1.2424399852752686
132,1,0.001073134936963327,1.0336000671174817e-05,1.251443862915039
133,1,0.0010624119524612508,1.0722984502076118e-05,1.2244341373443604
134,1,0.0010519601153393492,1.0451837121901609e-05,1.2264342308044434
135,1,0.0010406112646648912,1.1348850674457959e-05,1.2244336605072021
136,1,0.0010303176496548605,1.0293615010030727e-05,1.2604475021362305
137,1,0.0010211896836780912,9.127965976769327e-06,1.2854576110839844
138,1,0.0010105341270519586,1.0655556626132595e-05,1.2694478034973145
139,1,0.0009999832623815905,1.0550864670368088e-05,1.235438346862793
140,1,0.0009915745219605573,8.408740421033192e-06,1.2624468803405762
141,1,0.0009826253289624996,8.949192998057706e-06,1.2544445991516113
142,1,0.0009724486378366777,1.0176691125821915e-05,1.3344736099243164
143,1,0.000963173254319639,9.275383517038651e-06,1.3244693279266357
144,1,0.000954772880565714,8.40037375392504e-06,1.2684500217437744
145,1,0.0009457597729395114,9.013107626202536e-06,1.4445114135742188
146,1,0.0009369385691446256,8.821203794885809e-06,1.2944586277008057
147,1,0.0009285961906430476,8.342378501578003e-06,1.274451732635498
148,1,0.0009197007099487392,8.895480694308443e-06,1.2134301662445068
149,1,0.0009116845005013455,8.016209447393686e-06,1.2624485492706299
150,1,0.0009045346951233688,7.14980537797668e-06,1.26944899559021
151,1,0.0008958519720788343,8.682723044534492e-06,1.2974600791931152
152,1,0.000887988173301222,7.863798777612294e-06,1.2504432201385498
153,1,0.0008800246398560318,7.963533445190193e-06,1.2534444332122803
154,1,0.0008730728968934715,6.951742962560338e-06,1.2234337329864502
155,1,0.0008653156827758214,7.757214117650097e-06,1.231436014175415
156,1,0.0008580517502423339,7.26393253348747e-06,1.242440938949585
157,1,0.0008510794708726814,6.972279369652575e-06,1.2324371337890625
158,1,0.0008435092294967278,7.5702413759535505e-06,1.2354376316070557
159,1,0.000836836328524688,6.672900972039806e-06,1.3614826202392578
160,1,0.000830481318712795,6.355009811893041e-06,1.259446382522583
161,1,0.0008230491063887411,7.43221232405388e-06,1.282454490661621
162,1,0.0008165195302144223,6.529576174318778e-06,1.2634479999542236
163,1,0.0008101243076493663,6.39522256505598e-06,1.2264344692230225
164,1,0.0008036515890240443,6.472718625321998e-06,1.3964948654174805
165,1,0.0007970653007636952,6.586288260349124e-06,1.2384400367736816
166,1,0.0007910890480077748,5.9762527559204534e-06,1.2504427433013916
167,1,0.0007846450274866947,6.444020521080042e-06,1.3294715881347656
168,1,0.0007783999337775356,6.245093709159131e-06,1.3944940567016602
169,1,0.0007729413487410659,5.458585036469642e-06,1.2364389896392822
170,1,0.0007665666610729715,6.374687668094414e-06,1.2884562015533447
171,1,0.000760801176317707,5.76548475526449e-06,1.2464418411254883
172,1,0.0007551390201680823,5.662156149624726e-06,1.3374745845794678
173,1,0.0007497426350275101,5.396385140572172e-06,1.291456937789917
174,1,0.0007437697703709684,5.972864656541709e-06,1.2174320220947266
175,1,0.0007383129403656932,5.456830005275267e-06,1.2974600791931152
176,1,0.000732371719054349,5.941221311344118e-06,1.2644474506378174
177,1,0.0007273257980077647,5.0459210465843415e-06,1.3154664039611816
178,1,0.0007220064428528192,5.31935515494554e-06,1.2684497833251953
179,1,0.0007172487625938432,4.7576802589759755e-06,1.2654485702514648
180,1,0.0007116148065551288,5.633956038714346e-06,1.4135010242462158
181,1,0.0007066506007961268,4.964205759002056e-06,1.259446144104004
182,1,0.0007019899252762138,4.660675519912983e-06,1.2464425563812256
183,1,0.0006966500639927256,5.339861283488252e-06,1.2794530391693115
184,1,0.0006917682378202648,4.881826172460722e-06,1.2554452419281006
185,1,0.0006872028052792974,4.565432540967447e-06,1.2194325923919678
186,1,0.0006820077452112179,5.195060068079464e-06,1.2334368228912354
187,1,0.0006773953147895508,4.612430421667142e-06,1.252443552017212
188,1,0.000673033477639587,4.361837149963752e-06,1.2704508304595947
189,1,0.00066846114610456,4.572331535027075e-06,1.2634477615356445
190,1,0.0006635353835472862,4.9257625572737525e-06,1.2234344482421875
191,1,0.0006591538705653314,4.381512981954791e-06,1.4074981212615967
192,1,0.0006551243129098988,4.029557655432585e-06,1.279454231262207
193,1,0.0006507207597664788,4.403553143420003e-06,1.2454407215118408
194,1,0.0006462679728677594,4.45278689871942e-06,1.3134660720825195
195,1,0.0006421312253405488,4.136747527210558e-06,1.260446310043335
196,1,0.0006383303593331959,3.8008660073529437e-06,1.3964955806732178
197,1,0.0006339949495174569,4.335409815739021e-06,1.2764520645141602
198,1,0.0006296117597534812,4.38318976397564e-06,1.2944588661193848
199,1,0.0006253488860269881,4.262873726493168e-06,1.2554452419281006
200,1,0.0006215076261198809,3.8412599071072084e-06,1.2664484977722168
201,1,0.0006176282062400672,3.879419879813679e-06,1.4405109882354736
202,1,0.0006134558630083892,4.1723432316779835e-06,1.223433017730713
203,1,0.0006100571647433222,3.3986982650670208e-06,1.205427646636963
204,1,0.0006064517155723418,3.6054491709804157e-06,1.274451732635498
205,1,0.0006023108315422131,4.140884030128639e-06,1.3984954357147217
206,1,0.0005985264808194829,3.784350722730212e-06,1.4345085620880127
207,1,0.0005950862336815175,3.4402471379654277e-06,1.286456823348999
208,1,0.0005912599328893253,3.82630079219222e-06,1.2334368228912354
209,1,0.000587868205720098,3.3917271692272257e-06,1.2554452419281006
210,1,0.0005843462261191478,3.521979600950198e-06,1.2504427433013916
211,1,0.0005808605231608226,3.4857029583252415e-06,1.3494784832000732
212,1,0.0005770013918608714,3.859131299951209e-06,1.273451805114746
213,1,0.000573823522700122,3.1778691607493815e-06,1.230435848236084
214,1,0.0005702448268377377,3.578695862384274e-06,1.310464859008789
215,1,0.0005670916441388637,3.15318269887403e-06,1.4034974575042725
216,1,0.000563673152433242,3.418491705621681e-06,1.2474420070648193
217,1,0.0005604415325817312,3.2316198515108547e-06,1.4465124607086182
218,1,0.0005569304746234433,3.511057958287896e-06,1.2264347076416016
219,1,0.0005543505499116179,2.579924711825399e-06,1.236438512802124
220,1,0.0005507886959318589,3.561853979758994e-06,1.251443862915039
221,1,0.0005476050007452053,3.1836951866536043e-06,1.28745698928833
222,1,0.0005446695619201246,2.935438825080682e-06,1.291456937789917
223,1,0.0005415878516970573,3.0817102230672536e-06,1.2164316177368164
224,1,0.000538517958206711,3.0698934903463466e-06,1.6485848426818848
225,1,0.0005354573312723667,3.0606269343443245e-06,1.6115705966949463
226,1,0.0005319830020376963,3.4743292346703977e-06,1.3794891834259033
227,1,0.0005297920042260377,2.1909978116586067e-06,1.3014612197875977
228,1,0.0005264823122809901,3.309691945047543e-06,1.3314731121063232
229,1,0.0005238698042313063,2.612508049683847e-06,1.278451919555664
230,1,0.0005207352566149938,3.134547616312445e-06,1.30446195602417
231,1,0.0005179775531593153,2.757703455678515e-06,1.3714869022369385
232,1,0.0005154671740524586,2.5103791068567484e-06,1.348478078842163
233,1,0.0005122332611855194,3.2339128669392134e-06,1.2624471187591553
234,1,0.0005094871648726535,2.7460963128658625e-06,1.235438585281372
235,1,0.0005074183162716374,2.068848601016098e-06,1.2654480934143066
236,1,0.0005043170034738092,3.101312797828149e-06,1.3424756526947021
237,1,0.000501505313047872,2.811690425937258e-06,1.4405109882354736
238,1,0.0004990271753093469,2.4781377385251066e-06,1.4775235652923584
239,1,0.0004964186020733661,2.6085732359807908e-06,1.48152494430542
240,1,0.0004935859547046623,2.832647368703812e-06,1.297459602355957
241,1,0.0004911092941879158,2.4766605167465035e-06,1.2114295959472656
242,1,0.0004887335421073615,2.3757520805542907e-06,1.2424404621124268
243,1,0.0004859979476449376,2.7355944624238597e-06,1.2094287872314453
244,1,0.0004836376474889111,2.3603001560265234e-06,1.3384745121002197
245,1,0.0004812919952934038,2.3456521955072954e-06,1.2604472637176514
246,1,0.000478627637836429,2.664357456974814e-06,1.2274341583251953
247,1,0.0004765479449414493,2.079692894979665e-06,1.220433235168457
248,1,0.000473943316515299,2.604628426150328e-06,1.2344372272491455
249,1,0.0004715273220254253,2.4159944898737213e-06,1.250443696975708
250,1,0.00046933278942517577,2.1945326002495067e-06,1.3154659271240234
251,1,0.000466965583768265,2.3672056569107444e-06,1.2264349460601807
252,1,0.00046462810829154524,2.3374754767197794e-06,1.3714869022369385
253,1,0.0004623497379364667,2.2783703550785625e-06,1.2434403896331787
254,1,0.0004599359953223764,2.413742614090276e-06,1.297459602355957
255,1,0.0004579059496827002,2.0300456396762077e-06,1.4575169086456299
256,1,0.0004555222901067495,2.383659575950722e-06,1.2934579849243164
257,1,0.0004534480719584307,2.074218148318766e-06,1.3024625778198242
258,1,0.00045116167813624285,2.286393822187858e-06,1.2664484977722168
259,1,0.0004490987520786395,2.0629260576033714e-06,1.3064632415771484
260,1,0.0004469504037564899,2.1483483221496004e-06,1.3944940567016602
261,1,0.0004449561479444516,1.9942558120382816e-06,1.3384742736816406
262,1,0.00044264107022013376,2.315077724317834e-06,1.2624480724334717
263,1,0.00044060878527172573,2.0322849484080328e-06,1.2564449310302734
264,1,0.0004383317833126666,2.2770019590591275e-06,1.4705207347869873
265,1,0.0004365818138430027,1.7499694696638895e-06,1.2854564189910889
266,1,0.00043447866541839836,2.103148424604357e-06,1.2914576530456543
267,1,0.0004324264392450843,2.0522261733140726e-06,1.2584459781646729
268,1,0.00043050556396313663,1.9208752819476513e-06,1.2764523029327393
269,1,0.0004283871695835738,2.118394379562816e-06,1.249443531036377
270,1,0.0004265558645175968,1.8313050659770269e-06,1.2014257907867432
271,1,0.00042469135642894733,1.8645080886494627e-06,1.2494425773620605
272,1,0.0004225199116064918,2.171444822455539e-06,1.260446310043335
273,1,0.0004207986871568496,1.7212244496421871e-06,1.2684502601623535
274,1,0.00041875546809861676,2.043219058232837e-06,1.2264347076416016
275,1,0.0004170439321561566,1.7115359424601682e-06,1.2694504261016846
276,1,0.0004149939867996752,2.0499453564814174e-06,1.2564449310302734
277,1,0.00041326105502829133,1.7329317713838483e-06,1.2184317111968994
278,1,0.00041116007923124747,2.1009757970438586e-06,1.2794532775878906
279,1,0.0004096935604640848,1.4665187671626797e-06,1.2354393005371094
280,1,0.0004077885985643184,1.9049618997663822e-06,1.3114635944366455
281,1,0.00040604196922665537,1.7466293376630442e-06,1.3004612922668457
282,1,0.00040406987638402217,1.9720928426331997e-06,1.2984600067138672
283,1,0.000402484522666636,1.5853537173861842e-06,1.3494784832000732
284,1,0.00040062137861796287,1.8631440486731148e-06,1.2414398193359375
285,1,0.0003989194158913522,1.701962726610674e-06,1.2764523029327393
286,1,0.000397119331605692,1.8000842856602008e-06,1.2524452209472656
287,1,0.00039557686078536033,1.5424708203316622e-06,1.4465126991271973
288,1,0.00039369422891556385,1.8826318697964827e-06,1.5115349292755127
289,1,0.0003922317601253259,1.4624687902379456e-06,1.413501262664795
290,1,0.0003906506417767781,1.5811183485478237e-06,1.5595529079437256
291,1,0.0003887784465078923,1.8721952688857896e-06,1.6385810375213623
292,1,0.00038732230827745744,1.456138230434851e-06,1.5835614204406738
293,1,0.0003856449652842378,1.6773429932196598e-06,1.4195034503936768
294,1,0.00038395102146390465,1.6939438203331255e-06,1.2604460716247559
295,1,0.000382446996912632,1.504024551272627e-06,1.3224687576293945
296,1,0.0003807419775903794,1.7050193222526312e-06,1.2674498558044434
297,1,0.0003792542892371742,1.4876883532052138e-06,1.307462453842163
298,1,0.0003776770640322015,1.5772252049726736e-06,1.2774550914764404
299,1,0.0003760986791135983,1.578384918603194e-06,1.2844531536102295
300,1,0.00037463985029808,1.458828815518304e-06,1.3154664039611816
301,1,0.000373070119845779,1.5697304523010062e-06,1.3574814796447754
302,1,0.00037138714627572253,1.6829735700564703e-06,1.4155018329620361
303,1,0.00037015318164329206,1.2339646324304723e-06,1.2954587936401367
304,1,0.0003685587649416665,1.5944167016255693e-06,1.2954590320587158
305,1,0.00036714251843483325,1.4162465068332441e-06,1.2794537544250488
306,1,0.00036556905085789385,1.5734675769393997e-06,1.5015325546264648
307,1,0.00036421552893156975,1.3535219263240985e-06,1.3594818115234375
308,1,0.00036268555703825457,1.5299718933151811e-06,1.275451898574829
309,1,0.0003612813334994383,1.4042235388162438e-06,1.2614479064941406
310,1,0.0003598784103990594,1.402923100378916e-06,1.2864558696746826
311,1,0.0003582824121617867,1.5959982372726962e-06,1.2614474296569824
312,1,0.0003570532333991169,1.2291787626698123e-06,1.3014607429504395
313,1,0.00035570904898145475,1.3441844176621505e-06,1.257446527481079
314,1,0.00035418393922810154,1.525109753353212e-06,1.2554445266723633
315,1,0.00035292540420333294,1.2585350247685959e-06,1.2364377975463867
316,1,0.00035145385812902574,1.4715460743072056e-06,1.2294361591339111
317,1,0.00035035510276460157,1.0987553644241626e-06,1.2984604835510254
318,1,0.0003488986364548704,1.4564663097311656e-06,1.2414395809173584
319,1,0.0003474098024283013,1.4888340265691176e-06,1.5085344314575195
320,1,0.00034611377365336945,1.2960287749318416e-06,1.266448736190796
321,1,0.00034493893169010195,1.1748419632674973e-06,1.2404394149780273
322,1,0.0003434826816963914,1.4562499937105684e-06,1.2084288597106934
323,1,0.0003421407677756108,1.3419139207806064e-06,1.2124292850494385
324,1,0.00034100455585851005,1.1362119171007268e-06,1.2414405345916748
325,1,0.00033966939320112847,1.3351626573815823e-06,1.2844552993774414
326,1,0.0003385578599532418,1.1115332478866397e-06,1.437509536743164
327,1,0.00033714272552051993,1.415134432721898e-06,1.3054625988006592
328,1,0.0003358138272539435,1.3288982665764486e-06,1.2844552993774414
329,1,0.00033461209920207784,1.201728051865639e-06,1.213430404663086
330,1,0.00033343057925352835,1.1815199485494944e-06,1.2364380359649658
331,1,0.0003321524398747491,1.2781393787792534e-06,1.2464420795440674
332,1,0.0003309072762123019,1.24516366244718e-06,1.2474420070648193
333,1,0.000330003729755326,9.0354645697593e-07,1.2754521369934082
334,1,0.00032857453413610117,1.4291956192248145e-06,1.2534449100494385
335,1,0.0003274598012933043,1.1147328427968937e-06,1.2724504470825195
336,1,0.0003261723331861128,1.2874681071914536e-06,1.311464786529541
337,1,0.0003251065294553572,1.0658037307556328e-06,1.2714507579803467
338,1,0.0003237456981898339,1.3608312655232673e-06,1.2314362525939941
339,1,0.0003227447643873599,1.0009338024740094e-06,1.2934589385986328
340,1,0.00032154016440404223,1.204599983317678e-06,1.3204681873321533
341,1,0.000320457556246473,1.0826081575692403e-06,1.348477840423584
342,1,0.0003193056513312708,1.1519049152021953e-06,1.2394392490386963
343,1,0.0003181575834024213,1.1480679288494722e-06,1.2364377975463867
344,1,0.0003170878285804924,1.069754821928946e-06,1.2904584407806396
345,1,0.0003159114300527861,1.176398527706255e-06,1.2544450759887695
346,1,0.00031485526090294514,1.0561691498409825e-06,1.4255046844482422
347,1,0.0003137665775466232,1.0886833563219416e-06,1.34047532081604
348,1,0.00031264213691938026,1.1244406272429425e-06,1.260446310043335
349,1,0.00031152437285579586,1.117764063584398e-06,1.2514433860778809
350,1,0.00031049841836454156,1.0259544912543024e-06,1.2474431991577148
351,1,0.00030939582060041966,1.1025977641218967e-06,1.2564446926116943
352,1,0.00030835971749070473,1.0361031097149342e-06,1.2294363975524902
353,1,0.0003073536286184841,1.0060888722206282e-06,1.3354735374450684
354,1,0.0003063123580015323,1.0412706169517726e-06,1.3534789085388184
355,1,0.00030508319057386755,1.2291674276647749e-06,1.2264354228973389
356,1,0.00030410563921964747,9.775513542200796e-07,1.2324366569519043
357,1,0.0003031507252107062,9.549140089412916e-07,1.2694506645202637
358,1,0.00030215533112402476,9.953940866814191e-07,1.2894563674926758
359,1,0.00030112312701661737,1.0322041074073939e-06,1.318467617034912
360,1,0.0003000602796049126,1.0628474117047428e-06,1.200425148010254
361,1,0.00029910362592182137,9.566536830912537e-07,1.2504432201385498
362,1,0.0002981961499718072,9.074759500141789e-07,1.2534449100494385
363,1,0.00029708002436241543,1.1161256093917648e-06,1.2044265270233154
364,1,0.0002961222561678249,9.577681945905107e-07,1.3614826202392578
365,1,0.0002950556015089317,1.0666546588932097e-06,1.289456844329834
366,1,0.00029408903099002157,9.665705189101405e-07,1.2784528732299805
367,1,0.0002932508164153386,8.382145746829673e-07,1.3054656982421875
368,1,0.0002922606226623584,9.90193752980215e-07,1.3684828281402588
369,1,0.0002912556632175287,1.0049594448296615e-06,1.2764525413513184
370,1,0.0002903750863455658,8.805768719629369e-07,1.2254340648651123
371,1,0.00028941347944225475,9.616069033110334e-07,1.3024623394012451
372,1,0.00028848948456067295,9.239948815817985e-07,1.239438533782959
373,1,0.0002875104426032554,9.790419574175397e-07,1.3084633350372314
374,1,0.0002866833050275872,8.271375756682079e-07,1.3814902305603027
375,1,0.00028562521615043275,1.0580888771544584e-06,1.5915653705596924
376,1,0.0002847478930281316,8.773231223011446e-07,1.306462049484253
377,1,0.00028377402994648446,9.738630816471454e-07,1.2374389171600342
378,1,0.0002829947353599189,7.792945865655503e-07,1.2464416027069092
379,1,0.00028208479997970975,9.099353802091616e-07,1.274451494216919
380,1,0.0002811019484192566,9.828515604531321e-07,1.207428216934204
381,1,0.0002803557210174503,7.462274018062978e-07,1.2414402961730957
382,1,0.000279417328774658,9.383922427923068e-07,1.267449140548706
383,1,0.00027844159146280136,9.757373118566529e-07,1.2404396533966064
384,1,0.0002776099076218687,8.316838409326305e-07,1.3864915370941162
385,1,0.00027682675216622447,7.831554556442569e-07,1.2714509963989258
386,1,0.0002759225064696896,9.042456965348711e-07,1.262446641921997
387,1,0.00027502181266325464,9.006938064349602e-07,1.3264706134796143
388,1,0.00027422514778446935,7.966648787852853e-07,1.2654480934143066
389,1,0.0002733610409365527,8.641068479166335e-07,1.259446620941162
390,1,0.0002725205236609075,8.405172756452222e-07,1.2614481449127197
391,1,0.0002716487527981185,8.717708627890191e-07,1.2464420795440674
392,1,0.00027083609109564475,8.126617024737303e-07,1.346477746963501
393,1,0.00027006915322600985,7.669378696348989e-07,1.264446496963501
394,1,0.0002692474253945879,8.217278314219469e-07,1.3734869956970215
395,1,0.0002683269368958859,9.204884987020043e-07,1.6825966835021973
396,1,0.0002675727327693634,7.542041265224883e-07,1.2804539203643799
397,1,0.0002668472150152234,7.255177541399941e-07,1.2684495449066162
398,1,0.00026595201038714884,8.952046280745734e-07,1.265449047088623
399,1,0.0002651176895202738,8.343208668750205e-07,1.2614467144012451
400,1,0.0002643379908171702,7.796987031036349e-07,1.4575164318084717
401,1,0.0002636728263355183,6.651644816518852e-07,1.2784531116485596
402,1,0.00026279038666056207,8.82439674956229e-07,1.2604472637176514
403,1,0.00026198560218991876,8.047844706433123e-07,1.267449140548706
404,1,0.00026126348076150154,7.221214284172184e-07,1.5055339336395264
405,1,0.0002605049944712131,7.584862902884279e-07,1.252443790435791
406,1,0.00025966641950740004,8.385749638130727e-07,1.224433422088623
407,1,0.00025890215251789375,7.642669895062903e-07,1.2314369678497314
408,1,0.0002582234940326243,6.786584852694539e-07,1.1944231986999512
409,1,0.0002574230594483394,8.004345842849191e-07,1.2274353504180908
410,1,0.0002566907256534096,7.323337949297721e-07,1.2704503536224365
411,1,0.0002558783043046345,8.124213487750893e-07,1.2324366569519043
412,1,0.0002551973914360336,6.809128686009421e-07,1.2194325923919678
413,1,0.0002544716354469675,7.25755989066084e-07,1.2784533500671387
414,1,0.0002536684714662891,8.031639806783866e-07,1.2584459781646729
415,1,0.0002530130774001173,6.553940661717969e-07,1.261446475982666
416,1,0.0002522061813459727,8.068960541446259e-07,1.2874574661254883
417,1,0.00025146529166701626,7.408896789564247e-07,1.2654478549957275
418,1,0.00025082338992134674,6.419017456695182e-07,1.3164663314819336
419,1,0.00025010802032877623,7.153695925705061e-07,1.2124302387237549
420,1,0.00024928708098214867,8.209393466275636e-07,1.2324364185333252
421,1,0.0002486356762100428,6.514047721058657e-07,1.2754521369934082
422,1,0.0002479247754135676,7.10900796475184e-07,1.244441270828247
423,1,0.000247279211612184,6.455638013836361e-07,1.2924580574035645
424,1,0.00024651201610567295,7.671955065110332e-07,1.3524796962738037
425,1,0.0002458062748878029,7.057412178700551e-07,1.7146077156066895
426,1,0.0002451322522179059,6.740226698969797e-07,1.3124659061431885
427,1,0.0002444777057450399,6.545464728660339e-07,1.250443935394287
428,1,0.00024381069798033852,6.670077647013563e-07,1.286454677581787
429,1,0.00024312177572821675,6.889222521217755e-07,1.629577398300171
430,1,0.00024240848701364217,7.13288714574578e-07,1.753622055053711
431,1,0.00024173871514588237,6.697718677598017e-07,2.030582904815674
432,1,0.00024108433068752586,6.543844583565054e-07,1.3271710872650146
433,1,0.00024037474690249231,7.095837850335483e-07,1.4443635940551758
434,1,0.00023972635851072762,6.483883917646975e-07,1.8878753185272217
435,1,0.00023912812239628169,5.982361144459306e-07,1.459383487701416
436,1,0.0002384197735121611,7.083488841205755e-07,1.3634963035583496
437,1,0.00023784199804154378,5.777754706173311e-07,1.3827672004699707
438,1,0.00023711211291943256,7.298851221112243e-07,1.4205021858215332
439,1,0.00023654776035724622,5.643525621863309e-07,1.282454252243042
440,1,0.00023584955730560303,6.982030516431933e-07,1.2424404621124268
441,1,0.0002351863984490866,6.631588565164323e-07,1.6295785903930664
442,1,0.00023456278385061325,6.236145984733483e-07,1.9801549911499023
443,1,0.00023401548162407083,5.473022265424239e-07,1.4368505477905273
444,1,0.00023332570196055665,6.897796635141763e-07,1.6181468963623047
445,1,0.0002326812579474914,6.444440130652499e-07,1.4428610801696777
446,1,0.00023206844092270375,6.128170247876553e-07,1.33518385887146
447,1,0.00023147197062274217,5.964702999615781e-07,1.4423596858978271
448,1,0.0002308219158445348,6.500547782073765e-07,1.427335500717163
449,1,0.00023016784363721042,6.540722073243728e-07,1.3151519298553467
450,1,0.00022963580592570107,5.320377115093449e-07,1.357219934463501
451,1,0.00022904862064632628,5.871852793747957e-07,1.4558815956115723
452,1,0.00022838209391204804,6.665267342782343e-07,1.9316670894622803
453,1,0.00022773844941687267,6.436444951753682e-07,1.4233286380767822
454,1,0.00022718433950266766,5.541099142050113e-07,1.330676794052124
455,1,0.00022666286947405163,5.214700286160353e-07,1.3487067222595215
456,1,0.0002260587141880726,6.041552859790316e-07,1.3086414337158203
457,1,0.00022537809145949594,6.806227285766585e-07,1.2825982570648193
458,1,0.00022477043266679633,6.076587926996083e-07,1.3952829837799072
459,1,0.00022432754241629533,4.428902505009967e-07,1.2921137809753418
460,1,0.0002236701627031061,6.573797131892401e-07,1.3406929969787598
461,1,0.00022307569952913298,5.94463173973108e-07,1.3321800231933594
462,1,0.0002224827387640279,5.929607651050846e-07,1.3431975841522217
463,1,0.00022199292335000717,4.898154140207305e-07,1.6355798244476318
464,1,0.0002213315213637291,6.614019862780584e-07,1.318699836730957
465,1,0.00022084770532282302,4.838160409060882e-07,1.2865900993347168
466,1,0.00022023462515513716,6.130801676858602e-07,1.4009268283843994
467,1,0.00021971476387072945,5.198612844077122e-07,1.4090564250946045
468,1,0.00021911433266378973,6.004312069397171e-07,1.3614823818206787
469,1,0.00021858571007498385,5.286225888058872e-07,1.2774527072906494
470,1,0.00021802564951495538,5.600605600284629e-07,1.302461862564087
471,1,0.00021746015824452666,5.654912704287213e-07,1.266448974609375
472,1,0.00021690593703584682,5.542212086798409e-07,1.385490894317627
473,1,0.00021635898249875295,5.469545370938756e-07,1.8856682777404785
474,1,0.00021581446071776612,5.445217809868258e-07,1.3254704475402832
475,1,0.00021529085136918065,5.236093485854734e-07,1.2834548950195312
476,1,0.00021478671719835874,5.041341708219074e-07,1.2574455738067627
477,1,0.0002142052243251129,5.814928732458379e-07,1.2954590320587158
478,1,0.000213636042141434,5.691821836789103e-07,1.2984607219696045
479,1,0.0002130966272877848,5.394148536491845e-07,1.6315784454345703
480,1,0.00021263662833486205,4.599989529227588e-07,1.3664839267730713
481,1,0.0002120764980403221,5.601302945399496e-07,1.2414395809173584
482,1,0.00021150937141139537,5.671266289267282e-07,1.2434415817260742
483,1,0.00021103435825988218,4.750131515131881e-07,1.2114286422729492
484,1,0.0002105179452195216,5.164130403605876e-07,1.250443458557129
485,1,0.0002099984465239615,5.194986955600936e-07,1.2874572277069092
486,1,0.00020945037175516644,5.480747687950597e-07,1.3694849014282227
487,1,0.0002089414646595945,5.089070955719441e-07,1.2724504470825195
488,1,0.0002084713059943947,4.7015866519979437e-07,1.5285427570343018
489,1,0.00020793819924042468,5.331067539700199e-07,1.6255762577056885
490,1,0.00020747793148392495,4.602677564997308e-07,1.2864558696746826
491,1,0.00020692705532269936,5.508761612255889e-07,1.3124644756317139
492,1,0.00020640526719040508,5.217881322942808e-07,1.3284714221954346
493,1,0.00020594808914201933,4.5717804838575366e-07,1.416501760482788
494,1,0.0002054031055582795,5.44983583739819e-07,1.2254343032836914
495,1,0.00020494892313592622,4.5418242235328453e-07,1.2754523754119873
496,1,0.00020443559706243721,5.133260734890106e-07,1.2554450035095215
497,1,0.00020393612515680307,4.994719056341406e-07,1.2594459056854248
498,1,0.00020345555751780607,4.80567638997e-07,1.3564813137054443
499,1,0.00020301062417412146,4.449333436846179e-07,1.2344377040863037
500,1,0.00020251171044101163,4.989137331098265e-07,1.3404757976531982
