1,140,2.299998712539673,Nan,0.06402254104614258
2,140,2.2782514667510987,0.021747245788574343,0.06302237510681152
3,140,2.2530527687072754,0.025198698043823242,0.0590214729309082
4,140,2.2237044048309325,0.029348363876342987,0.06902456283569336
5,140,2.191630868911743,0.03207353591918949,0.0680234432220459
6,140,2.1581348037719725,0.03349606513977044,0.06402277946472168
7,140,2.1230055236816407,0.03512928009033178,0.06102132797241211
8,140,2.086298770904541,0.036706752777099894,0.05802035331726074
9,140,2.0482608890533447,0.038037881851196165,0.06402254104614258
10,140,2.009185342788696,0.0390755462646486,0.0590214729309082
11,140,1.9690340375900268,0.040151305198669274,0.07202601432800293
12,140,1.9277150440216064,0.04131899356842039,0.06502270698547363
13,140,1.8851304960250854,0.042584547996521005,0.07802820205688477
14,140,1.841265459060669,0.04386503696441646,0.0680241584777832
15,140,1.7960213279724122,0.045244131088256756,0.06902432441711426
16,140,1.7494609975814819,0.04656033039093033,0.06502246856689453
17,140,1.7016438484191894,0.047817149162292516,0.061022281646728516
18,140,1.6528329849243164,0.04881086349487296,0.06502270698547363
19,140,1.6034099292755126,0.04942305564880378,0.0680239200592041
20,140,1.5537167310714721,0.0496931982040405,0.0590205192565918
21,140,1.5040570974349976,0.04965963363647452,0.06202292442321777
22,140,1.4547413825988769,0.04931571483612074,0.07002472877502441
23,140,1.4060481882095337,0.048693194389343164,0.07102584838867188
24,140,1.3582685661315919,0.04777962207794184,0.061022281646728516
25,140,1.3116912317276002,0.0465773344039917,0.07302570343017578
26,140,1.2665403127670287,0.04515091896057144,0.07402586936950684
27,140,1.2230196762084962,0.043520636558532555,0.05401945114135742
28,140,1.1812883472442628,0.04173132896423337,0.05502033233642578
29,140,1.1414443111419679,0.03984403610229492,0.0520174503326416
30,140,1.1035631465911866,0.03788116455078128,0.06502294540405273
31,140,1.0676776599884032,0.035885486602783345,0.05902266502380371
32,140,1.0337729907035829,0.03390466928482039,0.05401730537414551
33,140,1.001812129020691,0.03196086168289192,0.06302261352539062
34,140,0.9717359328269959,0.03007619619369506,0.0680241584777832
35,140,0.9434744095802308,0.02826152324676512,0.06902408599853516
36,140,0.916939628124237,0.02653478145599375,0.05802035331726074
37,140,0.892034764289856,0.024904863834381064,0.05802106857299805
38,140,0.8686626482009888,0.023372116088867134,0.06602311134338379
39,140,0.8467186117172241,0.02194403648376475,0.07302546501159668
40,140,0.8261015176773071,0.02061709403991696,0.05702042579650879
41,140,0.8067254543304443,0.019376063346862815,0.07102513313293457
42,140,0.7884987473487854,0.018226706981658847,0.07002496719360352
43,140,0.7713405394554138,0.017158207893371635,0.06302237510681152
44,140,0.7551678109169007,0.016172728538513148,0.06202197074890137
45,140,0.739912121295929,0.01525568962097168,0.055019378662109375
46,140,0.7255039882659912,0.01440813302993782,0.05702018737792969
47,140,0.7118811058998108,0.013622882366180367,0.0660240650177002
48,140,0.6989841628074646,0.012896943092346236,0.058020830154418945
49,140,0.6867614459991455,0.0122227168083191,0.06602311134338379
50,140,0.6751624155044555,0.01159903049468991,0.06002163887023926
51,140,0.6641418361663818,0.011020579338073766,0.05802106857299805
52,140,0.6536575293540955,0.010484306812286293,0.0590205192565918
53,140,0.6436728763580323,0.009984652996063215,0.06002330780029297
54,140,0.6341531729698181,0.009519703388214174,0.06502103805541992
55,140,0.6250665712356568,0.009086601734161315,0.06502389907836914
56,140,0.6163837885856629,0.008682782649993892,0.06602287292480469
57,140,0.6080764746665954,0.008307313919067472,0.059021711349487305
58,140,0.6001199603080749,0.007956514358520517,0.09103202819824219
59,140,0.5924921441078186,0.007627816200256321,0.06702327728271484
60,140,0.5851729130744934,0.007319231033325213,0.06602311134338379
61,140,0.5781433725357056,0.007029540538787793,0.06302213668823242
62,140,0.5713890600204468,0.00675431251525882,0.050017595291137695
63,140,0.5648886823654174,0.00650037765502931,0.05702042579650879
64,140,0.5586253833770752,0.006263298988342214,0.06902503967285156
65,140,0.5525893318653107,0.006036051511764562,0.06602287292480469
66,140,0.5467642056941986,0.005825126171112083,0.06402206420898438
67,140,0.5411397445201874,0.005624461174011164,0.06002187728881836
68,140,0.53570543050766,0.005434314012527475,0.06202268600463867
69,140,0.5304535019397736,0.005251928567886366,0.06402182579040527
70,140,0.5253721058368683,0.005081396102905256,0.062021732330322266
71,140,0.5204532980918884,0.004918807744979881,0.05402064323425293
72,140,0.5156895244121551,0.004763773679733352,0.06202197074890137
73,140,0.5110727107524872,0.004616813659667929,0.059020280838012695
74,140,0.5065954649448394,0.004477245807647745,0.06702327728271484
75,140,0.5022481989860534,0.004347265958785984,0.06402277946472168
76,140,0.4980261528491974,0.004222046136856061,0.06002092361450195
77,140,0.49392563462257383,0.004100518226623551,0.06502342224121094
78,140,0.4899405336380005,0.003985100984573331,0.06902432441711426
79,140,0.48606554508209227,0.003874988555908232,0.06102156639099121
80,140,0.4822947812080383,0.0037707638740539506,0.0660238265991211
81,140,0.478623651266098,0.0036711299419402987,0.06102108955383301
82,140,0.4750477409362793,0.0035759103298187433,0.056020259857177734
83,140,0.47156360030174255,0.0034841406345367254,0.06402277946472168
84,140,0.4681680715084076,0.0033955287933349343,0.06602334976196289
85,140,0.4648569631576538,0.003311108350753822,0.06702375411987305
86,140,0.4616275107860565,0.0032294523715972745,0.06602311134338379
87,140,0.4584765660762787,0.0031509447097778365,0.07302570343017578
88,140,0.45540040016174316,0.0030761659145355225,0.06902456283569336
89,140,0.45239668250083925,0.003003717660903904,0.07102513313293457
90,140,0.4494629955291748,0.002933686971664462,0.07002472877502441
91,140,0.4465965712070465,0.0028664243221283026,0.05301833152770996
92,140,0.4437958228588104,0.0028007483482360707,0.06702613830566406
93,140,0.44105635046958924,0.002739472389221176,0.06302070617675781
94,140,0.4383773124217987,0.0026790380477905162,0.07702803611755371
95,140,0.4357557857036591,0.002621526718139644,0.07602620124816895
96,140,0.43319071769714357,0.002565068006515514,0.06502270698547363
97,140,0.43068029165267946,0.002510426044464109,0.06502366065979004
98,140,0.4282226610183716,0.0024576306343078724,0.06702303886413574
99,140,0.4258143019676208,0.0024083590507507635,0.06202244758605957
100,140,0.4234557044506073,0.0023585975170135054,0.048018455505371094
101,140,0.42114524722099306,0.00231045722961426,0.08002710342407227
102,140,0.4188792562484741,0.0022659909725189498,0.08803176879882812
103,140,0.41665701508522035,0.0022222411632537575,0.08202815055847168
104,140,0.41447603821754453,0.0021809768676758212,0.08503293991088867
105,140,0.4123355162143707,0.002140522003173828,0.09303045272827148
106,140,0.41023711919784545,0.0020983970165252552,0.08803081512451172
107,140,0.4081761956214905,0.002060923576354956,0.0840303897857666
108,140,0.40615340232849123,0.0020227932929992587,0.08903288841247559
109,140,0.40416839241981506,0.001985009908676172,0.08402824401855469
110,140,0.4022191059589386,0.0019492864608764426,0.07102537155151367
111,140,0.4003052544593811,0.0019138514995575284,0.06602358818054199
112,140,0.39842581391334536,0.0018794405460357266,0.056018829345703125
113,140,0.396579167842865,0.0018466460704803511,0.0590214729309082
114,140,0.3947643256187439,0.0018148422241210938,0.08002877235412598
115,140,0.39298110723495483,0.001783218383789087,0.08803033828735352
116,140,0.39122855544090274,0.001752551794052093,0.08803153038024902
117,140,0.3895053124427795,0.001723242998123209,0.08102917671203613
118,140,0.38781119346618653,0.0016941189765929954,0.061020851135253906
119,140,0.38614520072937014,0.0016659927368163907,0.06902456283569336
120,140,0.3845043206214905,0.0016408801078796609,0.06102180480957031
121,140,0.3828892910480499,0.0016150295734405629,0.05802011489868164
122,140,0.3813010787963867,0.0015882122516632236,0.06502342224121094
123,140,0.3797373163700104,0.0015637624263762917,0.06002163887023926
124,140,0.3781985878944397,0.0015387284755706832,0.06202197074890137
125,140,0.3766814911365509,0.0015170967578888028,0.06102156639099121
126,140,0.3751865816116333,0.001494909524917598,0.06702399253845215
127,140,0.3737150120735169,0.0014715695381164462,0.05501961708068848
128,140,0.37226489901542664,0.00145011305809023,0.0590205192565918
129,140,0.37083786725997925,0.0014270317554473944,0.06602287292480469
130,140,0.369430878162384,0.0014069890975952348,0.06202292442321777
131,140,0.36804494619369504,0.0013859319686889693,0.062021732330322266
132,140,0.3666791200637817,0.0013658261299133168,0.06002163887023926
133,140,0.3653320837020874,0.0013470363616943093,0.06402182579040527
134,140,0.3640041542053223,0.0013279294967651345,0.06102180480957031
135,140,0.36269458651542663,0.001309567689895652,0.06402325630187988
136,140,0.36140337467193606,0.0012912118434905695,0.06702351570129395
137,140,0.3601295590400696,0.0012738156318664595,0.059020280838012695
138,140,0.35887364745140077,0.0012559115886688343,0.0680246353149414
139,140,0.3576339292526245,0.001239718198776274,0.06102156639099121
140,140,0.3564105546474457,0.0012233746051787953,0.06202220916748047
141,140,0.35520304560661314,0.001207509040832555,0.06302165985107422
142,140,0.3540131986141205,0.001189846992492638,0.05802154541015625
143,140,0.35283870100975034,0.0011744976043701616,0.05601930618286133
144,140,0.3516802263259888,0.0011584746837615678,0.06502318382263184
145,140,0.35053643465042117,0.001143791675567607,0.05601978302001953
146,140,0.3494089353084564,0.001127499341964766,0.06702423095703125
147,140,0.3482951772212982,0.0011137580871581898,0.06302237510681152
148,140,0.34719491720199586,0.001100260019302357,0.06602263450622559
149,140,0.34610899329185485,0.0010859239101410068,0.06902480125427246
150,140,0.34503457903862,0.0010744142532348455,0.07202601432800293
151,140,0.3439742362499237,0.0010603427886963224,0.07602739334106445
152,140,0.3429264271259308,0.0010478091239928822,0.06902360916137695
153,140,0.3418903923034668,0.0010360348224640048,0.07102560997009277
154,140,0.34086660623550413,0.001023786067962662,0.07102465629577637
155,140,0.33985358238220215,0.0010130238533019864,0.07102513313293457
156,140,0.33885264754295347,0.0010009348392486794,0.07402682304382324
157,140,0.337863028049469,0.0009896194934844726,0.07002472877502441
158,140,0.336883647441864,0.000979380607604996,0.06002187728881836
159,140,0.3359158754348755,0.0009677720069884987,0.061020612716674805
160,140,0.3349580013751984,0.0009578740596771218,0.06802487373352051
161,140,0.33401139318943024,0.0009466081857681385,0.06402206420898438
162,140,0.3330741119384766,0.0009372812509536588,0.06602287292480469
163,140,0.3321471631526947,0.000926948785781867,0.06802487373352051
164,140,0.3312302923202515,0.0009168708324432395,0.05501866340637207
165,140,0.33032347917556765,0.0009068131446838268,0.06502366065979004
166,140,0.3294265156984329,0.000896963477134749,0.06502389907836914
167,140,0.32853620827198027,0.0008903074264526301,0.0750265121459961
168,140,0.32765696704387665,0.0008792412281036222,0.05701899528503418
169,140,0.32678509294986724,0.0008718740940094061,0.0660240650177002
170,140,0.32592315912246705,0.0008619338274001853,0.05201840400695801
171,140,0.32506825506687165,0.0008549040555954068,0.0590207576751709
172,140,0.32422250986099244,0.0008457452058792114,0.06202197074890137
173,140,0.3233850109577179,0.0008374989032745583,0.060021162033081055
174,140,0.3225564098358154,0.0008286011219024725,0.07202577590942383
175,140,0.3217355918884277,0.0008208179473876975,0.0680239200592041
176,140,0.3209227728843689,0.000812819004058829,0.055019378662109375
177,140,0.32011696338653567,0.0008058094978332098,0.06302356719970703
178,140,0.31931939005851745,0.0007975733280182196,0.06602287292480469
179,140,0.31852939784526824,0.0007899922132492132,0.07402539253234863
180,140,0.3177474623918533,0.0007819354534149281,0.0680243968963623
181,140,0.31697296738624575,0.0007744950056075561,0.06302237510681152
182,140,0.3162053763866425,0.0007675909996032737,0.07402658462524414
183,140,0.31544604420661926,0.00075933218002322,0.059021711349487305
184,140,0.31469301104545594,0.000753033161163319,0.06202125549316406
185,140,0.3139465916156769,0.0007464194297790439,0.06102275848388672
186,140,0.3132082480192184,0.0007383435964584684,0.056018829345703125
187,140,0.31247560858726503,0.0007326394319533969,0.057021141052246094
188,140,0.31174950420856473,0.0007261043787002985,0.0610201358795166
189,140,0.31103056073188784,0.0007189434766768921,0.05702066421508789
190,140,0.31031747698783874,0.0007130837440491034,0.06902527809143066
191,140,0.3096104907989502,0.0007069861888885365,0.05501866340637207
192,140,0.30890954315662383,0.0007009476423263661,0.06202197074890137
193,140,0.3082141745090485,0.0006953686475753562,0.06002092361450195
194,140,0.30752555668354037,0.0006886178255081088,0.08002877235412598
195,140,0.3068421483039856,0.000683408379554773,0.08302903175354004
196,140,0.3061653262376785,0.0006768220663070923,0.06802535057067871
197,140,0.30549424469470976,0.0006710815429687433,0.062020301818847656
198,140,0.30482738256454467,0.0006668621301650912,0.07202601432800293
199,140,0.3041672557592392,0.0006601268053054721,0.06702423095703125
200,140,0.30351254761219026,0.0006547081470489324,0.07102465629577637
201,140,0.30286220252513885,0.0006503450870514182,0.07202959060668945
202,140,0.3022182613611221,0.0006439411640167259,0.07102108001708984
203,140,0.30157954871654513,0.0006387126445769886,0.07402658462524414
204,140,0.30094576835632325,0.0006337803602218806,0.06402230262756348
205,140,0.3003174948692322,0.0006282734870910467,0.06302213668823242
206,140,0.29969287276268003,0.0006246221065521751,0.05602002143859863
207,140,0.29907304167747495,0.0006198310852050803,0.06702423095703125
208,140,0.2984579163789749,0.0006151252985000522,0.059020042419433594
209,140,0.29784802317619324,0.0006098932027816528,0.08703207969665527
210,140,0.29724290907382966,0.0006051141023635798,0.07902789115905762
211,140,0.2966425275802612,0.0006003814935684471,0.07502627372741699
212,140,0.29604674577713014,0.0005957818031310791,0.07002496719360352
213,140,0.29545522928237916,0.0005915164947509766,0.06502318382263184
214,140,0.29486763179302217,0.0005875974893569946,0.07902789115905762
215,140,0.2942856127023697,0.0005820190906524747,0.1180424690246582
216,140,0.29370694279670717,0.0005786699056625211,0.09403300285339355
217,140,0.2931327694654465,0.0005741733312606967,0.08202838897705078
218,140,0.2925626790523529,0.0005700904130935824,0.07802748680114746
219,140,0.2919967722892761,0.0005659067630767733,0.07802844047546387
220,140,0.29143531203269957,0.0005614602565765514,0.07802724838256836
221,140,0.2908791673183441,0.0005561447143554443,0.08302998542785645
222,140,0.29032580852508544,0.0005533587932586848,0.08603024482727051
223,140,0.2897764629125595,0.0005493456125259533,0.07902836799621582
224,140,0.2892313003540039,0.0005451625585555786,0.07202482223510742
225,140,0.288690128326416,0.0005411720275879106,0.07802796363830566
226,140,0.2881519460678101,0.0005381822586059126,0.06302165985107422
227,140,0.28761726260185244,0.0005346834659576416,0.06402277946472168
228,140,0.28708580672740935,0.0005314558744430875,0.06402993202209473
229,140,0.2865582972764969,0.0005275094509124556,0.062015533447265625
230,140,0.286034654378891,0.0005236428976059249,0.06302213668823242
231,140,0.28551305949687955,0.0005215948820114225,0.06102156639099121
232,140,0.2849956315755844,0.000517427921295166,0.07202553749084473
233,140,0.28448104560375215,0.0005145859718322376,0.059021711349487305
234,140,0.2839704555273056,0.0005105900764465487,0.07102370262145996
235,140,0.2834626090526581,0.000507846474647522,0.060022830963134766
236,140,0.2829592078924179,0.0005034011602401689,0.06402254104614258
237,140,0.28245739281177523,0.0005018150806426758,0.0700235366821289
238,140,0.2819598084688187,0.0004975843429565474,0.05802106857299805
239,140,0.28146495938301086,0.0004948490858078247,0.0680241584777832
240,140,0.2809731483459473,0.0004918110370635831,0.06402349472045898
241,140,0.2804835456609726,0.000489602684974666,0.06902289390563965
242,140,0.2799978137016296,0.0004857319593429832,0.06102395057678223
243,140,0.27951565861701966,0.0004821550846099698,0.05701875686645508
244,140,0.2790376263856888,0.0004780322313308605,0.0680243968963623
245,140,0.27856080770492553,0.00047681868076326905,0.07502627372741699
246,140,0.2780874502658844,0.00047335743904114436,0.06602334976196289
247,140,0.2776166248321533,0.0004708254337310591,0.06402277946472168
248,140,0.27714843928813937,0.00046818554401395485,0.0680239200592041
249,140,0.2766830223798752,0.00046541690826418236,0.06902384757995605
250,140,0.27622011840343474,0.000462903976440443,0.07402825355529785
251,140,0.2757608914375305,0.00045922696590422474,0.07102370262145996
252,140,0.27530277729034425,0.00045811414718627264,0.0750265121459961
253,140,0.2748464334011078,0.00045634388923643243,0.06402277946472168
254,140,0.27439345598220827,0.00045297741889954724,0.061022043228149414
255,140,0.2739426183700562,0.0004508376121520885,0.06302213668823242
256,140,0.27349361419677737,0.0004490041732788108,0.05802035331726074
257,140,0.27304811239242555,0.0004455018043518222,0.07202553749084473
258,140,0.2726038122177124,0.0004443001747131414,0.06502270698547363
259,140,0.2721624290943146,0.0004413831233978094,0.06102252006530762
260,140,0.27172344326972964,0.0004389858245849587,0.06602621078491211
261,140,0.27128576934337617,0.0004376739263534657,0.06201910972595215
262,140,0.27084936916828156,0.00043640017509460893,0.06502366065979004
263,140,0.27041628420352937,0.00043308496475219505,0.06602239608764648
264,140,0.26998538851737974,0.0004308956861496238,0.06402373313903809
265,140,0.269557067155838,0.00042832136154175027,0.0610201358795166
266,140,0.26913087725639345,0.0004261898994445401,0.05902218818664551
267,140,0.26870781600475313,0.00042306125164032204,0.0700235366821289
268,140,0.2682866740226746,0.00042114198207854336,0.061022281646728516
269,140,0.26786854267120364,0.0004181313514709517,0.060021162033081055
270,140,0.2674526137113571,0.00041592895984654543,0.06302285194396973
271,140,0.26703837275505066,0.0004142409563064331,0.06402230262756348
272,140,0.2666264134645462,0.0004119592905044711,0.06602263450622559
273,140,0.26621643543243406,0.0004099780321121238,0.07002520561218262
274,140,0.26580786287784575,0.00040857255458831565,0.06202197074890137
275,140,0.2654016178846359,0.00040624499320984775,0.061022043228149414
276,140,0.26499757885932923,0.00040403902530666835,0.06902503967285156
277,140,0.26459544241428373,0.00040213644504549784,0.0680234432220459
278,140,0.2641954988241196,0.0003999435901641535,0.0680239200592041
279,140,0.26379744708538055,0.0003980517387390248,0.06502318382263184
280,140,0.2634022033214569,0.00039524376392363614,0.06702375411987305
281,140,0.26300951540470124,0.00039268791675567405,0.0590207576751709
282,140,0.26261822283267977,0.00039129257202147327,0.06302261352539062
283,140,0.2622288900613785,0.0003893327713012651,0.06402182579040527
284,140,0.26184104561805727,0.00038784444332123913,0.07202672958374023
285,140,0.261457057595253,0.00038398802280426025,0.0590212345123291
286,140,0.26107460260391235,0.00038245499134065275,0.06602334976196289
287,140,0.26069411396980285,0.0003804886341094993,0.061020612716674805
288,140,0.26031614899635314,0.00037796497344971813,0.06902408599853516
289,140,0.2599392968416214,0.0003768521547317105,0.061022043228149414
290,140,0.25956423103809356,0.0003750658035278631,0.06202292442321777
291,140,0.2591911393404007,0.00037309169769284,0.05101728439331055
292,140,0.258820139169693,0.00037100017070773594,0.06002163887023926
293,140,0.25845057249069214,0.0003695666790008434,0.06102132797241211
294,140,0.25808254778385165,0.0003680247068404974,0.07202601432800293
295,140,0.25771732449531554,0.0003652232885361095,0.06702351570129395
296,140,0.2573524403572083,0.0003648841381072576,0.05802035331726074
297,140,0.2569896560907364,0.000362784266471905,0.05101919174194336
298,140,0.2566286861896515,0.00036096990108486215,0.0770263671875
299,140,0.2562692767381668,0.0003594094514847157,0.07102584838867188
300,140,0.255911608338356,0.00035766839981077325,0.08702993392944336
301,140,0.2555559182167053,0.0003556901216507091,0.06102132797241211
302,140,0.25520199239254,0.00035392582416532425,0.061022281646728516
303,140,0.25484919965267183,0.0003527927398681574,0.05601978302001953
304,140,0.25449831068515777,0.0003508889675140625,0.06702303886413574
305,140,0.2541484034061432,0.00034990727901457186,0.05601978302001953
306,140,0.25380082428455353,0.0003475791215896695,0.05401968955993652
307,140,0.25345412611961365,0.0003466981649398737,0.06402325630187988
308,140,0.2531099849939346,0.00034414112567904276,0.058019399642944336
309,140,0.25276594758033755,0.00034403741359706475,0.058019399642944336
310,140,0.2524242126941681,0.0003417348861694536,0.06902551651000977
311,140,0.252083939909935,0.0003402727842330977,0.0680243968963623
312,140,0.251743985414505,0.000339954495430006,0.07002401351928711
313,140,0.2514068400859833,0.000337145328521693,0.07202577590942383
314,140,0.25107022523880007,0.0003366148471832253,0.07102537155151367
315,140,0.2507360923290253,0.00033413290977479804,0.08302998542785645
316,140,0.25040251672267916,0.00033357560634611483,0.06302118301391602
317,140,0.2500700956583023,0.00033242106437686436,0.06902480125427246
318,140,0.24973905205726624,0.00033104360103605734,0.05802202224731445
319,140,0.2494109046459198,0.00032814741134643,0.06202054023742676
320,140,0.24908263385295867,0.0003282707929611328,0.06102108955383301
321,140,0.2487570106983185,0.00032562315464018665,0.08503103256225586
322,140,0.2484313404560089,0.0003256702423095892,0.07102489471435547
323,140,0.24810785949230194,0.00032348096370696244,0.06402349472045898
324,140,0.247786808013916,0.00032105147838593084,0.068023681640625
325,140,0.24746585965156556,0.0003209483623504428,0.06502246856689453
326,140,0.24714654207229614,0.0003193175792694236,0.06902551651000977
327,140,0.24682785153388978,0.00031869053840635764,0.06302213668823242
328,140,0.24651111483573915,0.00031673669815063255,0.06002044677734375
329,140,0.24619454383850098,0.00031657099723816917,0.05602097511291504
330,140,0.24588069200515747,0.0003138518333435092,0.06602215766906738
331,140,0.24556649208068848,0.0003141999244689886,0.06202292442321777
332,140,0.24525369346141815,0.0003127986192703325,0.0590205192565918
333,140,0.24494274497032165,0.00031094849109650213,0.056020259857177734
334,140,0.24463150560855865,0.0003112393617629994,0.07202529907226562
335,140,0.24432173550128936,0.00030977010726929155,0.06902408599853516
336,140,0.24401015400886536,0.0003115814924239957,0.06702375411987305
337,140,0.24370169520378113,0.00030845880508423296,0.0680246353149414
338,140,0.24339408695697784,0.000307608246803287,0.06702399253845215
339,140,0.24308865249156952,0.0003054344654083163,0.06202101707458496
340,140,0.24278300523757934,0.0003056472539901822,0.0680243968963623
341,140,0.24247985005378722,0.0003031551837921198,0.0680243968963623
342,140,0.24217784225940706,0.0003020077943801658,0.06902408599853516
343,140,0.24187631726264955,0.0003015249967575073,0.06602334976196289
344,140,0.24157610654830933,0.00030021071434022106,0.07302618026733398
345,140,0.24127749025821685,0.00029861629009247936,0.08002805709838867
346,140,0.24097969651222229,0.0002977937459945623,0.07202529907226562
347,140,0.24068119406700134,0.0002985024452209495,0.07702875137329102
348,140,0.24038410663604737,0.0002970874309539684,0.07102465629577637
349,140,0.24008770167827606,0.0002964049577713068,0.06302142143249512
350,140,0.23979191720485687,0.0002957844734191861,0.05602216720581055
351,140,0.239497652053833,0.00029426515102387585,0.06002068519592285
352,140,0.23920373916625975,0.0002939128875732444,0.06002068519592285
353,140,0.2389117634296417,0.0002919757366180442,0.06402277946472168
354,140,0.23861886262893678,0.00029290080070493163,0.060022830963134766
355,140,0.23832804441452027,0.00029081821441651057,0.06202125549316406
356,140,0.2380380743741989,0.00028997004032135787,0.0770273208618164
357,140,0.23774910509586333,0.00028896927833557684,0.06502294540405273
358,140,0.23746158599853515,0.00028751909732818715,0.0590214729309082
359,140,0.2371750295162201,0.0002865564823150424,0.07102370262145996
360,140,0.2368897020816803,0.0002853274345397949,0.06502413749694824
361,140,0.23660487234592437,0.0002848297357559426,0.06102108955383301
362,140,0.23632355391979218,0.0002813184261321877,0.07102632522583008
363,140,0.23603956997394562,0.0002839839458465554,0.06602311134338379
364,140,0.23575845062732698,0.0002811193466186468,0.07002997398376465
365,140,0.23547757744789125,0.0002808731794357311,0.07001900672912598
366,140,0.2351975578069687,0.0002800196409225575,0.06602287292480469
367,140,0.23491791307926177,0.00027964472770691806,0.07102584838867188
368,140,0.23464020133018493,0.00027771174907684215,0.07602667808532715
369,140,0.23436321914196015,0.00027698218822477805,0.07202625274658203
370,140,0.2340872448682785,0.00027597427368164507,0.068023681640625
371,140,0.23381203293800354,0.0002752119302749656,0.07802748680114746
372,140,0.2335371720790863,0.0002748608589172308,0.07302570343017578
373,140,0.23326411068439484,0.00027306139469146506,0.07102656364440918
374,140,0.23299164235591888,0.0002724683284759666,0.0680232048034668
375,140,0.2327205228805542,0.0002711194753646784,0.07202577590942383
376,140,0.23244940042495726,0.0002711224555969338,0.06502270698547363
377,140,0.23217980027198792,0.00026960015296934037,0.06602311134338379
378,140,0.2319105637073517,0.0002692365646362327,0.06102180480957031
379,140,0.23164234936237335,0.0002682143449783403,0.05502033233642578
380,140,0.2313751059770584,0.00026724338531494696,0.05301833152770996
381,140,0.23110792994499207,0.00026717603206632967,0.06502199172973633
382,140,0.23084268510341643,0.0002652448415756403,0.06402349472045898
383,140,0.23057772994041442,0.00026495516300201194,0.06302165985107422
384,140,0.23031316936016083,0.0002645605802535922,0.056020259857177734
385,140,0.23004985213279724,0.0002633172273635853,0.0750279426574707
386,140,0.22978587210178375,0.0002639800310134943,0.07502484321594238
387,140,0.22952481269836425,0.0002610594034195002,0.06602334976196289
388,140,0.22926321685314177,0.0002615958452224787,0.07102513313293457
389,140,0.22900095760822295,0.00026225924491882213,0.06702375411987305
390,140,0.2287414264678955,0.0002595311403274514,0.07402682304382324
391,140,0.22848079562187196,0.0002606308460235407,0.08803200721740723
392,140,0.22822250425815582,0.00025829136371613437,0.11504173278808594
393,140,0.22796335935592651,0.00025914490222930797,0.09303140640258789
394,140,0.22770712077617644,0.00025623857975007325,0.08703064918518066
395,140,0.22745002150535584,0.0002570992708205988,0.07802772521972656
396,140,0.22719434440135955,0.0002556771039962935,0.08002901077270508
397,140,0.22693881511688233,0.0002555292844772239,0.08002853393554688
398,140,0.22668541133403777,0.00025340378284455234,0.08102726936340332
399,140,0.22643138110637664,0.00025403022766112837,0.07702851295471191
400,140,0.22617835819721221,0.0002530229091644298,0.08102822303771973
401,140,0.22592584013938904,0.00025251805782317005,0.07102465629577637
402,140,0.22567570388317107,0.0002501362562179754,0.07402682304382324
403,140,0.2254242217540741,0.0002514821290969804,0.06702375411987305
404,140,0.2251760357618332,0.00024818599224088467,0.07302641868591309
405,140,0.22492723703384399,0.000248798727989219,0.06402182579040527
406,140,0.22467843890190126,0.00024879813194272904,0.056020259857177734
407,140,0.2244309365749359,0.00024750232696535424,0.0660240650177002
408,140,0.22418254137039184,0.0002483952045440607,0.07102370262145996
409,140,0.22393606781959532,0.00024647355079651656,0.06302380561828613
410,140,0.223689484000206,0.00024658381938932883,0.05901956558227539
411,140,0.223443204164505,0.00024627983570099654,0.06902480125427246
412,140,0.22319953978061677,0.0002436643838882313,0.06102180480957031
413,140,0.2229563021659851,0.00024323761463165838,0.07702755928039551
414,140,0.22271150529384612,0.0002447968721389915,0.07102537155151367
415,140,0.22246971786022185,0.0002417874336242687,0.07402539253234863
416,140,0.2222261029481888,0.0002436149120330633,0.061022281646728516
417,140,0.22198420286178588,0.00024190008640290195,0.06402254104614258
418,140,0.22174227714538575,0.0002419257164001376,0.0680234432220459
419,140,0.22150169134140016,0.00024058580398558793,0.06502437591552734
420,140,0.22126079380512237,0.00024089753627778987,0.06302213668823242
421,140,0.22102187275886537,0.00023892104625700128,0.06902480125427246
422,140,0.22078249335289002,0.00023937940597534846,0.06602215766906738
423,140,0.22054509639739991,0.00023739695549010453,0.06402373313903809
424,140,0.2203073298931122,0.00023776650428772306,0.05201864242553711
425,140,0.22006919205188752,0.00023813784122467263,0.06502151489257812
426,140,0.2198334228992462,0.00023576915264131304,0.06502318382263184
427,140,0.21959789216518402,0.00023553073406218372,0.07102584838867188
428,140,0.21936354219913481,0.00023434996604920766,0.06002044677734375
429,140,0.2191272896528244,0.00023625254631040593,0.07602834701538086
430,140,0.21889451146125793,0.00023277819156647395,0.059020280838012695
431,140,0.21866190552711487,0.0002326059341430653,0.062021493911743164
432,140,0.2184282249212265,0.00023368060588838113,0.06502342224121094
433,140,0.21819623589515685,0.00023198902606963445,0.07902765274047852
434,140,0.2179620909690857,0.0002341449260711559,0.08102917671203613
435,140,0.21772788524627684,0.00023420572280885565,0.0840299129486084
436,140,0.21749194204807282,0.00023594319820402498,0.08202934265136719
437,140,0.21725832879543305,0.00023361325263976385,0.07002401351928711
438,140,0.2170257443189621,0.00023258447647095393,0.055020809173583984
439,140,0.21679313480854034,0.00023260951042175515,0.07602620124816895
440,140,0.2165608948469162,0.00023223996162413663,0.0680239200592041
441,140,0.21632932662963866,0.00023156821727754462,0.07002472877502441
442,140,0.21609861314296722,0.00023071348667144664,0.06902503967285156
443,140,0.21586813986301423,0.00023047327995298628,0.06202101707458496
444,140,0.21563874006271364,0.00022939980030059481,0.07102632522583008
445,140,0.21541187882423402,0.0002268612384796198,0.06902384757995605
446,140,0.21518240332603455,0.00022947549819946067,0.06602311134338379
447,140,0.21495661854743958,0.00022578477859497292,0.06502294540405273
448,140,0.21472920417785646,0.00022741436958312322,0.06902456283569336
449,140,0.2145035171508789,0.00022568702697756127,0.06802558898925781
450,140,0.2142780315876007,0.00022548556327819935,0.059020042419433594
451,140,0.21405317962169648,0.00022485196590421586,0.06602311134338379
452,140,0.2138281911611557,0.00022498846054078148,0.06102156639099121
453,140,0.21360235512256623,0.000225836038589472,0.06702446937561035
454,140,0.21337954223155975,0.00022281289100647972,0.06202197074890137
455,140,0.21315431952476502,0.000225222706794731,0.0770273208618164
456,140,0.2129298824071884,0.0002244371175766091,0.068023681640625
457,140,0.2127067506313324,0.00022313177585600585,0.07902741432189941
458,140,0.21248442947864532,0.00022232115268708275,0.0680241584777832
459,140,0.21226092100143432,0.00022350847721100409,0.07302713394165039
460,140,0.21204056859016418,0.00022035241127013605,0.06402182579040527
461,140,0.21181800544261933,0.0002225631475448464,0.061020851135253906
462,140,0.2115981537103653,0.00021985173225402832,0.06002211570739746
463,140,0.211377934217453,0.0002202194929123158,0.06302189826965332
464,140,0.21115848541259766,0.00021944880485533225,0.06402301788330078
465,140,0.21093963265419005,0.0002188527584076061,0.058020830154418945
466,140,0.2107219570875168,0.00021767556667326438,0.06102132797241211
467,140,0.21050495088100432,0.0002170062065124656,0.062021732330322266
468,140,0.21028666377067565,0.00021828711032867432,0.06202197074890137
469,140,0.21007222235202788,0.000214441418647765,0.07302641868591309
470,140,0.20985690176486968,0.00021532058715820201,0.05601906776428223
471,140,0.2096433687210083,0.00021353304386137473,0.07403898239135742
472,140,0.20942760407924652,0.00021576464176178978,0.055006980895996094
473,140,0.20921430766582488,0.00021329641342163197,0.06502294540405273
474,140,0.20900352656841278,0.00021078109741209938,0.06702399253845215
475,140,0.20878861248493194,0.00021491408348084384,0.061022043228149414
476,140,0.20857757031917573,0.00021104216575620893,0.0750272274017334
477,140,0.20836543619632722,0.00021213412284851185,0.07202482223510742
478,140,0.20815542936325074,0.0002100068330764815,0.06902456283569336
479,140,0.2079446792602539,0.00021075010299684283,0.06702399253845215
480,140,0.20773469626903535,0.00020998299121854913,0.0680243968963623
481,140,0.20752659678459168,0.000208099484443669,0.06402206420898438
482,140,0.20731660783290862,0.00020998895168305998,0.06102132797241211
483,140,0.20710910499095916,0.0002075028419494529,0.06602334976196289
484,140,0.20690230131149293,0.00020680367946623868,0.061022043228149414
485,140,0.2066938227415085,0.0002084785699844327,0.06202197074890137
486,140,0.20648644268512725,0.00020738005638124002,0.06302237510681152
487,140,0.20628167688846588,0.0002047657966613714,0.058020591735839844
488,140,0.20607527911663057,0.00020639777183531494,0.07002425193786621
489,140,0.20587040960788727,0.0002048695087432939,0.05401897430419922
490,140,0.20566638112068175,0.00020402848720552091,0.06302380561828613
491,140,0.20546258509159088,0.00020379602909087469,0.07402515411376953
492,140,0.20525869905948638,0.00020388603210449996,0.061022281646728516
493,140,0.20505615830421448,0.00020254075527190163,0.0680234432220459
494,140,0.20485384166240692,0.00020231664180755948,0.06702399253845215
495,140,0.20465152144432067,0.00020232021808624934,0.06302237510681152
496,140,0.20444952726364135,0.00020199418067931574,0.07402586936950684
497,140,0.20424918830394745,0.00020033895969390203,0.06202220916748047
498,140,0.2040476357936859,0.00020155251026154897,0.06602358818054199
499,140,0.20384725987911223,0.00020037591457366943,0.07302594184875488
500,140,0.2036481499671936,0.00019910991191862681,0.06902384757995605
