1,310,2.299320618311564,Nan,0.0680234432220459
2,310,2.286429683367411,0.012890934944152832,0.05602121353149414
3,310,2.2742786606152854,0.012151022752125762,0.06502246856689453
4,310,2.2620657682418823,0.012212892373403061,0.059021949768066406
5,310,2.249203383922577,0.01286238431930542,0.060019731521606445
6,310,2.2356565793355307,0.013546804587046157,0.07002496719360352
7,310,2.221829573313395,0.013827006022135713,0.06302165985107422
8,310,2.207758108774821,0.014071464538574219,0.061022281646728516
9,310,2.1933850844701133,0.014373024304707549,0.057019948959350586
10,310,2.178615907828013,0.014769176642100312,0.05702066421508789
11,310,2.1634193460146585,0.015196561813354492,0.06902503967285156
12,310,2.1477476358413696,0.015671710173288833,0.06502246856689453
13,310,2.1315608421961465,0.01618679364522313,0.05902099609375
14,310,2.114848872025808,0.016711970170338653,0.06702351570129395
15,310,2.0975383718808494,0.017310500144958496,0.06402230262756348
16,310,2.0795703530311584,0.017968018849690903,0.06702470779418945
17,310,2.0608962972958884,0.018674055735270034,0.05702066421508789
18,310,2.0415172775586448,0.019379019737243652,0.057019948959350586
19,310,2.02168936530749,0.019827912251154878,0.0520174503326416
20,310,2.0015347798665366,0.020154585440953277,0.06602311134338379
21,310,1.9810703595479329,0.020464420318603738,0.07102537155151367
22,310,1.9603400826454163,0.02073027690251661,0.05702066421508789
23,310,1.9393126169840496,0.021027465661366707,0.05101823806762695
24,310,1.9179977476596832,0.021314869324366326,0.06102108955383301
25,310,1.8963923056920369,0.021605441967646355,0.05902099609375
26,310,1.87450177470843,0.021890530983606826,0.06202220916748047
27,310,1.852326323588689,0.022175451119740952,0.055019378662109375
28,310,1.8298896352450054,0.02243668834368373,0.058020830154418945
29,310,1.807194819053014,0.02269481619199132,0.06502270698547363
30,310,1.7842494150002797,0.022945404052734375,0.0680243968963623
31,310,1.7610736191272736,0.02317579587300611,0.060021400451660156
32,310,1.737683266401291,0.023390352725982666,0.05601930618286133
33,310,1.7141136527061462,0.023569613695144653,0.04901719093322754
34,310,1.690377841393153,0.023735811312993293,0.058020591735839844
35,310,1.6664985219637554,0.023879319429397583,0.05602002143859863
36,310,1.6425064901510875,0.023992031812667847,0.05301928520202637
37,310,1.6184348464012146,0.024071643749872917,0.05401921272277832
38,310,1.5943288604418437,0.024105985959370857,0.06202197074890137
39,310,1.5702201426029205,0.02410871783892321,0.05902099609375
40,310,1.546144425868988,0.024075716733932495,0.06202197074890137
41,310,1.5221457084019978,0.023998717466990227,0.07102513313293457
42,310,1.4982585112253826,0.02388719717661525,0.06302237510681152
43,310,1.4745229581991832,0.02373555302619934,0.06602263450622559
44,310,1.450980434815089,0.02354252338409424,0.057021379470825195
45,310,1.4276504119237263,0.023330022891362656,0.0610203742980957
46,310,1.4045619070529938,0.02308850487073255,0.05201983451843262
47,310,1.3817428350448608,0.022819072008132935,0.06002020835876465
48,310,1.3592191835244496,0.022523651520411248,0.05902099609375
49,310,1.3370206654071808,0.022198518117268806,0.06202292442321777
50,310,1.3151734670003254,0.02184719840685534,0.06002044677734375
51,310,1.293697029352188,0.021476437648137336,0.05902099609375
52,310,1.2726009786128998,0.02109605073928833,0.05501961708068848
53,310,1.25190403064092,0.02069694797197985,0.0680246353149414
54,310,1.2316196660200756,0.020284364620844375,0.05601859092712402
55,310,1.211763471364975,0.01985619465510058,0.06402277946472168
56,310,1.1923429767290752,0.019420494635899788,0.06502366065979004
57,310,1.173363357782364,0.018979618946711296,0.06302285194396973
58,310,1.1548303663730621,0.018532991409301758,0.06402206420898438
59,310,1.1367464661598206,0.018083900213241577,0.06902527809143066
60,310,1.1191100378831227,0.01763642827669787,0.06402206420898438
61,310,1.1019153594970703,0.017194678386052376,0.06502294540405273
62,310,1.085167904694875,0.016747454802195305,0.07102560997009277
63,310,1.0688593288262684,0.016308575868606567,0.06302237510681152
64,310,1.0529849429925282,0.015874385833740234,0.07002472877502441
65,310,1.037542889515559,0.015442053476969253,0.058020591735839844
66,310,1.0225285838047664,0.015014305710792542,0.06102180480957031
67,310,1.007924069960912,0.014604513843854416,0.059020280838012695
68,310,0.9937221854925156,0.01420188446839643,0.07002496719360352
69,310,0.9799219419558843,0.01380024353663123,0.07802796363830566
70,310,0.9665076732635498,0.01341426869233453,0.061022043228149414
71,310,0.9534619102875391,0.013045762976010677,0.0680243968963623
72,310,0.9407863269249598,0.012675583362579346,0.06402206420898438
73,310,0.9284728765487671,0.012313450376192692,0.0750267505645752
74,310,0.9165081630150477,0.011964713533719418,0.06803011894226074
75,310,0.9048812786738077,0.01162688434123993,0.06501603126525879
76,310,0.8935850063959757,0.011296272277832031,0.061022043228149414
77,310,0.8826125661532084,0.010972440242767334,0.05702066421508789
78,310,0.8719507604837418,0.010661805669466617,0.06202197074890137
79,310,0.8615901370843252,0.010360623399416569,0.0840299129486084
80,310,0.8515200763940811,0.010070060690244076,0.07602715492248535
81,310,0.8417280862728754,0.009791990121205685,0.08302879333496094
82,310,0.8322038948535919,0.009524191419283512,0.060022592544555664
83,310,0.8229425996541977,0.009261295199394226,0.05801987648010254
84,310,0.8139366507530212,0.009005948901176453,0.062021493911743164
85,310,0.8051738291978836,0.008762821555137634,0.05501890182495117
86,310,0.7966472208499908,0.008526608347892761,0.06702375411987305
87,310,0.7883484760920206,0.008298744757970211,0.07902860641479492
88,310,0.7802683462699255,0.008080129822095161,0.06402254104614258
89,310,0.7724019189675649,0.007866427302360535,0.06902456283569336
90,310,0.7647410233815511,0.007660895586013794,0.06402230262756348
91,310,0.7572816958030065,0.007459327578544617,0.05702066421508789
92,310,0.7500121593475342,0.007269536455472347,0.05001688003540039
93,310,0.7429288327693939,0.007083326578140259,0.06002187728881836
94,310,0.7360231777032217,0.006905655066172245,0.061022043228149414
95,310,0.7292896707852682,0.006733506917953491,0.05401921272277832
96,310,0.7227227638165156,0.006566906968752617,0.05802035331726074
97,310,0.716317484776179,0.006405279040336609,0.062023162841796875
98,310,0.7100690205891927,0.006248464186986213,0.06302142143249512
99,310,0.7039701193571091,0.0060989012320836755,0.0660240650177002
100,310,0.6980165541172028,0.005953565239906311,0.06002020835876465
101,310,0.6922014107306799,0.005815143386522892,0.06402230262756348
102,310,0.6865225831667582,0.0056788275639216845,0.06902480125427246
103,310,0.6809747765461603,0.005547806620597839,0.05602073669433594
104,310,0.6755546778440475,0.005420098702112797,0.05701875686645508
105,310,0.6702571560939153,0.005297521750132206,0.0660238265991211
106,310,0.6650776018699011,0.005179554224014282,0.05702018737792969
107,310,0.660013864437739,0.005063737432162041,0.0660238265991211
108,310,0.6550613542397817,0.004952510197957283,0.07002496719360352
109,310,0.6502155413230261,0.004845812916755676,0.0660238265991211
110,310,0.6454735447963079,0.00474199652671814,0.06302165985107422
111,310,0.6408314307530721,0.004642114043235779,0.07202529907226562
112,310,0.6362860898176829,0.004545340935389275,0.06602358818054199
113,310,0.6318367222944895,0.004449367523193359,0.05501914024353027
114,310,0.6274796376625696,0.004357084631919861,0.06302332878112793
115,310,0.623211016257604,0.004268621404965645,0.06502246856689453
116,310,0.6190279126167297,0.004183103640874264,0.06402230262756348
117,310,0.6149280468622843,0.004099865754445431,0.06202340126037598
118,310,0.610909178853035,0.004018868009249332,0.0610203742980957
119,310,0.6069694608449936,0.003939718008041382,0.06202220916748047
120,310,0.6031073033809662,0.003862157464027405,0.06402230262756348
121,310,0.5993189265330633,0.0037883768479028967,0.051018714904785156
122,310,0.5956023037433624,0.003716622789700863,0.06602358818054199
123,310,0.591955284277598,0.0036470194657644006,0.06302142143249512
124,310,0.5883773465951284,0.003577937682469612,0.0660240650177002
125,310,0.5848665883143743,0.0035107582807540894,0.0590205192565918
126,310,0.5814195374647776,0.0034470508495967334,0.057021379470825195
127,310,0.5780359506607056,0.003383586804072025,0.05501961708068848
128,310,0.5747131009896597,0.003322849671045902,0.0520169734954834
129,310,0.5714494834343592,0.0032636175553004687,0.06102252006530762
130,310,0.5682440251111984,0.0032054583231607703,0.061022043228149414
131,310,0.5650946001211802,0.003149424990018246,0.0610198974609375
132,310,0.5619995991388956,0.003095000982284546,0.10803961753845215
133,310,0.5589572141567866,0.00304238498210907,0.09203243255615234
134,310,0.5559671968221664,0.002990017334620121,0.1680600643157959
135,310,0.5530276497205099,0.002939547101656559,0.05201840400695801
136,310,0.550136923789978,0.0028907259305318567,0.059020042419433594
137,310,0.5472943112254143,0.0028426125645637512,0.06102180480957031
138,310,0.5444980710744858,0.0027962401509284973,0.06502294540405273
139,310,0.5417479624350866,0.0027501086393991736,0.06102108955383301
140,310,0.5390421822667122,0.0027057801683744165,0.056020498275756836
141,310,0.536379744609197,0.002662437657515171,0.06302261352539062
142,310,0.5337595318754514,0.002620212733745575,0.0590207576751709
143,310,0.5311810299754143,0.0025785019000371667,0.061022043228149414
144,310,0.5286426072319349,0.002538422743479374,0.05601954460144043
145,310,0.5261436576644579,0.0024989495674769824,0.05101752281188965
146,310,0.5236836324135462,0.0024600252509117126,0.06402325630187988
147,310,0.5212603931625684,0.00242323925097776,0.06202197074890137
148,310,0.5188741336266199,0.0023862595359485095,0.08603048324584961
149,310,0.5165240913629532,0.0023500422636667517,0.11704134941101074
150,310,0.5142084956169128,0.0023155957460403442,0.058020591735839844
151,310,0.5119267056385676,0.002281789978345272,0.06602334976196289
152,310,0.509678490459919,0.0022482151786485938,0.06502318382263184
153,310,0.5074625164270401,0.0022159740328788757,0.06702446937561035
154,310,0.5052782222628593,0.0021842941641807556,0.05601906776428223
155,310,0.5031258513530096,0.0021523709098497656,0.06102156639099121
156,310,0.5010040526588758,0.0021217986941337585,0.07102584838867188
157,310,0.49891167630751926,0.002092376351356562,0.062021493911743164
158,310,0.49684785058101016,0.0020638257265090942,0.05501914024353027
159,310,0.49481234947840375,0.0020355011026064185,0.06702470779418945
160,310,0.49280491719643277,0.002007432281970978,0.07202506065368652
161,310,0.49082498749097186,0.0019799297054609033,0.07602620124816895
162,310,0.4888706977168719,0.0019542897740999488,0.057019948959350586
163,310,0.4869432697693507,0.0019274279475212097,0.0590212345123291
164,310,0.4850420082608859,0.0019012615084648132,0.060021162033081055
165,310,0.48316499839226407,0.0018770098686218262,0.05201911926269531
166,310,0.48131247609853745,0.0018525222937266217,0.056020259857177734
167,310,0.4794842501481374,0.001828225950400053,0.08502960205078125
168,310,0.47767873853445053,0.001805511613686861,0.08202958106994629
169,310,0.4758966614802678,0.001782077054182707,0.08202886581420898
170,310,0.4741369312008222,0.0017597302794456482,0.07802748680114746
171,310,0.47239816685517627,0.0017387643456459045,0.09003210067749023
172,310,0.47067975004514057,0.0017184168100357056,0.08002758026123047
173,310,0.46898270150025684,0.001697048544883728,0.07702779769897461
174,310,0.46730683992306393,0.0016758615771929053,0.08303022384643555
175,310,0.46565082172552746,0.0016560181975364685,0.08903193473815918
176,310,0.46401477108399075,0.0016360506415367126,0.08002734184265137
177,310,0.4623987004160881,0.001616070667902647,0.07402658462524414
178,310,0.46080223719278973,0.0015964632232983722,0.07902884483337402
179,310,0.4592249169945717,0.0015773201982180463,0.07302451133728027
180,310,0.4576660469174385,0.0015588700771331787,0.07102489471435547
181,310,0.45612530906995136,0.0015407378474871503,0.07302665710449219
182,310,0.4546026016275088,0.001522707442442539,0.07602763175964355
183,310,0.4530976141492526,0.0015049874782562256,0.08002710342407227
184,310,0.45161035160223645,0.0014872625470161438,0.07102584838867188
185,310,0.45014001925786334,0.0014703323443731042,0.0750267505645752
186,310,0.4486865426103274,0.0014534766475359229,0.07502627372741699
187,310,0.4472496931751569,0.0014368494351705285,0.07802820205688477
188,310,0.4458296100298564,0.0014200831453005103,0.08302879333496094
189,310,0.4444240132967631,0.0014055967330932617,0.1110389232635498
190,310,0.4430338541666667,0.0013901591300964355,0.08703160285949707
191,310,0.4416590655843417,0.0013747885823249817,0.09603357315063477
192,310,0.4402988751729329,0.0013601904114087793,0.0840308666229248
193,310,0.4389535014828046,0.0013453736901283264,0.09003090858459473
194,310,0.4376222516099612,0.0013312498728433875,0.09203243255615234
195,310,0.4363049815098445,0.0013172701001167297,0.08404183387756348
196,310,0.4350022996465365,0.0013026818633079529,0.08201742172241211
197,310,0.43371329456567764,0.0012890050808588849,0.08303046226501465
198,310,0.43243786444266635,0.0012754301230112897,0.07802748680114746
199,310,0.43117539832989377,0.0012624661127725867,0.08302855491638184
200,310,0.42992615203062695,0.0012492462992668152,0.13204693794250488
201,310,0.4286900833249092,0.001236068705717741,0.09503436088562012
202,310,0.4274667675296466,0.0012233157952626361,0.0950326919555664
203,310,0.42625483373800915,0.0012119337916374207,0.10503721237182617
204,310,0.4250553200642268,0.0011995136737823486,0.09203267097473145
205,310,0.42386739949385327,0.0011879205703735352,0.06402254104614258
206,310,0.42269109189510345,0.001176307598749815,0.06302213668823242
207,310,0.42152786751588184,0.0011632243792216168,0.06602287292480469
208,310,0.42037606487671536,0.001151802639166477,0.060021400451660156
209,310,0.41923591246207553,0.0011401524146398279,0.06302261352539062
210,310,0.41810692101716995,0.0011289914449055805,0.06302213668823242
211,310,0.4169880871971448,0.0011188338200251446,0.06602358818054199
212,310,0.41588012129068375,0.0011079659064610614,0.0660238265991211
213,310,0.41478243718544644,0.0010976841052373065,0.059020280838012695
214,310,0.41369541237751645,0.0010870248079299927,0.061022043228149414
215,310,0.4126183862487475,0.001077026128768921,0.06002163887023926
216,310,0.4115511973698934,0.0010671888788541528,0.061020851135253906
217,310,0.41049381842215854,0.0010573789477348328,0.0590214729309082
218,310,0.40944721798102063,0.0010466004411379126,0.06002092361450195
219,310,0.408410241206487,0.0010369767745336267,0.059021711349487305
220,310,0.4073829725384712,0.0010272686680157794,0.06102156639099121
221,310,0.40636491030454636,0.0010180622339248657,0.06002044677734375
222,310,0.40535608927408856,0.001008821030457796,0.0680246353149414
223,310,0.40435662617286044,0.0009994631012281152,0.05702042579650879
224,310,0.40336612860361737,0.0009904975692430762,0.05801987648010254
225,310,0.402384415268898,0.0009817133347193585,0.06002163887023926
226,310,0.4014116128285726,0.0009728024403254376,0.0590207576751709
227,310,0.4004470904668172,0.0009645223617553711,0.05802035331726074
228,310,0.3994908581177394,0.0009562323490778235,0.06002211570739746
229,310,0.3985435366630554,0.0009473214546839581,0.05902099609375
230,310,0.3976043537259102,0.0009391829371452332,0.05701923370361328
231,310,0.396673118074735,0.0009312356511751996,0.06402301788330078
232,310,0.39574961612621945,0.0009235019485155371,0.0660240650177002
233,310,0.39483468731244403,0.0009149288137754175,0.06202101707458496
234,310,0.39392731090386707,0.0009073764085769653,0.06702375411987305
235,310,0.393027663230896,0.0008996476729710712,0.06402301788330078
236,310,0.39213521778583527,0.00089244544506073,0.055019378662109375
237,310,0.3912501633167267,0.0008850544691085815,0.0590212345123291
238,310,0.39037257184584934,0.000877591470877348,0.06102395057678223
239,310,0.3895021751523018,0.0008703966935475482,0.05001497268676758
240,310,0.3886387074987094,0.0008634676535924091,0.06002163887023926
241,310,0.3877817889054616,0.0008569185932477685,0.0680239200592041
242,310,0.3869319756825765,0.0008498132228851318,0.0750272274017334
243,310,0.38608914365371066,0.0008428320288658142,0.08002781867980957
244,310,0.3852531636754672,0.0008359799782434729,0.08202934265136719
245,310,0.3844236930211385,0.0008294706543287012,0.13504815101623535
246,310,0.38360124578078586,0.0008224472403526306,0.09403228759765625
247,310,0.38278544942537945,0.0008157963554064063,0.14905452728271484
248,310,0.38197630892197293,0.0008091405034065247,0.12204241752624512
249,310,0.3811734343568484,0.0008028745651245117,0.07902765274047852
250,310,0.38037672887245816,0.0007967054843902588,0.09403419494628906
251,310,0.37958625704050064,0.0007904718319575177,0.07502579689025879
252,310,0.37880221754312515,0.0007840394973754883,0.07002472877502441
253,310,0.3780240813891093,0.0007781361540158405,0.07902932167053223
254,310,0.37725213418404263,0.0007719472050666809,0.08402895927429199
255,310,0.376486100256443,0.0007660339275996075,0.0770263671875
256,310,0.3757244298855464,0.0007616703708966388,0.08903169631958008
257,310,0.37496959914763767,0.0007548307379087182,0.07902860641479492
258,310,0.37421906491120654,0.0007505342364311218,0.07402610778808594
259,310,0.37347419063250226,0.0007448742787042884,0.07602715492248535
260,310,0.37273498127857846,0.0007392093539237976,0.08503055572509766
261,310,0.3720004955927531,0.0007344856858253479,0.10303640365600586
262,310,0.37127093722422916,0.0007295583685239526,0.08002781867980957
263,310,0.3705466066797574,0.0007243305444717407,0.11104035377502441
264,310,0.3698277572790782,0.0007188494006792334,0.1340477466583252
265,310,0.36911385009686154,0.0007139071822166443,0.12104249000549316
266,310,0.36840489755074185,0.0007089525461196899,0.07602667808532715
267,310,0.3677007233103116,0.0007041742404302331,0.08202958106994629
268,310,0.3670019755760829,0.0006987477342287329,0.07902741432189941
269,310,0.36630817502737045,0.000693800548712431,0.07402586936950684
270,310,0.3656189839045207,0.0006891911228497638,0.08102846145629883
271,310,0.3649348666270574,0.0006841172774633142,0.07802772521972656
272,310,0.3642546584208806,0.0006802082061767578,0.0750267505645752
273,310,0.3635801722606023,0.0006744861602783203,0.07102537155151367
274,310,0.36291058361530304,0.0006695886452992572,0.07602620124816895
275,310,0.3622455894947052,0.0006649941205978394,0.062021732330322266
276,310,0.36158548792203266,0.0006601015726725445,0.06503582000732422
277,310,0.3609292482336362,0.0006562396883964539,0.06501102447509766
278,310,0.3602774143218994,0.0006518339117367877,0.05702066421508789
279,310,0.3596303140123685,0.0006471003095309125,0.05501890182495117
280,310,0.358987254401048,0.0006430596113204956,0.06102156639099121
281,310,0.35834865768750507,0.0006385967135429382,0.05101799964904785
282,310,0.3577147324879964,0.000633925199508667,0.057019710540771484
283,310,0.3570849026242892,0.0006298298637071875,0.06502413749694824
284,310,0.35645894706249237,0.0006259555617968426,0.05702042579650879
285,310,0.35583709677060443,0.0006218502918879376,0.053019046783447266
286,310,0.3552185545365016,0.0006185422341028479,0.06702232360839844
287,310,0.3546046242117882,0.0006139303247134076,0.06002163887023926
288,310,0.35399402926365536,0.0006105949481328143,0.05101799964904785
289,310,0.35338718940814334,0.0006068398555120202,0.050019264221191406
290,310,0.3527848968903224,0.000602292517820957,0.053019046783447266
291,310,0.35218576590220135,0.0005991309881210327,0.05301690101623535
292,310,0.35159118721882504,0.0005945786833763123,0.05201864242553711
293,310,0.3509998271862666,0.0005913600325584412,0.06302237510681152
294,310,0.35041290521621704,0.0005869219700495587,0.06702446937561035
295,310,0.34982895602782565,0.0005839491883913861,0.06902384757995605
296,310,0.3492496957381566,0.0005792602896690369,0.05401897430419922
297,310,0.34867337842782337,0.000576317310333252,0.06202244758605957
298,310,0.34810106456279755,0.0005723138650258197,0.06302165985107422
299,310,0.34753092875083286,0.0005701358119646893,0.052019357681274414
300,310,0.3469650720556577,0.0005658566951751709,0.05301833152770996
301,310,0.34640219062566757,0.0005628814299901141,0.05101776123046875
302,310,0.3458437869946162,0.0005584036310513629,0.057019948959350586
303,310,0.3452886218825976,0.0005551651120185852,0.061022043228149414
304,310,0.34473634511232376,0.0005522767702738629,0.06102252006530762
305,310,0.34418630848328274,0.0005500366290410175,0.06202292442321777
306,310,0.3436403274536133,0.0005459810296694623,0.05401778221130371
307,310,0.34309645742177963,0.0005438700318336487,0.06102108955383301
308,310,0.3425566578904788,0.0005397995313008441,0.06102156639099121
309,310,0.3420192574461301,0.0005374004443486902,0.05301928520202637
310,310,0.34148473540941876,0.0005345220367113379,0.06002092361450195
311,310,0.34095334510008496,0.0005313903093338013,0.05902218818664551
312,310,0.34042541682720184,0.0005279282728831158,0.06702303886413574
313,310,0.33989986032247543,0.0005255565047264099,0.06702351570129395
314,310,0.33937767644723255,0.0005221838752428876,0.06002092361450195
315,310,0.33885839581489563,0.0005192806323369159,0.061022043228149414
316,310,0.33834214011828107,0.0005162556966145648,0.06402254104614258
317,310,0.33782895902792615,0.0005131810903549194,0.061022281646728516
318,310,0.3373189717531204,0.0005099872748057233,0.0680239200592041
319,310,0.33681142578522366,0.0005075459678967609,0.0680241584777832
320,310,0.3363070885340373,0.0005043372511863708,0.06402230262756348
321,310,0.3358053117990494,0.0005017767349879132,0.07002425193786621
322,310,0.33530662457148236,0.0004986872275670184,0.06302261352539062
323,310,0.33480977018674213,0.0004968543847402307,0.058020830154418945
324,310,0.3343164126078288,0.0004933575789133338,0.06402277946472168
325,310,0.3338254715005557,0.0004909411072731018,0.06502294540405273
326,310,0.3333372324705124,0.0004882390300433026,0.05501985549926758
327,310,0.3328520009915034,0.000485231479008974,0.07102489471435547
328,310,0.33236860235532123,0.00048339863618218626,0.06502270698547363
329,310,0.33188824603954953,0.0004803563157717017,0.06102180480957031
330,310,0.33141079793373746,0.00047744810581207275,0.052018165588378906
331,310,0.33093537390232086,0.0004754240314165936,0.050018310546875
332,310,0.33046219994624454,0.0004731739560763226,0.05201911926269531
333,310,0.32999219993750256,0.00047000000874197756,0.06302165985107422
334,310,0.3295244301358859,0.0004677698016166687,0.05501914024353027
335,310,0.3290593797961871,0.0004650503396987915,0.053018808364868164
336,310,0.3285955761869748,0.0004638036092122766,0.0590205192565918
337,310,0.328135721385479,0.00045985480149585145,0.05802106857299805
338,310,0.3276771605014801,0.00045856088399887085,0.05201888084411621
339,310,0.3272218555212021,0.00045530498027801514,0.06202125549316406
340,310,0.3267679264148076,0.0004539291063944684,0.061022281646728516
341,310,0.3263169452548027,0.00045098116000491517,0.059020280838012695
342,310,0.32586804529031116,0.0004488999644915448,0.05201864242553711
343,310,0.32542084033290547,0.0004472049574056891,0.05502033233642578
344,310,0.3249763051668803,0.00044453516602516174,0.06702303886413574
345,310,0.3245333557327588,0.0004429494341214868,0.06202292442321777
346,310,0.3240933194756508,0.00044003625710803407,0.058020591735839844
347,310,0.32365491365393,0.0004384058217207776,0.05501914024353027
348,310,0.323219350228707,0.0004355634252229956,0.05802011489868164
349,310,0.32278551161289215,0.00043383861581486327,0.05902099609375
350,310,0.32235313827792805,0.0004323733349640979,0.05101799964904785
351,310,0.3219236185153325,0.0004295197625955316,0.06102132797241211
352,310,0.3214954510331154,0.0004281674822171344,0.05702018737792969
353,310,0.32107024267315865,0.00042520835995674133,0.04701638221740723
354,310,0.3206460016469161,0.00042424102624255555,0.0500178337097168
355,310,0.320224662621816,0.00042133902510010923,0.056020259857177734
356,310,0.31980565562844276,0.00041900699337321656,0.053018808364868164
357,310,0.319387823343277,0.00041783228516578674,0.05602002143859863
358,310,0.3189726322889328,0.00041519105434417725,0.057021141052246094
359,310,0.31855866437156993,0.0004139679173628674,0.06402134895324707
360,310,0.31814756492773694,0.00041109944383299624,0.060021400451660156
361,310,0.31773754333456355,0.00041002159317338194,0.0680241584777832
362,310,0.3173302349944909,0.00040730834007263184,0.05502009391784668
363,310,0.31692391261458397,0.00040632237990695375,0.05401897430419922
364,310,0.3165201159814994,0.00040379663308459657,0.05802035331726074
365,310,0.316117350012064,0.00040276596943539245,0.06102108955383301
366,310,0.3157167273263137,0.000400622685750307,0.060022592544555664
367,310,0.31531793003280956,0.0003987972935041162,0.058020591735839844
368,310,0.3149215045074622,0.00039642552534735476,0.05301785469055176
369,310,0.31452658772468567,0.0003949167827765332,0.06402277946472168
370,310,0.3141326643526554,0.0003939233720302582,0.050017595291137695
371,310,0.3137417125205199,0.0003909518321354999,0.05501890182495117
372,310,0.31335196147362393,0.00038975104689598083,0.05502033233642578
373,310,0.3129643698533376,0.00038759162028634275,0.0590205192565918
374,310,0.31257832795381546,0.0003860418995221271,0.0500185489654541
375,310,0.31219345207015675,0.0003848758836587085,0.056020498275756836
376,310,0.31181157752871513,0.00038187454144161803,0.06402158737182617
377,310,0.31143058463931084,0.0003809928894042969,0.06202197074890137
378,310,0.3110510731736819,0.00037951146562892335,0.05501961708068848
379,310,0.3106740973889828,0.0003769757846991406,0.04701709747314453
380,310,0.31029882778724033,0.00037526960174244506,0.07702755928039551
381,310,0.3099241219460964,0.0003747058411439075,0.10203742980957031
382,310,0.3095524584253629,0.0003716635207335339,0.08702945709228516
383,310,0.3091818441947301,0.000370614230632782,0.09403371810913086
384,310,0.308812798311313,0.0003690458834171295,0.09003043174743652
385,310,0.3084455480178197,0.0003672502934932709,0.08403134346008301
386,310,0.30807946249842644,0.0003660855193932666,0.05901908874511719
387,310,0.30771537621816,0.0003640862802664624,0.05401968955993652
388,310,0.3073521728316943,0.0003632033864656714,0.06302237510681152
389,310,0.3069911350806554,0.00036103775103890623,0.057019948959350586
390,310,0.3066304884850979,0.0003606465955575122,0.05501985549926758
391,310,0.30627181629339856,0.0003586721916993274,0.05501961708068848
392,310,0.3059142182270686,0.00035759806632995605,0.060021162033081055
393,310,0.3055584418276946,0.0003557763993740082,0.051018476486206055
394,310,0.30520329748590785,0.0003551443417867395,0.06402254104614258
395,310,0.3048509657382965,0.0003523317476113452,0.06102132797241211
396,310,0.3044986128807068,0.0003523528575897217,0.06302237510681152
397,310,0.30414873485763866,0.00034987802306812865,0.06102180480957031
398,310,0.3037993907928467,0.00034934406479197877,0.06602358818054199
399,310,0.3034526916841666,0.0003466991086800708,0.06702327728271484
400,310,0.3031077521542708,0.00034493952989578247,0.057019948959350586
401,310,0.30276352788011235,0.0003442242741584778,0.06702327728271484
402,310,0.302421694000562,0.00034183387955033506,0.05002021789550781
403,310,0.30208078275124234,0.0003409112493196753,0.05701756477355957
404,310,0.30174051349361736,0.00034026925762498106,0.06402349472045898
405,310,0.30140187591314316,0.00033863758047419923,0.06702280044555664
406,310,0.30106504013140994,0.0003368357817332135,0.05702018737792969
407,310,0.3007294076184432,0.0003356325129667548,0.05101919174194336
408,310,0.3003956253329913,0.00033378228545188904,0.06002044677734375
409,310,0.30006225655476254,0.00033336877822875977,0.05802106857299805
410,310,0.2997312719623248,0.00033098459243774414,0.054018497467041016
411,310,0.29940008868773776,0.00033118327458703245,0.05201888084411621
412,310,0.2990712771813075,0.000328811506430271,0.05802035331726074
413,310,0.2987426059941451,0.0003286711871623993,0.058020830154418945
414,310,0.2984163649380207,0.0003262410561243878,0.05601978302001953
415,310,0.29809070006012917,0.00032566487789154053,0.05602002143859863
416,310,0.2977660795052846,0.0003246205548445569,0.06502318382263184
417,310,0.29744305337468785,0.00032302613059675966,0.05201888084411621
418,310,0.29712072138984996,0.00032233198483788694,0.05801987648010254
419,310,0.29680030172069866,0.00032041966915130615,0.06002187728881836
420,310,0.2964800012608369,0.00032030045986175537,0.0590205192565918
421,310,0.296161450445652,0.0003185508151848926,0.0520176887512207
422,310,0.2958438980082671,0.0003175524373849048,0.06502342224121094
423,310,0.2955273849268754,0.00031651308139168943,0.06502318382263184
424,310,0.29521125306685764,0.0003161318600177765,0.05301856994628906
425,310,0.2948968472580115,0.0003144058088461188,0.057019948959350586
426,310,0.2945837937295437,0.00031305352846783263,0.06102180480957031
427,310,0.29427120958765346,0.00031258414189022643,0.056020259857177734
428,310,0.2939603043099244,0.0003109052777290344,0.08002996444702148
429,310,0.2936498361329238,0.00031046817700064455,0.06902265548706055
430,310,0.2933412939310074,0.00030854220191639525,0.0590205192565918
431,310,0.2930336619416873,0.0003076319893201007,0.06902503967285156
432,310,0.2927260423700015,0.000307619571685791,0.05501961708068848
433,310,0.2924204121033351,0.00030563026666641235,0.060021162033081055
434,310,0.2921161937216918,0.0003042183816432953,0.05601954460144043
435,310,0.29181205729643506,0.0003041364252567291,0.05401945114135742
436,310,0.2915092756350835,0.0003027816613515588,0.05602097511291504
437,310,0.2912081281344096,0.00030114750067389284,0.05801987648010254
438,310,0.290907363096873,0.0003007650375366211,0.06102108955383301
439,310,0.29060742010672885,0.00029994299014413084,0.050017356872558594
440,310,0.2903087002535661,0.0002987198531627655,0.053018808364868164
441,310,0.2900109998881817,0.00029770036538440126,0.04701662063598633
442,310,0.2897142892082532,0.0002967106799284802,0.05702042579650879
443,310,0.28941851730148,0.0002957719067732123,0.052018165588378906
444,310,0.28912389154235524,0.00029462575912475586,0.0570216178894043
445,310,0.288829921434323,0.00029397010803222656,0.055017948150634766
446,310,0.28853649149338406,0.0002934299409389496,0.0500185489654541
447,310,0.2882435545325279,0.0002929369608561383,0.06002068519592285
448,310,0.28795196240146953,0.00029159213105839354,0.06702375411987305
449,310,0.28766079743703205,0.00029116496443748474,0.049018144607543945
450,310,0.2873712343474229,0.0002895630896091461,0.054018259048461914
451,310,0.28708187366525334,0.00028936068216955935,0.06402301788330078
452,310,0.28679382676879567,0.0002880468964576721,0.05501985549926758
453,310,0.2865068068106969,0.00028701995809876646,0.05401873588562012
454,310,0.2862207976480325,0.00028600916266441345,0.04601645469665527
455,310,0.28593559190630913,0.00028520574172336,0.05601954460144043
456,310,0.28565065562725067,0.0002849362790584564,0.05401968955993652
457,310,0.28536662956078845,0.0002840260664622174,0.05601954460144043
458,310,0.28508300334215164,0.00028362621863681214,0.059021949768066406
459,310,0.28480034073193866,0.00028266261021298034,0.0520174503326416
460,310,0.2845188205440839,0.00028152018785476685,0.048017024993896484
461,310,0.28423786039153737,0.00028096015254652773,0.05602002143859863
462,310,0.2839570889870326,0.000280771404504776,0.058020830154418945
463,310,0.2836773196856181,0.00027976930141448975,0.06402206420898438
464,310,0.2833985351026058,0.0002787845830122815,0.0660240650177002
465,310,0.28312066197395325,0.00027787312865257263,0.059020042419433594
466,310,0.2828432135283947,0.000277448445558548,0.061022281646728516
467,310,0.28256741911172867,0.0002757944166660309,0.04801750183105469
468,310,0.28229151541988057,0.0002759036918481006,0.06002068519592285
469,310,0.2820169006784757,0.0002746147414048883,0.0590212345123291
470,310,0.28174272427956265,0.0002741763989130286,0.05101823806762695
471,310,0.2814691786964734,0.0002735455830892297,0.05801963806152344
472,310,0.2811966265241305,0.0002725521723428992,0.05301952362060547
473,310,0.28092509383956593,0.00027153268456459045,0.05401873588562012
474,310,0.2806542379160722,0.0002708559234937402,0.062021732330322266
475,310,0.28038468460241955,0.00026955331365263735,0.05902099609375
476,310,0.2801160141825676,0.0002686704198519574,0.048017024993896484
477,310,0.2798478876550992,0.00026812652746838195,0.0660238265991211
478,310,0.27958090230822563,0.0002669853468735828,0.0570218563079834
479,310,0.27931539838512737,0.00026550392309826476,0.056018829345703125
480,310,0.27904772758483887,0.00026767080028849977,0.05901980400085449
481,310,0.2787807683149974,0.00026695926984149354,0.058022499084472656
482,310,0.2785152556995551,0.000265512615442276,0.057019948959350586
483,310,0.27824969093004864,0.00026556476950645447,0.05101633071899414
484,310,0.27798545484741527,0.0002642360826333734,0.04801774024963379
485,310,0.2777217949430148,0.0002636599044004706,0.060021162033081055
486,310,0.27745935693383217,0.0002624380091826306,0.06402254104614258
487,310,0.277197723587354,0.00026163334647816283,0.06102132797241211
488,310,0.2769368427495162,0.000260880837837818,0.0590214729309082
489,310,0.2766767715414365,0.00026007120807969297,0.0500180721282959
490,310,0.2764176328976949,0.00025913864374160767,0.05301785469055176
491,310,0.276159322510163,0.0002583103875318793,0.05802035331726074
492,310,0.2759026698768139,0.00025665263334911925,0.06602334976196289
493,310,0.27564569811026257,0.00025697176655131715,0.06502389907836914
494,310,0.2753901071846485,0.0002555909256140576,0.06302237510681152
495,310,0.27513491610685986,0.00025519107778865235,0.05401921272277832
496,310,0.27488088607788086,0.00025403002897900206,0.05702042579650879
497,310,0.2746275154252847,0.0002533706525961743,0.06402254104614258
498,310,0.27437442541122437,0.00025309001406031983,0.057019710540771484
499,310,0.27412158995866776,0.0002528354525566101,0.05401897430419922
500,310,0.27387000247836113,0.00025158748030662537,0.06502413749694824
