1,250,2.3020946979522705,Nan,0.0800318717956543
2,250,2.2876351049968173,0.014459592955453182,0.08902859687805176
3,250,2.273139374596732,0.01449573040008545,0.10403633117675781
4,250,2.258523464202881,0.014615910393851017,0.0840294361114502
5,250,2.243247287614005,0.015276176588876034,0.08302903175354004
6,250,2.22714524609702,0.01610204151698502,0.07602930068969727
7,250,2.2102537836347307,0.01689146246228912,0.0770258903503418
8,250,2.192568506513323,0.017685277121407772,0.07402753829956055
9,250,2.1741264888218472,0.018442017691475687,0.08002686500549316
10,250,2.1548215321132114,0.019304956708635856,0.07402586936950684
11,250,2.134852715900966,0.019968816212245333,0.06502270698547363
12,250,2.114266582897731,0.020586133003234863,0.056020498275756836
13,250,2.0929626737322127,0.021303909165518498,0.05802035331726074
14,250,2.070891959326608,0.022070714405604708,0.07002544403076172
15,250,2.0480975764138356,0.02279438291277236,0.056018829345703125
16,250,2.024635817323412,0.023461759090423584,0.06202197074890137
17,250,2.0004794767924716,0.0241563405309404,0.05502009391784668
18,250,1.9757071137428284,0.024772363049643253,0.06102156639099121
19,250,1.9503734111785889,0.025333702564239502,0.07002472877502441
20,250,1.9245191727365767,0.02585423844201218,0.07402658462524414
21,250,1.8981927973883492,0.02632637534822746,0.0680243968963623
22,250,1.871444353035518,0.02674844435283119,0.06402301788330078
23,250,1.8443181003843034,0.0271262526512146,0.06602263450622559
24,250,1.8168439183916365,0.027474181992666935,0.07202577590942383
25,250,1.7890549727848597,0.027788945606776805,0.06202268600463867
26,250,1.7610111917768205,0.02804378100803917,0.06202077865600586
27,250,1.7327472482408797,0.02826394353594086,0.061022043228149414
28,250,1.7043132015636988,0.028434046677180858,0.058020591735839844
29,250,1.6757528185844421,0.02856038297925667,0.0680243968963623
30,250,1.647105404308864,0.028647414275578154,0.07202553749084473
31,250,1.6184123158454895,0.028693088463374483,0.06302189826965332
32,250,1.5897188442093986,0.028693471636090928,0.0680241584777832
33,250,1.5610742909567696,0.028644553252628935,0.06902480125427246
34,250,1.5325247304780143,0.028549560478755343,0.06502223014831543
35,250,1.50412232535226,0.028402405125754315,0.048017263412475586
36,250,1.4759247643607003,0.028197560991559678,0.062021732330322266
37,250,1.4479743923459734,0.027950372014726943,0.06102156639099121
38,250,1.4203223500932967,0.0276520422526767,0.06502366065979004
39,250,1.3930145246641976,0.027307825429099042,0.06502246856689453
40,250,1.366100856236049,0.026913668428148574,0.0680246353149414
41,250,1.3396228892462594,0.02647796698978966,0.07002472877502441
42,250,1.3136223554611206,0.02600053378513878,0.06902480125427246
43,250,1.28813955613545,0.025482799325670547,0.06102108955383301
44,250,1.2632016369274683,0.024937919207981718,0.07802820205688477
45,250,1.2388394219534737,0.0243622149739946,0.06102156639099121
46,250,1.2150740027427673,0.023765419210706407,0.06102180480957031
47,250,1.191920748778752,0.023153253964015352,0.07202529907226562
48,250,1.1693943738937378,0.02252637488501419,0.06402277946472168
49,250,1.147507335458483,0.021887038435254746,0.062021732330322266
50,250,1.126262264592307,0.021245070866175997,0.07202506065368652
51,250,1.105658165046147,0.02060409954616005,0.07102537155151367
52,250,1.0856887783323015,0.019969386713845516,0.07002520561218262
53,250,1.0663485612188066,0.019340217113494873,0.058020830154418945
54,250,1.0476318427494593,0.018716718469347304,0.058020591735839844
55,250,1.029528362410409,0.018103480339050293,0.059020280838012695
56,250,1.0120260332311903,0.01750232917921868,0.0680246353149414
57,250,0.9951105756419045,0.01691545758928581,0.07502603530883789
58,250,0.9787656920296806,0.01634488361222397,0.07002544403076172
59,250,0.9629784013543811,0.015787290675299492,0.08302879333496094
60,250,0.9477292469569615,0.015249154397419584,0.0660238265991211
61,250,0.9329992405005864,0.014730006456375122,0.09103250503540039
62,250,0.9187722376414708,0.0142270028591156,0.06202125549316406
63,250,0.9050308976854596,0.013741339956011123,0.06802487373352051
64,250,0.8917566750730787,0.013274222612380981,0.0680239200592041
65,250,0.8789323908942086,0.012824284178870049,0.06402254104614258
66,250,0.8665401680128915,0.012392222881317139,0.06102132797241211
67,250,0.8545633809907096,0.011976787022181856,0.07302618026733398
68,250,0.8429852979523795,0.011578083038330078,0.06502270698547363
69,250,0.8317895148481641,0.011195783104215429,0.05201888084411621
70,250,0.8209618202277592,0.010827694620404893,0.062021732330322266
71,250,0.8104866743087769,0.010475145918982354,0.06102180480957031
72,250,0.8003493121692112,0.01013736213956562,0.06402277946472168
73,250,0.7905370805944715,0.00981223157473976,0.06202340126037598
74,250,0.7810365727969578,0.009500507797513658,0.0680227279663086
75,250,0.7718328663281032,0.0092037064688546,0.06602287292480469
76,250,0.7629148066043854,0.008918059723717842,0.0660240650177002
77,250,0.7542693444660732,0.008645462138312188,0.07002472877502441
78,250,0.7458864918776921,0.008382852588381118,0.06502246856689453
79,250,0.7377550772258213,0.008131414651870728,0.07102560997009277
80,250,0.7298645334584373,0.007890543767384073,0.07302737236022949
81,250,0.7222046596663338,0.007659873792103422,0.07102322578430176
82,250,0.7147679882390159,0.007436671427317965,0.05702066421508789
83,250,0.7075456295694623,0.0072223586695535635,0.06702399253845215
84,250,0.7005287408828735,0.007016888686588785,0.06402301788330078
85,250,0.6937092031751361,0.006819537707737466,0.06902480125427246
86,250,0.6870784929820469,0.00663071019308914,0.06702327728271484
87,250,0.6806301304272243,0.0064483625548226176,0.05601954460144043
88,250,0.6743570779051099,0.0062730525221144084,0.06502270698547363
89,250,0.6682512334414891,0.006105844463620835,0.07102560997009277
90,250,0.6623073901448931,0.005943843296595919,0.09003233909606934
91,250,0.6565174588135311,0.005789931331362075,0.11904287338256836
92,250,0.6508769989013672,0.0056404599121638865,0.09103083610534668
93,250,0.6453801010336194,0.005496897867747763,0.08503007888793945
94,250,0.6400218180247715,0.005358283008847886,0.08002948760986328
95,250,0.6347971388271877,0.005224679197583848,0.08002805709838867
96,250,0.6297012482370649,0.005095890590122831,0.08002877235412598
97,250,0.6247287477765765,0.0049725004604883605,0.0840291976928711
98,250,0.6198751287800925,0.004853618996483955,0.08603096008300781
99,250,0.6151371470519474,0.004737981728145102,0.07902741432189941
100,250,0.6105090251990727,0.004628121852874756,0.06702351570129395
101,250,0.6059875275407519,0.004521497658320772,0.07402658462524414
102,250,0.6015696993895939,0.0044178281511579875,0.07902669906616211
103,250,0.5972525009087154,0.004317198480878526,0.06002211570739746
104,250,0.5930313893726894,0.004221111536026001,0.06902432441711426
105,250,0.5889038060392652,0.004127583333424223,0.06902384757995605
106,250,0.5848660511629922,0.004037754876273003,0.08102965354919434
107,250,0.5809150380747659,0.003951013088226318,0.0840294361114502
108,250,0.5770483996186938,0.003866638456072047,0.07802772521972656
109,250,0.5732634578432355,0.003784941775458295,0.09103274345397949
110,250,0.5695574922221047,0.003705965621130791,0.08302927017211914
111,250,0.5659283782754626,0.003629113946642115,0.07302737236022949
112,250,0.5623726972511837,0.003555681024278945,0.062020063400268555
113,250,0.5588881926877158,0.0034845045634678273,0.06402277946472168
114,250,0.5554722334657397,0.003415959221976128,0.06202220916748047
115,250,0.5521226610456195,0.0033495724201202393,0.06102132797241211
116,250,0.5488391731466565,0.0032834878989629335,0.057019710540771484
117,250,0.5456193770681109,0.0032197960785456115,0.059021711349487305
118,250,0.5424614804131644,0.0031578966549464793,0.06902408599853516
119,250,0.5393635588032859,0.00309792160987854,0.060021162033081055
120,250,0.5363232003790992,0.0030403584241867065,0.05501914024353027
121,250,0.533340009195464,0.0029831911836352143,0.06202220916748047
122,250,0.5304120566163745,0.00292795257908951,0.07302594184875488
123,250,0.5275381462914603,0.0028739103249141307,0.06002187728881836
124,250,0.5247163687433515,0.0028217775481088614,0.07002472877502441
125,250,0.5219453637089048,0.0027710050344467163,0.07302474975585938
126,250,0.5192226724965232,0.002722691212381556,0.059021711349487305
127,250,0.5165464814220156,0.0026761910745075612,0.05802106857299805
128,250,0.5139166436025074,0.0026298378195082073,0.051016807556152344
129,250,0.511331673179354,0.002584970423153421,0.06602334976196289
130,250,0.5087904397930417,0.0025412333863122916,0.059021711349487305
131,250,0.5062919642244067,0.002498475568635028,0.05602145195007324
132,250,0.5038359931537083,0.002455971070698393,0.06001925468444824
133,250,0.5014214451823916,0.002414547971316683,0.0590214729309082
134,250,0.4990461106811251,0.002375334501266535,0.059021949768066406
135,250,0.4967094085046223,0.0023367021765027807,0.058019161224365234
136,250,0.49441033814634594,0.002299070358276367,0.07202625274658203
137,250,0.49214873356478556,0.0022616045815603836,0.08803200721740723
138,250,0.48992203388895306,0.0022266996758324997,0.0700235366821289
139,250,0.48773076278822763,0.0021912711007254226,0.06602358818054199
140,250,0.4855731555393764,0.0021576072488512232,0.07102513313293457
141,250,0.48344916318144115,0.002123992357935256,0.05802035331726074
142,250,0.4813574488673891,0.002091714314052029,0.06102156639099121
143,250,0.4792973463024412,0.00206010256494793,0.06402587890625
144,250,0.4772683318172182,0.0020290144852229686,0.06702113151550293
145,250,0.47527000308036804,0.0019983287368501856,0.059020042419433594
146,250,0.4733018960271563,0.001968107053211765,0.0680239200592041
147,250,0.4713625546012606,0.001939341425895691,0.0680246353149414
148,250,0.4694514977080481,0.0019110568932124705,0.0590212345123291
149,250,0.4675681250435965,0.0018833726644515991,0.07002520561218262
150,250,0.4657119001661028,0.0018562248774937062,0.06102156639099121
151,250,0.4638818864311491,0.0018300137349537282,0.06102132797241211
152,250,0.46207726853234427,0.0018046178988048167,0.07102441787719727
153,250,0.46029796983514515,0.0017792986971991165,0.05602002143859863
154,250,0.4585430302790233,0.0017549395561218262,0.05602097511291504
155,250,0.45681225827762056,0.0017307720014027583,0.05501985549926758
156,250,0.45510512803282055,0.0017071302448000147,0.05501842498779297
157,250,0.453420809337071,0.0016843186957495315,0.06202220916748047
158,250,0.45175882961068836,0.0016619797263826563,0.0750267505645752
159,250,0.450118607708386,0.0016402219023023412,0.07502627372741699
160,250,0.4485002692256655,0.0016183384827205272,0.06302285194396973
161,250,0.44690269231796265,0.0015975769077028468,0.07602691650390625
162,250,0.44532633466379984,0.0015763576541628077,0.07102441787719727
163,250,0.4437699445656368,0.0015563900981630518,0.07002472877502441
164,250,0.4422332389014108,0.001536705664225979,0.08503031730651855
165,250,0.44071525973933084,0.0015179791620799632,0.0680241584777832
166,250,0.4392169437238148,0.0014983160155160324,0.06102252006530762
167,250,0.4377375138657434,0.0014794298580714238,0.06402182579040527
168,250,0.4362757759434836,0.001461737922259787,0.0750267505645752
169,250,0.43483210035732817,0.0014436755861554351,0.058020591735839844
170,250,0.43340593363557545,0.0014261667217527196,0.06402230262756348
171,250,0.4319983401468822,0.0014075934886932373,0.06702351570129395
172,250,0.4306075658117022,0.001390774335180034,0.07202768325805664
173,250,0.42923388523714884,0.0013736805745533376,0.07202386856079102
174,250,0.4278768854481833,0.0013569997889655294,0.062024593353271484
175,250,0.4265358086143221,0.001341076833861199,0.05301666259765625
176,250,0.4252111635037831,0.0013246451105390356,0.06502318382263184
177,250,0.4239016068833215,0.0013095566204615605,0.06902456283569336
178,250,0.42260728563581196,0.0012943212475095556,0.06702518463134766
179,250,0.42132831258433207,0.0012789730514798925,0.07202458381652832
180,250,0.4200641917330878,0.001264120851244277,0.11303949356079102
181,250,0.41881428020341055,0.001249911529677239,0.10503792762756348
182,250,0.41757855670792715,0.0012357234954833984,0.09903502464294434
183,250,0.41635685733386446,0.0012216993740626902,0.09203267097473145
184,250,0.4151479814733778,0.00120887586048668,0.07902789115905762
185,250,0.41395239531993866,0.001195586153439121,0.09003233909606934
186,250,0.41277009674480986,0.001182298575128804,0.08102822303771973
187,250,0.4116006003958838,0.0011694963489260468,0.08002829551696777
188,250,0.4104436848844801,0.0011569155114037333,0.0770273208618164
189,250,0.4092996652637209,0.0011440196207591624,0.0750274658203125
190,250,0.4081674558775766,0.0011322093861443339,0.07502484321594238
191,250,0.4070473462343216,0.001120109643254985,0.07402586936950684
192,250,0.40593938316617695,0.0011079630681446462,0.06102252006530762
193,250,0.40484305151871275,0.0010963316474641993,0.05601906776428223
194,250,0.40375788296972004,0.0010851685489927099,0.061022043228149414
195,250,0.40268381791455404,0.0010740650551659958,0.054018259048461914
196,250,0.4016211416040148,0.0010626763105392456,0.04701709747314453
197,250,0.40056932611124857,0.0010518154927662282,0.0590207576751709
198,250,0.39952815430504934,0.0010411718061992259,0.05302000045776367
199,250,0.39849688751356943,0.0010312667914799123,0.05701899528503418
200,250,0.39747603024755207,0.001020857266017361,0.05401968955993652
201,250,0.3964653504746301,0.001010679772921963,0.05902099609375
202,250,0.3954650674547468,0.001000283019883308,0.06902456283569336
203,250,0.39447447444711414,0.0009905930076326563,0.05602073669433594
204,250,0.3934933968952724,0.0009810775518417358,0.056020259857177734
205,250,0.39252190717629026,0.0009714897189821436,0.05901908874511719
206,250,0.39155970088073183,0.0009622062955584321,0.07202649116516113
207,250,0.39060671840395245,0.0009529824767793849,0.08002781867980957
208,250,0.38966269152505056,0.0009440268789018824,0.06002211570739746
209,250,0.38872780331543516,0.0009348882096154032,0.06402182579040527
210,250,0.38780183451516287,0.0009259688002722921,0.05902242660522461
211,250,0.38688434660434723,0.0009174879108156397,0.07002401351928711
212,250,0.38597536087036133,0.0009089857339859009,0.06102156639099121
213,250,0.38507455587387085,0.0009008049964904785,0.059021711349487305
214,250,0.3841818507228579,0.0008927051510129735,0.4261503219604492
215,250,0.38329739442893435,0.0008844562939235301,0.07802939414978027
216,250,0.3824208676815033,0.0008765267474310501,0.08102726936340332
217,250,0.38155218958854675,0.000868678092956543,0.08202886581420898
218,250,0.380690940788814,0.0008612487997327611,0.07702755928039551
219,250,0.3798376853976931,0.0008532553911209106,0.07702755928039551
220,250,0.37899204237120493,0.000845643026488152,0.0840296745300293
221,250,0.37815430973257336,0.000837732638631572,0.09403443336486816
222,250,0.37732322088309694,0.0008310888494764135,0.07802629470825195
223,250,0.3764988439423697,0.0008243769407272339,0.07802796363830566
224,250,0.3756817557982036,0.0008170881441660893,0.08202910423278809
225,250,0.37487138382026125,0.0008103719779423701,0.08202886581420898
226,250,0.3740683155400412,0.0008030682802200317,0.08302903175354004
227,250,0.3732722167457853,0.0007960987942559061,0.08002853393554688
228,250,0.3724827745131084,0.0007894422326769068,0.0680241584777832
229,250,0.3716996397290911,0.0007831347840173142,0.08002901077270508
230,250,0.370922605906214,0.0007770338228770823,0.08302974700927734
231,250,0.3701516432421548,0.0007709626640591827,0.06902432441711426
232,250,0.36938717322690146,0.0007644700152533712,0.058020830154418945
233,250,0.3686288999659674,0.0007582732609340281,0.054018497467041016
234,250,0.367876512663705,0.0007523873022624028,0.07802820205688477
235,250,0.36713070954595295,0.0007458031177520752,0.07902717590332031
236,250,0.36639117555958883,0.0007395339863641159,0.07302546501159668
237,250,0.3656574530260904,0.0007337225334984598,0.05902290344238281
238,250,0.3649295014994485,0.0007279515266418457,0.058019161224365234
239,250,0.3642076126166752,0.0007218888827733028,0.05501961708068848
240,250,0.3634914202349527,0.0007161923817225468,0.061022281646728516
241,250,0.36278119896139416,0.00071022127355852,0.06002068519592285
242,250,0.3620765911681311,0.0007046077932630346,0.06502270698547363
243,250,0.36137724987098147,0.0006993412971496582,0.06002092361450195
244,250,0.3606831963573183,0.0006940535136631398,0.0660247802734375
245,250,0.3599944753306253,0.0006887210266930399,0.06002020835876465
246,250,0.35931097183908733,0.0006835034915379512,0.059021949768066406
247,250,0.35863245172160013,0.0006785201174872024,0.060022592544555664
248,250,0.3579589234931128,0.000673528228487319,0.07102322578430176
249,250,0.3572900721005031,0.0006688513926096928,0.05601954460144043
250,250,0.3566256208079202,0.0006644512925829127,0.05401897430419922
251,250,0.35596692136355806,0.000658699444362143,0.06602334976196289
252,250,0.3553131903920855,0.0006537309714725881,0.057019948959350586
253,250,0.35466423630714417,0.0006489540849413111,0.05401968955993652
254,250,0.3540202123778207,0.0006440239293234451,0.06202244758605957
255,250,0.35338063538074493,0.0006395769970757859,0.05301833152770996
256,250,0.3527457948241915,0.0006348405565534398,0.06402397155761719
257,250,0.3521152159997395,0.0006305788244519994,0.06202101707458496
258,250,0.3514891117811203,0.0006261042186191945,0.06202220916748047
259,250,0.3508672054324831,0.0006219063486371801,0.059020280838012695
260,250,0.3502493585859026,0.0006178468465805054,0.07802844047546387
261,250,0.34963609278202057,0.000613265803882046,0.08603119850158691
262,250,0.34902689925261904,0.0006091935294015305,0.07402491569519043
263,250,0.34842194616794586,0.0006049530846731765,0.06102156639099121
264,250,0.3478214932339532,0.0006004529339926346,0.05602002143859863
265,250,0.3472249997513635,0.0005964934825897217,0.05401968955993652
266,250,0.34663244017532896,0.0005925595760345459,0.05501890182495117
267,250,0.34604411891528536,0.0005883212600436005,0.058020591735839844
268,250,0.34545950165816713,0.0005846172571182251,0.06502270698547363
269,250,0.3448788459811892,0.0005806556769779592,0.05101943016052246
270,250,0.34430176871163504,0.0005770772695541382,0.06302237510681152
271,250,0.3437285487140928,0.0005732199975422292,0.05801963806152344
272,250,0.34315929881164003,0.0005692499024527731,0.0680234432220459
273,250,0.3425936358315604,0.0005656629800796509,0.07302641868591309
274,250,0.34203144695077625,0.0005621888807841313,0.06702351570129395
275,250,0.3414730706385204,0.0005583763122558594,0.058020830154418945
276,250,0.34091792362076895,0.000555147017751445,0.06402254104614258
277,250,0.34036628901958466,0.0005516346011842921,0.06702351570129395
278,250,0.339818611741066,0.0005476772785186768,0.07102560997009277
279,250,0.33927376781191143,0.0005448439291545482,0.06702423095703125
280,250,0.33873236817973,0.0005413996321814163,0.062021732330322266
281,250,0.3381942106144769,0.0005381575652531057,0.07002496719360352
282,250,0.33765823926244465,0.0005359713520322607,0.05402016639709473
283,250,0.33712547166006906,0.0005327676023755834,0.053018808364868164
284,250,0.3365948774984905,0.0005305941615785792,0.055017709732055664
285,250,0.3360675552061626,0.0005273222923278809,0.0750274658203125
286,250,0.33554367295333315,0.0005238822528294551,0.07202506065368652
287,250,0.3350227326154709,0.0005209403378622635,0.054019927978515625
288,250,0.3345050556319101,0.0005176769835608108,0.06002044677734375
289,250,0.33399057388305664,0.0005144817488534348,0.05601978302001953
290,250,0.33347941083567484,0.0005111630473818018,0.06302309036254883
291,250,0.3329716239656721,0.0005077868700027466,0.05801987648010254
292,250,0.3324666661875589,0.0005049577781132131,0.060021400451660156
293,250,0.3319645587887083,0.0005021073988505931,0.062021732330322266
294,250,0.3314655146428517,0.0004990441458566086,0.060021162033081055
295,250,0.3309694890465055,0.0004960255963461502,0.061022281646728516
296,250,0.33047583273478914,0.0004936563117163839,0.057019710540771484
297,250,0.32998511833803995,0.0004907143967491923,0.0590207576751709
298,250,0.3294974671942847,0.0004876511437552633,0.06702399253845215
299,250,0.32901268345969065,0.0004847837345940409,0.05802178382873535
300,250,0.32853066069739206,0.000482022762298584,0.05601835250854492
301,250,0.32805122435092926,0.00047943634646280264,0.06602358818054199
302,250,0.32757476610796793,0.00047645824296133066,0.06002211570739746
303,250,0.3271010581936155,0.000473707914352417,0.06302213668823242
304,250,0.3266301027366093,0.0004709554570062058,0.05702066421508789
305,250,0.326161476118224,0.00046862661838531494,0.06202101707458496
306,250,0.32569548061915804,0.00046599549906595206,0.04701805114746094
307,250,0.3252320672784533,0.0004634133407047658,0.06502366065979004
308,250,0.3247708742107664,0.0004611930676868825,0.07302379608154297
309,250,0.3243125889982496,0.00045828521251678467,0.07402658462524414
310,250,0.3238568263394492,0.0004557626588004293,0.06602334976196289
311,250,0.3234036990574428,0.0004531272820063603,0.0680243968963623
312,250,0.32295310284410206,0.0004505962133407593,0.058020591735839844
313,250,0.3225048418555941,0.0004482609885079758,0.0590207576751709
314,250,0.3220588607447488,0.0004459811108452616,0.06702494621276855
315,250,0.32161574278559,0.0004431179591588008,0.07202386856079102
316,250,0.32117535173892975,0.0004403910466602712,0.061022043228149414
317,250,0.320737361907959,0.00043798983097076416,0.06902408599853516
318,250,0.3203015114579882,0.00043585044997079825,0.0680243968963623
319,250,0.31986791108335766,0.00043360037463052725,0.057019948959350586
320,250,0.31943656717027935,0.0004313439130783081,0.06902432441711426
321,250,0.31900764788900104,0.00042891928127830603,0.06702399253845215
322,250,0.31858069768973757,0.0004269501992634761,0.0660238265991211
323,250,0.31815592306000845,0.00042477462972911884,0.060021400451660156
324,250,0.3177333027124405,0.0004226203475679591,0.056020259857177734
325,250,0.3173131176403591,0.00042018507208141376,0.06002068519592285
326,250,0.3168949229376657,0.0004181947026933863,0.062021732330322266
327,250,0.3164790315287454,0.0004158914089202881,0.05802178382873535
328,250,0.31606492187295643,0.0004141096557889745,0.0680241584777832
329,250,0.31565313041210175,0.00041179146085468243,0.059020280838012695
330,250,0.3152435315506799,0.00040959886142183377,0.06302165985107422
331,250,0.3148359869207655,0.00040754462991443585,0.06202244758605957
332,250,0.3144304177590779,0.00040556916168760226,0.06402206420898438
333,250,0.3140270028795515,0.000403414879526387,0.05601978302001953
334,250,0.3136254719325474,0.00040153094700406955,0.0680243968963623
335,250,0.3132260377917971,0.0003994341407503321,0.05902099609375
336,250,0.3128285514456885,0.0003974863461085887,0.06102275848388672
337,250,0.3124329426458904,0.00039560879979810837,0.06002020835876465
338,250,0.3120391560452325,0.00039378660065786386,0.05101919174194336
339,250,0.3116470639194761,0.00039209212575641583,0.06102132797241211
340,250,0.31125690255846294,0.0003901613610131638,0.059020042419433594
341,250,0.3108689252819334,0.0003879772765295608,0.056020498275756836
342,250,0.3104822656938008,0.0003866595881326096,0.061022043228149414
343,250,0.31009763904980253,0.00038462664399824265,0.05501842498779297
344,250,0.3097151070833206,0.0003825319664819138,0.06202197074890137
345,250,0.30933466127940584,0.0003804458039147751,0.07102584838867188
346,250,0.30895555657999857,0.0003791046994072733,0.068023681640625
347,250,0.3085784592798778,0.0003770973001207545,0.05902099609375
348,250,0.3082030543259212,0.000375404953956604,0.06402230262756348
349,250,0.3078295439481735,0.0003735103777476878,0.058020591735839844
350,250,0.3074575960636139,0.00037194788455963135,0.06202197074890137
351,250,0.3070875661713736,0.0003700298922402756,0.06102275848388672
352,250,0.3067194329840796,0.00036813318729400635,0.04801583290100098
353,250,0.306352327976908,0.00036710500717163086,0.059021949768066406
354,250,0.30598741344043184,0.00036491453647613525,0.06102132797241211
355,250,0.30562381020614077,0.00036360323429107666,0.06202125549316406
356,250,0.30526160129479,0.0003622089113507476,0.06102180480957031
357,250,0.30490143809999737,0.0003601631947926509,0.05702090263366699
358,250,0.3045427075454167,0.0003587305545806885,0.06902337074279785
359,250,0.304185797061239,0.000356910484177686,0.05501985549926758
360,250,0.30383063214165823,0.0003551649195807638,0.057019948959350586
361,250,0.3034768317426954,0.00035380039896282245,0.0660238265991211
362,250,0.30312461512429373,0.0003522166184016795,0.06002187728881836
363,250,0.3027739141668592,0.00035070095743450214,0.05301809310913086
364,250,0.3024243733712605,0.0003495407955987351,0.05301976203918457
365,250,0.30207655898162294,0.0003478143896375463,0.05601906776428223
366,250,0.30173016233103617,0.0003463966505867777,0.06102132797241211
367,250,0.30138570283140453,0.000344459499631633,0.06602358818054199
368,250,0.30104221190725056,0.0003434909241539774,0.05501914024353027
369,250,0.3007003047636577,0.00034190714359283447,0.05402040481567383
370,250,0.3003598621913365,0.0003404425723212423,0.058020591735839844
371,250,0.30002084587301525,0.00033901631832122803,0.05601835250854492
372,250,0.2996832834822791,0.0003375623907361791,0.05902099609375
373,250,0.29934715160301756,0.0003361318792615142,0.062021732330322266
374,250,0.2990125098398754,0.00033464176314218497,0.06202220916748047
375,250,0.29867889412811827,0.000333615711757107,0.058020830154418945
376,250,0.2983466918979372,0.00033220223018104456,0.06502318382263184
377,250,0.2980161075081144,0.0003305843898228078,0.06002163887023926
378,250,0.29768662580421995,0.0003294817038944631,0.05601954460144043
379,250,0.2973588151591165,0.0003278106451034546,0.06502318382263184
380,250,0.2970320092780249,0.00032680588109157416,0.06602358818054199
381,250,0.2967066764831543,0.0003253327948706253,0.05401873588562012
382,250,0.29638262731688364,0.00032404916627065683,0.06102132797241211
383,250,0.2960597649216652,0.0003228623952184484,0.05201864242553711
384,250,0.2957382766263826,0.0003214882952826126,0.06202220916748047
385,250,0.29541799213205067,0.00032028449433191275,0.07002472877502441
386,250,0.2950988635420799,0.0003191285899707408,0.06102180480957031
387,250,0.29478090895073755,0.00031795459134237314,0.06302189826965332
388,250,0.2944642975926399,0.0003166113580976293,0.04901862144470215
389,250,0.29414864097322735,0.0003156566194125743,0.07402515411376953
390,250,0.2938346788287163,0.00031396214451107074,0.06302237510681152
391,250,0.2935216852596828,0.00031299356903347064,0.06502342224121094
392,250,0.29320974754435675,0.0003119377153260605,0.0590214729309082
393,250,0.2928993042026247,0.00031044334173202515,0.06602239608764648
394,250,0.2925900486963136,0.0003092555063111124,0.07002520561218262
395,250,0.2922824046441487,0.00030764405216493484,0.061022281646728516
396,250,0.2919753385441644,0.0003070660999842656,0.05601906776428223
397,250,0.2916695166911398,0.0003058218530246348,0.06702518463134766
398,250,0.2913648188114166,0.0003046978797231481,0.06602191925048828
399,250,0.29106129173721584,0.0003035270742007823,0.05301928520202637
400,250,0.29075898230075836,0.00030230943645748187,0.061020851135253906
401,250,0.29045779896633966,0.0003011833344186976,0.06902503967285156
402,250,0.29015772683279856,0.0003000721335411072,0.05501961708068848
403,250,0.2898585530264037,0.0002991738063948812,0.06302142143249512
404,250,0.28956070116588045,0.0002978518605232239,0.061022043228149414
405,250,0.28926398711545126,0.0002967140504291921,0.06402397155761719
406,250,0.28896808730704443,0.00029589980840682983,0.06202220916748047
407,250,0.2886733870421137,0.0002947002649307251,0.06702375411987305
408,250,0.2883797660470009,0.0002936209951128199,0.06001996994018555
409,250,0.28808651864528656,0.00029324740171432495,0.06402230262756348
410,250,0.2877944441778319,0.0002920744674546616,0.06102180480957031
411,250,0.28750299343041014,0.000291450747421762,0.058020591735839844
412,250,0.28721295084272114,0.00029004258768899893,0.05501961708068848
413,250,0.28692373101200375,0.000289219830717391,0.062021732330322266
414,250,0.28663539034979685,0.00028834066220689847,0.07202601432800293
415,250,0.2863483248012407,0.0002870655485561757,0.06702399253845215
416,250,0.28606183188302176,0.00028649291821891687,0.07202577590942383
417,250,0.28577634372881483,0.0002854881542069254,0.11003875732421875
418,250,0.285491906106472,0.00028443762234281467,0.10103631019592285
419,250,0.2852086105516979,0.00028329555477413226,0.09903478622436523
420,250,0.2849261058228357,0.00028250472886220956,0.10603785514831543
421,250,0.28464461650167194,0.0002814893211637304,0.06902360916137695
422,250,0.2843639041696276,0.00028071233204435275,0.061022281646728516
423,250,0.28408401353018625,0.0002798906394413381,0.06102108955383301
424,250,0.2838051861950329,0.000278827335153331,0.05702042579650879
425,250,0.2835271560720035,0.00027803012302940466,0.06602358818054199
426,250,0.2832502903682845,0.0002768657037190425,0.05801987648010254
427,250,0.28297429957560133,0.0002759907926831451,0.06002211570739746
428,250,0.28269935825041365,0.0002749413251876831,0.06202244758605957
429,250,0.2824253056730543,0.0002740525773593516,0.05801963806152344
430,250,0.282152102461883,0.0002732032111713023,0.06302189826965332
431,250,0.2818797624536923,0.0002723400081907079,0.06502342224121094
432,250,0.28160831545080456,0.00027144700288772583,0.06402397155761719
433,250,0.28133781467165264,0.0002705007791519165,0.061020851135253906
434,250,0.2810679386769022,0.0002698759947504237,0.056018829345703125
435,250,0.28079916749681744,0.0002687711800847814,0.06702399253845215
436,250,0.28053127974271774,0.0002678877540996938,0.0680241584777832
437,250,0.28026412959609714,0.00026715014662059833,0.05902218818664551
438,250,0.2799976500017302,0.0002664795943669307,0.06602191925048828
439,250,0.2797321474977902,0.0002655025039400294,0.06302261352539062
440,250,0.27946713141032625,0.0002650160874639318,0.06102156639099121
441,250,0.2792034276894161,0.0002637037209101689,0.06702446937561035
442,250,0.278940780886582,0.00026264680283411,0.05401921272277832
443,250,0.2786788408245359,0.000261940062046051,0.05601906776428223
444,250,0.2784174286893436,0.0002614121351923182,0.07002472877502441
445,250,0.2781569542629378,0.0002604744264058101,0.05401921272277832
446,250,0.27789703543697086,0.0002599188259669316,0.05802154541015625
447,250,0.2776380426117352,0.000258992825235671,0.07102584838867188
448,250,0.2773806282452175,0.00025741436651771643,0.06402111053466797
449,250,0.2771233788558415,0.00025724938937599084,0.06902408599853516
450,250,0.27686767067228046,0.0002557081835610209,0.06302237510681152
451,250,0.2766130694321224,0.00025460124015808105,0.06402254104614258
452,250,0.27635859485183445,0.00025447458028793335,0.06202340126037598
453,250,0.2761044204235077,0.00025417442832675885,0.05701923370361328
454,250,0.27585096125091824,0.00025345917258945416,0.06402277946472168
455,250,0.2755984291434288,0.0002525321074894338,0.06402254104614258
456,250,0.27534627488681246,0.0002521542566163437,0.06302285194396973
457,250,0.27509501576423645,0.0002512591225760086,0.05502057075500488
458,250,0.27484455704689026,0.0002504587173461914,0.05701923370361328
459,250,0.27459474546568735,0.0002498115812029078,0.054019927978515625
460,250,0.2743456842643874,0.00024906120129997156,0.05602002143859863
461,250,0.2740973266107695,0.0002483576536178589,0.06502246856689453
462,250,0.2738500865442412,0.0002472400665283203,0.05702042579650879
463,250,0.27360299442495617,0.0002470921192850306,0.06102180480957031
464,250,0.273357239152704,0.0002457552722521794,0.06602263450622559
465,250,0.2731123162167413,0.000244922935962677,0.06202220916748047
466,250,0.2728677785822323,0.00024453763450899,0.06102156639099121
467,250,0.2726242244243622,0.00024355415787014056,0.055019378662109375
468,250,0.27238133762563976,0.00024288679872241925,0.06302213668823242
469,250,0.27213882548468454,0.00024251214095522,0.07302618026733398
470,250,0.27189726382493973,0.00024156165974481558,0.06502318382263184
471,250,0.27165594164814266,0.00024132217679706525,0.06302237510681152
472,250,0.2714151271751949,0.00024081447294777014,0.07102537155151367
473,250,0.2711746266910008,0.00024050048419410608,0.05602002143859863
474,250,0.2709341581378664,0.00024046855313436533,0.0590207576751709
475,250,0.27069379282849176,0.00024036530937465717,0.05802035331726074
476,250,0.2704548218420574,0.00023897098643438364,0.06502318382263184
477,250,0.2702166235872677,0.00023819825478965662,0.05401897430419922
478,250,0.2699788361787796,0.00023778740848812152,0.055019378662109375
479,250,0.26974155221666607,0.00023728396211353253,0.06502318382263184
480,250,0.2695054199014391,0.00023613231522695566,0.05501985549926758
481,250,0.2692699283361435,0.0002354915652956202,0.056020498275756836
482,250,0.2690342664718628,0.00023566186428070068,0.06402158737182617
483,250,0.2687994550381388,0.0002348114337240026,0.06602358818054199
484,250,0.2685651310852596,0.00023432395287920071,0.06102132797241211
485,250,0.26833153303180424,0.00023359805345535278,0.06402301788330078
486,250,0.26809878434453693,0.00023274868726730347,0.0590205192565918
487,250,0.26786686905792784,0.00023191528660909677,0.06302261352539062
488,250,0.26763536993946346,0.00023149911846437332,0.0570225715637207
489,250,0.2674042635730335,0.0002311063664299784,0.06902217864990234
490,250,0.26717415132692884,0.0002301122461046412,0.05401945114135742
491,250,0.26694535464048386,0.00022879668644498752,0.05601930618286133
492,250,0.2667165430528777,0.00022881158760618137,0.05402088165283203
493,250,0.2664888533098357,0.0002276897430419922,0.062020301818847656
494,250,0.2662617585488728,0.00022709476096288705,0.05502009391784668
495,250,0.2660353524344308,0.00022640611444196823,0.05301809310913086
496,250,0.265809385904244,0.00022596653018680524,0.05501985549926758
497,250,0.26558395688022884,0.00022542902401517795,0.06502389907836914
498,250,0.26535889506340027,0.00022506181682857562,0.07102394104003906
499,250,0.26513383963278364,0.00022505543061662747,0.0500185489654541
500,250,0.26490928339106695,0.0002245562417166891,0.06502223014831543
