1,380,2.3108538150787354,Nan,0.08302927017211914
2,380,2.3007718563079833,0.01008195877075213,0.07302594184875488
3,380,2.2917621612548826,0.009009695053100675,0.0750269889831543
4,380,2.2834238529205324,0.00833830833435023,0.07402610778808594
5,380,2.2753908395767213,0.008033013343811124,0.07002449035644531
6,380,2.267343521118164,0.008047318458557218,0.06202197074890137
7,380,2.2590509176254274,0.008292603492736639,0.048017024993896484
8,380,2.250408887863159,0.008642029762268244,0.05001711845397949
9,380,2.2413793087005613,0.009029579162597834,0.06002211570739746
10,380,2.2318715810775758,0.009507727622985573,0.06502318382263184
11,380,2.2218344688415526,0.010037112236023216,0.06402254104614258
12,380,2.211201786994934,0.010632681846618475,0.06702327728271484
13,380,2.200050616264343,0.011151170730590909,0.061022043228149414
14,380,2.188413643836975,0.011636972427368164,0.06402254104614258
15,380,2.1762527942657472,0.012160849571227761,0.05301928520202637
16,380,2.163560962677002,0.012691831588745206,0.05501914024353027
17,380,2.15039267539978,0.013168287277221857,0.051018714904785156
18,380,2.1367454528808594,0.01364722251892081,0.05802035331726074
19,380,2.1226451873779295,0.014100265502929865,0.05601954460144043
20,380,2.1080564737319945,0.014588713645935059,0.06402230262756348
21,380,2.093045735359192,0.015010738372802646,0.060021400451660156
22,380,2.0776230812072756,0.015422654151916237,0.060021400451660156
23,380,2.0617578983306886,0.015865182876587003,0.062021732330322266
24,380,2.0454850435256957,0.016272854804992853,0.04901862144470215
25,380,2.02881977558136,0.01666526794433576,0.060019731521606445
26,380,2.011739706993103,0.017080068588256836,0.05602073669433594
27,380,1.994276750087738,0.017462956905365035,0.05501914024353027
28,380,1.9764508962631226,0.017825853824615434,0.06402254104614258
29,380,1.9583306193351746,0.018120276927948042,0.06402325630187988
30,380,1.9399286150932311,0.018402004241943493,0.0590212345123291
31,380,1.9212388277053833,0.018689787387847767,0.04901695251464844
32,380,1.9022838830947877,0.01895494461059566,0.06302237510681152
33,380,1.8830946564674378,0.019189226627349898,0.05602097511291504
34,380,1.8636641263961793,0.0194305300712585,0.05501842498779297
35,380,1.8439854264259339,0.019678699970245406,0.06202220916748047
36,380,1.8240797758102416,0.019905650615692272,0.05301833152770996
37,380,1.8039669632911681,0.020112812519073486,0.06402277946472168
38,380,1.7836622595787048,0.02030470371246329,0.05101919174194336
39,380,1.7631698966026306,0.020492362976074263,0.059020042419433594
40,380,1.742513644695282,0.020656251907348544,0.059020280838012695
41,380,1.7217016577720643,0.02081198692321773,0.048017024993896484
42,380,1.7007556319236756,0.020946025848388672,0.0500178337097168
43,380,1.6796921133995055,0.0210635185241701,0.056020498275756836
44,380,1.6585298657417298,0.021162247657775746,0.052017927169799805
45,380,1.63727924823761,0.02125061750411983,0.05401921272277832
46,380,1.6159628033638,0.021316444873809903,0.06102132797241211
47,380,1.5945879936218261,0.02137480974197392,0.06402277946472168
48,380,1.5731785535812377,0.021409440040588423,0.05402040481567383
49,380,1.551757574081421,0.021420979499816806,0.04701733589172363
50,380,1.5303472757339478,0.0214102983474731,0.06001925468444824
51,380,1.508969509601593,0.02137776613235487,0.050018310546875
52,380,1.4876582384109498,0.021311271190643133,0.0680234432220459
53,380,1.4664725065231323,0.02118573188781747,0.05802106857299805
54,380,1.4454432606697083,0.021029245853424028,0.06502318382263184
55,380,1.4245880961418151,0.020855164527893155,0.06402277946472168
56,380,1.403920829296112,0.02066726684570308,0.05902099609375
57,380,1.3834698796272278,0.020450949668884277,0.05601954460144043
58,380,1.3632596611976624,0.020210218429565385,0.057021141052246094
59,380,1.343299400806427,0.01996026039123544,0.05501842498779297
60,380,1.3236131429672242,0.019686257839202748,0.05702066421508789
61,380,1.3042180776596068,0.019395065307617365,0.05802011489868164
62,380,1.2851280689239502,0.019090008735656694,0.0590205192565918
63,380,1.2663540601730348,0.018774008750915394,0.06502461433410645
64,380,1.2479031562805176,0.018450903892517134,0.050016164779663086
65,380,1.2297901391983033,0.018113017082214355,0.060021400451660156
66,380,1.2120203256607056,0.017769813537597656,0.05401921272277832
67,380,1.194595217704773,0.01742510795593266,0.05702018737792969
68,380,1.1775233268737793,0.017071890830993697,0.04501652717590332
69,380,1.1608092069625855,0.01671411991119376,0.06302189826965332
70,380,1.1444494366645812,0.016359770298004284,0.04901719093322754
71,380,1.1284492135047912,0.016000223159789995,0.06502342224121094
72,380,1.1128111839294434,0.015638029575347767,0.0590207576751709
73,380,1.0975303053855896,0.015280878543853849,0.06202268600463867
74,380,1.0826038002967835,0.014926505088806108,0.05501890182495117
75,380,1.068025326728821,0.014578473567962602,0.05401921272277832
76,380,1.0537974953651428,0.014227831363678112,0.05401897430419922
77,380,1.039911502599716,0.01388599276542668,0.06402301788330078
78,380,1.026364505290985,0.01354699730873099,0.06602334976196289
79,380,1.0131565451622009,0.013207960128784224,0.050017356872558594
80,380,1.000281071662903,0.012875473499297962,0.0590212345123291
81,380,0.987726354598999,0.012554717063903875,0.06102132797241211
82,380,0.9754885196685791,0.012237834930419966,0.05501961708068848
83,380,0.9635571599006653,0.011931359767913818,0.05502057075500488
84,380,0.9519232988357544,0.011633861064910822,0.0520172119140625
85,380,0.9405813932418823,0.011341905593872159,0.06402277946472168
86,380,0.9295262515544891,0.011055141687393188,0.05601978302001953
87,380,0.9187561333179474,0.010770118236541726,0.05802106857299805
88,380,0.9082628607749939,0.010493272542953513,0.05903124809265137
89,380,0.8980366289615631,0.010226231813430742,0.05700945854187012
90,380,0.8880692183971405,0.00996741056442263,0.04801678657531738
91,380,0.8783507406711578,0.009718477725982666,0.06202292442321777
92,380,0.8688752353191376,0.009475505352020241,0.0520176887512207
93,380,0.8596389830112457,0.009236252307891823,0.05201864242553711
94,380,0.8506383717060089,0.009000611305236883,0.06202197074890137
95,380,0.8418643712997437,0.008774000406265192,0.06502294540405273
96,380,0.8333069860935212,0.008557385206222512,0.06302285194396973
97,380,0.824958884716034,0.008348101377487205,0.055019378662109375
98,380,0.8168112814426423,0.008147603273391701,0.06302237510681152
99,380,0.8088588953018189,0.007952386140823386,0.06002092361450195
100,380,0.8010943770408631,0.0077645182609558105,0.05902266502380371
101,380,0.7935167014598846,0.007577675580978438,0.05801963806152344
102,380,0.7861221492290497,0.007394552230834961,0.068023681640625
103,380,0.7789045214653015,0.0072176277637481245,0.05301833152770996
104,380,0.7718509137630463,0.007053607702255271,0.06102156639099121
105,380,0.7649587988853455,0.006892114877700806,0.05101799964904785
106,380,0.7582267105579377,0.0067320883274077925,0.06302261352539062
107,380,0.7516461730003356,0.0065805375576020175,0.0660238265991211
108,380,0.7452127873897553,0.006433385610580378,0.0590205192565918
109,380,0.7389270722866058,0.0062857151031494585,0.05501961708068848
110,380,0.7327801585197449,0.00614691376686094,0.05702018737792969
111,380,0.7267641663551331,0.006015992164611794,0.05401897430419922
112,380,0.7208885490894318,0.005875617265701294,0.05201840400695801
113,380,0.7151449918746948,0.005743557214736961,0.052018165588378906
114,380,0.7095246613025665,0.005620330572128296,0.05402016639709473
115,380,0.7040273725986481,0.005497288703918413,0.0520172119140625
116,380,0.6986520290374756,0.00537534356117253,0.06002306938171387
117,380,0.6933919548988342,0.00526007413864138,0.05701899528503418
118,380,0.688243818283081,0.005148136615753196,0.06002092361450195
119,380,0.6832034826278687,0.005040335655212336,0.05401945114135742
120,380,0.6782669186592102,0.004936563968658492,0.061022043228149414
121,380,0.6734316170215606,0.004835301637649558,0.059021711349487305
122,380,0.668695604801178,0.004736012220382668,0.06001996994018555
123,380,0.6640555202960968,0.004640084505081132,0.06202220916748047
124,380,0.6595091938972473,0.004546326398849554,0.06402277946472168
125,380,0.6550529599189758,0.00445623397827144,0.060021400451660156
126,380,0.6506835699081421,0.004369390010833696,0.07002401351928711
127,380,0.6464002132415771,0.004283356666564986,0.06502342224121094
128,380,0.6421968340873718,0.004203379154205322,0.05602002143859863
129,380,0.6380744278430939,0.004122406244277954,0.06302213668823242
130,380,0.6340313911437988,0.004043036699295066,0.06502223014831543
131,380,0.6300655484199524,0.003965842723846369,0.06502318382263184
132,380,0.6261737287044525,0.0038918197154999,0.06502270698547363
133,380,0.6223540663719177,0.0038196623325348344,0.06102275848388672
134,380,0.6186049282550812,0.0037491381168365256,0.06202197074890137
135,380,0.6149247944355011,0.0036801338195801003,0.06402182579040527
136,380,0.6113118410110474,0.0036129534244536687,0.05702018737792969
137,380,0.6077638089656829,0.0035480320453644687,0.0590212345123291
138,380,0.6042785882949829,0.0034852206707000066,0.05501985549926758
139,380,0.6008545696735382,0.003424018621444702,0.06002163887023926
140,380,0.5974903047084809,0.003364264965057373,0.06002068519592285
141,380,0.594184798002243,0.0033055067062378596,0.05201864242553711
142,380,0.5909367740154267,0.0032480239868163396,0.052017927169799805
143,380,0.5877439975738525,0.003192776441574119,0.04801774024963379
144,380,0.5846050530672073,0.0031389445066452026,0.06402254104614258
145,380,0.5815193057060242,0.0030857473611831665,0.06702423095703125
146,380,0.5784848451614379,0.003034460544586226,0.06402277946472168
147,380,0.5755002081394196,0.002984637022018344,0.05901956558227539
148,380,0.5725643098354339,0.0029358983039856623,0.06002211570739746
149,380,0.5696756929159165,0.0028886169195174727,0.05501914024353027
150,380,0.5668334007263184,0.0028422921895980835,0.05301856994628906
151,380,0.5640363276004792,0.002797073125839211,0.06702494621276855
152,380,0.5612835258245468,0.002752801775932401,0.05201888084411621
153,380,0.5585733085870743,0.0027102172374724454,0.05501842498779297
154,380,0.5559053957462311,0.002667912840843223,0.05401945114135742
155,380,0.5532782077789307,0.0026271879673004372,0.05501890182495117
156,380,0.550691357254982,0.0025868505239486916,0.36412906646728516
157,380,0.548143807053566,0.002547550201415949,0.06502294540405273
158,380,0.5456344425678253,0.002509364485740684,0.06302261352539062
159,380,0.5431626498699188,0.0024717926979065385,0.05802035331726074
160,380,0.5407280176877975,0.0024346321821212547,0.07002544403076172
161,380,0.5383292317390442,0.0023987859487533125,0.055019378662109375
162,380,0.5359659165143966,0.002363315224647611,0.06102156639099121
163,380,0.5336370706558228,0.002328845858573847,0.04701685905456543
164,380,0.5313422292470932,0.0022948414087295976,0.052017927169799805
165,380,0.5290801584720611,0.0022620707750320435,0.04901862144470215
166,380,0.5268499493598938,0.002230209112167314,0.06002044677734375
167,380,0.5246512115001678,0.0021987378597260188,0.062021493911743164
168,380,0.5224830836057663,0.0021681278944014615,0.05401921272277832
169,380,0.5203449577093124,0.002138125896453902,0.057019948959350586
170,380,0.5182358533143997,0.002109104394912742,0.06302237510681152
171,380,0.5161556124687194,0.002080240845680259,0.060021162033081055
172,380,0.5141043901443482,0.0020512223243712713,0.05702066421508789
173,380,0.512081864476204,0.002022525668144204,0.05501914024353027
174,380,0.5100863397121429,0.001995524764061063,0.055021047592163086
175,380,0.5081174790859222,0.001968860626220703,0.048015594482421875
176,380,0.5061744958162308,0.001942983269691445,0.06402254104614258
177,380,0.5042567640542984,0.0019177317619323286,0.06102180480957031
178,380,0.5023640543222427,0.0018927097320556863,0.05502057075500488
179,380,0.5004957556724549,0.0018682986497878806,0.05301785469055176
180,380,0.49865129590034485,0.0018444597721100076,0.06202244758605957
181,380,0.49683054983615876,0.001820746064186085,0.051017045974731445
182,380,0.49503307342529296,0.001797476410865806,0.05802154541015625
183,380,0.49325817823410034,0.0017748951911926159,0.06202125549316406
184,380,0.49150510132312775,0.0017530769109725952,0.049018144607543945
185,380,0.48977433145046234,0.0017307698726654053,0.059020042419433594
186,380,0.48806511759758,0.001709213852882363,0.05501961708068848
187,380,0.48637713491916656,0.0016879826784134133,0.06502366065979004
188,380,0.4847096562385559,0.001667478680610679,0.06202125549316406
189,380,0.4830621391534805,0.0016475170850753784,0.05502009391784668
190,380,0.48143442571163175,0.0016277134418487549,0.059020042419433594
191,380,0.47982600927352903,0.0016084164381027222,0.06302261352539062
192,380,0.4782364726066589,0.0015895366668701172,0.05601954460144043
193,380,0.47666543424129487,0.0015710383653640414,0.06302356719970703
194,380,0.4751127600669861,0.0015526741743087658,0.0590212345123291
195,380,0.47357802987098696,0.0015347301959991455,0.05401802062988281
196,380,0.472060626745224,0.0015174031257629839,0.052018165588378906
197,380,0.47056061029434204,0.0015000164508819358,0.055022239685058594
198,380,0.4690778464078903,0.0014827638864517434,0.06502127647399902
199,380,0.4676117211580276,0.001466125249862671,0.061022043228149414
200,380,0.4661622017621994,0.0014495193958282138,0.05601835250854492
201,380,0.46472916305065154,0.0014330387115478738,0.05602002143859863
202,380,0.4633120775222778,0.0014170855283737183,0.058020830154418945
203,380,0.46191042959690093,0.001401647925376892,0.05702042579650879
204,380,0.4605238735675812,0.001386556029319752,0.06102108955383301
205,380,0.4591523826122284,0.001371490955352772,0.06402373313903809
206,380,0.4577960044145584,0.001356378197669983,0.06102108955383301
207,380,0.45645399689674376,0.0013420075178146584,0.057019948959350586
208,380,0.4551265001296997,0.0013274967670440785,0.061022043228149414
209,380,0.45381295382976533,0.001313546299934354,0.05601978302001953
210,380,0.4525133728981018,0.0012995809316635465,0.06102180480957031
211,380,0.4512275606393814,0.0012858122587203757,0.05602002143859863
212,380,0.449955141544342,0.0012724190950393899,0.0500178337097168
213,380,0.44869628846645354,0.0012588530778884777,0.053018808364868164
214,380,0.44745032489299774,0.0012459635734557994,0.06502246856689453
215,380,0.44621740877628324,0.0012329161167144997,0.06602334976196289
216,380,0.4449971795082092,0.0012202292680740245,0.0660240650177002
217,380,0.44378930032253266,0.0012078791856765525,0.06702303886413574
218,380,0.44259320199489594,0.0011960983276367299,0.04801750183105469
219,380,0.4414095312356949,0.001183670759201061,0.05101895332336426
220,380,0.4402374505996704,0.001172080636024475,0.04801607131958008
221,380,0.43907741606235506,0.0011600345373153353,0.06702351570129395
222,380,0.4379287898540497,0.0011486262083053589,0.07002520561218262
223,380,0.43679164052009584,0.0011371493339538685,0.04801678657531738
224,380,0.435665088891983,0.0011265516281128152,0.05201840400695801
225,380,0.4345493853092194,0.0011157035827636386,0.06302285194396973
226,380,0.4334444463253021,0.0011049389839172807,0.056020259857177734
227,380,0.43234986662864683,0.0010945796966552734,0.059020280838012695
228,380,0.43126570284366605,0.001084163784980774,0.052019357681274414
229,380,0.430191633105278,0.0010740697383880282,0.0520172119140625
230,380,0.42912801206111906,0.0010636210441589689,0.04901766777038574
231,380,0.42807421982288363,0.0010537922382354292,0.06102108955383301
232,380,0.4270301342010498,0.0010440856218338346,0.05802202224731445
233,380,0.4259957104921341,0.0010344237089157104,0.058019399642944336
234,380,0.42497054040431975,0.001025170087814331,0.06402325630187988
235,380,0.4239548623561859,0.00101567804813385,0.06502199172973633
236,380,0.4229480654001236,0.001006796956062317,0.056020259857177734
237,380,0.4219503730535507,0.000997692346572876,0.06702494621276855
238,380,0.4209616005420685,0.0009887725114822166,0.0590207576751709
239,380,0.4199814170598984,0.000980183482170105,0.057019710540771484
240,380,0.41900998055934907,0.0009714365005493164,0.05301809310913086
241,380,0.4180469512939453,0.0009630292654037587,0.06302237510681152
242,380,0.41709232032299043,0.0009546309709548839,0.060021162033081055
243,380,0.416145995259285,0.0009463250637054554,0.062023162841796875
244,380,0.41520786583423613,0.0009381294250488392,0.05501890182495117
245,380,0.4142778217792511,0.0009300440549850353,0.05602002143859863
246,380,0.4133554965257645,0.0009223252534866222,0.050017595291137695
247,380,0.41244099140167234,0.0009145051240921354,0.05601978302001953
248,380,0.41153421103954313,0.0009067803621292114,0.062021732330322266
249,380,0.4106354504823685,0.0008987605571746382,0.06102180480957031
250,380,0.4097444176673889,0.0008910328149795976,0.06402230262756348
251,380,0.4088607907295227,0.0008836269378661998,0.06002163887023926
252,380,0.40798435509204867,0.0008764356374740268,0.06702351570129395
253,380,0.40711494386196134,0.0008694112300873247,0.06402349472045898
254,380,0.4062531113624573,0.000861832499504056,0.05401968955993652
255,380,0.40539845526218415,0.0008546561002731323,0.06302142143249512
256,380,0.40455094277858733,0.000847512483596824,0.0590214729309082
257,380,0.4037101626396179,0.0008407801389694325,0.054019927978515625
258,380,0.40287637412548066,0.0008337885141372348,0.05501866340637207
259,380,0.4020495742559433,0.0008267998695373757,0.05601954460144043
260,380,0.40122929215431213,0.0008202821016311534,0.060021400451660156
261,380,0.40041483938694,0.0008144527673721313,0.05601859092712402
262,380,0.39960662722587587,0.0008082121610641368,0.0590212345123291
263,380,0.39880500435829164,0.0008016228675842285,0.05501890182495117
264,380,0.3980098575353622,0.0007951468229294156,0.05602097511291504
265,380,0.3972209393978119,0.0007889181375503318,0.06002092361450195
266,380,0.3964380383491516,0.0007829010486603005,0.060021162033081055
267,380,0.39566099643707275,0.0007770419120788352,0.053018808364868164
268,380,0.3948902189731598,0.0007707774639129639,0.05602073669433594
269,380,0.39412544667720795,0.0007647722959518433,0.05501818656921387
270,380,0.39336647689342497,0.0007589697837829812,0.04801750183105469
271,380,0.3926134467124939,0.0007530301809310913,0.05501914024353027
272,380,0.39186578392982485,0.000747662782669023,0.06302332878112793
273,380,0.39112347066402436,0.0007423132658004872,0.05701947212219238
274,380,0.3903866171836853,0.0007368534803390836,0.06102156639099121
275,380,0.3896552354097366,0.0007313817739486583,0.05802178382873535
276,380,0.38892912566661836,0.0007261097431182639,0.06002068519592285
277,380,0.3882080137729645,0.0007211118936538696,0.057019710540771484
278,380,0.38749322593212127,0.0007147878408432229,0.05301833152770996
279,380,0.3867831230163574,0.0007101029157638439,0.05501985549926758
280,380,0.38607812523841856,0.000704997777938865,0.06302285194396973
281,380,0.38537807762622833,0.0007000476121902244,0.0590212345123291
282,380,0.3846835374832153,0.0006945401430130116,0.06302142143249512
283,380,0.3839938074350357,0.0006897300481796265,0.05501985549926758
284,380,0.3833088636398315,0.0006849437952041737,0.06202197074890137
285,380,0.38262873589992524,0.0006801277399062777,0.053018808364868164
286,380,0.38195317089557645,0.0006755650043487882,0.06002163887023926
287,380,0.381282439827919,0.0006707310676574707,0.0680229663848877
288,380,0.3806164413690567,0.0006659984588622825,0.05902099609375
289,380,0.37995497286319735,0.0006614685058593528,0.06102180480957031
290,380,0.379298010468483,0.0006569623947143555,0.058020830154418945
291,380,0.37864555716514586,0.0006524533033371305,0.06002092361450195
292,380,0.377997612953186,0.00064794421195985,0.07002520561218262
293,380,0.3773544609546661,0.0006431519985198864,0.06502366065979004
294,380,0.37671591639518737,0.0006385445594787598,0.04801678657531738
295,380,0.37608147859573365,0.0006344377994537131,0.058020591735839844
296,380,0.3754513442516327,0.0006301343441009744,0.05101823806762695
297,380,0.3748252898454666,0.0006260544061660878,0.05702042579650879
298,380,0.37420360147953036,0.0006216883659362349,0.0610203742980957
299,380,0.37358599305152895,0.0006176084280014038,0.06502389907836914
300,380,0.37297241687774657,0.0006135761737823819,0.05601906776428223
301,380,0.37236237823963164,0.0006100386381149292,0.05702042579650879
302,380,0.3717559427022934,0.0006064355373382457,0.06302189826965332
303,380,0.371153524518013,0.0006024181842804177,0.05301928520202637
304,380,0.3705550044775009,0.000598520040512085,0.0500178337097168
305,380,0.36995999813079833,0.0005950063467025646,0.054018497467041016
306,380,0.3693690553307533,0.0005909428000450134,0.0570218563079834
307,380,0.36878191232681273,0.0005871430039405823,0.059020042419433594
308,380,0.3681986927986145,0.0005832195281982311,0.05702042579650879
309,380,0.3676185041666031,0.0005801886320114247,0.04801678657531738
310,380,0.36704223304986955,0.0005762711167335288,0.05101752281188965
311,380,0.36646927893161774,0.0005729541182518116,0.05702042579650879
312,380,0.3659000381827354,0.0005692407488823159,0.052019596099853516
313,380,0.3653345376253128,0.0005655005574226046,0.06202125549316406
314,380,0.36477258056402206,0.0005619570612907521,0.05601978302001953
315,380,0.3642139658331871,0.0005586147308349609,0.06002235412597656
316,380,0.3636588007211685,0.0005551651120185852,0.06001996994018555
317,380,0.36310658752918246,0.0005522131919860618,0.06502342224121094
318,380,0.3625576227903366,0.0005489647388458585,0.049016475677490234
319,380,0.36201188564300535,0.0005457371473312489,0.062021732330322266
320,380,0.3614695563912392,0.0005423292517661715,0.05802130699157715
321,380,0.3609302505850792,0.000539305806159962,0.049018144607543945
322,380,0.3603943079710007,0.0005359426140785217,0.059020042419433594
323,380,0.35986135751008985,0.0005329504609108415,0.06302261352539062
324,380,0.35933162569999694,0.0005297318100929149,0.08302998542785645
325,380,0.3588044762611389,0.00052714943885801,0.07202506065368652
326,380,0.35828011482954025,0.0005243614315986744,0.06402206420898438
327,380,0.35775893926620483,0.0005211755633354187,0.04801750183105469
328,380,0.35724073052406313,0.0005182087421417014,0.06502366065979004
329,380,0.3567257568240166,0.0005149737000465504,0.06002044677734375
330,380,0.3562138810753822,0.0005118757486343717,0.053019046783447266
331,380,0.3557048499584198,0.0005090311169624329,0.05301952362060547
332,380,0.3551988169550896,0.0005060330033301863,0.06502223014831543
333,380,0.3546955794095993,0.0005032375454903093,0.06202292442321777
334,380,0.35419532507658,0.0005002543330192566,0.06102108955383301
335,380,0.35369765013456345,0.0004976749420165794,0.06402277946472168
336,380,0.3532027333974838,0.0004949167370796315,0.06702280044555664
337,380,0.3527103438973427,0.0004923895001411327,0.0500178337097168
338,380,0.3522209167480469,0.0004894271492957847,0.0500178337097168
339,380,0.3517338871955872,0.0004870295524597168,0.06402373313903809
340,380,0.35124965012073517,0.00048423707485201195,0.05401802062988281
341,380,0.3507681965827942,0.0004814535379409901,0.06702351570129395
342,380,0.3502891406416893,0.0004790559411048667,0.062023162841796875
343,380,0.34981247782707214,0.0004766628146171681,0.05802011489868164
344,380,0.3493382856249809,0.00047419220209121704,0.062021493911743164
345,380,0.3488664448261261,0.0004718407988548168,0.05501985549926758
346,380,0.3483967870473862,0.0004696577787399181,0.05802035331726074
347,380,0.3479296088218689,0.00046717822551728405,0.058020591735839844
348,380,0.34746464192867277,0.00046496689319613926,0.0590212345123291
349,380,0.34700221568346024,0.00046242624521253273,0.06702423095703125
350,380,0.3465423762798309,0.0004598394036293141,0.06602334976196289
351,380,0.34608520567417145,0.00045717060565947376,0.05401873588562012
352,380,0.3456304222345352,0.00045478343963623047,0.05902099609375
353,380,0.3451784387230873,0.0004519835114479287,0.05601930618286133
354,380,0.3447286024689674,0.00044983625411987305,0.057019948959350586
355,380,0.34428106546401976,0.00044753700494765125,0.06302309036254883
356,380,0.3438361331820488,0.0004449322819709556,0.06002092361450195
357,380,0.3433933913707733,0.0004427418112755155,0.06402373313903809
358,380,0.342952860891819,0.0004405304789543152,0.06202101707458496
359,380,0.342514742910862,0.00043811798095699794,0.05502057075500488
360,380,0.3420788586139679,0.0004358842968940624,0.061020612716674805
361,380,0.34164501428604127,0.00043384432792664684,0.06402277946472168
362,380,0.3412133753299713,0.0004316389560699574,0.053018808364868164
363,380,0.3407839462161064,0.0004294291138648987,0.058020591735839844
364,380,0.3403565719723701,0.0004273742437362893,0.05702042579650879
365,380,0.33993133157491684,0.0004252403974532859,0.06402230262756348
366,380,0.33950815349817276,0.0004231780767440796,0.06102108955383301
367,380,0.3390870004892349,0.0004211530089378579,0.06102156639099121
368,380,0.33866791129112245,0.0004190891981124545,0.05402064323425293
369,380,0.3382510840892792,0.0004168272018432728,0.05401897430419922
370,380,0.3378360465168953,0.0004150375723838695,0.05301785469055176
371,380,0.3374230057001114,0.0004130408167838939,0.05501985549926758
372,380,0.33701191693544386,0.0004110887646675554,0.0590214729309082
373,380,0.3366029173135757,0.00040899962186813354,0.05301809310913086
374,380,0.3361957997083664,0.0004071176052093395,0.05401897430419922
375,380,0.3357907623052597,0.00040503740310665615,0.06402397155761719
376,380,0.3353874057531357,0.00040335655212403454,0.06002044677734375
377,380,0.3349855959415436,0.00040180981159210205,0.047016143798828125
378,380,0.3345857813954353,0.00039981454610826805,0.06302237510681152
379,380,0.3341878801584244,0.0003979012370109447,0.056020259857177734
380,380,0.33379164785146714,0.00039623230695723377,0.05601930618286133
381,380,0.3333974227309227,0.0003942251205444336,0.06002163887023926
382,380,0.33300501704216,0.0003924056887626981,0.056020498275756836
383,380,0.3326144635677338,0.0003905534744262362,0.06102132797241211
384,380,0.3322256699204445,0.0003887936472892761,0.05101799964904785
385,380,0.3318386495113373,0.00038702040910720825,0.05201864242553711
386,380,0.33145334720611574,0.0003853023052215465,0.05501914024353027
387,380,0.3310694694519043,0.000383877754211448,0.05401968955993652
388,380,0.33068745732307436,0.00038201212882993385,0.054018497467041016
389,380,0.33030708134174347,0.0003803759813308938,0.05602145195007324
390,380,0.3299282446503639,0.0003788366913795582,0.05001568794250488
391,380,0.3295510247349739,0.00037721991539002575,0.06002163887023926
392,380,0.32917541414499285,0.0003756105899810347,0.05502009391784668
393,380,0.3288014933466911,0.0003739207983017301,0.05201888084411621
394,380,0.3284293547272682,0.0003721386194229237,0.05801987648010254
395,380,0.32805868834257124,0.00037066638469696045,0.061022043228149414
396,380,0.327689653635025,0.00036903470754623413,0.05701947212219238
397,380,0.32732238322496415,0.00036727041006084926,0.05101943016052246
398,380,0.3269566878676414,0.0003656953573227262,0.059020042419433594
399,380,0.32659279406070707,0.0003638938069343567,0.06602621078491211
400,380,0.32623045295476916,0.00036234110593791335,0.054017066955566406
401,380,0.3258695900440216,0.0003608629107475503,0.057019710540771484
402,380,0.32551043927669526,0.0003591507673263439,0.06402230262756348
403,380,0.3251526951789856,0.00035774409770966686,0.05402016639709473
404,380,0.3247964769601822,0.00035621821880338356,0.05601859092712402
405,380,0.32444199323654177,0.0003544837236404419,0.05802178382873535
406,380,0.324088878929615,0.0003531143069267495,0.05401921272277832
407,380,0.32373743653297427,0.0003514423966407554,0.05802035331726074
408,380,0.3233873248100281,0.0003501117229461892,0.0610201358795166
409,380,0.32303893715143206,0.0003483876585960166,0.06202220916748047
410,380,0.3226915791630745,0.00034735798835755505,0.05702042579650879
411,380,0.32234565615653993,0.0003459230065345764,0.05602073669433594
412,380,0.3220014736056328,0.0003441825509071239,0.0590205192565918
413,380,0.32165896594524385,0.00034250766038895764,0.062021493911743164
414,380,0.3213176965713501,0.0003412693738937267,0.05602002143859863
415,380,0.320977745950222,0.0003399506211281267,0.059021949768066406
416,380,0.3206393182277679,0.00033842772245407104,0.05701899528503418
417,380,0.32030223608016967,0.0003370821475982555,0.054019927978515625
418,380,0.31996646523475647,0.0003357708454131969,0.0610203742980957
419,380,0.31963217407464983,0.00033429116010663673,0.0660240650177002
420,380,0.319299028813839,0.00033314526081085205,0.07402610778808594
421,380,0.3189674973487854,0.00033153146505360276,0.05502057075500488
422,380,0.3186371445655823,0.0003303527832030917,0.05901956558227539
423,380,0.3183080151677132,0.0003291293978691101,0.06102132797241211
424,380,0.31798031330108645,0.0003277018666267284,0.06202197074890137
425,380,0.31765401661396026,0.000326296687126193,0.05602097511291504
426,380,0.3173289433121681,0.0003250733017921559,0.07102441787719727
427,380,0.3170053705573082,0.000323572754859891,0.07502627372741699
428,380,0.3166829541325569,0.00032241642475128174,0.07802820205688477
429,380,0.3163618579506874,0.00032109618186954014,0.07402586936950684
430,380,0.31604197919368743,0.0003198787569999584,0.07802772521972656
431,380,0.3157232582569122,0.0003187209367752075,0.07702755928039551
432,380,0.3154057890176773,0.0003174692392349243,0.07402586936950684
433,380,0.3150894775986671,0.00031631141901017346,0.07503890991210938
434,380,0.31477447152137755,0.0003150060772895702,0.07701492309570312
435,380,0.3144603356719017,0.0003141358494758717,0.07802796363830566
436,380,0.314147324860096,0.0003130108118056807,0.07602667808532715
437,380,0.3138356178998947,0.00031170696020127453,0.07802796363830566
438,380,0.3135250896215439,0.000310528278350819,0.07802748680114746
439,380,0.3132157981395721,0.00030929148197178513,0.07602715492248535
440,380,0.31290777772665024,0.0003080204129218833,0.07602691650390625
441,380,0.3126009166240692,0.0003068611025810464,0.09903573989868164
442,380,0.31229508966207503,0.00030582696199416004,0.08102846145629883
443,380,0.31199037432670595,0.0003047153353690768,0.0930333137512207
444,380,0.3116867393255234,0.00030363500118257836,0.0930328369140625
445,380,0.3113840490579605,0.0003026902675628551,0.09203219413757324
446,380,0.3110824882984161,0.00030156075954440587,0.07202601432800293
447,380,0.31078199595212935,0.0003004923462867626,0.05401897430419922
448,380,0.31048263907432555,0.0002993568778038025,0.05601930618286133
449,380,0.3101842045783997,0.00029843449592587,0.061022043228149414
450,380,0.3098867356777191,0.0002974689006805531,0.04701638221740723
451,380,0.3095903381705284,0.00029639750719073765,0.055021047592163086
452,380,0.30929500609636307,0.00029533207416532203,0.0520169734954834
453,380,0.3090007245540619,0.0002942815423011558,0.060021162033081055
454,380,0.3087075263261795,0.00029319822788242966,0.08103036880493164
455,380,0.3084153950214386,0.00029213130474087246,0.05802011489868164
456,380,0.3081242799758911,0.00029111504554751866,0.06402277946472168
457,380,0.3078342333436012,0.00029004663228987537,0.06302213668823242
458,380,0.3075450658798218,0.00028916746377943836,0.06502223014831543
459,380,0.30725710541009904,0.0002879604697227367,0.059021949768066406
460,380,0.30697000175714495,0.00028710365295409046,0.06302261352539062
461,380,0.306683748960495,0.00028625279664995507,0.05601906776428223
462,380,0.3063986420631409,0.0002851068973541149,0.05401873588562012
463,380,0.30611415952444077,0.00028448253870011486,0.06402373313903809
464,380,0.30583062320947646,0.00028353631496430554,0.06302261352539062
465,380,0.3055482178926468,0.0002824053168296592,0.05301809310913086
466,380,0.3052666947245598,0.0002815231680869945,0.06402277946472168
467,380,0.30498591214418413,0.0002807825803756714,0.06502318382263184
468,380,0.30470661222934725,0.00027929991483688354,0.05602073669433594
469,380,0.3044281810522079,0.00027843117713932664,0.06202101707458496
470,380,0.3041506841778755,0.000277496874332428,0.06902360916137695
471,380,0.30387416630983355,0.0002765178680419478,0.06502389907836914
472,380,0.3035988584160805,0.00027530789375307396,0.061022281646728516
473,380,0.3033243536949158,0.00027450472116469227,0.06002163887023926
474,380,0.30305051505565644,0.0002738386392593384,0.05701851844787598
475,380,0.3027777671813965,0.00027274787425995983,0.053019046783447266
476,380,0.30250602662563325,0.0002717405557632335,0.06202197074890137
477,380,0.3022350758314133,0.0002709507942199596,0.06202197074890137
478,380,0.30196505337953566,0.0002700224518776273,0.04601621627807617
479,380,0.3016958460211754,0.0002692073583602794,0.06002163887023926
480,380,0.30142747312784196,0.00026837289333342396,0.06202220916748047
481,380,0.30116013437509537,0.00026733875274659313,0.06102108955383301
482,380,0.3008932530879974,0.0002668812870979531,0.05402016639709473
483,380,0.3006275177001953,0.0002657353878021129,0.055019378662109375
484,380,0.30036244094371795,0.00026507675647735596,0.06202268600463867
485,380,0.30009827613830564,0.0002641648054123036,0.058019399642944336
486,380,0.2998344048857689,0.0002638712525367404,0.06702423095703125
487,380,0.29957125186920164,0.00026315301656726353,0.07802700996398926
488,380,0.29930886924266814,0.0002623826265334972,0.06502246856689453
489,380,0.29904723912477493,0.0002616301178932079,0.061022281646728516
490,380,0.2987865895032883,0.0002606496214866416,0.05401921272277832
491,380,0.29852665215730667,0.0002599373459816201,0.07002472877502441
492,380,0.2982676297426224,0.00025902241468428455,0.05702090263366699
493,380,0.2980098143219948,0.0002578154206275829,0.06102252006530762
494,380,0.29775251597166064,0.0002572983503341675,0.06502079963684082
495,380,0.2974962770938873,0.0002562388777733182,0.05802154541015625
496,380,0.29724059253931046,0.0002556845545768627,0.06302261352539062
497,380,0.29698585271835326,0.00025473982095719494,0.062021732330322266
498,380,0.296731898188591,0.00025395452976223476,0.057019948959350586
499,380,0.29647848904132845,0.00025340914726257324,0.060021162033081055
500,380,0.29622614234685896,0.0002523466944694963,0.04901838302612305
