1,220,2.2972335666418076,Nan,0.10903787612915039
2,220,2.2823020666837692,0.01493149995803833,0.13804864883422852
3,220,2.267689034342766,0.014613032341003418,0.09003233909606934
4,220,2.252894341945648,0.014794692397117615,0.10403704643249512
5,220,2.237477123737335,0.015417218208312988,0.09003186225891113
6,220,2.22118216753006,0.01629495620727539,0.10303664207458496
7,220,2.204030528664589,0.017151638865470886,0.09603452682495117
8,220,2.186080753803253,0.017949774861335754,0.08703136444091797
9,220,2.1674027144908905,0.01867803931236267,0.0790262222290039
10,220,2.1479202657938004,0.01948244869709015,0.09203362464904785
11,220,2.1276162415742874,0.02030402421951294,0.11003851890563965
12,220,2.1064537912607193,0.021162450313568115,0.08102846145629883
13,220,2.084277242422104,0.022176548838615417,0.10203742980957031
14,220,2.060995399951935,0.023281842470169067,0.09003114700317383
15,220,2.036489576101303,0.024505823850631714,0.10003542900085449
16,220,2.0106703490018845,0.02581922709941864,0.07302570343017578
17,220,1.9835661202669144,0.027104228734970093,0.07502532005310059
18,220,1.9553530141711235,0.028213106095790863,0.07702803611755371
19,220,1.926145002245903,0.02920801192522049,0.07802724838256836
20,220,1.8959570601582527,0.0301879420876503,0.07202601432800293
21,220,1.8648173362016678,0.03113972395658493,0.07802700996398926
22,220,1.8328576236963272,0.031959712505340576,0.07702755928039551
23,220,1.8001878261566162,0.032669797539711,0.07902860641479492
24,220,1.766903355717659,0.033284470438957214,0.11003923416137695
25,220,1.7330921292304993,0.03381122648715973,0.1090383529663086
26,220,1.698900245130062,0.034191884100437164,0.09703516960144043
27,220,1.6644835472106934,0.034416697919368744,0.10703778266906738
28,220,1.6299613267183304,0.034522220492362976,0.09903407096862793
29,220,1.595455564558506,0.03450576215982437,0.09903478622436523
30,220,1.5610974803566933,0.034358084201812744,0.08503031730651855
31,220,1.5269831791520119,0.034114301204681396,0.0840299129486084
32,220,1.4932080134749413,0.03377516567707062,0.09803509712219238
33,220,1.4598558321595192,0.03335218131542206,0.08002805709838867
34,220,1.4270086735486984,0.03284715861082077,0.09703469276428223
35,220,1.3947352692484856,0.03227340430021286,0.09503364562988281
36,220,1.3631059005856514,0.03162936866283417,0.09403276443481445
37,220,1.3321812972426414,0.03092460334300995,0.09203362464904785
38,220,1.3020238503813744,0.03015744686126709,0.0840303897857666
39,220,1.272672563791275,0.029351286590099335,0.08502960205078125
40,220,1.2441667020320892,0.02850586175918579,0.08703017234802246
41,220,1.2165404856204987,0.027626216411590576,0.08403134346008301
42,220,1.1898096278309822,0.02673085778951645,0.0860292911529541
43,220,1.1639736890792847,0.02583593875169754,0.08302927017211914
44,220,1.1390379592776299,0.024935729801654816,0.08703184127807617
45,220,1.114992544054985,0.024045415222644806,0.08102726936340332
46,220,1.0918392315506935,0.023153312504291534,0.08302950859069824
47,220,1.0695668011903763,0.02227243036031723,0.08703160285949707
48,220,1.0481500327587128,0.021416768431663513,0.08502912521362305
49,220,1.0275673046708107,0.02058272808790207,0.08703184127807617
50,220,1.0077922195196152,0.019775085151195526,0.08502936363220215
51,220,0.9888031557202339,0.018989063799381256,0.08803153038024902
52,220,0.9705708250403404,0.018232330679893494,0.09103226661682129
53,220,0.9530635699629784,0.01750725507736206,0.09203290939331055
54,220,0.9362556152045727,0.016807954758405685,0.09003138542175293
55,220,0.9201158285140991,0.016139786690473557,0.08703064918518066
56,220,0.9046126678586006,0.015503160655498505,0.08603096008300781
57,220,0.8897146359086037,0.014898031949996948,0.08803105354309082
58,220,0.8753946796059608,0.014319956302642822,0.08503103256225586
59,220,0.8616256453096867,0.013769034296274185,0.08903050422668457
60,220,0.8483799807727337,0.013245664536952972,0.09003186225891113
61,220,0.8356338515877724,0.012746129184961319,0.091033935546875
62,220,0.8233641721308231,0.012269679456949234,0.086029052734375
63,220,0.8115465193986893,0.011817652732133865,0.08803153038024902
64,220,0.8001563437283039,0.01139017567038536,0.08703088760375977
65,220,0.7891727164387703,0.010983627289533615,0.08703112602233887
66,220,0.7785782143473625,0.010594502091407776,0.08703088760375977
67,220,0.7683536186814308,0.010224595665931702,0.08803033828735352
68,220,0.7584812678396702,0.009872350841760635,0.09503388404846191
69,220,0.7489449493587017,0.009536318480968475,0.11003923416137695
70,220,0.7397289089858532,0.00921604037284851,0.09603381156921387
71,220,0.7308181822299957,0.008910726755857468,0.1270453929901123
72,220,0.7221995517611504,0.008618630468845367,0.11604118347167969
73,220,0.7138598002493382,0.00833975151181221,0.13204646110534668
74,220,0.7057847306132317,0.008075069636106491,0.1270456314086914
75,220,0.6979604437947273,0.007824286818504333,0.12104249000549316
76,220,0.6903787106275558,0.007581733167171478,0.12304544448852539
77,220,0.6830275990068913,0.0073511116206645966,0.1290450096130371
78,220,0.6758954860270023,0.007132112979888916,0.10903739929199219
79,220,0.6689745672047138,0.006920918822288513,0.09603595733642578
80,220,0.6622555516660213,0.006719015538692474,0.09603214263916016
81,220,0.6557286903262138,0.00652686133980751,0.09903573989868164
82,220,0.6493863053619862,0.006342384964227676,0.09003162384033203
83,220,0.6432194858789444,0.006166819483041763,0.09603333473205566
84,220,0.6372222006320953,0.00599728524684906,0.1000361442565918
85,220,0.6313872300088406,0.005834970623254776,0.0980372428894043
86,220,0.6257085874676704,0.00567864254117012,0.10203337669372559
87,220,0.6201807409524918,0.00552784651517868,0.1750624179840088
88,220,0.6147964000701904,0.005384340882301331,0.11604022979736328
89,220,0.6095490381121635,0.005247361958026886,0.09503483772277832
90,220,0.6044328846037388,0.005116153508424759,0.09903526306152344
91,220,0.5994442254304886,0.004988659173250198,0.10803818702697754
92,220,0.5945791639387608,0.004865061491727829,0.10803747177124023
93,220,0.5898331962525845,0.0047459676861763,0.10303688049316406
94,220,0.5852003395557404,0.004632856696844101,0.10103654861450195
95,220,0.5806774161756039,0.00452292338013649,0.09703397750854492
96,220,0.57625962048769,0.004417795687913895,0.0930333137512207
97,220,0.5719447992742062,0.00431482121348381,0.08102846145629883
98,220,0.5677283741533756,0.004216425120830536,0.07902765274047852
99,220,0.5636075772345066,0.0041207969188690186,0.0770270824432373
100,220,0.5595795102417469,0.004028066992759705,0.0770273208618164
101,220,0.5556407570838928,0.00393875315785408,0.07902836799621582
102,220,0.551787719130516,0.00385303795337677,0.07602691650390625
103,220,0.5480169653892517,0.0037707537412643433,0.08502984046936035
104,220,0.5443272199481726,0.0036897454410791397,0.08102893829345703
105,220,0.5407150089740753,0.003612210974097252,0.08002781867980957
106,220,0.5371768046170473,0.0035382043570280075,0.07702779769897461
107,220,0.5337110050022602,0.0034657996147871017,0.07902789115905762
108,220,0.5303150527179241,0.00339595228433609,0.09303474426269531
109,220,0.5269874501973391,0.00332760252058506,0.11304068565368652
110,220,0.5237251333892345,0.003262316808104515,0.08802914619445801
111,220,0.5205266512930393,0.003198482096195221,0.08002853393554688
112,220,0.5173898916691542,0.0031367596238851547,0.16505765914916992
113,220,0.5143111310899258,0.003078760579228401,0.17406249046325684
114,220,0.5112908873707056,0.0030202437192201614,0.12404370307922363
115,220,0.5083264876157045,0.002964399755001068,0.13004732131958008
116,220,0.5054159481078386,0.0029105395078659058,0.09703278541564941
117,220,0.5025589689612389,0.0028569791465997696,0.0840303897857666
118,220,0.499754898250103,0.0028040707111358643,0.07602643966674805
119,220,0.4970012791454792,0.0027536191046237946,0.0770273208618164
120,220,0.49429718405008316,0.002704095095396042,0.07802748680114746
121,220,0.4916407335549593,0.0026564504951238632,0.07802796363830566
122,220,0.4890316929668188,0.0026090405881404877,0.07902789115905762
123,220,0.48646825179457664,0.0025634411722421646,0.07502603530883789
124,220,0.4839489832520485,0.0025192685425281525,0.07602691650390625
125,220,0.48147273249924183,0.0024762507528066635,0.0770270824432373
126,220,0.47903922945261,0.002433503046631813,0.0750265121459961
127,220,0.4766464829444885,0.0023927465081214905,0.07602715492248535
128,220,0.4742943327873945,0.0023521501570940018,0.07702779769897461
129,220,0.47198048047721386,0.002313852310180664,0.0840299129486084
130,220,0.4697050116956234,0.0022754687815904617,0.08803200721740723
131,220,0.4674668312072754,0.002238180488348007,0.08502960205078125
132,220,0.465265441685915,0.0022013895213603973,0.08303022384643555
133,220,0.46309944801032543,0.0021659936755895615,0.08402895927429199
134,220,0.4609679877758026,0.0021314602345228195,0.08202910423278809
135,220,0.4588699545711279,0.0020980332046747208,0.07602620124816895
136,220,0.45680579356849194,0.002064161002635956,0.08302998542785645
137,220,0.45477414689958096,0.0020316466689109802,0.08302927017211914
138,220,0.4527737721800804,0.0020003747195005417,0.07802772521972656
139,220,0.45080466009676456,0.0019691120833158493,0.08202862739562988
140,220,0.448865320533514,0.0019393395632505417,0.0750265121459961
141,220,0.4469549339264631,0.0019103866070508957,0.07302570343017578
142,220,0.44507299922406673,0.0018819347023963928,0.08603096008300781
143,220,0.443219443783164,0.00185355544090271,0.09603404998779297
144,220,0.44139253720641136,0.0018269065767526627,0.08603072166442871
145,220,0.4395916908979416,0.0018008463084697723,0.08603048324584961
146,220,0.43781614303588867,0.0017755478620529175,0.08703112602233887
147,220,0.4360646475106478,0.0017514955252408981,0.08703041076660156
148,220,0.4343385212123394,0.0017261262983083725,0.08503031730651855
149,220,0.4326369185000658,0.0017016027122735977,0.08503055572509766
150,220,0.43095942586660385,0.0016774926334619522,0.07202482223510742
151,220,0.42930576764047146,0.0016536582261323929,0.07202577590942383
152,220,0.4276744108647108,0.0016313567757606506,0.06702470779418945
153,220,0.4260648898780346,0.0016095209866762161,0.07402491569519043
154,220,0.42447707429528236,0.0015878155827522278,0.08002805709838867
155,220,0.4229104779660702,0.0015665963292121887,0.08003020286560059
156,220,0.4213643092662096,0.0015461686998605728,0.0770258903503418
157,220,0.4198386203497648,0.0015256889164447784,0.07302546501159668
158,220,0.41833274997770786,0.001505870372056961,0.07302618026733398
159,220,0.4168464858084917,0.001486264169216156,0.07202601432800293
160,220,0.41538023203611374,0.0014662537723779678,0.07402563095092773
161,220,0.4139335174113512,0.001446714624762535,0.07402634620666504
162,220,0.41250437311828136,0.0014291442930698395,0.07102513313293457
163,220,0.4110911674797535,0.0014132056385278702,0.07402682304382324
164,220,0.409696526825428,0.0013946406543254852,0.07402586936950684
165,220,0.40831964276731014,0.0013768840581178665,0.07302570343017578
166,220,0.40696024894714355,0.0013593938201665878,0.07402586936950684
167,220,0.4056178778409958,0.0013423711061477661,0.07402658462524414
168,220,0.4042917415499687,0.001326136291027069,0.07402634620666504
169,220,0.40298193134367466,0.0013098102062940598,0.06702375411987305
170,220,0.4016878455877304,0.001294085755944252,0.06702375411987305
171,220,0.4004096444696188,0.0012782011181116104,0.057019948959350586
172,220,0.39914676547050476,0.0012628789991140366,0.05702042579650879
173,220,0.39789838157594204,0.0012483838945627213,0.052019596099853516
174,220,0.39666548930108547,0.0012328922748565674,0.06202077865600586
175,220,0.3954473566263914,0.0012181326746940613,0.06202292442321777
176,220,0.3942432925105095,0.0012040641158819199,0.06302070617675781
177,220,0.39305279217660427,0.00119050033390522,0.056020259857177734
178,220,0.39187630638480186,0.0011764857918024063,0.05401897430419922
179,220,0.39071355387568474,0.0011627525091171265,0.059021711349487305
180,220,0.3895641230046749,0.0011494308710098267,0.05401897430419922
181,220,0.3884280454367399,0.00113607756793499,0.06002092361450195
182,220,0.38730507902801037,0.0011229664087295532,0.05802154541015625
183,220,0.38619476184248924,0.0011103171855211258,0.0680234432220459
184,220,0.3850967362523079,0.0010980255901813507,0.07302618026733398
185,220,0.38401054963469505,0.0010861866176128387,0.06102156639099121
186,220,0.3829362019896507,0.0010743476450443268,0.06602287292480469
187,220,0.38187270797789097,0.001063494011759758,0.06402325630187988
188,220,0.38082065246999264,0.0010520555078983307,0.07102537155151367
189,220,0.37977991439402103,0.0010407380759716034,0.06302213668823242
190,220,0.3787486348301172,0.0010312795639038086,0.05401921272277832
191,220,0.37772781774401665,0.0010208170861005783,0.06302165985107422
192,220,0.3767175953835249,0.0010102223604917526,0.05502057075500488
193,220,0.3757193386554718,0.000998256728053093,0.051017045974731445
194,220,0.37473252788186073,0.0009868107736110687,0.052018165588378906
195,220,0.37375545874238014,0.0009770691394805908,0.05902099609375
196,220,0.3727884292602539,0.000967029482126236,0.06002235412597656
197,220,0.37183105014264584,0.0009573791176080704,0.05801963806152344
198,220,0.37088396586477757,0.0009470842778682709,0.06302237510681152
199,220,0.36994600109755993,0.0009379647672176361,0.05201840400695801
200,220,0.3690178655087948,0.0009281355887651443,0.06302356719970703
201,220,0.36809928715229034,0.0009185783565044403,0.062021493911743164
202,220,0.367190258577466,0.0009090285748243332,0.06502294540405273
203,220,0.3662898261100054,0.0009004324674606323,0.060021162033081055
204,220,0.36539851501584053,0.0008913110941648483,0.060021162033081055
205,220,0.3645149730145931,0.000883542001247406,0.0680241584777832
206,220,0.3636408895254135,0.0008740834891796112,0.05702066421508789
207,220,0.36277511343359947,0.0008657760918140411,0.0590205192565918
208,220,0.3619179781526327,0.0008571352809667587,0.06002068519592285
209,220,0.36106912791728973,0.0008488502353429794,0.05702042579650879
210,220,0.36022770032286644,0.0008414275944232941,0.05201888084411621
211,220,0.3593942541629076,0.0008334461599588394,0.0680243968963623
212,220,0.3585675563663244,0.0008266977965831757,0.04901766777038574
213,220,0.35774890147149563,0.0008186548948287964,0.05301809310913086
214,220,0.356937013566494,0.0008118879050016403,0.04901742935180664
215,220,0.35613255947828293,0.0008044540882110596,0.06402206420898438
216,220,0.3553344663232565,0.0007980931550264359,0.06702542304992676
217,220,0.35454233177006245,0.000792134553194046,0.08302950859069824
218,220,0.35375755466520786,0.0007847771048545837,0.06902384757995605
219,220,0.3529796153306961,0.0007779393345117569,0.06202197074890137
220,220,0.3522075433284044,0.0007720720022916794,0.052018165588378906
221,220,0.3514428101480007,0.0007647331804037094,0.05501890182495117
222,220,0.3506850115954876,0.0007577985525131226,0.05101823806762695
223,220,0.34993321634829044,0.0007517952471971512,0.048017024993896484
224,220,0.34918773360550404,0.0007454827427864075,0.05601954460144043
225,220,0.34844885766506195,0.0007388759404420853,0.05301976203918457
226,220,0.3477167896926403,0.0007320679724216461,0.06302309036254883
227,220,0.3469902351498604,0.0007265545427799225,0.05401754379272461
228,220,0.34627022221684456,0.0007200129330158234,0.06502413749694824
229,220,0.3455565795302391,0.0007136426866054535,0.052017927169799805
230,220,0.3448481298983097,0.0007084496319293976,0.07002449035644531
231,220,0.3441468123346567,0.0007013175636529922,0.07202529907226562
232,220,0.3434499967843294,0.000696815550327301,0.06502318382263184
233,220,0.34275889582931995,0.0006911009550094604,0.06102132797241211
234,220,0.34207336977124214,0.0006855260580778122,0.05401945114135742
235,220,0.3413926400244236,0.0006807297468185425,0.05602002143859863
236,220,0.3407176807522774,0.000674959272146225,0.049018144607543945
237,220,0.340047262609005,0.0006704181432723999,0.06402182579040527
238,220,0.3393812123686075,0.0006660502403974533,0.0590214729309082
239,220,0.33872052282094955,0.0006606895476579666,0.06502246856689453
240,220,0.33806546963751316,0.0006550531834363937,0.058020591735839844
241,220,0.337415074929595,0.0006503947079181671,0.060022592544555664
242,220,0.33676953613758087,0.000645538792014122,0.05802011489868164
243,220,0.3361287098377943,0.0006408262997865677,0.06402254104614258
244,220,0.33549316599965096,0.0006355438381433487,0.05301809310913086
245,220,0.3348618298768997,0.000631336122751236,0.05902099609375
246,220,0.33423569798469543,0.0006261318922042847,0.06702399253845215
247,220,0.3336139153689146,0.0006217826157808304,0.05501890182495117
248,220,0.332996129989624,0.0006177853792905807,0.05302023887634277
249,220,0.3323829770088196,0.0006131529808044434,0.062021732330322266
250,220,0.33177425339818,0.0006087236106395721,0.06702327728271484
251,220,0.3311698082834482,0.0006044451147317886,0.057019710540771484
252,220,0.3305693920701742,0.0006004162132740021,0.06902432441711426
253,220,0.32997329346835613,0.0005960986018180847,0.06302285194396973
254,220,0.3293814156204462,0.0005918778479099274,0.05801987648010254
255,220,0.3287941459566355,0.00058726966381073,0.05703306198120117
256,220,0.32821087166666985,0.0005832742899656296,0.05100679397583008
257,220,0.3276314567774534,0.000579414889216423,0.060021162033081055
258,220,0.32705601304769516,0.0005754437297582626,0.06702303886413574
259,220,0.3264844175428152,0.0005715955048799515,0.06002044677734375
260,220,0.3259158581495285,0.000568559393286705,0.0660240650177002
261,220,0.32535120472311974,0.0005646534264087677,0.05802130699157715
262,220,0.3247905019670725,0.0005607027560472488,0.068023681640625
263,220,0.32423319295048714,0.00055730901658535,0.0680241584777832
264,220,0.3236789908260107,0.0005542021244764328,0.0750267505645752
265,220,0.32312876731157303,0.0005502235144376755,0.06502294540405273
266,220,0.3225815761834383,0.0005471911281347275,0.06702423095703125
267,220,0.32203809544444084,0.0005434807389974594,0.07002401351928711
268,220,0.32149870693683624,0.000539388507604599,0.06502246856689453
269,220,0.3209619130939245,0.0005367938429117203,0.07002520561218262
270,220,0.3204284831881523,0.0005334299057722092,0.07402634620666504
271,220,0.3198987524956465,0.0005297306925058365,0.06202220916748047
272,220,0.31937263160943985,0.0005261208862066269,0.06302118301391602
273,220,0.3188497871160507,0.0005228444933891296,0.06002163887023926
274,220,0.31832997500896454,0.0005198121070861816,0.06502413749694824
275,220,0.31781289260834455,0.0005170824006199837,0.05401778221130371
276,220,0.3172992253676057,0.0005136672407388687,0.09903573989868164
277,220,0.31678847782313824,0.0005107475444674492,0.09203386306762695
278,220,0.3162810616195202,0.0005074162036180496,0.06802248954772949
279,220,0.315776408649981,0.0005046529695391655,0.07102656364440918
280,220,0.31527512054890394,0.0005012881010770798,0.07002449035644531
281,220,0.31477692630141973,0.0004981942474842072,0.07703113555908203
282,220,0.3142815846949816,0.0004953416064381599,0.08803153038024902
283,220,0.3137894216924906,0.0004921630024909973,0.08202815055847168
284,220,0.3133002379909158,0.0004891837015748024,0.08302640914916992
285,220,0.3128139255568385,0.0004863124340772629,0.08603024482727051
286,220,0.31233022548258305,0.00048370007425546646,0.08903145790100098
287,220,0.31184876430779696,0.00048146117478609085,0.08703398704528809
288,220,0.3113703280687332,0.0004784362390637398,0.08002543449401855
289,220,0.31089415587484837,0.00047617219388484955,0.0840291976928711
290,220,0.3104212637990713,0.00047289207577705383,0.07802844047546387
291,220,0.3099514516070485,0.00046981219202280045,0.0860292911529541
292,220,0.30948396399617195,0.0004674876108765602,0.0780327320098877
293,220,0.3090195497497916,0.00046441424638032913,0.07502198219299316
294,220,0.3085575681179762,0.0004619816318154335,0.08102965354919434
295,220,0.308097749017179,0.00045981910079717636,0.08303046226501465
296,220,0.3076409688219428,0.00045678019523620605,0.09403276443481445
297,220,0.3071858882904053,0.0004550805315375328,0.0860300064086914
298,220,0.30673294235020876,0.00045294594019651413,0.056020259857177734
299,220,0.30628235451877117,0.00045058783143758774,0.06002020835876465
300,220,0.3058339785784483,0.000448375940322876,0.07002449035644531
301,220,0.30538791976869106,0.00044605880975723267,0.05802106857299805
302,220,0.3049444193020463,0.00044350046664476395,0.06302189826965332
303,220,0.304503065533936,0.00044135376811027527,0.06002163887023926
304,220,0.3040640950202942,0.00043897051364183426,0.062021732330322266
305,220,0.30362726002931595,0.00043683499097824097,0.06402444839477539
306,220,0.30319304298609495,0.00043421704322099686,0.06602311134338379
307,220,0.3027613703161478,0.00043167266994714737,0.06702327728271484
308,220,0.3023310508579016,0.0004303194582462311,0.08102798461914062
309,220,0.30190331768244505,0.0004277331754565239,0.07802820205688477
310,220,0.3014770559966564,0.00042626168578863144,0.07802748680114746
311,220,0.30105336755514145,0.00042368844151496887,0.08202886581420898
312,220,0.3006315305829048,0.0004218369722366333,0.08303046226501465
313,220,0.3002108745276928,0.0004206560552120209,0.08302760124206543
314,220,0.29979271069169044,0.00041816383600234985,0.07902884483337402
315,220,0.29937624372541904,0.00041646696627140045,0.07902789115905762
316,220,0.2989621236920357,0.00041412003338336945,0.07902836799621582
317,220,0.2985498011112213,0.00041232258081436157,0.08202886581420898
318,220,0.29813965409994125,0.0004101470112800598,0.06702256202697754
319,220,0.297732001170516,0.00040765292942523956,0.06102156639099121
320,220,0.29732579179108143,0.00040620937943458557,0.05602002143859863
321,220,0.29692225717008114,0.0004035346210002899,0.06602358818054199
322,220,0.29652004688978195,0.0004022102802991867,0.07402753829956055
323,220,0.29611959122121334,0.00040045566856861115,0.07802724838256836
324,220,0.2957216249778867,0.00039796624332666397,0.06702303886413574
325,220,0.29532501101493835,0.0003966139629483223,0.06402325630187988
326,220,0.29493070859462023,0.0003943024203181267,0.06202101707458496
327,220,0.29453875310719013,0.00039195548743009567,0.061022043228149414
328,220,0.29414790868759155,0.0003908444195985794,0.06702399253845215
329,220,0.2937590377405286,0.0003888709470629692,0.06902480125427246
330,220,0.293371113948524,0.00038792379200458527,0.062021493911743164
331,220,0.29298520367592573,0.0003859102725982666,0.07102489471435547
332,220,0.2926020761951804,0.00038312748074531555,0.0680241584777832
333,220,0.2922195829451084,0.0003824932500720024,0.0750265121459961
334,220,0.2918380629271269,0.00038152001798152924,0.06002092361450195
335,220,0.29145890288054943,0.0003791600465774536,0.06202244758605957
336,220,0.2910822844132781,0.00037661846727132797,0.0590212345123291
337,220,0.2907054740935564,0.00037681031972169876,0.05902099609375
338,220,0.2903306130319834,0.00037486106157302856,0.06402230262756348
339,220,0.289957438595593,0.00037317443639039993,0.0660238265991211
340,220,0.28958533611148596,0.0003721024841070175,0.07402729988098145
341,220,0.28921233769506216,0.0003729984164237976,0.08402824401855469
342,220,0.2888404615223408,0.00037187617272138596,0.07902836799621582
343,220,0.288469772785902,0.0003706887364387512,0.07402706146240234
344,220,0.2881012577563524,0.0003685150295495987,0.06502199172973633
345,220,0.28773396648466587,0.00036729127168655396,0.06302213668823242
346,220,0.2873683264479041,0.0003656400367617607,0.0840308666229248
347,220,0.2870046766474843,0.00036364980041980743,0.07302498817443848
348,220,0.28664145432412624,0.00036322232335805893,0.06802630424499512
349,220,0.28628022968769073,0.00036122463643550873,0.06202125549316406
350,220,0.28591977432370186,0.00036045536398887634,0.06602168083190918
351,220,0.28556146938353777,0.0003583049401640892,0.05802011489868164
352,220,0.285204641520977,0.00035682786256074905,0.06202268600463867
353,220,0.28484876453876495,0.00035587698221206665,0.05701923370361328
354,220,0.2844949495047331,0.000353815034031868,0.06402397155761719
355,220,0.2841426031664014,0.00035234633833169937,0.07102513313293457
356,220,0.2837906340137124,0.0003519691526889801,0.058020591735839844
357,220,0.2834410658106208,0.0003495682030916214,0.06402277946472168
358,220,0.2830922855064273,0.0003487803041934967,0.06802511215209961
359,220,0.28274478763341904,0.0003474978730082512,0.07602548599243164
360,220,0.2823983710259199,0.0003464166074991226,0.0680239200592041
361,220,0.2820534184575081,0.0003449525684118271,0.060021162033081055
362,220,0.28171012084931135,0.0003432976081967354,0.06702518463134766
363,220,0.28136849496513605,0.0003416258841753006,0.06102108955383301
364,220,0.28102891985327005,0.0003395751118659973,0.057019710540771484
365,220,0.28069007210433483,0.0003388477489352226,0.08803176879882812
366,220,0.2803530255332589,0.0003370465710759163,0.07902741432189941
367,220,0.280017102137208,0.00033592339605093,0.06302237510681152
368,220,0.27968320716172457,0.0003338949754834175,0.06102180480957031
369,220,0.27934998460114,0.00033322256058454514,0.06902384757995605
370,220,0.2790177343413234,0.0003322502598166466,0.07002520561218262
371,220,0.2786885043606162,0.0003292299807071686,0.06702399253845215
372,220,0.2783590741455555,0.0003294302150607109,0.06402230262756348
373,220,0.27803235221654177,0.0003267219290137291,0.07002496719360352
374,220,0.2777063138782978,0.00032603833824396133,0.06402254104614258
375,220,0.27738157846033573,0.0003247354179620743,0.06202197074890137
376,220,0.2770579503849149,0.0003236280754208565,0.06102275848388672
377,220,0.2767351036891341,0.0003228466957807541,0.068023681640625
378,220,0.27641433477401733,0.00032076891511678696,0.061022043228149414
379,220,0.2760932417586446,0.00032109301537275314,0.0520167350769043
380,220,0.2757748579606414,0.0003183837980031967,0.06202268600463867
381,220,0.27545793633908033,0.0003169216215610504,0.060021400451660156
382,220,0.27514189761132,0.00031603872776031494,0.05602002143859863
383,220,0.27482767030596733,0.00031422730535268784,0.07202601432800293
384,220,0.2745130807161331,0.00031458958983421326,0.06702303886413574
385,220,0.2742009125649929,0.000312168151140213,0.07002520561218262
386,220,0.27389021031558514,0.00031070224940776825,0.06402182579040527
387,220,0.2735792491585016,0.00031096115708351135,0.06902647018432617
388,220,0.2732701636850834,0.0003090854734182358,0.0610201358795166
389,220,0.2729628272354603,0.0003073364496231079,0.07102513313293457
390,220,0.2726549282670021,0.00030789896845817566,0.06902503967285156
391,220,0.2723495187237859,0.0003054095432162285,0.05801987648010254
392,220,0.27204473968595266,0.0003047790378332138,0.0660238265991211
393,220,0.2717407448217273,0.0003039948642253876,0.05801987648010254
394,220,0.2714378386735916,0.0003029061481356621,0.06202197074890137
395,220,0.2711356319487095,0.00030220672488212585,0.055019378662109375
396,220,0.27083492185920477,0.0003007100895047188,0.05902242660522461
397,220,0.27053575217723846,0.0002991696819663048,0.05701875686645508
398,220,0.270235707052052,0.00030004512518644333,0.06302213668823242
399,220,0.2699375916272402,0.00029811542481184006,0.06302309036254883
400,220,0.2696399502456188,0.0002976413816213608,0.060021162033081055
401,220,0.26934407837688923,0.00029587186872959137,0.0660245418548584
402,220,0.2690487280488014,0.0002953503280878067,0.06902384757995605
403,220,0.2687542587518692,0.00029446929693222046,0.05401873588562012
404,220,0.2684607654809952,0.00029349327087402344,0.07102465629577637
405,220,0.26816898863762617,0.0002917768433690071,0.06902527809143066
406,220,0.2678775116801262,0.0002914769574999809,0.06502223014831543
407,220,0.26758674811571836,0.00029076356440782547,0.06202292442321777
408,220,0.26729744393378496,0.000289304181933403,0.05702066421508789
409,220,0.26700916420668364,0.000288279727101326,0.06102156639099121
410,220,0.26672167237848043,0.0002874918282032013,0.05901932716369629
411,220,0.2664349237456918,0.00028674863278865814,0.06202197074890137
412,220,0.2661496242508292,0.00028529949486255646,0.07102560997009277
413,220,0.26586388144642115,0.0002857428044080734,0.06602358818054199
414,220,0.26558063738048077,0.0002832440659403801,0.06302213668823242
415,220,0.26529667619615793,0.000283961184322834,0.06502342224121094
416,220,0.26501445192843676,0.00028222426772117615,0.06702351570129395
417,220,0.26473424956202507,0.00028020236641168594,0.06602263450622559
418,220,0.26445266511291265,0.0002815844491124153,0.06502389907836914
419,220,0.26417286414653063,0.00027980096638202667,0.06102180480957031
420,220,0.2638943661004305,0.0002784980461001396,0.06202197074890137
421,220,0.26361537352204323,0.00027899257838726044,0.05501890182495117
422,220,0.263338309712708,0.0002770638093352318,0.07802844047546387
423,220,0.26306174974888563,0.0002765599638223648,0.06502389907836914
424,220,0.262785323895514,0.0002764258533716202,0.06502199172973633
425,220,0.26251031178981066,0.0002750121057033539,0.06702399253845215
426,220,0.26223636977374554,0.0002739420160651207,0.053017616271972656
427,220,0.2619623150676489,0.00027405470609664917,0.053020477294921875
428,220,0.2616903455927968,0.0002719694748520851,0.05802011489868164
429,220,0.2614184571430087,0.00027188844978809357,0.07902812957763672
430,220,0.26114725414663553,0.0002712029963731766,0.0840306282043457
431,220,0.26087620109319687,0.0002710530534386635,0.08903026580810547
432,220,0.26060711592435837,0.000269085168838501,0.08103108406066895
433,220,0.2603391036391258,0.00026801228523254395,0.08702874183654785
434,220,0.2600709591060877,0.00026814453303813934,0.08603096008300781
435,220,0.25980441831052303,0.0002665407955646515,0.08302998542785645
436,220,0.2595376232638955,0.0002667950466275215,0.06702303886413574
437,220,0.2592727020382881,0.00026492122560739517,0.06602358818054199
438,220,0.2590081812813878,0.0002645207569003105,0.06002020835876465
439,220,0.2587438281625509,0.00026435311883687973,0.06202220916748047
440,220,0.2584800664335489,0.0002637617290019989,0.06402325630187988
441,220,0.2582188453525305,0.0002612210810184479,0.07102560997009277
442,220,0.2579566426575184,0.0002622026950120926,0.052017927169799805
443,220,0.25769579876214266,0.0002608438953757286,0.06702399253845215
444,220,0.2574349623173475,0.0002608364447951317,0.06302213668823242
445,220,0.2571750907227397,0.00025987159460783005,0.06602358818054199
446,220,0.2569154929369688,0.0002595977857708931,0.062021493911743164
447,220,0.25665714871138334,0.00025834422558546066,0.0750267505645752
448,220,0.25639940053224564,0.00025774817913770676,0.07102537155151367
449,220,0.2561431722715497,0.0002562282606959343,0.06902408599853516
450,220,0.25588644575327635,0.0002567265182733536,0.07202625274658203
451,220,0.25563214905560017,0.0002542966976761818,0.0660238265991211
452,220,0.2553772898390889,0.00025485921651124954,0.06402206420898438
453,220,0.2551238229498267,0.0002534668892621994,0.06702399253845215
454,220,0.2548699714243412,0.0002538515254855156,0.06302237510681152
455,220,0.2546178223565221,0.0002521490678191185,0.06902408599853516
456,220,0.25436521600931883,0.0002526063472032547,0.06902527809143066
457,220,0.25411404855549335,0.0002511674538254738,0.06001996994018555
458,220,0.2538632359355688,0.0002508126199245453,0.06602358818054199
459,220,0.2536135036498308,0.00024973228573799133,0.061022281646728516
460,220,0.2533647455275059,0.00024875812232494354,0.06702375411987305
461,220,0.2531158747151494,0.000248870812356472,0.062021732330322266
462,220,0.2528690416365862,0.00024683307856321335,0.05601954460144043
463,220,0.2526212902739644,0.0002477513626217842,0.06202197074890137
464,220,0.2523751696571708,0.0002461206167936325,0.055020809173583984
465,220,0.2521295268088579,0.00024564284831285477,0.06202077865600586
466,220,0.25188435334712267,0.00024517346173524857,0.0660238265991211
467,220,0.251640765927732,0.0002435874193906784,0.059020280838012695
468,220,0.25139740481972694,0.00024336110800504684,0.05501914024353027
469,220,0.2511555375531316,0.00024186726659536362,0.06302309036254883
470,220,0.2509129475802183,0.00024258997291326523,0.07002449035644531
471,220,0.250671798363328,0.00024114921689033508,0.06202220916748047
472,220,0.25043074786663055,0.00024105049669742584,0.04901766777038574
473,220,0.2501905206590891,0.00024022720754146576,0.06602358818054199
474,220,0.24995147623121738,0.0002390444278717041,0.06702375411987305
475,220,0.24971261247992516,0.0002388637512922287,0.05701947212219238
476,220,0.24947458505630493,0.000238027423620224,0.06202363967895508
477,220,0.24923683889210224,0.00023774616420269012,0.06602263450622559
478,220,0.24900036491453648,0.00023647397756576538,0.06402134895324707
479,220,0.2487643389031291,0.00023602601140737534,0.0590212345123291
480,220,0.24852972012013197,0.00023461878299713135,0.0660238265991211
481,220,0.24829466920346022,0.00023505091667175293,0.06302285194396973
482,220,0.24806095473468304,0.00023371446877717972,0.07202649116516113
483,220,0.24782841000705957,0.00023254472762346268,0.05801868438720703
484,220,0.24759610556066036,0.00023230444639921188,0.06302309036254883
485,220,0.2473641624674201,0.00023194309324026108,0.07002472877502441
486,220,0.24713231343775988,0.00023184902966022491,0.06102108955383301
487,220,0.24690126720815897,0.00023104622960090637,0.06702423095703125
488,220,0.24667074531316757,0.00023052189499139786,0.062021493911743164
489,220,0.2464412022382021,0.000229543074965477,0.0660240650177002
490,220,0.24621174298226833,0.0002294592559337616,0.06302261352539062
491,220,0.24598299898207188,0.0002287440001964569,0.0590205192565918
492,220,0.24575535394251347,0.00022764503955841064,0.05302095413208008
493,220,0.2455274686217308,0.00022788532078266144,0.05701756477355957
494,220,0.24530149716883898,0.00022597145289182663,0.06902456283569336
495,220,0.24507440440356731,0.00022709276527166367,0.05602073669433594
496,220,0.24484923854470253,0.00022516585886478424,0.0590205192565918
497,220,0.2446246100589633,0.0002246284857392311,0.07102513313293457
498,220,0.24439989402890205,0.00022471603006124496,0.05702090263366699
499,220,0.24417673330754042,0.00022316072136163712,0.05501866340637207
500,220,0.24395257979631424,0.00022415351122617722,0.06402254104614258
