1,21,21.37108521975443,Nan,0.33199429512023926
2,21,7.943993931045076,13.427091288709356,0.1750171184539795
3,21,6.269919817319173,1.6740741137259025,0.12599730491638184
4,21,5.228645994277771,1.0412738230414016,0.16077899932861328
5,21,4.499185239126582,0.7294607551511891,0.27141833305358887
6,21,3.9454467757019454,0.553738463424637,0.14741015434265137
7,21,3.4887801803157714,0.45666659538617393,0.12190842628479004
8,21,3.070523299856814,0.41825688045895726,0.31328630447387695
9,21,2.699890050702466,0.37063324915434803,0.20514225959777832
10,21,2.3605745023417617,0.33931554836070443,0.12343072891235352
11,21,2.08489982087812,0.2756746814636415,0.1199040412902832
12,21,1.8616504615652347,0.22324935931288548,0.3793644905090332
13,21,1.6471293428968528,0.21452111866838197,0.12309527397155762
14,21,1.4353512143660447,0.21177812853080802,0.1495342254638672
15,21,1.2729238182484746,0.16242739611757018,0.12446260452270508
16,21,1.1149993727574805,0.15792444549099405,0.1380157470703125
17,21,0.9877181939200727,0.12728117883740786,0.24581265449523926
18,21,0.871438605075111,0.1162795888449617,0.12338781356811523
19,21,0.7741115560342452,0.09732704904086575,0.15448355674743652
20,21,0.6921062911163547,0.08200526491789051,0.39068102836608887
21,21,0.6296819299013315,0.06242436121502315,0.24121904373168945
22,21,0.5610007267601476,0.06868120314118398,0.2223503589630127
23,21,0.5081965193866256,0.05280420737352198,0.41288161277770996
24,21,0.45373381183532896,0.05446270755129662,0.3979756832122803
25,21,0.413731482303785,0.04000232953154398,0.451981782913208
26,21,0.3833126991674929,0.030418783136292094,0.40451478958129883
27,21,0.35018057112922213,0.03313212803827076,0.2236173152923584
28,21,0.3238282423176451,0.026352328811577008,0.12401247024536133
29,21,0.28951883009317037,0.034309412224474756,0.32676196098327637
30,21,0.269039394144348,0.020479435948822344,0.19818615913391113
31,21,0.24745612426432306,0.021583269880024958,0.21100473403930664
32,21,0.23063109667893655,0.01682502758538651,0.22469878196716309
33,21,0.21358183590684107,0.01704926077209548,0.20395493507385254
34,21,0.2012862397502818,0.012295596156559285,0.21666407585144043
35,21,0.1870987516141937,0.014187488136088083,0.12781977653503418
36,21,0.17748416432675845,0.00961458728743525,0.12371635437011719
37,21,0.16768121611728462,0.009802948209473833,0.22428655624389648
38,21,0.15708015714688395,0.010601058970400673,0.32657551765441895
39,21,0.14771547915224365,0.009364677994640302,0.2234034538269043
40,21,0.13882853841397932,0.00888694073826432,0.2245793342590332
41,21,0.13005469467290148,0.008773843741077841,0.2164614200592041
42,21,0.12210696019388423,0.007947734479017254,0.24991202354431152
43,21,0.11418588061867181,0.007921079575212417,0.23028898239135742
44,21,0.10774744149788233,0.00643843912078948,0.12429213523864746
45,21,0.10224933477263608,0.0054981067252462545,0.23523449897766113
46,21,0.09674825925870749,0.005501075513928588,0.6411557197570801
47,21,0.09173333921475325,0.005014920043954235,0.20397186279296875
48,21,0.08772103672479084,0.004012302489962413,0.3997173309326172
49,21,0.08395564905228373,0.0037653876725071145,0.12804079055786133
50,21,0.08067785096382667,0.0032777980884570596,0.24866318702697754
51,21,0.0772835257390659,0.003394325224760769,0.5303122997283936
52,21,0.0744674905889227,0.002816035150143198,0.26625561714172363
53,21,0.07189178866094457,0.0025757019279781246,0.1398634910583496
54,21,0.06942900981263307,0.002462778848311503,0.30337095260620117
55,21,0.06727236067084316,0.0021566491417899097,0.14082860946655273
56,21,0.06497140392984548,0.0023009567409976867,0.41317081451416016
57,21,0.06303347604248874,0.0019379278873567357,0.1685957908630371
58,21,0.061118304182937046,0.001915171859551694,0.4144442081451416
59,21,0.059503628125046185,0.0016146760578908612,0.2236180305480957
60,21,0.057724458265848856,0.0017791698591973285,0.14087414741516113
61,21,0.05626516179655662,0.0014592964692922358,0.3994174003601074
62,21,0.05471968295576865,0.00154547884078797,0.4078190326690674
63,21,0.053343432528820046,0.001376250426948604,0.4654412269592285
64,21,0.05205738599674252,0.001286046532077527,0.270721435546875
65,21,0.05084869671267218,0.0012086892840703425,0.12479090690612793
66,21,0.04954722900122047,0.0013014677114517037,0.12911295890808105
67,21,0.0483744183923313,0.0011728106088891715,0.24003314971923828
68,21,0.04743502425966773,0.0009393941326635707,0.12623333930969238
69,21,0.046273920896970584,0.0011611033626971468,0.1665799617767334
70,21,0.0452429917055422,0.001030929191428387,0.4288668632507324
71,21,0.0443478276267157,0.0008951640788264978,0.5072863101959229
72,21,0.043364674421752285,0.0009831532049634148,0.16498184204101562
73,21,0.042415731714781885,0.0009489427069704001,0.2561032772064209
74,21,0.04167758173470993,0.0007381499800719546,0.13215208053588867
75,21,0.04077474895061668,0.0009028327840932479,0.23284268379211426
76,21,0.039963514053312964,0.0008112348973037184,0.17612075805664062
77,21,0.03923110000253795,0.0007324140507750168,0.13567733764648438
78,21,0.038540718831612676,0.0006903811709252708,0.25679898262023926
79,21,0.03772505405386854,0.0008156647777441337,0.32684946060180664
80,21,0.037121795293523704,0.000603258760344838,0.4970734119415283
81,21,0.03641263129535371,0.0007091639981699968,0.1270759105682373
82,21,0.035828073380771513,0.0005845579145821941,0.12804436683654785
83,21,0.03515298348366322,0.0006750898971082941,0.1615924835205078
84,21,0.0345859062010255,0.000567077282637718,0.12205076217651367
85,21,0.03401049432584536,0.0005754118751801415,0.25223779678344727
86,21,0.03346861995656244,0.0005418743692829214,0.1295454502105713
87,21,0.03289124503464042,0.0005773749219220164,0.21269965171813965
88,21,0.03235636476683849,0.0005348802678019349,0.26187801361083984
89,21,0.03187294625593517,0.000483418510903319,0.16260004043579102
90,21,0.03135521127424108,0.000517734981694086,0.12336206436157227
91,21,0.030899982960772013,0.00045522831346906864,0.20807409286499023
92,21,0.030382322593631144,0.0005176603671408694,0.40199923515319824
93,21,0.02996459152705655,0.0004177310665745941,0.12587618827819824
94,21,0.029528982432637206,0.00043560909441934387,0.17712068557739258
95,21,0.029100669428014647,0.0004283130046225589,0.4963080883026123
96,21,0.028677500452578605,0.0004231689754360425,0.12793326377868652
97,21,0.028283062742320363,0.00039443771025824206,0.1275651454925537
98,21,0.027886127311357124,0.00039693543096323836,0.25528883934020996
99,21,0.02750439236699018,0.0003817349443669439,0.3368408679962158
100,21,0.02712676409230439,0.0003776282746857894,0.33942437171936035
