1,321,602.5502524850028,Nan,0.043976545333862305
2,321,313.26629021344866,289.2839622715542,0.041979312896728516
3,321,226.43627965000698,86.83001056344168,0.043707847595214844
4,321,173.79719787597656,52.639081774030416,0.09990906715393066
5,321,141.74194674682616,32.055251129150406,0.044214487075805664
6,321,126.74953037588936,14.992416370936795,0.04626941680908203
7,321,122.72027376229423,4.0292566135951375,0.06816387176513672
8,321,108.27352906799317,14.44674469430106,0.18362641334533691
9,321,114.09296241106306,-5.819433343069889,0.1307821273803711
10,321,130.6274333997454,-16.534470988682344,0.2293412685394287
11,321,111.47278204781668,19.15465135192872,0.06204080581665039
12,321,93.63242346191406,17.84035858590262,0.04356813430786133
13,321,99.39268575177874,-5.760262289864684,0.044655799865722656
14,321,83.06976784188407,16.32291790989467,0.10242605209350586
15,321,86.75697425842286,-3.6872064165387854,0.10739612579345703
16,321,86.9000416128976,-0.14306735447473784,0.1008443832397461
17,321,67.280193359375,19.61984825352259,0.10458874702453613
18,321,58.269849964686806,9.0103433946882,0.11623764038085938
19,321,47.055919007437566,11.21393095724924,0.10179948806762695
20,321,46.98168461935861,0.07423438807895621,0.10805034637451172
21,321,50.026519878932405,-3.0448352595737944,0.1038520336151123
22,321,48.688187597002305,1.3383322819301,0.10428380966186523
23,321,49.12959056418283,-0.4414029671805224,0.10636162757873535
24,321,52.7817043800354,-3.652113815852573,0.10204815864562988
25,321,52.841642706734795,-0.05993832669939536,0.10235595703125
26,321,46.52845413861956,6.313188568115237,0.10988235473632812
27,321,52.8840374886649,-6.355583350045343,0.11728048324584961
28,321,46.86525353567941,6.018783952985494,0.09880685806274414
29,321,57.998350826808384,-11.133097291128976,0.16901445388793945
30,321,73.74363494764056,-15.745284120832174,0.2609262466430664
31,321,80.50619898332869,-6.762564035688129,0.12301969528198242
32,321,74.6329740121024,5.873224971226293,0.1058955192565918
33,321,82.62914698137556,-7.996172969273161,0.10530233383178711
34,321,88.19108883558,-5.5619418542044485,0.10504007339477539
35,321,77.14154386247907,11.049544973100936,0.1057443618774414
36,321,76.34548224530901,0.7960616171700536,0.10288190841674805
37,321,60.88225425611223,15.463227989196781,0.11207413673400879
38,321,54.30863837650844,6.573615879603793,0.10010647773742676
39,321,52.46833510371617,1.8403032727922692,0.10151934623718262
40,321,40.838244702475414,11.630090401240757,0.10153508186340332
41,321,37.30081104823521,3.5374336542402034,0.14712953567504883
42,321,35.81418602153233,1.4866250267028818,0.10195636749267578
43,321,33.668394472939625,2.1457915485927046,0.10351133346557617
44,321,31.82385747528076,1.8445369976588637,0.1019585132598877
45,321,38.37895391355242,-6.555096438271661,0.10184121131896973
46,321,35.214983414241246,3.1639704993111764,0.10560107231140137
47,321,42.303212887900216,-7.08822947365897,0.10290384292602539
48,321,30.839740456717355,11.463472431182861,0.13769030570983887
49,321,32.161646423339846,-1.3219059666224915,0.28279685974121094
50,321,25.725202882902963,6.436443540436883,0.04844307899475098
51,321,25.28447954450335,0.4407233383996143,0.04432511329650879
52,321,22.36912456239973,2.9153549821036187,0.05044054985046387
53,321,26.560295791353496,-4.191171228953767,0.046150922775268555
54,321,18.35829836000715,8.201997431346346,0.043535470962524414
55,321,25.370502316338676,-7.0122039563315255,0.04429006576538086
56,321,20.58209226008824,4.788410056250438,0.04552888870239258
57,321,30.64888862991333,-10.066796369825092,0.1110987663269043
58,321,57.70156819643293,-27.0526795665196,0.10852241516113281
59,321,72.28459170259748,-14.583023506164551,0.10255289077758789
60,321,51.45691148376465,20.827680218832832,0.10983061790466309
61,321,50.919253270830424,0.5376582129342253,0.11128520965576172
62,321,56.62270256260463,-5.703449291774206,0.10355663299560547
63,321,59.07531673812866,-2.452614175524033,0.10381007194519043
64,321,66.35445643288749,-7.279139694758825,0.10312080383300781
65,321,56.16348345729283,10.190972975594661,0.10688495635986328
66,321,52.10479776872907,4.058685688563756,0.10383009910583496
67,321,51.866542991638184,0.23825477709088716,0.11298680305480957
68,321,41.216057365417484,10.6504856262207,0.10181188583374023
69,321,40.002588259015766,1.2134691064017176,0.10346698760986328
70,321,28.457254981177194,11.545333277838573,0.1027824878692627
71,321,26.072510268620082,2.3847447125571115,0.22042393684387207
72,321,26.025967488697596,0.04654277992248623,0.22695684432983398
73,321,22.45556855583191,3.570398932865686,0.10882019996643066
74,321,21.271784823553904,1.1837837322780054,0.1145029067993164
75,321,20.58471381187439,0.6870710116795138,0.10419440269470215
76,321,21.508904940468923,-0.9241911285945328,0.12178254127502441
77,321,14.02262742778233,7.486277512686593,0.10259556770324707
78,321,12.209418923241751,1.8132085045405795,0.1030576229095459
79,321,11.42680510371072,0.782613819531031,0.10450148582458496
80,321,12.197914374760218,-0.7711092710494984,0.10564541816711426
81,321,10.915224995613098,1.2826893791471203,0.11111068725585938
82,321,10.169433589662825,0.745791405950273,0.10433697700500488
83,321,9.530138862609864,0.6392947270529614,0.10628676414489746
84,321,9.727844685554505,-0.19770582294464134,0.10356426239013672
85,321,9.198865336281912,0.5289793492725927,0.1112680435180664
86,321,8.995072207110269,0.20379312917164327,0.1125798225402832
87,321,9.040771138531822,-0.04569893142155301,0.1035466194152832
88,321,10.09738972221102,-1.0566185836791977,0.10494875907897949
89,321,8.678446536881584,1.4189431853294359,0.1033182144165039
90,321,8.361750705514636,0.3166958313669479,0.3287057876586914
91,321,8.309364735671451,0.052385969843184554,0.1085350513458252
92,321,8.550302654606956,-0.2409379189355043,0.10930681228637695
93,321,8.404807698113578,0.14549495649337807,0.1030876636505127
94,321,8.278363521030972,0.1264441770826057,0.10648488998413086
95,321,8.123408710956573,0.1549548100743987,0.10663032531738281
96,321,8.00630770615169,0.1171010048048835,0.11467981338500977
97,321,8.122010397161755,-0.1157026910100658,0.11167740821838379
98,321,8.05764168712071,0.06436871004104461,0.1194922924041748
99,321,8.193541887147086,-0.13590020002637537,0.11923742294311523
100,321,7.564443591662815,0.6290982954842708,0.1035304069519043
