1,221,375.2724323272705,Nan,0.19527649879455566
2,221,123.4389820098877,251.8334503173828,0.1700437068939209
3,221,86.4986560344696,36.94032597541809,0.1384594440460205
4,221,63.5614538192749,22.937202215194702,0.1449592113494873
5,221,52.554949045181274,11.006504774093628,0.10901451110839844
6,221,42.05523729324341,10.499711751937866,0.09544086456298828
7,221,35.9413948059082,6.113842487335205,0.11214852333068848
8,221,33.65282618999481,2.288568615913391,0.33118295669555664
9,221,31.54456114768982,2.1082650423049927,0.18482279777526855
10,221,30.46307408809662,1.0814870595932007,0.1714160442352295
11,221,28.43787705898285,2.0251970291137695,0.35873961448669434
12,221,25.42468011379242,3.0131969451904297,0.14613890647888184
13,221,23.839917838573456,1.5847622752189636,0.14928007125854492
14,221,23.66738748550415,0.17253035306930542,0.17693877220153809
15,221,22.21994185447693,1.4474456310272217,0.12328052520751953
16,221,18.183310627937317,4.036631226539612,0.05333709716796875
17,221,18.174163103103638,0.0091475248336792,0.053610801696777344
18,221,16.651780486106873,1.5223826169967651,0.06472086906433105
19,221,16.783903568983078,-0.13212308287620544,0.15404272079467773
20,221,17.861255198717117,-1.0773516297340393,0.3131589889526367
21,221,17.450702965259552,0.4105522334575653,0.2105107307434082
22,221,18.602895855903625,-1.1521928906440735,0.08373188972473145
23,221,20.544055938720703,-1.9411600828170776,0.05339550971984863
24,221,20.76085191965103,-0.21679598093032837,0.05360555648803711
25,221,15.166317582130432,5.594534337520599,0.05183863639831543
26,221,15.406712651252747,-0.24039506912231445,0.05036425590515137
27,221,12.257238745689392,3.1494739055633545,0.04836392402648926
28,221,12.824573040008545,-0.5673342943191528,0.0990447998046875
29,221,8.147633999586105,4.67693904042244,0.10325860977172852
30,221,6.169194936752319,1.978439062833786,0.11392068862915039
31,221,5.978402994573116,0.19079194217920303,0.1621713638305664
32,221,5.727690428495407,0.2507125660777092,0.14189410209655762
33,221,5.342513598501682,0.3851768299937248,0.14795756340026855
34,221,6.132233694195747,-0.7897200956940651,0.14694786071777344
35,221,6.067594483494759,0.06463921070098877,0.3630797863006592
36,221,7.75030492246151,-1.682710438966751,0.05123472213745117
37,221,9.533697471022606,-1.7833925485610962,0.051346778869628906
38,221,11.127322629094124,-1.593625158071518,0.05358433723449707
39,221,8.650351956486702,2.476970672607422,0.0526118278503418
40,221,9.573902040719986,-0.923550084233284,0.05044960975646973
41,221,9.05248811841011,0.5214139223098755,0.2064518928527832
42,221,8.118771716952324,0.9337164014577866,0.09571099281311035
43,221,5.903528764843941,2.215242952108383,0.09752631187438965
44,221,4.346404656767845,1.5571241080760956,0.13353753089904785
45,221,3.728248745203018,0.618155911564827,0.27117204666137695
46,221,3.569618497043848,0.15863024815917015,0.050353050231933594
47,221,4.708624504506588,-1.13900600746274,0.05140948295593262
48,221,3.973041530698538,0.7355829738080502,0.058168888092041016
49,221,4.853683300316334,-0.8806417696177959,0.05089282989501953
50,221,5.696470454335213,-0.8427871540188789,0.08361148834228516
51,221,5.613868683576584,0.08260177075862885,0.10930991172790527
52,221,5.895178310573101,-0.2813096269965172,0.17696166038513184
53,221,4.910598240792751,0.9845800697803497,0.14676570892333984
54,221,6.233019679784775,-1.3224214389920235,0.1393132209777832
55,221,4.714175872504711,1.5188438072800636,0.42349886894226074
56,221,2.0562080033123493,2.657967869192362,0.3354952335357666
57,221,1.2828607000410557,0.7733473032712936,0.06398749351501465
58,221,0.6024126168340445,0.6804480832070112,0.04898834228515625
59,221,0.4251669757068157,0.17724564112722874,0.048783302307128906
60,221,0.3597954250872135,0.0653715506196022,0.05022144317626953
61,221,0.33432187605649233,0.025473549030721188,0.050965309143066406
62,221,0.3155641406774521,0.01875773537904024,0.11389780044555664
63,221,0.2995349559932947,0.01602918468415737,0.06108212471008301
64,221,0.28675443585962057,0.012780520133674145,0.05368542671203613
65,221,0.2764404322952032,0.010314003564417362,0.049422264099121094
66,221,0.26684604678303003,0.009594385512173176,0.09370875358581543
67,221,0.258337483741343,0.008508563041687012,0.12796449661254883
68,221,0.25078721065074205,0.007550273090600967,0.11312150955200195
69,221,0.24379316624253988,0.006994044408202171,0.08704090118408203
70,221,0.23742743115872145,0.006365735083818436,0.05275440216064453
71,221,0.23146993201225996,0.005957499146461487,0.04987978935241699
72,221,0.22601788025349379,0.005452051758766174,0.050351619720458984
73,221,0.22080903500318527,0.005208845250308514,0.07274150848388672
74,221,0.2160864593461156,0.004722575657069683,0.07595539093017578
75,221,0.21154032927006483,0.004546130076050758,0.10446763038635254
76,221,0.20737219974398613,0.004168129526078701,0.05537819862365723
77,221,0.20336588937789202,0.004006310366094112,0.057005882263183594
78,221,0.19964588899165392,0.003720000386238098,0.051519155502319336
79,221,0.1960643227212131,0.003581566270440817,0.11482095718383789
80,221,0.19267801567912102,0.003386307042092085,0.07784032821655273
81,221,0.189467404037714,0.003210611641407013,0.11210227012634277
82,221,0.18641130905598402,0.0030560949817299843,0.14823651313781738
83,221,0.18335617845878005,0.00305513059720397,0.23218464851379395
84,221,0.18054076237604022,0.00281541608273983,0.10365915298461914
85,221,0.1777794538065791,0.0027613085694611073,0.09462118148803711
86,221,0.17516622226685286,0.0026132315397262573,0.09741640090942383
87,221,0.17255623964592814,0.0026099826209247112,0.0938117504119873
88,221,0.1701444466598332,0.0024117929860949516,0.33757925033569336
89,221,0.1677963873371482,0.0023480593226850033,0.09536004066467285
90,221,0.1654576798900962,0.002338707447052002,0.09156155586242676
91,221,0.1632540193386376,0.002203660551458597,0.09471011161804199
92,221,0.16117381118237972,0.002080208156257868,0.09278988838195801
93,221,0.15904392208904028,0.002129889093339443,0.0899343490600586
94,221,0.15707290917634964,0.0019710129126906395,0.12916922569274902
95,221,0.1551209227181971,0.0019519864581525326,0.09266114234924316
96,221,0.15327391074970365,0.0018470119684934616,0.4269285202026367
97,221,0.1514407736249268,0.0018331371247768402,0.31391072273254395
98,221,0.14966068090870976,0.001780092716217041,0.14339303970336914
99,221,0.14797021355479956,0.0016904673539102077,0.15575098991394043
100,221,0.1462291837669909,0.0017410297878086567,0.3357429504394531
