1,471,1764.1651306152344,Nan,0.08503198623657227
2,471,981.7627105712891,782.4024200439453,0.086029052734375
3,471,1121.5955924987793,-139.83288192749023,0.08002877235412598
4,471,1007.3862495422363,114.20934295654297,0.08002877235412598
5,471,1007.3862495422363,0.0,0.08202862739562988
6,471,1007.3862495422363,0.0,0.07902741432189941
7,471,1007.3862495422363,0.0,0.07902860641479492
8,471,1007.3862495422363,0.0,0.08002829551696777
9,471,1007.3862495422363,0.0,0.07902884483337402
10,471,1007.3862495422363,0.0,0.08002758026123047
11,471,1007.3862495422363,0.0,0.08102941513061523
12,471,1007.3862495422363,0.0,0.08202886581420898
13,471,1007.3862495422363,0.0,0.08002758026123047
14,471,1007.3862495422363,0.0,0.07902812957763672
15,471,1007.3862495422363,0.0,0.08002901077270508
16,471,1007.3862495422363,0.0,0.07902789115905762
17,471,1007.3862495422363,0.0,0.08002853393554688
18,471,1007.3862495422363,0.0,0.08102822303771973
19,471,1007.3862495422363,0.0,0.08202886581420898
20,471,1007.3862495422363,0.0,0.08002877235412598
21,471,1007.3862495422363,0.0,0.16505861282348633
22,471,1007.3862495422363,0.0,0.07902765274047852
23,471,1007.3862495422363,0.0,0.08002829551696777
24,471,1007.3862495422363,0.0,0.07902884483337402
25,471,1007.3862495422363,0.0,0.08002758026123047
26,471,1007.3862495422363,0.0,0.07902789115905762
27,471,1007.3862495422363,0.0,0.07902860641479492
28,471,1007.3862495422363,0.0,0.08002901077270508
29,471,1007.3862495422363,0.0,0.08002710342407227
30,471,1007.3862495422363,0.0,0.08202958106994629
31,471,1007.3862495422363,0.0,0.08002829551696777
32,471,1007.3862495422363,0.0,0.08202958106994629
33,471,1007.3862495422363,0.0,0.08102750778198242
34,471,1007.3862495422363,0.0,0.08002948760986328
35,471,1007.3862495422363,0.0,0.07902741432189941
36,471,1007.3862495422363,0.0,0.08002877235412598
37,471,1007.3862495422363,0.0,0.08002781867980957
38,471,1007.3862495422363,0.0,0.07902812957763672
39,471,1007.3862495422363,0.0,0.07902789115905762
40,471,1007.3862495422363,0.0,0.08803153038024902
41,471,1007.3862495422363,0.0,0.08803176879882812
42,471,1007.3862495422363,0.0,0.08803057670593262
43,471,1007.3862495422363,0.0,0.08803176879882812
44,471,1007.3862495422363,0.0,0.08703112602233887
45,471,1007.3862495422363,0.0,0.08102750778198242
46,471,1007.3862495422363,0.0,0.08002901077270508
47,471,1007.3862495422363,0.0,0.08002853393554688
48,471,1007.3862495422363,0.0,0.07902836799621582
49,471,1007.3862495422363,0.0,0.08002781867980957
50,471,1007.3862495422363,0.0,0.07902741432189941
51,471,1007.3862495422363,0.0,0.08002924919128418
52,471,1007.3862495422363,0.0,0.08002734184265137
53,471,1007.3862495422363,0.0,0.08002924919128418
54,471,1007.3862495422363,0.0,0.08002781867980957
55,471,1007.3862495422363,0.0,0.07902860641479492
56,471,1007.3862495422363,0.0,0.08002710342407227
57,471,1007.3862495422363,0.0,0.08102965354919434
58,471,1007.3862495422363,0.0,0.07902812957763672
59,471,1007.3862495422363,0.0,0.07902789115905762
60,471,1007.3862495422363,0.0,0.08002853393554688
61,471,1007.3862495422363,0.0,0.07902765274047852
62,471,1007.3862495422363,0.0,0.08102846145629883
63,471,1007.3862495422363,0.0,0.07802772521972656
64,471,1007.3862495422363,0.0,0.07902812957763672
65,471,1007.3862495422363,0.0,0.08002829551696777
66,471,1007.3862495422363,0.0,0.0840311050415039
67,471,1007.3862495422363,0.0,0.08202815055847168
68,471,1007.3862495422363,0.0,0.08502984046936035
69,471,1007.3862495422363,0.0,0.08803129196166992
70,471,1007.3862495422363,0.0,0.08703136444091797
71,471,1007.3862495422363,0.0,0.08703017234802246
72,471,1007.3862495422363,0.0,0.08603048324584961
73,471,1007.3862495422363,0.0,0.08803200721740723
74,471,1007.3862495422363,0.0,0.0860300064086914
75,471,1007.3862495422363,0.0,0.08803153038024902
76,471,1007.3862495422363,0.0,0.08603048324584961
77,471,1007.3862495422363,0.0,0.08603072166442871
78,471,1007.3862495422363,0.0,0.18006372451782227
79,471,1007.3862495422363,0.0,0.08302855491638184
80,471,1007.3862495422363,0.0,0.08102941513061523
81,471,1007.3862495422363,0.0,0.08002805709838867
82,471,1007.3862495422363,0.0,0.07902741432189941
83,471,1007.3862495422363,0.0,0.08002924919128418
84,471,1007.3862495422363,0.0,0.08002805709838867
85,471,1007.3862495422363,0.0,0.07902860641479492
86,471,1007.3862495422363,0.0,0.08002758026123047
87,471,1007.3862495422363,0.0,0.08102917671203613
88,471,1007.3862495422363,0.0,0.07902717590332031
89,471,1007.3862495422363,0.0,0.08102917671203613
90,471,1007.3862495422363,0.0,0.08002829551696777
91,471,1007.3862495422363,0.0,0.07902812957763672
92,471,1007.3862495422363,0.0,0.08002805709838867
93,471,1007.3862495422363,0.0,0.08102869987487793
94,471,1007.3862495422363,0.0,0.08002853393554688
95,471,1007.3862495422363,0.0,0.07902765274047852
96,471,1007.3862495422363,0.0,0.08303046226501465
97,471,1007.3862495422363,0.0,0.08502984046936035
98,471,1007.3862495422363,0.0,0.07902765274047852
99,471,1007.3862495422363,0.0,0.08002781867980957
100,471,1007.3862495422363,0.0,0.08102989196777344
