1,131,152.7889444416591,Nan,0.1762526035308838
2,131,67.67821691894531,85.1107275227138,0.12734007835388184
3,131,45.861927041734965,21.816289877210345,0.09102654457092285
4,131,37.07861790738787,8.783309134347093,0.10227727890014648
5,131,28.895411799839565,8.183206107548308,0.10055112838745117
6,131,25.798921397072927,3.096490402766637,0.10022354125976562
7,131,22.601783371789114,3.197138025283813,0.09572505950927734
8,131,22.166176206588744,0.4356071652003699,0.10820245742797852
9,131,21.872303799220493,0.2938724073682515,0.10167455673217773
10,131,23.887525684765407,-2.015221885544914,0.11490035057067871
11,131,25.46850919464656,-1.580983509881154,0.0993809700012207
12,131,19.20060502597264,6.2679041686739225,0.10249733924865723
13,131,21.246769824164254,-2.046164798191615,0.10318922996520996
14,131,16.408320782525198,4.8384490416390555,0.10217404365539551
15,131,17.30436012377058,-0.8960393412453804,0.11123442649841309
16,131,17.64020496068682,-0.335844836916241,0.11520862579345703
17,131,17.623551055635726,0.01665390505109343,0.11754775047302246
18,131,19.092400822094508,-1.4688497664587814,0.11989450454711914
19,131,19.591883380481175,-0.4994825583866671,0.10780477523803711
20,131,14.671235089438301,4.920648291042873,0.10421371459960938
21,131,11.649338277135577,3.0218968123027246,0.10706663131713867
22,131,14.206076501165118,-2.556738224029541,0.16542267799377441
23,131,12.672136682374136,1.5339398187909818,0.12098336219787598
24,131,12.040427577086858,0.6317091052872783,0.11127471923828125
25,131,10.485596697432655,1.5548308796542027,0.11514067649841309
26,131,11.451958547489983,-0.9663618500573286,0.10236930847167969
27,131,9.276068790231433,2.1758897572585507,0.10784196853637695
28,131,8.946106196096965,0.32996259413446793,0.1072092056274414
29,131,5.951087184735707,2.995019011361258,0.10223984718322754
30,131,7.653677284172603,-1.7025900994368959,0.11052346229553223
31,131,7.161032243217741,0.49264504095486217,0.10995841026306152
32,131,6.867513047524861,0.29351919569287954,0.10593104362487793
33,131,5.995434855835779,0.8720781916890825,0.06877613067626953
34,131,6.357697571992874,-0.3622627161570957,0.05543017387390137
35,131,8.4740552479199,-2.1163576759270253,0.2435779571533203
36,131,7.810887170331819,0.6631680775880806,0.13775420188903809
37,131,5.243111009768077,2.567776160563742,0.11137533187866211
38,131,4.955128639612879,0.28798237015519756,0.0554811954498291
39,131,5.55881937034641,-0.6036907307335309,0.055248260498046875
40,131,6.749269120046071,-1.1904497496996607,0.05753660202026367
41,131,5.170186870898519,1.579082249147552,0.05657672882080078
42,131,6.435485297765051,-1.265298426866532,0.05794167518615723
43,131,5.825666395698275,0.6098189020667757,0.1005702018737793
44,131,4.798026237249374,1.027640158448901,0.21307969093322754
45,131,3.074408137832369,1.723618099417005,0.0721583366394043
46,131,2.296405772405011,0.778002365427358,0.05609560012817383
47,131,2.623192578041128,-0.32678680563611673,0.054630279541015625
48,131,0.8479379822675671,1.7752545957735606,0.08778929710388184
49,131,0.7014222753037299,0.1465157069638372,0.08085107803344727
50,131,0.4108942524455488,0.29052802285818113,0.05885624885559082
51,131,0.23926023937309426,0.17163401307245452,0.05649614334106445
52,131,0.2092695792846914,0.02999066008840287,0.057916879653930664
53,131,0.18309111973004683,0.026178459554644568,0.1133260726928711
54,131,0.16582899959904274,0.01726212013100409,0.05682992935180664
55,131,0.15014887769799679,0.01568012190104595,0.059508562088012695
56,131,0.137942611535745,0.012206266162251789,0.05553078651428223
57,131,0.12725378477653224,0.01068882675921276,0.06455087661743164
58,131,0.11805039047942098,0.009203394297111256,0.1025838851928711
59,131,0.1098871345758172,0.008163255903603783,0.05572175979614258
60,131,0.10287186297455005,0.007015271601267151,0.07013678550720215
61,131,0.0967605679861403,0.006111294988409746,0.3571488857269287
62,131,0.0915198882243463,0.005240679761794001,0.2378082275390625
63,131,0.08676906073266374,0.004750827491682555,0.23664331436157227
64,131,0.08272082663447197,0.004048234098191772,0.17164301872253418
65,131,0.07944173520763538,0.0032790914268365917,0.2176494598388672
66,131,0.07596972639552717,0.0034720088121082127,0.20604872703552246
67,131,0.07313160160622958,0.002838124789297583,0.24158143997192383
68,131,0.0706705318561622,0.0024610697500673795,0.21520090103149414
69,131,0.06828125511814973,0.00238927673801248,0.13175201416015625
70,131,0.06612969405776156,0.002151561060388163,0.15978097915649414
71,131,0.06422308531722852,0.0019066087405330417,0.3023793697357178
72,131,0.06241537972925497,0.0018077055879735515,0.05670809745788574
73,131,0.06071339208845581,0.0017019876407991588,0.05533266067504883
74,131,0.05050230171957186,0.01021109036888395,0.055255889892578125
75,131,0.04808818066412849,0.0024141210554433704,0.09853911399841309
76,131,0.04569746913947165,0.0023907115246568425,0.14462065696716309
77,131,0.04390661089441606,0.0017908582450555863,0.12306380271911621
78,131,0.042345902555223025,0.0015607083391930357,0.10798096656799316
79,131,0.04103636129014194,0.0013095412650810864,0.06566882133483887
80,131,0.03978620499611965,0.001250156294022288,0.1104896068572998
81,131,0.03870908888229834,0.0010771161138213095,0.14667296409606934
82,131,0.037615167679132096,0.0010939212031662454,0.05604386329650879
83,131,0.0366228456510497,0.0009923220280823944,0.05587029457092285
84,131,0.03575504736216473,0.0008677982888849745,0.0545659065246582
85,131,0.03485228170055364,0.0009027656616110852,0.10303163528442383
86,131,0.03411326439279531,0.0007390173077583342,0.05612301826477051
87,131,0.03332158600711929,0.000791678385676016,0.056050777435302734
88,131,0.032616750844222095,0.0007048351628971966,0.054160118103027344
89,131,0.03196388912280755,0.0006528617214145438,0.055716514587402344
90,131,0.03131432133646948,0.0006495677863380678,0.05669736862182617
91,131,0.030721996079864245,0.0005923252566052382,0.11245369911193848
92,131,0.030135995540501816,0.0005860005393624294,0.0609591007232666
93,131,0.029590095159331604,0.0005459003811702119,0.0590205192565918
94,131,0.029053063934003667,0.0005370312253279372,0.061815500259399414
95,131,0.028555106392529395,0.0004979575414742719,0.18656706809997559
96,131,0.028052316751597185,0.0005027896409322101,0.3341982364654541
97,131,0.02760635529418609,0.0004459614574110933,0.20259475708007812
98,131,0.027123407196785722,0.0004829480974003694,0.11076807975769043
99,131,0.02670596846366035,0.00041743873312537205,0.05641674995422363
100,131,0.026277313114010863,0.00042865534964948646,0.05528855323791504
