1,341,599.7477663661411,Nan,0.09324908256530762
2,341,485.5748210928781,114.17294527326305,0.08330941200256348
3,341,353.95792896379743,131.61689212908067,0.08484745025634766
4,341,282.2352950940813,71.7226338697161,0.08907389640808105
5,341,227.34239204842703,54.89290304565429,0.09326434135437012
6,341,214.4841861027309,12.858205945696142,0.09106326103210449
7,341,204.81846133422852,9.665724768502372,0.09157109260559082
8,341,192.51076538085937,12.307695953369148,0.08043408393859863
9,341,179.69664044625418,12.81412493460519,0.0845651626586914
10,341,182.63903379821778,-2.9423933519636023,0.09982419013977051
11,341,162.09016904558453,20.54886475263325,0.09087467193603516
12,341,185.36029757581437,-23.27012853022984,0.08701276779174805
13,341,151.85213296181814,33.50816461399623,0.09048223495483398
14,341,131.20958168247768,20.642551279340466,0.10176205635070801
15,341,143.06783416421072,-11.858252481733047,0.12400507926940918
16,341,136.1344929765974,6.933341187613337,0.10422992706298828
17,341,151.2177256328038,-15.083232656206405,0.048169851303100586
18,341,116.43654532078334,34.78118031202045,0.04656028747558594
19,341,124.67900334385463,-8.242458023071293,0.04752612113952637
20,341,113.11243119267056,11.566572151184076,0.06490182876586914
21,341,120.2877773350307,-7.175346142360141,0.07143831253051758
22,341,148.84834225245885,-28.560564917428152,0.10187983512878418
23,341,145.89468532017298,2.953656932285867,0.0740666389465332
24,341,125.9414299861363,19.953255334036683,0.05308961868286133
25,341,112.14814914594378,13.793280840192523,0.04539012908935547
26,341,112.61887383161272,-0.4707246856689409,0.04512381553649902
27,341,112.42548489706857,0.19338893454414574,0.04429221153259277
28,341,108.46968313707625,3.955801759992326,0.06587934494018555
29,341,151.79958624049596,-43.32990310341971,0.10947513580322266
30,341,117.39989116232736,34.39969507816859,0.10013055801391602
31,341,109.59648343549456,7.803407726832802,0.0987088680267334
32,341,107.94259478432791,1.6538886511666533,0.1006326675415039
33,341,140.97189456394742,-33.02929977961951,0.08464574813842773
34,341,176.84516071864536,-35.873266154697944,0.19714689254760742
35,341,166.34299925122943,10.502161467415931,0.07202839851379395
36,341,142.75002488054548,23.592974370683947,0.048078298568725586
37,341,116.2291309890747,26.520893891470777,0.09336280822753906
38,341,90.6475830078125,25.581547981262204,0.06194925308227539
39,341,104.80707511247907,-14.159492104666569,0.04462623596191406
40,341,98.91710848563058,5.889966626848491,0.044045448303222656
41,341,84.3096238381522,14.607484647478373,0.045050621032714844
42,341,69.54214931924002,14.76747451891218,0.04593634605407715
43,341,63.862592291695734,5.679557027544291,0.04579472541809082
44,341,59.43838514382499,4.424207147870746,0.04746079444885254
45,341,63.43721206283569,-3.9988269190107033,0.11212658882141113
46,341,63.573290809631345,-0.13607874679565413,0.1721494197845459
47,341,66.26204449898856,-2.6887536893572133,0.0887601375579834
48,341,67.66096622576032,-1.3989217267717606,0.06463766098022461
49,341,66.60273123550415,1.0582349902561674,0.0467069149017334
50,341,70.19647775105068,-3.5937465155465276,0.06968164443969727
51,341,81.87974016026088,-11.6832624092102,0.08644604682922363
52,341,79.2068862173898,2.672853942871086,0.09322619438171387
53,341,75.1342176045009,4.07266861288889,0.08949398994445801
54,341,92.76686753518241,-17.63264993068151,0.1290445327758789
55,341,99.78791305433,-7.021045519147592,0.08866310119628906
56,341,128.4498987764631,-28.661985722133096,0.08964776992797852
57,341,129.98775462777274,-1.5378558513096436,0.0996694564819336
58,341,98.81844348417009,31.169311143602656,0.09315705299377441
59,341,81.88173131452288,16.93671216964721,0.0926210880279541
60,341,86.63193608311245,-4.750204768589569,0.14518475532531738
61,341,82.83348227473668,3.7984538083757684,0.08628058433532715
62,341,72.77020600019182,10.063276274544862,0.07451128959655762
63,341,65.83578161948068,6.934424380711135,0.08652162551879883
64,341,72.34325656618391,-6.507474946703226,0.08652043342590332
65,341,69.61388272639684,2.7293738397870726,0.06386709213256836
66,341,62.345457576206755,7.268425150190083,0.05261802673339844
67,341,62.568292048863,-0.22283447265624545,0.0464777946472168
68,341,58.74569786616734,3.82259418269566,0.048547983169555664
69,341,64.34244600241524,-5.5967481362479035,0.05466961860656738
70,341,59.23482130595616,5.107624696459084,0.05174136161804199
71,341,59.499289159502304,-0.26446785354614377,0.06474709510803223
72,341,64.9389204107012,-5.439631251198897,0.14858555793762207
73,341,54.69344019753592,10.24548021316528,0.11538386344909668
74,341,55.188167745045256,-0.4947275475093349,0.10945296287536621
75,341,52.98336618041992,2.2048015646253347,0.08611822128295898
76,341,55.43866756112235,-2.45530138070243,0.09348845481872559
77,341,47.28848365783691,8.150183903285438,0.09330987930297852
78,341,50.25408161381313,-2.9655979559762145,0.09847903251647949
79,341,56.74244464983259,-6.488363036019464,0.05045723915100098
80,341,56.24083596692766,0.50160868290493,0.0494227409362793
81,341,52.202156143188475,4.038679823739187,0.04892373085021973
82,341,47.7147293447767,4.487426798411775,0.046396493911743164
83,341,47.16065866470337,0.5540706800733304,0.0467374324798584
84,341,47.70202736064366,-0.5413686959402924,0.07795095443725586
85,341,42.86171995762416,4.8403074030195015,0.09327864646911621
86,341,42.298806331089565,0.5629136265345949,0.0894172191619873
87,341,43.47906123188564,-1.180254900796072,0.10364699363708496
88,341,41.53630770220075,1.942753529684886,0.09651923179626465
89,341,42.157423754555836,-0.6211160523550845,0.08399605751037598
90,341,47.61700104549953,-5.459577290943692,0.0853738784790039
91,341,46.402760422842846,1.214240622656682,0.08777308464050293
92,341,39.407658779144285,6.995101643698561,0.08333492279052734
93,341,45.57910963930402,-6.171450860159737,0.08763432502746582
94,341,47.41676552254813,-1.8376558832441106,0.09455609321594238
95,341,42.406581594194684,5.010183928353449,0.08874368667602539
96,341,42.29640937641689,0.1101722177777944,0.05384707450866699
97,341,39.07098780604771,3.2254215703691784,0.04872012138366699
98,341,40.42370738111224,-1.3527195750645262,0.04665565490722656
99,341,37.201036557878766,3.2226708232334715,0.04909682273864746
100,341,47.02747834069388,-9.826441782815117,0.04750251770019531
