1,91,99.35239622497559,Nan,0.28392648696899414
2,91,36.956534934997556,62.395861289978036,0.15995430946350098
3,91,27.135476844787597,9.82105809020996,0.24354910850524902
4,91,23.149339206695558,3.986137638092039,0.22182631492614746
5,91,21.62184660720825,1.5274925994873065,0.2824432849884033
6,91,16.385996059417725,5.235850547790527,0.08612060546875
7,91,14.362424785614014,2.023571273803711,0.05837535858154297
8,91,14.741259889125825,-0.37883510351181116,0.05794477462768555
9,91,12.053032530784607,2.6882273583412175,0.08438563346862793
10,91,14.759167189121246,-2.706134658336639,0.14120912551879883
11,91,13.764397369861603,0.994769819259643,0.2068803310394287
12,91,15.215390843391418,-1.450993473529815,0.1393744945526123
13,91,16.69080544090271,-1.4754145975112927,0.13921856880187988
14,91,12.792669350624085,3.8981360902786264,0.2547729015350342
15,91,13.085671638488769,-0.2930022878646845,0.05785799026489258
16,91,12.275980750918388,0.8096908875703814,0.06337809562683105
17,91,12.764285171985627,-0.48830442106723915,0.11456966400146484
18,91,12.811962539792061,-0.04767736780643439,0.07834362983703613
19,91,9.329087331056595,3.482875208735466,0.06807851791381836
20,91,8.236374299287796,1.092713031768799,0.07098555564880371
21,91,7.498863684415817,0.7375106148719786,0.06563973426818848
22,91,10.040273571074009,-2.541409886658191,0.14508843421936035
23,91,8.189228776693344,1.8510447943806643,0.09544634819030762
24,91,6.948237102925777,1.2409916737675672,0.21085095405578613
25,91,4.605351251602173,2.3428858513236044,0.25397324562072754
26,91,3.784043973505497,0.8213072780966755,0.21373605728149414
27,91,3.9951600803136826,-0.2111161068081855,0.13129115104675293
28,91,2.8365686299055817,1.158591450408101,0.1214299201965332
29,91,3.1356106529682877,-0.299042023062706,0.11605620384216309
30,91,2.934387531787157,0.20122312118113062,0.11711525917053223
31,91,2.522197601392865,0.41218993039429197,0.2397007942199707
32,91,2.0364627577885988,0.48573484360426633,0.12167882919311523
33,91,1.6838293377272784,0.35263342006132037,0.12206649780273438
34,91,2.472763316258788,-0.7889339785315097,0.18224024772644043
35,91,1.2375719985626639,1.2351913176961242,0.16117048263549805
36,91,1.706394603241235,-0.46882260467857106,0.24799060821533203
37,91,1.2767049760147928,0.4296896272264421,0.30768442153930664
38,91,0.7633730151187629,0.51333196089603,0.2156975269317627
39,91,0.7504340126309544,0.012939002487808438,0.13939428329467773
40,91,0.4036745961718261,0.34675941645912833,0.060431718826293945
41,91,0.5029523132238537,-0.09927771705202759,0.059272050857543945
42,91,0.7016034489660524,-0.19865113574219873,0.05964159965515137
43,91,0.5418243427528069,0.15977910621324554,0.12760567665100098
44,91,0.21008107072440907,0.3317432720283978,0.3411698341369629
45,91,0.2327308410257101,-0.022649770301301025,0.09073257446289062
46,91,0.536610003660433,-0.3038791626347229,0.06630659103393555
47,91,0.08561973046744242,0.45099027319299057,0.0671238899230957
48,91,0.02748874799371697,0.05813098247372545,0.06350517272949219
49,91,0.02334353042091243,0.0041452175728045396,0.09376764297485352
50,91,0.021343925538472832,0.001999604882439599,0.11655282974243164
51,91,0.01989662101259455,0.0014473045258782818,0.1453404426574707
52,91,0.018759030072716995,0.001137590939877555,0.05950593948364258
53,91,0.017802051150472835,0.0009569789222441602,0.062070369720458984
54,91,0.017014395586680622,0.0007876555637922125,0.06170296669006348
55,91,0.016281550214160233,0.0007328453725203889,0.06575155258178711
56,91,0.015646291531389578,0.0006352586827706556,0.14130783081054688
57,91,0.015099708615802229,0.0005465829155873493,0.17654919624328613
58,91,0.014584234352456406,0.0005154742633458227,0.1095890998840332
59,91,0.014111573832575231,0.0004726605198811743,0.09432053565979004
60,91,0.013721883435500785,0.00038969039707444607,0.0612788200378418
61,91,0.013312164148548617,0.000409719286952168,0.06233668327331543
62,91,0.012964703032979741,0.00034746111556887595,0.06582307815551758
63,91,0.012627631964161992,0.00033707106881774966,0.14305734634399414
64,91,0.01231246162392199,0.00031517034024000114,0.4335651397705078
65,91,0.012044870959362014,0.00026759066455997634,0.16913056373596191
66,91,0.011752834429964424,0.00029203652939759073,0.17826175689697266
67,91,0.0115157136246562,0.00023712080530822327,0.1406104564666748
68,91,0.011257830252405256,0.00025788337225094403,0.13757562637329102
69,91,0.011047855170443655,0.00020997508196160183,0.1280374526977539
70,91,0.010815480616874993,0.00023237455356866187,0.06582164764404297
71,91,0.010625001720152795,0.00019047889672219737,0.06641864776611328
72,91,0.010423833794426173,0.00020116792572662245,0.06162858009338379
73,91,0.010198021501535549,0.0002258122928906238,0.1803758144378662
74,91,0.009994557201629504,0.00020346429990604487,0.19338107109069824
75,91,0.009796967045404018,0.00019759015622548663,0.142547607421875
76,91,0.009626256432617082,0.00017071061278693504,0.11076593399047852
77,91,0.009463104091351851,0.0001631523412652311,0.062142133712768555
78,91,0.009296689999289811,0.00016641409206204043,0.07179784774780273
79,91,0.0091540459736716,0.00014264402561821148,0.06443071365356445
80,91,0.009012083820998669,0.00014196215267293054,0.10181784629821777
81,91,0.008867761505302042,0.00014432231569662737,0.07209181785583496
82,91,0.00874801636277698,0.00011974514252506216,0.26837611198425293
83,91,0.008618785061640665,0.00012923130113631429,0.11917924880981445
84,91,0.008501328703947365,0.00011745635769330048,0.06300973892211914
85,91,0.008376996883423998,0.00012433182052336636,0.0733954906463623
86,91,0.008272173351841047,0.00010482353158295168,0.06991815567016602
87,91,0.008164725674083457,0.00010744767775758973,0.1183629035949707
88,91,0.008058810176327825,0.00010591549775563168,0.11600971221923828
89,91,0.007959728286601603,9.908188972622238e-05,0.11061596870422363
90,91,0.007857135622529312,0.00010259266407229052,0.11707639694213867
91,91,0.007770043085562065,8.709253696724713e-05,0.1158609390258789
92,91,0.007677487181033939,9.255590452812625e-05,0.12160611152648926
93,91,0.007592507395427674,8.497978560626472e-05,0.06354808807373047
94,91,0.007506518918788061,8.598847663961358e-05,0.07026815414428711
95,91,0.0074254521389957515,8.106677979230915e-05,0.16089177131652832
96,91,0.007341229506535455,8.422263246029606e-05,0.15363740921020508
97,91,0.007267645755317062,7.358375121839338e-05,0.11290955543518066
98,91,0.007191977640381083,7.566811493597923e-05,0.11721396446228027
99,91,0.007117294537369162,7.468310301192091e-05,0.11368155479431152
100,91,0.0070459682389628145,7.13262984063474e-05,0.0678560733795166
