1,461,890.3586540222168,Nan,0.043352365493774414
2,461,376.94231033325195,513.4163436889648,0.0425257682800293
3,461,310.3036251068115,66.63868522644043,0.0745537281036377
4,461,230.5069751739502,79.79664993286133,0.10806822776794434
5,461,165.84499263763428,64.66198253631592,0.12720298767089844
6,461,134.83495903015137,31.01003360748291,0.04544353485107422
7,461,102.40910816192627,32.4258508682251,0.04279017448425293
8,461,84.35454368591309,18.054564476013184,0.046859025955200195
9,461,86.03882551193237,-1.684281826019287,0.04432559013366699
10,461,76.80428266525269,9.234542846679688,0.04115867614746094
11,461,70.21571636199951,6.588566303253174,0.0579831600189209
12,461,72.04095125198364,-1.8252348899841309,0.13918137550354004
13,461,71.31233882904053,0.7286124229431152,0.0871896743774414
14,461,62.80127239227295,8.511066436767578,0.08842897415161133
15,461,63.54489469528198,-0.7436223030090332,0.2803940773010254
16,461,65.67591285705566,-2.1310181617736816,0.09367108345031738
17,461,63.29917049407959,2.376742362976074,0.09676003456115723
18,461,52.6596736907959,10.639496803283691,0.09074616432189941
19,461,39.11626172065735,13.54341197013855,0.09133720397949219
20,461,26.900874853134155,12.215386867523193,0.08955693244934082
21,461,23.65927255153656,3.241602301597595,0.08826732635498047
22,461,20.393722534179688,3.2655500173568726,0.08782720565795898
23,461,15.8384108543396,4.555311679840088,0.08997535705566406
24,461,13.633586406707764,2.204824447631836,0.09093356132507324
25,461,11.170056104660034,2.4635303020477295,0.09310030937194824
26,461,9.462191760540009,1.7078643441200256,0.14046907424926758
27,461,8.537177681922913,0.925014078617096,0.1222677230834961
28,461,7.527209281921387,1.0099684000015259,0.11580038070678711
29,461,6.797528564929962,0.7296807169914246,0.09548783302307129
30,461,6.303412854671478,0.4941157102584839,0.05078482627868652
31,461,5.846905708312988,0.45650714635849,0.04210090637207031
32,461,5.37956976890564,0.46733593940734863,0.04218745231628418
33,461,5.051849514245987,0.3277202546596527,0.04123234748840332
34,461,4.772716373205185,0.279133141040802,0.041200876235961914
35,461,4.469072461128235,0.3036439120769501,0.08837580680847168
36,461,4.240180313587189,0.22889214754104614,0.10542726516723633
37,461,3.9974377155303955,0.2427425980567932,0.0924074649810791
38,461,3.863419830799103,0.13401788473129272,0.28084683418273926
39,461,3.6558138132095337,0.2076060175895691,0.08808422088623047
40,461,3.4802887737751007,0.17552503943443298,0.0950324535369873
41,461,3.310961574316025,0.16932719945907593,0.09768915176391602
42,461,3.1371448636054993,0.1738167107105255,0.09782862663269043
43,461,3.007795035839081,0.12934982776641846,0.1354668140411377
44,461,2.923735663294792,0.08405937254428864,0.09087181091308594
45,461,2.8053888380527496,0.11834682524204254,0.1198277473449707
46,461,2.6674573868513107,0.1379314512014389,0.10886955261230469
47,461,2.557341545820236,0.11011584103107452,0.08938407897949219
48,461,2.46206296980381,0.09527857601642609,0.10730218887329102
49,461,2.3816362470388412,0.08042672276496887,0.10208678245544434
50,461,2.2978219240903854,0.08381432294845581,0.09752821922302246
51,461,2.2129060178995132,0.08491590619087219,0.1528172492980957
52,461,2.14138163626194,0.07152438163757324,0.14034342765808105
53,461,2.0785027742385864,0.06287886202335358,0.08856654167175293
54,461,1.995748981833458,0.08275379240512848,0.0866250991821289
55,461,1.9249922782182693,0.0707567036151886,0.08312153816223145
56,461,1.867355614900589,0.05763666331768036,0.08282327651977539
57,461,1.816566064953804,0.05078954994678497,0.08200931549072266
58,461,1.754577398300171,0.06198866665363312,0.1689150333404541
59,461,1.702449470758438,0.05212792754173279,0.07811832427978516
60,461,1.650444507598877,0.05200496315956116,0.11504769325256348
61,461,1.6002127379179,0.05023176968097687,0.07634878158569336
62,461,1.563827469944954,0.03638526797294617,0.0796360969543457
63,461,1.5187165886163712,0.045110881328582764,0.08260512351989746
64,461,1.4740433245897293,0.044673264026641846,0.05818748474121094
65,461,1.4365739524364471,0.037469372153282166,0.0442965030670166
66,461,1.4057260602712631,0.03084789216518402,0.042459964752197266
67,461,1.3720092996954918,0.03371676057577133,0.042304039001464844
68,461,1.3332761451601982,0.03873315453529358,0.04317283630371094
69,461,1.3029641062021255,0.030312038958072662,0.040786027908325195
70,461,1.275415301322937,0.027548804879188538,0.04102158546447754
71,461,1.247864194214344,0.027551107108592987,0.042227983474731445
72,461,1.2187155112624168,0.029148682951927185,0.07626843452453613
73,461,1.1900785937905312,0.02863691747188568,0.08235669136047363
74,461,1.165213666856289,0.02486492693424225,0.06052851676940918
75,461,1.1427586153149605,0.02245505154132843,0.06640481948852539
76,461,1.1176256090402603,0.025133006274700165,0.04494643211364746
77,461,1.0955488458275795,0.022076763212680817,0.044588327407836914
78,461,1.074023775756359,0.021525070071220398,0.044663429260253906
79,461,1.0520452037453651,0.021978572010993958,0.04459333419799805
80,461,1.0325349941849709,0.019510209560394287,0.08262443542480469
81,461,1.0132895335555077,0.019245460629463196,0.1080772876739502
82,461,0.9934273585677147,0.01986217498779297,0.1334524154663086
83,461,0.9763380959630013,0.01708926260471344,0.0844426155090332
84,461,0.9581824988126755,0.018155597150325775,0.12384748458862305
85,461,0.9408280029892921,0.01735449582338333,0.09213519096374512
86,461,0.9250006973743439,0.015827305614948273,0.22400212287902832
87,461,0.9089647829532623,0.016035914421081543,0.15003466606140137
88,461,0.893665038049221,0.01529974490404129,0.09000301361083984
89,461,0.877791203558445,0.015873834490776062,0.0828237533569336
90,461,0.8648646548390388,0.012926548719406128,0.08619260787963867
91,461,0.849281944334507,0.01558271050453186,0.09589123725891113
92,461,0.8361617103219032,0.01312023401260376,0.1427934169769287
93,461,0.8240600749850273,0.012101635336875916,0.09191465377807617
94,461,0.8100113868713379,0.014048688113689423,0.0949857234954834
95,461,0.7983227223157883,0.011688664555549622,0.12235641479492188
96,461,0.7864277213811874,0.01189500093460083,0.09267640113830566
97,461,0.7734125033020973,0.013015218079090118,0.0887899398803711
98,461,0.7632306441664696,0.010181859135627747,0.08548688888549805
99,461,0.7519633024930954,0.011267341673374176,0.0911715030670166
100,461,0.7410262525081635,0.010937049984931946,0.0845632553100586
