1,371,660.3024078369141,Nan,0.048400163650512695
2,371,229.89595108032228,430.4064567565918,0.11756777763366699
3,371,202.90772552490233,26.988225555419945,0.09501171112060547
4,371,163.3240524291992,39.58367309570312,0.09588241577148438
5,371,109.62559394836425,53.69845848083496,0.11028599739074707
6,371,83.6284839630127,25.997109985351557,0.1072993278503418
7,371,75.85842819213867,7.770055770874023,0.20815801620483398
8,371,76.07736015319824,-0.21893196105956747,0.05416750907897949
9,371,67.88619880676269,8.19116134643555,0.0454859733581543
10,371,69.07172393798828,-1.1855251312255888,0.12142539024353027
11,371,58.101522064208986,10.970201873779295,0.14153146743774414
12,371,47.672234535217285,10.4292875289917,0.11494684219360352
13,371,39.0310474395752,8.641187095642088,0.10579657554626465
14,371,36.238243865966794,2.7928035736084027,0.16151690483093262
15,371,31.649344825744627,4.5888990402221665,0.1158440113067627
16,371,33.31529560089111,-1.6659507751464844,0.051599740982055664
17,371,30.9990592956543,2.3162363052368136,0.04298233985900879
18,371,34.714051723480225,-3.7149924278259263,0.042800188064575195
19,371,40.49816761016846,-5.784115886688234,0.042725324630737305
20,371,42.06514911651611,-1.566981506347652,0.04264068603515625
21,371,32.715902709960936,9.349246406555174,0.0436704158782959
22,371,20.57278470993042,12.143118000030515,0.043218135833740234
23,371,24.824423789978027,-4.251639080047607,0.07279253005981445
24,371,21.060039901733397,3.7643838882446303,0.07786154747009277
25,371,23.320267105102538,-2.2602272033691406,0.044666290283203125
26,371,25.3361608505249,-2.015893745422364,0.04596877098083496
27,371,33.97257347106934,-8.636412620544437,0.04675769805908203
28,371,41.30501823425293,-7.332444763183588,0.04615044593811035
29,371,37.50399913787842,3.8010190963745103,0.10474109649658203
30,371,30.79376392364502,6.710235214233396,0.11121368408203125
31,371,24.265151596069337,6.528612327575683,0.051906585693359375
32,371,20.212446784973146,4.052704811096191,0.04395437240600586
33,371,12.995791816711426,7.21665496826172,0.044891357421875
34,371,7.638086271286011,5.357705545425415,0.047432661056518555
35,371,5.954150295257568,1.683935976028443,0.04656577110290527
36,371,4.3450632929801944,1.6090870022773736,0.22681546211242676
37,371,4.314595508575439,0.03046778440475517,0.045261383056640625
38,371,3.496310806274414,0.8182847023010251,0.04392218589782715
39,371,3.290560722351074,0.20575008392333993,0.04750633239746094
40,371,2.6675012826919557,0.6230594396591185,0.04211115837097168
41,371,2.681484413146973,-0.01398313045501709,0.06395840644836426
42,371,2.459701406955719,0.22178300619125402,0.11758565902709961
43,371,2.470681756734848,-0.010980349779129206,0.20063161849975586
44,371,2.2257120490074156,0.24496970772743243,0.04858112335205078
45,371,2.001386618614197,0.22432543039321873,0.045117855072021484
46,371,1.6965322971343995,0.3048543214797974,0.04671072959899902
47,371,1.2959828197956085,0.400549477338791,0.04625082015991211
48,371,1.2239032983779907,0.07207952141761775,0.04564046859741211
49,371,1.1201182723045349,0.10378502607345585,0.04683661460876465
50,371,1.0549909949302674,0.06512727737426749,0.06193113327026367
51,371,1.016794592142105,0.038196402788162276,0.08434557914733887
52,371,0.9796104848384857,0.03718410730361943,0.08297896385192871
53,371,0.9461214244365692,0.03348906040191646,0.07867550849914551
54,371,0.9170904844999314,0.029030939936637856,0.04395294189453125
55,371,0.8904452532529831,0.026645231246948287,0.04266762733459473
56,371,0.8633823722600937,0.027062880992889338,0.042548418045043945
57,371,0.8419917762279511,0.02139059603214266,0.04466676712036133
58,371,0.8191342741250992,0.022857502102851868,0.04301166534423828
59,371,0.7980638265609741,0.021070447564125128,0.0488123893737793
60,371,0.7779241651296616,0.020139661431312517,0.05655407905578613
61,371,0.7595996558666229,0.018324509263038635,0.08451318740844727
62,371,0.742881777882576,0.01671787798404689,0.054987430572509766
63,371,0.725237500667572,0.017644277215004056,0.04537034034729004
64,371,0.7099168241024018,0.015320676565170221,0.04381418228149414
65,371,0.6940262734889984,0.015890550613403387,0.04707765579223633
66,371,0.6807262182235718,0.013300055265426547,0.04837679862976074
67,371,0.6664960980415344,0.014230120182037398,0.05508089065551758
68,371,0.6527304381132126,0.013765659928321794,0.08358001708984375
69,371,0.640549385547638,0.012181052565574668,0.09028863906860352
70,371,0.6279386520385742,0.01261073350906372,0.08023452758789062
71,371,0.6165393620729447,0.011399289965629555,0.07600092887878418
72,371,0.6047574728727341,0.011781889200210616,0.13242411613464355
73,371,0.5944901198148728,0.010267353057861306,0.08767533302307129
74,371,0.5837943613529205,0.010695758461952254,0.08385062217712402
75,371,0.5733330875635148,0.010461273789405756,0.10601186752319336
76,371,0.5639184206724167,0.009414666891098045,0.12413811683654785
77,371,0.5539639890193939,0.009954431653022788,0.12540388107299805
78,371,0.5453402906656265,0.008623698353767417,0.04647469520568848
79,371,0.5358972817659378,0.009443008899688743,0.04369640350341797
80,371,0.5281182587146759,0.00777902305126188,0.042783260345458984
81,371,0.519513213634491,0.008605045080184892,0.04417920112609863
82,371,0.5113398611545563,0.00817335247993467,0.06591057777404785
83,371,0.5038164854049683,0.007523375749588057,0.046572208404541016
84,371,0.4959410190582275,0.007875466346740745,0.056896209716796875
85,371,0.48900369703769686,0.006937322020530656,0.12975430488586426
86,371,0.4817459464073181,0.0072577506303787565,0.07016968727111816
87,371,0.4746720761060715,0.007073870301246621,0.04656624794006348
88,371,0.46816508173942567,0.006506994366645813,0.04660677909851074
89,371,0.46128977090120316,0.006875310838222515,0.04467010498046875
90,371,0.455328044295311,0.00596172660589217,0.04439973831176758
91,371,0.44887803941965104,0.006450004875659943,0.04386138916015625
92,371,0.44290722608566285,0.00597081333398819,0.07748103141784668
93,371,0.43709295690059663,0.005814269185066223,0.04199647903442383
94,371,0.43144962191581726,0.005643334984779369,0.043718576431274414
95,371,0.42568228095769883,0.005767340958118428,0.04534125328063965
96,371,0.42035870254039764,0.005323578417301189,0.0479733943939209
97,371,0.41485872119665146,0.005499981343746185,0.045443058013916016
98,371,0.4099991977214813,0.004859523475170158,0.06868624687194824
99,371,0.4048375576734543,0.005161640048026994,0.09154677391052246
100,371,0.3998109444975853,0.005026613175868999,0.12911653518676758
