1,11,8.337732865418706,Nan,0.38539671897888184
2,11,4.218654014919485,4.119078850499221,0.18303775787353516
3,11,3.0957392973537954,1.1229147175656897,0.32664036750793457
4,11,2.4065594183281065,0.6891798790256889,0.6100072860717773
5,11,1.9120912050844303,0.4944682132436762,0.3866891860961914
6,11,1.6644687326295036,0.24762247245492675,0.46733665466308594
7,11,1.525730972621723,0.1387377600077806,0.4070243835449219
8,11,1.6441921140754878,-0.11846114145376485,0.26930785179138184
9,11,1.3059402554104038,0.338251858665084,0.3379940986633301
10,11,1.1235218138206566,0.18241844158974718,0.39904332160949707
11,11,1.085772603154382,0.03774921066627468,0.20490360260009766
12,11,0.6708068849925933,0.4149657181617886,0.5948903560638428
13,11,0.7712463538631605,-0.1004394688705672,0.4212775230407715
14,11,0.5316816008268298,0.23956475303633074,0.20175433158874512
15,11,0.4526377530958032,0.07904384773102663,0.5689828395843506
16,11,0.3167830519901171,0.1358547011056861,0.22670412063598633
17,11,0.3057084610847357,0.011074590905381376,0.3098599910736084
18,11,0.32259285763689594,-0.01688439655216023,0.3275134563446045
19,11,0.40670979115929573,-0.0841169335223998,0.2998998165130615
20,11,0.20354307025958562,0.2031667208997101,0.25203847885131836
21,11,0.15916357913409046,0.04437949112549516,0.5333654880523682
22,11,0.182854742569041,-0.023691163434950535,0.7937150001525879
23,11,0.1699337958130249,0.0129209467560161,0.4210653305053711
24,11,0.10882595008024769,0.06110784573277721,0.3091139793395996
25,11,0.09822216705471094,0.010603783025536745,0.24984383583068848
26,11,0.04405788101889279,0.05416428603581815,0.3685150146484375
27,11,0.039253151480308786,0.004804729538584004,0.46544575691223145
28,11,0.0161535329358468,0.023099618544461985,0.19487547874450684
29,11,0.010948420166849441,0.00520511276899736,0.3220481872558594
30,11,0.009238362683215233,0.0017100574836342083,0.33147692680358887
31,11,0.008209237569715014,0.0010291251135002184,0.3704843521118164
32,11,0.007494345735214308,0.000714891834500706,0.2005631923675537
33,11,0.006958551034959133,0.000535794700255175,0.5472671985626221
34,11,0.006504197323436204,0.00045435371152292934,0.41621899604797363
35,11,0.006134025795741829,0.00037017152769437504,0.18843984603881836
36,11,0.005800151769571081,0.0003338740261707475,0.39816784858703613
37,11,0.005528393077963804,0.00027175869160727707,0.33887434005737305
38,11,0.0052708341482549,0.0002575589297089042,0.3068883419036865
39,11,0.005046052159796968,0.0002247819884579321,0.25210142135620117
40,11,0.004852267107572435,0.000193785052224533,0.9300904273986816
41,11,0.004665078337613831,0.00018718876995860428,0.6471736431121826
42,11,0.00449938178401013,0.00016569655360370097,0.31159472465515137
43,11,0.004345473397987446,0.00015390838602268378,0.7681891918182373
44,11,0.004199346867218764,0.0001461265307686815,0.4596743583679199
45,11,0.004062494402388519,0.00013685246483024528,0.5334081649780273
46,11,0.00394805528053262,0.00011443912185589867,0.1977534294128418
47,11,0.0038272348784619712,0.00012082040207064913,0.45920515060424805
48,11,0.00371969519460723,0.00010753968385474131,0.40303802490234375
49,11,0.003623831633864532,9.586356074269779e-05,0.4424004554748535
50,11,0.0035285865036493564,9.524513021517576e-05,0.41489481925964355
51,11,0.0034373079879591807,9.127851569017565e-05,0.22791385650634766
52,11,0.0033576794398006444,7.962854815853635e-05,0.7757809162139893
53,11,0.003276997315022998,8.068212477764644e-05,0.34078121185302734
54,11,0.003203679039418408,7.33182756045901e-05,0.18679308891296387
55,11,0.0031343369403582285,6.934209906017934e-05,0.5990970134735107
56,11,0.0030633843348448816,7.095260551334692e-05,0.19284725189208984
57,11,0.003011248251083917,5.213608376096468e-05,0.3423275947570801
58,11,0.0029418292344053206,6.941901667859626e-05,0.43280982971191406
59,11,0.002883467751348178,5.836148305714273e-05,0.27918553352355957
60,11,0.0028301714890618624,5.329626228631548e-05,0.30898308753967285
61,11,0.0027779167745676757,5.225471449418675e-05,0.3935666084289551
62,11,0.0027314296115214186,4.6487163046257055e-05,0.41916632652282715
63,11,0.0026769686133092463,5.446099821217231e-05,0.2704637050628662
64,11,0.0026322284419267135,4.4740171382532876e-05,0.18420767784118652
65,11,0.0025873396928069985,4.488874911971492e-05,0.25305628776550293
66,11,0.0025485335673235453,3.8806125483453226e-05,0.22533130645751953
67,11,0.0025081962932773567,4.033727404618862e-05,0.2582063674926758
68,11,0.002466580946657026,4.161534662033058e-05,0.21754026412963867
69,11,0.002429210392100385,3.737055455664117e-05,0.5259864330291748
70,11,0.0023908043064702804,3.840608563010451e-05,0.3221161365509033
71,11,0.0023596155056682896,3.118880080199083e-05,0.33985185623168945
72,11,0.002319591868054691,4.002363761359878e-05,0.18833518028259277
73,11,0.002291272624869805,2.831924318488603e-05,0.2808220386505127
74,11,0.002258582863347231,3.2689761522573975e-05,0.1923823356628418
75,11,0.002224090247376133,3.4492615971097595e-05,0.29107046127319336
76,11,0.0021933474398212606,3.0742807554872634e-05,0.2369229793548584
77,11,0.0021648410297584876,2.850641006277299e-05,0.7503883838653564
78,11,0.002143444323881811,2.139670587667647e-05,0.3296835422515869
79,11,0.0021099634163479256,3.348090753388551e-05,0.22710323333740234
80,11,0.002083259561238744,2.6703855109181697e-05,0.2988429069519043
81,11,0.002057564149572987,2.5695411665757097e-05,0.40470051765441895
82,11,0.0020346777713159637,2.28863782570231e-05,0.2542140483856201
83,11,0.002011024550766795,2.3653220549168553e-05,0.5786559581756592
84,11,0.001983852421308719,2.717212945807599e-05,0.4050133228302002
85,11,0.0019641309983961883,1.9721422912530838e-05,0.2931206226348877
86,11,0.0019367839956031584,2.734700279302996e-05,0.3037683963775635
87,11,0.0019148275356759216,2.1956459927236762e-05,0.1786179542541504
88,11,0.0018987273955285348,1.6100140147386763e-05,0.3796980381011963
89,11,0.001873253515099358,2.547388042917686e-05,0.5701587200164795
90,11,0.0018533259288467231,1.9927586252634858e-05,0.3834095001220703
91,11,0.0018315586282491511,2.1767300597572018e-05,0.21793079376220703
92,11,0.0018131494902826303,1.840913796652085e-05,0.288104772567749
93,11,0.0017962234733248578,1.6926016957772433e-05,0.18988752365112305
94,11,0.001774478796599628,2.1744676725229863e-05,0.3332829475402832
95,11,0.0017562105223243197,1.8268274275308298e-05,0.5408339500427246
96,11,0.00173964573403243,1.656478829188961e-05,0.42020392417907715
97,11,0.0017228579404155327,1.6787793616897338e-05,0.3132305145263672
98,11,0.001706233329214399,1.662461120113378e-05,0.43280768394470215
99,11,0.0016871946639968364,1.9038665217562542e-05,0.41938018798828125
100,11,0.0016711549681438344,1.6039695853001983e-05,0.5135090351104736
