1,161,230.2201638655229,Nan,0.19220900535583496
2,161,80.28317208723588,149.936991778287,0.2027904987335205
3,161,52.154619910500266,28.128552176735617,0.21323060989379883
4,161,44.59548299962824,7.559136910872027,0.08505558967590332
5,161,40.42428311434659,4.171199885281645,0.09725594520568848
6,161,29.441516269337047,10.982766845009547,0.05174827575683594
7,161,22.521536003459584,6.919980265877463,0.0672614574432373
8,161,19.599478634920988,2.9220573685385958,0.09869384765625
9,161,17.18177739056674,2.417701244354248,0.10628104209899902
10,161,15.216923626986416,1.964853763580324,0.09998202323913574
11,161,14.046778722242875,1.170144904743541,0.3974912166595459
12,161,12.935462604869496,1.111316117373379,0.1160888671875
13,161,12.09601931138472,0.8394432934847753,0.10532832145690918
14,161,11.226011016152121,0.8700082952325996,0.11158061027526855
15,161,10.329409859397195,0.8966011567549259,0.06995677947998047
16,161,9.346192403273148,0.9832174561240468,0.05277276039123535
17,161,8.014824097806757,1.3313683054663912,0.38996171951293945
18,161,7.526050784371116,0.4887733134356411,0.14892148971557617
19,161,7.324180917306379,0.20186986706473675,0.20123839378356934
20,161,6.087873491373929,1.2363074259324502,0.13663554191589355
21,161,5.580502737652171,0.5073707537217578,0.1487867832183838
22,161,5.182174270803278,0.3983284668488931,0.11586880683898926
23,161,4.571216529065913,0.6109577417373657,0.14518523216247559
24,161,4.422226764939048,0.14898976412686427,0.181260347366333
25,161,4.217631486329165,0.20459527860988302,0.06163477897644043
26,161,3.9311376972631975,0.2864937890659678,0.052664756774902344
27,161,3.898731616410342,0.03240608085285546,0.05475902557373047
28,161,3.8316135623238305,0.0671180540865115,0.054343223571777344
29,161,3.8077119372107764,0.02390162511305416,0.054514169692993164
30,161,4.655859161506999,-0.8481472242962229,0.08291864395141602
31,161,4.1163530999963935,0.5395060615106058,0.09898138046264648
32,161,4.797330422834917,-0.6809773228385234,0.1052708625793457
33,161,4.412902934984728,0.3844274878501892,0.09794211387634277
34,161,4.544757447459481,-0.131854512474753,0.09867477416992188
35,161,4.674245465885509,-0.12948801842602808,0.09526681900024414
36,161,5.230324745178223,-0.5560792792927138,0.09418487548828125
37,161,4.461967248808254,0.7683574963699691,0.10844755172729492
38,161,4.201553610238162,0.2604136385700917,0.09854364395141602
39,161,7.3196176073767925,-3.1180639971386306,0.09675931930541992
40,161,5.562348913062703,1.7572686943140896,0.13582634925842285
41,161,5.19885886257345,0.3634900504892524,0.1434948444366455
42,161,4.201459396969188,0.9973994656042624,0.09648418426513672
43,161,4.995487156239423,-0.794027759270235,0.09973263740539551
44,161,3.384848892688751,1.6106382635506717,0.10181021690368652
45,161,2.9879332320256666,0.3969156606630846,0.47402000427246094
46,161,2.5499521412632684,0.4379810907623982,0.05515551567077637
47,161,2.2391681264747274,0.310784014788541,0.0530698299407959
48,161,2.5311187641187147,-0.2919506376439873,0.05509591102600098
49,161,2.1357478228482334,0.39537094127048134,0.08942222595214844
50,161,1.078514651818709,1.0572331710295244,0.05435609817504883
51,161,1.0272738879377192,0.05124076388098975,0.053502559661865234
52,161,0.5466168807311491,0.4806570072065701,0.051697492599487305
53,161,0.3120832043615254,0.2345336763696237,0.05514335632324219
54,161,0.26152910224416037,0.05055410211736505,0.053113460540771484
55,161,0.2426243167031895,0.01890478554097086,0.08193230628967285
56,161,0.2296668839725581,0.012957432730631407,0.10820221900939941
57,161,0.21970435773784464,0.00996252623471347,0.05579948425292969
58,161,0.21116515113548798,0.008539206602356658,0.05219912528991699
59,161,0.20368868722157044,0.0074764639139175415,0.056241750717163086
60,161,0.19697978787801482,0.006708899343555619,0.05292177200317383
61,161,0.19102340056137604,0.005956387316638778,0.05337691307067871
62,161,0.18558337674899536,0.005440023812380679,0.07039856910705566
63,161,0.1805267415263436,0.005056635222651762,0.10042381286621094
64,161,0.17590270055965943,0.004624040966684173,0.061191558837890625
65,161,0.17158380421725186,0.004318896342407563,0.10092949867248535
66,161,0.16753471304069867,0.004049091176553193,0.1479051113128662
67,161,0.16389263658361,0.0036420764570886666,0.12105822563171387
68,161,0.16040277413346551,0.0034898624501444875,0.10410070419311523
69,161,0.15709359537471423,0.00330917875875128,0.11289691925048828
70,161,0.15389172597364945,0.0032018694010647886,0.10279679298400879
71,161,0.15101172131570903,0.002880004657940416,0.09198546409606934
72,161,0.14824550158598207,0.0027662197297269597,0.09967422485351562
73,161,0.1455607915466482,0.0026847100393338763,0.10070395469665527
74,161,0.14295289089733904,0.0026079006493091583,0.05662131309509277
75,161,0.14059907976876607,0.002353811128572969,0.05648946762084961
76,161,0.13820622556588866,0.002392854202877409,0.06044745445251465
77,161,0.13602268052372066,0.0021835450421680003,0.05490374565124512
78,161,0.1338500322943384,0.0021726482293822624,0.05286455154418945
79,161,0.13186659731648184,0.001983434977856552,0.13982629776000977
80,161,0.1298103132708506,0.0020562840456312403,0.13674664497375488
81,161,0.12798217819495636,0.0018281350758942438,0.16366195678710938
82,161,0.12610956213691019,0.0018726160580461726,0.1119384765625
83,161,0.12437550520355051,0.001734056933359679,0.06425666809082031
84,161,0.1226538277485154,0.0017216774550351116,0.05799508094787598
85,161,0.12099422040310773,0.0016596073454076682,0.05460190773010254
86,161,0.11940130692991344,0.0015929134731942907,0.0712594985961914
87,161,0.11784352260557088,0.0015577843243425593,0.15070509910583496
88,161,0.11634232781150124,0.0015011947940696407,0.2761530876159668
89,161,0.11488737504590642,0.0014549527655948191,0.1535964012145996
90,161,0.11349765008146112,0.0013897249644452964,0.1059565544128418
91,161,0.11208495192907074,0.001412698152390382,0.10612320899963379
92,161,0.11080970987677574,0.0012752420522949975,0.0960700511932373
93,161,0.10947521945292299,0.0013344904238527522,0.11372661590576172
94,161,0.10823400894349272,0.0012412105094302683,0.10431027412414551
95,161,0.10700909556312994,0.001224913380362777,0.09937810897827148
96,161,0.1058251102539626,0.001183985309167343,0.10965728759765625
97,161,0.10466335713863373,0.001161753115328873,0.0571894645690918
98,161,0.10352426970546896,0.001139087433164765,0.06273889541625977
99,161,0.10241451012817296,0.0011097595772960045,0.05557656288146973
100,161,0.10136463865637779,0.0010498714717951663,0.05484962463378906
