1,231,376.08165323734283,Nan,0.09515666961669922
2,231,117.77186441421509,258.30978882312775,0.0944981575012207
3,231,82.66580522060394,35.106059193611145,0.09477949142456055
4,231,72.19223713874817,10.473568081855774,0.08714914321899414
5,231,47.52098882198334,24.67124831676483,0.0894930362701416
6,231,39.953374564647675,7.567614257335663,0.0642249584197998
7,231,34.627900153398514,5.325474411249161,0.04952406883239746
8,231,29.587340772151947,5.040559381246567,0.04840493202209473
9,231,26.170275837183,3.4170649349689484,0.09268927574157715
10,231,24.28148452937603,1.8887913078069687,0.14249396324157715
11,231,23.769322246313095,0.5121622830629349,0.14104986190795898
12,231,22.394233256578445,1.3750889897346497,0.4866518974304199
13,231,21.761014103889465,0.6332191526889801,0.17046332359313965
14,231,21.495191253721714,0.2658228501677513,0.10093259811401367
15,231,20.702549502253532,0.7926417514681816,0.06014299392700195
16,231,22.776533029973507,-2.0739835277199745,0.04813098907470703
17,231,21.489752128720284,1.2867809012532234,0.052980899810791016
18,231,19.21923854202032,2.2705135866999626,0.049630165100097656
19,231,16.656411334872246,2.562827207148075,0.06827116012573242
20,231,14.02280905842781,2.633602276444435,0.10784029960632324
21,231,13.31266900897026,0.71014004945755,0.11424660682678223
22,231,11.74866534024477,1.5640036687254906,0.1263418197631836
23,231,11.383751653134823,0.3649136871099472,0.09389400482177734
24,231,12.220114037394524,-0.8363623842597008,0.04851388931274414
25,231,12.287243261933327,-0.0671292245388031,0.054559946060180664
26,231,11.915735483169556,0.37150777876377106,0.05263876914978027
27,231,14.695561848580837,-2.7798263654112816,0.050421953201293945
28,231,11.740370258688927,2.9551915898919106,0.050835371017456055
29,231,9.29229836165905,2.4480718970298767,0.08448219299316406
30,231,7.551479566842318,1.7408187948167324,0.14009809494018555
31,231,5.196129964664578,2.355349602177739,0.16059184074401855
32,231,4.365136776119471,0.8309931885451078,0.375988245010376
33,231,4.22058542817831,0.1445513479411602,0.08621549606323242
34,231,3.947515258565545,0.2730701696127653,0.10108661651611328
35,231,2.93630950152874,1.0112057570368052,0.13020658493041992
36,231,2.016212143935263,0.9200973575934768,0.1789693832397461
37,231,2.0248659141361713,-0.008653770200908184,0.08589506149291992
38,231,1.2777836620807648,0.7470822520554066,0.05585646629333496
39,231,0.9935775422491133,0.28420611983165145,0.05098295211791992
40,231,0.9097058549523354,0.08387168729677796,0.05010080337524414
41,231,0.7987523078918457,0.11095354706048965,0.060144901275634766
42,231,0.7565780552104115,0.042174252681434155,0.09695553779602051
43,231,0.7205984215252101,0.035979633685201406,0.09293317794799805
44,231,0.6844427520409226,0.0361556694842875,0.0895833969116211
45,231,0.6607987219467759,0.02364403009414673,0.086151123046875
46,231,0.63401621254161,0.02678250940516591,0.09088778495788574
47,231,0.612791501916945,0.021224710624665022,0.09570860862731934
48,231,0.5923260115087032,0.02046549040824175,0.09896421432495117
49,231,0.573179779574275,0.019146231934428215,0.09540987014770508
50,231,0.5558388605713844,0.017340919002890587,0.08975958824157715
51,231,0.5393518945202231,0.01648696605116129,0.08913779258728027
52,231,0.5250071194022894,0.01434477511793375,0.09208893775939941
53,231,0.5097459596581757,0.015261159744113684,0.09021186828613281
54,231,0.4966772682964802,0.013068691361695528,0.09479784965515137
55,231,0.48411326855421066,0.012563999742269516,0.10068058967590332
56,231,0.4721211642026901,0.011992104351520538,0.08798003196716309
57,231,0.4607586234342307,0.01136254076845944,0.08737659454345703
58,231,0.4498693512286991,0.010889272205531597,0.1313920021057129
59,231,0.43949520657770336,0.010374144650995731,0.09928774833679199
60,231,0.4299755890388042,0.009519617538899183,0.19224190711975098
61,231,0.42021427932195365,0.00976130971685052,0.10445976257324219
62,231,0.4117586531210691,0.00845562620088458,0.14242148399353027
63,231,0.4030969780869782,0.008661675034090877,0.13390803337097168
64,231,0.3952143059577793,0.007882672129198909,0.05010104179382324
65,231,0.38689741119742393,0.008316894760355353,0.05410146713256836
66,231,0.3799002568703145,0.006997154327109456,0.05306267738342285
67,231,0.37228304822929204,0.007617208641022444,0.050768136978149414
68,231,0.36561070499010384,0.006672343239188194,0.04984736442565918
69,231,0.35872804606333375,0.006882658926770091,0.0901033878326416
70,231,0.35257268440909684,0.006155361654236913,0.06737899780273438
71,231,0.3462074075359851,0.006365276873111725,0.0487058162689209
72,231,0.34008193761110306,0.006125469924882054,0.04800081253051758
73,231,0.3346469432581216,0.005434994352981448,0.04763317108154297
74,231,0.3289577765390277,0.005689166719093919,0.048288583755493164
75,231,0.3234535767696798,0.005504199769347906,0.07366371154785156
76,231,0.3184104096144438,0.005043167155236006,0.06268191337585449
77,231,0.31325609306804836,0.005154316546395421,0.05021071434020996
78,231,0.3082269327715039,0.005029160296544433,0.049233198165893555
79,231,0.30375508801080287,0.00447184476070106,0.04980778694152832
80,231,0.29895820119418204,0.004796886816620827,0.06920123100280762
81,231,0.2946463830303401,0.004311818163841963,0.050643205642700195
82,231,0.2902726805768907,0.0043737024534493685,0.1473379135131836
83,231,0.2859922375064343,0.004280443070456386,0.10078072547912598
84,231,0.2819751927163452,0.00401704479008913,0.08817267417907715
85,231,0.2779391829390079,0.004036009777337313,0.10099530220031738
86,231,0.27423895988613367,0.0037002230528742075,0.09238958358764648
87,231,0.27031703921966255,0.003921920666471124,0.10223960876464844
88,231,0.26671491051092744,0.0036021287087351084,0.15682029724121094
89,231,0.26334256131667644,0.003372349194251001,0.13565826416015625
90,231,0.2595808015903458,0.003761759726330638,0.13353419303894043
91,231,0.25641334673855454,0.0031674548517912626,0.07210040092468262
92,231,0.2530247640097514,0.003388582728803158,0.049479007720947266
93,231,0.24995477416086942,0.00306998984888196,0.04951643943786621
94,231,0.2468302125344053,0.0031245616264641285,0.04771256446838379
95,231,0.2437045080587268,0.0031257044756785035,0.0934150218963623
96,231,0.24072418897412717,0.002980319084599614,0.08269286155700684
97,231,0.23781104560475796,0.002913143369369209,0.05897188186645508
98,231,0.23490527260582894,0.0029057729989290237,0.050994157791137695
99,231,0.23225043341517448,0.0026548391906544566,0.050570011138916016
100,231,0.22948024095967412,0.0027701924555003643,0.097991943359375
