1,121,159.4528386346225,Nan,0.1601407527923584
2,121,57.278489606133824,102.17434902848868,0.17594313621520996
3,121,40.636787546092066,16.64170206004176,0.10367202758789062
4,121,32.58777822297195,8.049009323120117,0.06356930732727051
5,121,26.676612558036016,5.9111656649359325,0.061963796615600586
6,121,24.14484066798769,2.5317718900483257,0.056337833404541016
7,121,21.411234921422498,2.7336057465651926,0.061673641204833984
8,121,18.55110819586392,2.860126725558576,0.10661053657531738
9,121,16.595179590685614,1.9559286051783076,0.10384678840637207
10,121,15.677681429632779,0.9174981610528352,0.13344240188598633
11,121,14.264175250612457,1.413506179020322,0.3828895092010498
12,121,12.10274441488858,2.161430835723877,0.13076353073120117
13,121,8.962279171779238,3.1404652431093414,0.05915474891662598
14,121,7.742077260181822,1.2202019115974165,0.05910921096801758
15,121,6.571962085263483,1.1701151749183394,0.06014370918273926
16,121,5.920022314992444,0.6519397702710386,0.11753702163696289
17,121,5.420309683372235,0.4997126316202092,0.17561721801757812
18,121,5.05265317292049,0.3676565104517451,0.23796343803405762
19,121,4.884131982408721,0.16852119051176917,0.15260696411132812
20,121,4.860792854736591,0.023339127672129756,0.09557747840881348
21,121,4.679031363848982,0.18176149088760862,0.05696511268615723
22,121,4.477683009772465,0.20134835407651686,0.0713658332824707
23,121,4.885211525292232,-0.40752851551976654,0.06894969940185547
24,121,5.3049262392109835,-0.4197147139187516,0.14876627922058105
25,121,4.930986979912067,0.3739392592989166,0.3931264877319336
26,121,4.97475527072775,-0.043768290815682676,0.18581914901733398
27,121,3.7990540553783547,1.1757012153493949,0.20798158645629883
28,121,3.3135258206005753,0.4855282347777794,0.21434283256530762
29,121,2.579158248572514,0.7343675720280611,0.14781594276428223
30,121,2.482988334935287,0.09616991363722738,0.3926730155944824
31,121,2.3389120554101877,0.14407627952509916,0.15520882606506348
32,121,2.2426558465793214,0.09625620883086627,0.12623286247253418
33,121,2.4661001234218993,-0.22344427684257795,0.06667327880859375
34,121,2.201322327400076,0.26477779602182316,0.05610823631286621
35,121,2.1602574401888353,0.04106488721124091,0.06366682052612305
36,121,2.1270004397836226,0.03325700040521262,0.06105184555053711
37,121,1.725904241718095,0.40109619806552765,0.09605240821838379
38,121,1.7430499452969124,-0.017145703578817395,0.10966038703918457
39,121,1.4479512222881974,0.295098723008715,0.10824131965637207
40,121,1.379858911037445,0.06809231125075232,0.36122870445251465
41,121,1.3154413083503986,0.06441760268704644,0.14208555221557617
42,121,1.3947003864008805,-0.07925907805048182,0.16576147079467773
43,121,1.312702625989914,0.08199776041096651,0.1743299961090088
44,121,1.2056886091314514,0.10701401685846257,0.057608604431152344
45,121,0.9061531003179222,0.2995355088135292,0.057008981704711914
46,121,0.6462419428702059,0.2599111574477163,0.05686783790588379
47,121,0.506944360404179,0.13929758246602686,0.2780282497406006
48,121,0.4680031620222947,0.03894119838188431,0.05992388725280762
49,121,0.38383734791443264,0.08416581410786206,0.058438777923583984
50,121,0.2962092818885014,0.08762806602593126,0.0576169490814209
51,121,0.2501815865779745,0.04602769531052686,0.07740044593811035
52,121,0.2341394691631712,0.016042117414803325,0.08906245231628418
53,121,0.2251376250180705,0.00900184414510069,0.058315277099609375
54,121,0.21693188748483,0.008205737533240498,0.059438467025756836
55,121,0.20952557053031592,0.007406316954514075,0.05584287643432617
56,121,0.20339928002193056,0.006126290508385368,0.1042032241821289
57,121,0.19738339863974472,0.006015881382185839,0.10839414596557617
58,121,0.19206871683227605,0.005314681807468663,0.08071088790893555
59,121,0.18710008212204637,0.00496863471022968,0.057935476303100586
60,121,0.1826203270205136,0.004479755101532784,0.056789398193359375
61,121,0.17839674266247912,0.004223584358034466,0.059478759765625
62,121,0.17455650069590273,0.0038402419665763965,0.05748581886291504
63,121,0.17073634883453107,0.0038201518613716623,0.08743405342102051
64,121,0.16723855353634934,0.0034977952981817273,0.11048078536987305
65,121,0.16393808275461197,0.003300470781737369,0.060475826263427734
66,121,0.16081790240674182,0.0031201803478701495,0.057192087173461914
67,121,0.15773148783322039,0.0030864145735214343,0.055085182189941406
68,121,0.15495598675875827,0.0027755010744621167,0.056928396224975586
69,121,0.15214977541874194,0.0028062113400163236,0.13228631019592285
70,121,0.14958714025801625,0.0025626351607256903,0.5219190120697021
71,121,0.14705586022344128,0.0025312800345749786,0.2023165225982666
72,121,0.144640875530654,0.002414984692787281,0.25778722763061523
73,121,0.14237114170501972,0.002269733825634279,0.2520928382873535
74,121,0.14012283369384962,0.002248308011170097,0.22357797622680664
75,121,0.1379766022336894,0.002146231460160214,0.12548279762268066
76,121,0.13588057278559126,0.002096029448098141,0.1423354148864746
77,121,0.13393383986991028,0.001946732915680982,0.43015527725219727
78,121,0.13190290794290346,0.0020309319270068182,0.17291879653930664
79,121,0.13008050928855763,0.0018223986543458304,0.3501160144805908
80,121,0.12830434431289806,0.0017761649756595776,0.12520194053649902
81,121,0.1264820283856885,0.0018223159272095502,0.09937357902526855
82,121,0.1248447021533703,0.0016373262323182008,0.05669260025024414
83,121,0.12317514882005494,0.0016695533333153656,0.058776140213012695
84,121,0.12155433898342066,0.0016208098366342766,0.0598149299621582
85,121,0.12002068655244236,0.001533652430978305,0.06233572959899902
86,121,0.11847217663608749,0.0015485099163548705,0.08731889724731445
87,121,0.11705739487861765,0.0014147817574698407,0.05747556686401367
88,121,0.1155208973535176,0.0015364975251000446,0.05523991584777832
89,121,0.11426481630267768,0.0012560810508399217,0.05466008186340332
90,121,0.11277573041874787,0.0014890858839298055,0.06991934776306152
91,121,0.1115620213335958,0.0012137090851520732,0.15262126922607422
92,121,0.11016838766377547,0.0013936336698203294,0.10988640785217285
93,121,0.10898121831745937,0.0011871693463161026,0.056153297424316406
94,121,0.10771654649027462,0.0012646718271847462,0.05633735656738281
95,121,0.10653523741097286,0.001181309079301765,0.05811166763305664
96,121,0.10532333958765557,0.0012118978233172928,0.08140802383422852
97,121,0.10421581091038112,0.0011075286772744414,0.39864373207092285
98,121,0.10309971483616993,0.0011160960742111897,0.19916915893554688
99,121,0.10197115483982809,0.0011285599963418436,0.1390397548675537
100,121,0.10093307687804617,0.0010380779617819164,0.13319063186645508
