1,291,497.92029655674526,Nan,0.15783095359802246
2,291,289.8384267403739,208.08186981637135,0.13315224647521973
3,291,161.12663571058002,128.7117910297939,0.14007830619812012
4,291,121.05078726850238,40.07584844207764,0.11230134963989258
5,291,100.47368861062186,20.577098657880512,0.08424639701843262
6,291,84.13498363167899,16.33870497894287,0.09362673759460449
7,291,75.05089860316686,9.084085028512135,0.08893084526062012
8,291,74.16146924863543,0.8894293545314298,0.09594178199768066
9,291,72.80245308957781,1.3590161590576173,0.09973883628845215
10,291,82.57125614220756,-9.76880305262975,0.09201312065124512
11,291,74.43751457759312,8.13374156461444,0.09578156471252441
12,291,58.36632952553885,16.07118505205427,0.08901762962341309
13,291,56.18331945746286,2.183010068075994,0.08325719833374023
14,291,55.80193724931989,0.3813822081429663,0.08480262756347656
15,291,68.94587347085135,-13.143936221531462,0.09683656692504883
16,291,48.37305917685372,20.57281429399763,0.08873295783996582
17,291,53.385931874956405,-5.012872698102683,0.049666404724121094
18,291,52.76075479180472,0.6251770831516836,0.04465079307556152
19,291,52.75618088531494,0.004573906489781621,0.043409109115600586
20,291,59.037488401685444,-6.281307516370504,0.22619032859802246
21,291,46.44459388405936,12.592894517626085,0.046860456466674805
22,291,39.186540932246615,7.2580529518127435,0.04490804672241211
23,291,38.764134311131066,0.42240662111554883,0.04489779472351074
24,291,40.38530349567958,-1.6211691845485134,0.0452117919921875
25,291,38.76633742414202,1.6189660715375567,0.08968091011047363
26,291,40.59473053223746,-1.8283931080954403,0.053339481353759766
27,291,33.892922542299544,6.701807989937919,0.048368215560913086
28,291,32.68218748828343,1.2107350540161121,0.04866170883178711
29,291,34.896350908415656,-2.2141634201322233,0.06662774085998535
30,291,25.620346641813004,9.276004266602651,0.09413409233093262
31,291,24.638928897508553,0.9814177443044514,0.14393377304077148
32,291,25.774878763982226,-1.1359498664736734,0.11673235893249512
33,291,18.534369512694223,7.240509251288003,0.12430787086486816
34,291,20.33079206974166,-1.7964225570474355,0.11572575569152832
35,291,23.86487974256916,-3.5340876728275,0.1184239387512207
36,291,21.281498864480426,2.5833808780887324,0.11780333518981934
37,291,16.13656061901365,5.144938245466776,0.10593676567077637
38,291,16.493693594779288,-0.3571329757656372,0.08973312377929688
39,291,16.4237235526698,0.06997004210948887,0.04888319969177246
40,291,22.736685388939723,-6.312961836269924,0.04492831230163574
41,291,22.99053983225141,-0.25385444331168827,0.046443939208984375
42,291,30.74790181711742,-7.757361984866009,0.0458521842956543
43,291,24.005253385037182,6.742648432080237,0.04325270652770996
44,291,18.57560953279904,5.429643852238144,0.0437169075012207
45,291,11.005686848163604,7.569922684635435,0.07358741760253906
46,291,8.331804341077804,2.6738825070858,0.15158367156982422
47,291,6.854669870683125,1.4771344703946792,0.08336853981018066
48,291,7.882930672432695,-1.0282608017495702,0.08324074745178223
49,291,6.561221222255911,1.321709450176784,0.0813140869140625
50,291,8.794571427834885,-2.233350205578974,0.08889555931091309
51,291,5.814559076513563,2.9800123513213226,0.08649778366088867
52,291,6.238885070902961,-0.424325994389398,0.06271576881408691
53,291,5.538277230552264,0.7006078403506963,0.05383491516113281
54,291,4.176179822155407,1.3620974083968571,0.045621633529663086
55,291,4.026076168920312,0.150103653235095,0.04873085021972656
56,291,3.9147178171106747,0.11135835180963749,0.051561594009399414
57,291,4.217897934074912,-0.30318011696423763,0.13469934463500977
58,291,4.227930723228625,-0.010032789153712862,0.15265107154846191
59,291,4.413964180145945,-0.1860334569173201,0.04771542549133301
60,291,4.171637428217701,0.24232675192824438,0.04540252685546875
61,291,3.9867156207561494,0.1849218074615515,0.04508376121520996
62,291,3.800784797010677,0.1859308237454722,0.046010732650756836
63,291,5.12700081290624,-1.3262160158955627,0.045052289962768555
64,291,4.882749223679304,0.2442515892269359,0.046447038650512695
65,291,5.449822371116706,-0.5670731474374024,0.06087303161621094
66,291,4.628399528073413,0.821422843043293,0.0863504409790039
67,291,4.23280410185882,0.39559542621459354,0.09279894828796387
68,291,5.349501590174223,-1.1166974883154035,0.08837008476257324
69,291,5.661269398220948,-0.3117678080467243,0.09497714042663574
70,291,3.810257818392345,1.8510115798286026,0.08124828338623047
71,291,3.068180841105325,0.7420769772870202,0.04481029510498047
72,291,2.5120343912414143,0.5561464498639106,0.04480433464050293
73,291,2.2873851191550494,0.22464927208636487,0.04415178298950195
74,291,2.1375549591683916,0.14983015998665783,0.04595494270324707
75,291,2.033450336906527,0.10410462226186468,0.049242258071899414
76,291,1.986784168823489,0.04666616808303781,0.09555864334106445
77,291,1.953826989040843,0.03295717978264601,0.11776089668273926
78,291,1.9266074948640806,0.027219494176762504,0.17265820503234863
79,291,1.9145024330435054,0.012105061820575136,0.1178290843963623
80,291,1.8893710366423642,0.02513139640114126,0.11493039131164551
81,291,1.8681612958631346,0.021209740779229547,0.1165313720703125
82,291,1.8529793361797928,0.015181959683341795,0.11069512367248535
83,291,1.8192051418019193,0.033774194377873545,0.11450004577636719
84,291,1.7996001654171518,0.019604976384767436,0.12344813346862793
85,291,1.781750868888838,0.017849296528313907,0.20711541175842285
86,291,1.7725809777347106,0.009169891154127363,0.07120227813720703
87,291,1.7573250336785402,0.015255944056170367,0.04654979705810547
88,291,1.7497640685577478,0.007560965120792407,0.04674124717712402
89,291,1.7355562301331333,0.014207838424614483,0.047049522399902344
90,291,1.7292803072125784,0.006275922920554899,0.0817253589630127
91,291,1.7164914579609676,0.012788849251610834,0.12625408172607422
92,291,1.7118550430988626,0.004636414862104976,0.11892557144165039
93,291,1.6961424819396012,0.01571256115926145,0.11724424362182617
94,291,1.7030901014586644,-0.006947619519063197,0.11777400970458984
95,291,1.685202017912375,0.017888083546289346,0.11618280410766602
96,291,1.6788015405429262,0.00640047736944882,0.11377501487731934
97,291,1.6624588462444287,0.01634269429849744,0.30373501777648926
98,291,1.656259960562523,0.006198885681905741,0.11931610107421875
99,291,1.6419169990798193,0.014342961482703753,0.11727046966552734
100,291,1.6369592878499202,0.0049577112298990755,0.11983847618103027
