1,211,340.53325742833755,Nan,0.12960028648376465
2,211,111.75706526812385,228.7761921602137,0.09522318840026855
3,211,77.19911620196174,34.55794906616211,0.10564565658569336
4,211,59.165036145378565,18.03408005658318,0.05061459541320801
5,211,43.0145378112793,16.150498334099268,0.06414389610290527
6,211,36.69816566916073,6.316372142118567,0.0863046646118164
7,211,31.148733924416934,5.549431744743796,0.3183469772338867
8,211,28.093115974875058,3.055617949541876,0.07732844352722168
9,211,26.384085206424487,1.709030768450571,0.04968452453613281
10,211,25.754976553075455,0.6291086533490322,0.05094766616821289
11,211,23.96224874608657,1.7927278069888857,0.05374503135681152
12,211,23.586494782391718,0.3757539636948515,0.0626063346862793
13,211,20.725212433758905,2.8612823486328125,0.0861673355102539
14,211,21.18523328444537,-0.46002085068646537,0.08168983459472656
15,211,23.626131338231705,-2.4408980537863343,0.04796433448791504
16,211,19.65795354282155,3.9681777954101562,0.04950547218322754
17,211,17.050859731786392,2.6070938110351562,0.05438590049743652
18,211,16.736928210538977,0.3139315212474152,0.05313754081726074
19,211,16.842351576861212,-0.10542336632223481,0.04940676689147949
20,211,19.827080670525046,-2.9847290936638338,0.06309270858764648
21,211,20.927290579851935,-1.100209909326889,0.17442631721496582
22,211,20.520743313957663,0.4065472658942717,0.10486650466918945
23,211,18.285207972807044,2.2355353411506194,0.13314294815063477
24,211,17.407227207632626,0.8779807651744171,0.13444161415100098
25,211,16.121238231658936,1.2859889759736909,0.10166144371032715
26,211,15.698311104493982,0.42292712716495373,0.06314325332641602
27,211,13.129335038802203,2.5689760656917784,0.04996204376220703
28,211,9.512677669525146,3.616657369277057,0.06838846206665039
29,211,9.248433884452371,0.26424378507277524,0.05126214027404785
30,211,9.026322645299574,0.22211123915279707,0.07848834991455078
31,211,7.261597913854263,1.7647247314453116,0.10457038879394531
32,211,5.744788380230174,1.5168095336240883,0.04900383949279785
33,211,7.405169241568622,-1.6603808613384476,0.05025053024291992
34,211,7.637575416003957,-0.23240617443533473,0.09210753440856934
35,211,9.315424217897302,-1.6778488018933455,0.048078060150146484
36,211,9.847716177211089,-0.5322919593137865,0.054971933364868164
37,211,11.086185146780576,-1.238468969569487,0.04960751533508301
38,211,13.047175617779002,-1.9609904709984267,0.04945969581604004
39,211,11.779778242111206,1.2673973756677963,0.04807543754577637
40,211,10.336005856009091,1.4437723861021148,0.05675172805786133
41,211,6.687469117781696,3.6485367382273957,0.32059645652770996
42,211,5.073426134446088,1.614042983335608,0.12653279304504395
43,211,2.805495262145996,2.2679308723000915,0.0633389949798584
44,211,2.3075074798920574,0.4979877822539387,0.054292917251586914
45,211,1.7328789514653824,0.574628528426675,0.05699753761291504
46,211,0.7638968799044105,0.9689820715609719,0.21424269676208496
47,211,0.5144223413046669,0.24947453859974356,0.04971933364868164
48,211,0.4422210279633017,0.0722013133413652,0.06190991401672363
49,211,0.39862649318049936,0.04359453478280234,0.3524501323699951
50,211,0.37431347545455484,0.02431301772594452,0.1141047477722168
51,211,0.357590666588615,0.016722808865939853,0.12058234214782715
52,211,0.3423887815545587,0.015201885034056284,0.1427302360534668
53,211,0.32950960099697113,0.012879180557587577,0.15125489234924316
54,211,0.318398860447547,0.011110740549424125,0.15179657936096191
55,211,0.3079848044058856,0.010414056041661401,0.1518268585205078
56,211,0.29937220058020425,0.008612603825681353,0.13410592079162598
57,211,0.2907243169405881,0.00864788363961616,0.13726282119750977
58,211,0.2831203578149571,0.007603959125630999,0.1326751708984375
59,211,0.275614668341244,0.007505689473713106,0.14718866348266602
60,211,0.2691842843504513,0.00643038399079271,0.22913050651550293
61,211,0.2630898785941741,0.006094405756277177,0.1628715991973877
62,211,0.2569351932581733,0.006154685336000776,0.06348848342895508
63,211,0.25165532441700206,0.005279868841171265,0.05043530464172363
64,211,0.24649781602270462,0.005157508394297433,0.0484769344329834
65,211,0.24140632327865152,0.0050914927440531,0.05246615409851074
66,211,0.23696773367769577,0.00443858960095575,0.06898927688598633
67,211,0.23248054963700912,0.004487184040686654,0.10080289840698242
68,211,0.22820917648427627,0.004271373152732849,0.0684657096862793
69,211,0.22418415809378905,0.004025018390487217,0.11094069480895996
70,211,0.22033185730962193,0.003852300784167123,0.10802626609802246
71,211,0.21651051850879893,0.0038213388008229987,0.11254358291625977
72,211,0.21289863744202783,0.0036118810667711,0.1471555233001709
73,211,0.20943051050691044,0.0034681269351173882,0.15224838256835938
74,211,0.20611655799781575,0.003313952509094692,0.1637718677520752
75,211,0.20293419501360724,0.0031823629842085144,0.273090124130249
76,211,0.19993900463861577,0.0029951903749914632,0.050614118576049805
77,211,0.1968863606452942,0.0030526439933215854,0.051095008850097656
78,211,0.19394579705070047,0.0029405635945937147,0.050809383392333984
79,211,0.19138087901998968,0.0025649180307107944,0.06753993034362793
80,211,0.18855748106451595,0.002823397955473733,0.14049053192138672
81,211,0.18602627033696456,0.002531210727551386,0.3410661220550537
82,211,0.1834895786117105,0.002536691725254059,0.14570903778076172
83,211,0.18112848041688695,0.002361098194823552,0.14768314361572266
84,211,0.17868001276955886,0.0024484676473280897,0.15079450607299805
85,211,0.1764963448924177,0.0021836678771411655,0.1528487205505371
86,211,0.174183049622704,0.002313295269713689,0.13205265998840332
87,211,0.17208988789249868,0.002093161730205323,0.04979729652404785
88,211,0.1699547307456241,0.0021351571468745945,0.04911470413208008
89,211,0.16794949375531254,0.0020052369903115486,0.05092310905456543
90,211,0.16594942220870187,0.0020000715466106656,0.05156874656677246
91,211,0.1639226184171789,0.0020268037915229797,0.10132789611816406
92,211,0.16212207166587606,0.0018005467513028395,0.13612914085388184
93,211,0.16023376364918315,0.0018883080166929023,0.15108704566955566
94,211,0.15844808606540456,0.0017856775837785943,0.15020370483398438
95,211,0.1566721582237412,0.0017759278416633606,0.15270566940307617
96,211,0.15498308399144342,0.001689074232297777,0.15181374549865723
97,211,0.15330318624482436,0.0016798977466190579,0.35889244079589844
98,211,0.15159117211313808,0.0017120141316862847,0.1636960506439209
99,211,0.1501206010580063,0.0014705710551317919,0.1540365219116211
100,211,0.14847294767113292,0.0016476533868733656,0.1394822597503662
