1,361,658.376611328125,Nan,0.08870172500610352
2,361,209.9505599975586,448.42605133056645,0.09775805473327637
3,361,174.03806533813477,35.91249465942383,0.2948892116546631
4,361,150.77738037109376,23.260684967041016,0.049382925033569336
5,361,116.84565658569336,33.93172378540039,0.04734015464782715
6,361,90.82779159545899,26.017864990234372,0.047968149185180664
7,361,82.50207443237305,8.32571716308594,0.04429745674133301
8,361,83.83098220825195,-1.3289077758789034,0.08614611625671387
9,361,74.35659408569336,9.474388122558594,0.08216190338134766
10,361,68.84530258178711,5.51129150390625,0.04813718795776367
11,361,64.7159324645996,4.129370117187506,0.04694509506225586
12,361,59.86500549316406,4.850926971435541,0.0465540885925293
13,361,38.2051456451416,21.659859848022464,0.046295166015625
14,361,29.809867763519286,8.395277881622313,0.04822111129760742
15,361,27.8141019821167,1.9957657814025858,0.04732203483581543
16,361,26.923466682434082,0.8906352996826179,0.07317328453063965
17,361,27.08944272994995,-0.16597604751586914,0.12237191200256348
18,361,29.910745239257814,-2.8213025093078627,0.11344480514526367
19,361,30.205885124206542,-0.29513988494872834,0.08487391471862793
20,361,30.765470695495605,-0.5595855712890625,0.08189797401428223
21,361,27.248224830627443,3.517245864868162,0.12729549407958984
22,361,23.825598812103273,3.42262601852417,0.09038352966308594
23,361,18.390313148498535,5.435285663604738,0.0928037166595459
24,361,15.86926441192627,2.521048736572265,0.0897209644317627
25,361,8.947311305999756,6.921953105926514,0.08706474304199219
26,361,6.674644255638123,2.2726670503616333,0.09273838996887207
27,361,4.711662364006043,1.9629818916320803,0.08984208106994629
28,361,3.9499557256698608,0.7617066383361819,0.09401202201843262
29,361,3.2294710159301756,0.7204847097396851,0.09356498718261719
30,361,2.9964495062828065,0.23302150964736912,0.22100186347961426
31,361,2.596855127811432,0.3995943784713747,0.08644628524780273
32,361,2.488169825077057,0.10868530273437482,0.08440876007080078
33,361,2.2417768478393554,0.2463929772377016,0.09130358695983887
34,361,2.1589136719703674,0.08286317586898795,0.1168053150177002
35,361,1.9847861886024476,0.17412748336791983,0.046073198318481445
36,361,1.926659345626831,0.058126842975616544,0.0514988899230957
37,361,1.7883005380630492,0.13835880756378183,0.06018972396850586
38,361,1.731244719028473,0.05705581903457624,0.0520634651184082
39,361,1.6253329396247864,0.10591177940368657,0.079498291015625
40,361,1.5784976005554199,0.046835339069366544,0.08953976631164551
41,361,1.4939501523971557,0.0845474481582642,0.06872272491455078
42,361,1.4448715329170227,0.04907861948013292,0.046271324157714844
43,361,1.384640920162201,0.06023061275482178,0.04716300964355469
44,361,1.336993259191513,0.047647660970687955,0.04482293128967285
45,361,1.287357074022293,0.04963618516921997,0.044034481048583984
46,361,1.2469966292381287,0.04036044478416434,0.07814979553222656
47,361,1.206717038154602,0.040279591083526745,0.08914041519165039
48,361,1.1682031989097594,0.03851383924484253,0.08548140525817871
49,361,1.1328879475593567,0.0353152513504027,0.08242297172546387
50,361,1.0999226152896882,0.03296533226966858,0.08878040313720703
51,361,1.0682838082313537,0.03163880705833444,0.08316564559936523
52,361,1.0387878954410552,0.029495912790298506,0.08859562873840332
53,361,1.0099998235702514,0.02878807187080379,0.0878286361694336
54,361,0.9830754637718201,0.02692435979843133,0.08393573760986328
55,361,0.9579840064048767,0.025091457366943404,0.09681129455566406
56,361,0.9351854860782624,0.022798520326614335,0.23034310340881348
57,361,0.9106086373329163,0.024576848745346047,0.12723946571350098
58,361,0.8889537334442139,0.021654903888702393,0.10571527481079102
59,361,0.8683181822299957,0.02063555121421823,0.12451815605163574
60,361,0.8472139000892639,0.02110428214073179,0.08748364448547363
61,361,0.8294986248016357,0.017715275287628174,0.08256840705871582
62,361,0.8099527776241302,0.019545847177505515,0.07920074462890625
63,361,0.7927968144416809,0.017155963182449274,0.0797266960144043
64,361,0.7759735226631165,0.016823291778564453,0.08047604560852051
65,361,0.7597421646118164,0.01623135805130005,0.06665921211242676
66,361,0.7437823057174683,0.015959858894348145,0.04459643363952637
67,361,0.7293196797370911,0.014462625980377175,0.05068469047546387
68,361,0.7147714406251907,0.014548239111900396,0.044194698333740234
69,361,0.7006869494915009,0.014084491133689814,0.04580330848693848
70,361,0.6876339614391327,0.013052988052368208,0.08362865447998047
71,361,0.6748510360717773,0.012782925367355369,0.08745193481445312
72,361,0.662336853146553,0.012514182925224326,0.1276543140411377
73,361,0.6501385241746902,0.012198328971862793,0.09060430526733398
74,361,0.6385006785392762,0.011637845635414035,0.06454634666442871
75,361,0.6273354768753052,0.011165201663970947,0.04499030113220215
76,361,0.6165476500988006,0.010787826776504583,0.04347944259643555
77,361,0.6059999018907547,0.010547748208045937,0.05237436294555664
78,361,0.5958605766296386,0.01013932526111605,0.08519625663757324
79,361,0.5862389892339707,0.009621587395667985,0.04925107955932617
80,361,0.5762334287166595,0.010005560517311163,0.046904563903808594
81,361,0.5670941323041916,0.009139296412467912,0.04675555229187012
82,361,0.5583668798208237,0.00872725248336792,0.044790029525756836
83,361,0.5495144695043563,0.00885241031646733,0.04572272300720215
84,361,0.5409828841686248,0.008531585335731506,0.24062871932983398
85,361,0.5324885547161102,0.008494329452514604,0.12193512916564941
86,361,0.5248474806547165,0.007641074061393693,0.1279447078704834
87,361,0.5171449601650238,0.007702520489692777,0.0904090404510498
88,361,0.5092728197574615,0.007872140407562234,0.08350777626037598
89,361,0.5021685481071472,0.007104271650314353,0.08348345756530762
90,361,0.49477028250694277,0.007398265600204401,0.0842134952545166
91,361,0.48789753913879397,0.006872743368148804,0.08629417419433594
92,361,0.4810286581516266,0.0068688809871673695,0.09479045867919922
93,361,0.4748133271932602,0.006215330958366405,0.08151698112487793
94,361,0.4679683089256287,0.0068450182676315086,0.08592963218688965
95,361,0.4619388073682785,0.006029501557350159,0.09099602699279785
96,361,0.4558098465204239,0.0061289608478546365,0.08414554595947266
97,361,0.44965571761131284,0.006154128909111045,0.06139731407165527
98,361,0.44394882023334503,0.005706897377967812,0.04387021064758301
99,361,0.4383049696683884,0.005643850564956643,0.04574275016784668
100,361,0.43261898458004,0.005685985088348389,0.045702219009399414
