1,450,2.3159156441688538,Nan,0.06302142143249512
2,450,2.309627890586853,0.006287753582000732,0.06002235412597656
3,450,2.303502470254898,0.006125420331954956,0.06802606582641602
4,450,2.2975050508975983,0.005997419357299805,0.05701756477355957
5,450,2.291614532470703,0.005890518426895142,0.06202197074890137
6,450,2.2857774794101715,0.005837053060531616,0.06202244758605957
7,450,2.2800005674362183,0.005776911973953247,0.06402230262756348
8,450,2.2741904854774475,0.005810081958770752,0.06002092361450195
9,450,2.268272578716278,0.005917906761169434,0.06002163887023926
10,450,2.262198507785797,0.006074070930480957,0.061022043228149414
11,450,2.2559382021427155,0.006260305643081665,0.06202220916748047
12,450,2.249455690383911,0.006482511758804321,0.15605449676513672
13,450,2.242629796266556,0.006825894117355347,0.05702066421508789
14,450,2.2354957461357117,0.007134050130844116,0.04901742935180664
15,450,2.2280311286449432,0.007464617490768433,0.06002211570739746
16,450,2.220284551382065,0.007746577262878418,0.06602215766906738
17,450,2.2123343646526337,0.007950186729431152,0.06102156639099121
18,450,2.204198896884918,0.008135467767715454,0.0660243034362793
19,450,2.195897191762924,0.008301705121994019,0.06602287292480469
20,450,2.1874296963214874,0.008467495441436768,0.062023162841796875
21,450,2.1788027584552765,0.008626937866210938,0.05401778221130371
22,450,2.1700056195259094,0.008797138929367065,0.07202601432800293
23,450,2.161025583744049,0.008980035781860352,0.08903169631958008
24,450,2.1518535017967224,0.00917208194732666,0.08403158187866211
25,450,2.142477720975876,0.009375780820846558,0.0610194206237793
26,450,2.1328859627246857,0.009591758251190186,0.06002163887023926
27,450,2.1230689585208893,0.009817004203796387,0.0590205192565918
28,450,2.113003969192505,0.0100649893283844,0.06502389907836914
29,450,2.102683424949646,0.010320544242858887,0.06302189826965332
30,450,2.092100292444229,0.01058313250541687,0.060021400451660156
31,450,2.0812339782714844,0.010866314172744751,0.06502294540405273
32,450,2.070078521966934,0.011155456304550171,0.04601573944091797
33,450,2.058605134487152,0.011473387479782104,0.05702090263366699
34,450,2.046795755624771,0.011809378862380981,0.06202101707458496
35,450,2.0346265137195587,0.012169241905212402,0.06002187728881836
36,450,2.022077113389969,0.012549400329589844,0.061022043228149414
37,450,2.0091233402490616,0.012953773140907288,0.06502246856689453
38,450,1.995799109339714,0.013324230909347534,0.06402301788330078
39,450,1.9821350872516632,0.013664022088050842,0.0520176887512207
40,450,1.9681527018547058,0.013982385396957397,0.058020830154418945
41,450,1.9538709819316864,0.01428171992301941,0.05301856994628906
42,450,1.9393243193626404,0.01454666256904602,0.06702375411987305
43,450,1.9245206713676453,0.014803647994995117,0.041014671325683594
44,450,1.9094631969928741,0.015057474374771118,0.05602121353149414
45,450,1.8941645175218582,0.01529867947101593,0.05601930618286133
46,450,1.8786301463842392,0.015534371137619019,0.062021493911743164
47,450,1.86285001039505,0.015780135989189148,0.05101752281188965
48,450,1.8468518108129501,0.015998199582099915,0.05802130699157715
49,450,1.8306432515382767,0.016208559274673462,0.05501914024353027
50,450,1.8142498135566711,0.01639343798160553,0.05702066421508789
51,450,1.7976838797330856,0.01656593382358551,0.053019046783447266
52,450,1.7809488773345947,0.016735002398490906,0.0590205192565918
53,450,1.7640590071678162,0.016889870166778564,0.07902836799621582
54,450,1.7470471560955048,0.0170118510723114,0.08502984046936035
55,450,1.7299218624830246,0.017125293612480164,0.058020830154418945
56,450,1.7126987874507904,0.017223075032234192,0.057019710540771484
57,450,1.6953992247581482,0.017299562692642212,0.061022281646728516
58,450,1.678032785654068,0.0173664391040802,0.05801987648010254
59,450,1.6606185585260391,0.01741422712802887,0.06702423095703125
60,450,1.6431754976511002,0.017443060874938965,0.05802011489868164
61,450,1.6257187724113464,0.017456725239753723,0.060021400451660156
62,450,1.6082611232995987,0.01745764911174774,0.06202244758605957
63,450,1.590818777680397,0.01744234561920166,0.05702018737792969
64,450,1.5734092742204666,0.01740950345993042,0.057019710540771484
65,450,1.5560491383075714,0.017360135912895203,0.05401921272277832
66,450,1.5387510359287262,0.017298102378845215,0.06202220916748047
67,450,1.5215278714895248,0.017223164439201355,0.15105271339416504
68,450,1.5043937414884567,0.017134130001068115,0.05902099609375
69,450,1.4873619824647903,0.017031759023666382,0.05501985549926758
70,450,1.4704463630914688,0.016915619373321533,0.0840303897857666
71,450,1.453657180070877,0.016789183020591736,0.09103250503540039
72,450,1.4370082467794418,0.01664893329143524,0.05802011489868164
73,450,1.4205100685358047,0.016498178243637085,0.06302237510681152
74,450,1.4041735976934433,0.01633647084236145,0.06402230262756348
75,450,1.3880063891410828,0.016167208552360535,0.058020591735839844
76,450,1.3720191419124603,0.015987247228622437,0.057019948959350586
77,450,1.3562189787626266,0.01580016314983368,0.06002163887023926
78,450,1.340611681342125,0.015607297420501709,0.05201864242553711
79,450,1.3252052664756775,0.015406414866447449,0.06002187728881836
80,450,1.310003712773323,0.015201553702354431,0.053017616271972656
81,450,1.2950103431940079,0.014993369579315186,0.05802202224731445
82,450,1.28023299574852,0.014777347445487976,0.05601835250854492
83,450,1.2656741589307785,0.014558836817741394,0.05702090263366699
84,450,1.251338928937912,0.014335229992866516,0.05401945114135742
85,450,1.2372284680604935,0.014110460877418518,0.0590207576751709
86,450,1.2233446836471558,0.013883784413337708,0.06202101707458496
87,450,1.2096874415874481,0.013657242059707642,0.10203814506530762
88,450,1.1962605267763138,0.013426914811134338,0.0860295295715332
89,450,1.1830662786960602,0.013194248080253601,0.08102917671203613
90,450,1.1701013147830963,0.012964963912963867,0.08803176879882812
91,450,1.1573652029037476,0.012736111879348755,0.08703017234802246
92,450,1.144857183098793,0.012508019804954529,0.08202862739562988
93,450,1.132577657699585,0.012279525399208069,0.05501961708068848
94,450,1.120523989200592,0.01205366849899292,0.05802035331726074
95,450,1.108695849776268,0.011828139424324036,0.05401897430419922
96,450,1.0970905274152756,0.011605322360992432,0.052017927169799805
97,450,1.0857055336236954,0.0113849937915802,0.06302237510681152
98,450,1.0745371133089066,0.011168420314788818,0.053020477294921875
99,450,1.0635814666748047,0.010955646634101868,0.05101633071899414
100,450,1.052836000919342,0.010745465755462646,0.05401945114135742
101,450,1.0423015505075455,0.01053445041179657,0.06102132797241211
102,450,1.0319734513759613,0.010328099131584167,0.06502294540405273
103,450,1.0218479111790657,0.0101255401968956,0.05502009391784668
104,450,1.0119208842515945,0.009927026927471161,0.05401897430419922
105,450,1.0021882951259613,0.00973258912563324,0.08002996444702148
106,450,0.9926472380757332,0.009541057050228119,0.08102774620056152
107,450,0.9832948595285416,0.00935237854719162,0.1340467929840088
108,450,0.9741280153393745,0.009166844189167023,0.04701685905456543
109,450,0.9651406332850456,0.008987382054328918,0.05802130699157715
110,450,0.9563301503658295,0.008810482919216156,0.04701590538024902
111,450,0.947694681584835,0.008635468780994415,0.05301952362060547
112,450,0.9392282739281654,0.008466407656669617,0.06502294540405273
113,450,0.930926539003849,0.008301734924316406,0.060021162033081055
114,450,0.9227872714400291,0.008139267563819885,0.05901980400085449
115,450,0.9148073270916939,0.007979944348335266,0.06302237510681152
116,450,0.9069823175668716,0.007825009524822235,0.06402325630187988
117,450,0.8993064537644386,0.007675863802433014,0.04901742935180664
118,450,0.8917783796787262,0.007528074085712433,0.057019948959350586
119,450,0.8843960836529732,0.007382296025753021,0.0590214729309082
120,450,0.8771553859114647,0.007240697741508484,0.06202125549316406
121,450,0.8700522258877754,0.00710316002368927,0.05902099609375
122,450,0.8630835860967636,0.00696863979101181,0.06202197074890137
123,450,0.8562472611665726,0.00683632493019104,0.06302237510681152
124,450,0.8495385199785233,0.006708741188049316,0.05501985549926758
125,450,0.8429549634456635,0.006583556532859802,0.05702018737792969
126,450,0.8364937901496887,0.0064611732959747314,0.06302213668823242
127,450,0.8301507905125618,0.006342999637126923,0.06602334976196289
128,450,0.8239231109619141,0.006227679550647736,0.07902860641479492
129,450,0.8178077414631844,0.006115369498729706,0.06202197074890137
130,450,0.8118038773536682,0.006003864109516144,0.05401897430419922
131,450,0.8059081807732582,0.005895696580410004,0.04801678657531738
132,450,0.8001178875565529,0.005790293216705322,0.06602334976196289
133,450,0.7944308221340179,0.005687065422534943,0.05802035331726074
134,450,0.788843609392643,0.0055872127413749695,0.05902099609375
135,450,0.7833540216088295,0.0054895877838134766,0.06002211570739746
136,450,0.7779587954282761,0.005395226180553436,0.052017927169799805
137,450,0.7726569473743439,0.00530184805393219,0.059020280838012695
138,450,0.7674473822116852,0.005209565162658691,0.05602002143859863
139,450,0.7623292729258537,0.005118109285831451,0.06302356719970703
140,450,0.7572988644242287,0.005030408501625061,0.05601859092712402
141,450,0.7523526251316071,0.0049462392926216125,0.058022499084472656
142,450,0.7474904879927635,0.004862137138843536,0.05901956558227539
143,450,0.7427097111940384,0.004780776798725128,0.05401921272277832
144,450,0.7380089908838272,0.004700720310211182,0.05501866340637207
145,450,0.7333862632513046,0.004622727632522583,0.05802202224731445
146,450,0.7288393527269363,0.004546910524368286,0.05101776123046875
147,450,0.724365659058094,0.004473693668842316,0.05501866340637207
148,450,0.7199656739830971,0.004399985074996948,0.06302237510681152
149,450,0.7156365811824799,0.004329092800617218,0.05402064323425293
150,450,0.7113771140575409,0.004259467124938965,0.05401778221130371
151,450,0.7071855515241623,0.004191562533378601,0.05702066421508789
152,450,0.7030608579516411,0.00412469357252121,0.0840299129486084
153,450,0.6990007311105728,0.004060126841068268,0.08903169631958008
154,450,0.6950033903121948,0.003997340798377991,0.059020042419433594
155,450,0.6910673007369041,0.00393608957529068,0.049018144607543945
156,450,0.6871923208236694,0.0038749799132347107,0.06702375411987305
157,450,0.6833764091134071,0.0038159117102622986,0.05902099609375
158,450,0.6796188503503799,0.003757558763027191,0.06302237510681152
159,450,0.6759183928370476,0.003700457513332367,0.06302213668823242
160,450,0.672274760901928,0.003643631935119629,0.06002044677734375
161,450,0.6686853766441345,0.0035893842577934265,0.06002187728881836
162,450,0.6651485562324524,0.003536820411682129,0.05802106857299805
163,450,0.6616633608937263,0.0034851953387260437,0.06302237510681152
164,450,0.6582289189100266,0.0034344419836997986,0.06402230262756348
165,450,0.6548448130488396,0.003384105861186981,0.05801963806152344
166,450,0.6515100747346878,0.003334738314151764,0.061022281646728516
167,450,0.6482225060462952,0.003287568688392639,0.05601978302001953
168,450,0.6449825838208199,0.0032399222254753113,0.068023681640625
169,450,0.6417884826660156,0.0031941011548042297,0.061022043228149414
170,450,0.6386403813958168,0.003148101270198822,0.06502294540405273
171,450,0.6355369910597801,0.003103390336036682,0.05401921272277832
172,450,0.6324770599603653,0.0030599310994148254,0.059021949768066406
173,450,0.6294596567749977,0.0030174031853675842,0.0520176887512207
174,450,0.6264845505356789,0.0029751062393188477,0.14905261993408203
175,450,0.6235504522919655,0.002934098243713379,0.05201888084411621
176,450,0.6206566318869591,0.0028938204050064087,0.06302285194396973
177,450,0.6178022176027298,0.0028544142842292786,0.06102108955383301
178,450,0.6149870082736015,0.0028152093291282654,0.05602002143859863
179,450,0.612209640443325,0.0027773678302764893,0.058019399642944336
180,450,0.6094694286584854,0.00274021178483963,0.06302261352539062
181,450,0.6067653447389603,0.0027040839195251465,0.04501700401306152
182,450,0.6040967330336571,0.002668611705303192,0.05501842498779297
183,450,0.6014628186821938,0.002633914351463318,0.053018808364868164
184,450,0.5988635346293449,0.002599284052848816,0.06302285194396973
185,450,0.5962978005409241,0.002565734088420868,0.05301856994628906
186,450,0.5937655195593834,0.00253228098154068,0.061020851135253906
187,450,0.5912663638591766,0.0024991557002067566,0.0590207576751709
188,450,0.5887992978096008,0.0024670660495758057,0.05802130699157715
189,450,0.5863632261753082,0.0024360716342926025,0.06102108955383301
190,450,0.5839576497673988,0.0024055764079093933,0.05702018737792969
191,450,0.5815821141004562,0.0023755356669425964,0.05602145195007324
192,450,0.5792364031076431,0.0023457109928131104,0.05901980400085449
193,450,0.5769198387861252,0.0023165643215179443,0.06102180480957031
194,450,0.5746316164731979,0.002288222312927246,0.05802011489868164
195,450,0.5723714008927345,0.0022602155804634094,0.05402040481567383
196,450,0.5701384022831917,0.0022329986095428467,0.059020280838012695
197,450,0.5679328069090843,0.002205595374107361,0.05801963806152344
198,450,0.5657534971833229,0.0021793097257614136,0.060022592544555664
199,450,0.5636004135012627,0.0021530836820602417,0.047016143798828125
200,450,0.5614727810025215,0.00212763249874115,0.06202125549316406
