1,441,848.159538269043,Nan,0.08675360679626465
2,441,374.9195556640625,473.23998260498047,0.09769248962402344
3,441,317.1420269012451,57.77752876281738,0.11323761940002441
4,441,203.88960456848145,113.25242233276367,0.15201663970947266
5,441,148.41647148132324,55.4731330871582,0.11873555183410645
6,441,118.89168739318848,29.524784088134766,0.0984492301940918
7,441,100.06991195678711,18.821775436401367,0.09239673614501953
8,441,90.42999458312988,9.639917373657227,0.09056925773620605
9,441,87.91033840179443,2.519656181335449,0.10655498504638672
10,441,75.54400253295898,12.36633586883545,0.09676623344421387
11,441,70.29780387878418,5.246198654174805,0.09773087501525879
12,441,59.077322006225586,11.220481872558594,0.09264659881591797
13,441,48.61895799636841,10.458364009857178,0.09114575386047363
14,441,43.11866235733032,5.500295639038086,0.0890963077545166
15,441,36.17261505126953,6.946047306060791,0.08592915534973145
16,441,32.142698764801025,4.029916286468506,0.12411689758300781
17,441,29.749338388442993,2.3933603763580322,0.27332568168640137
18,441,31.836908102035522,-2.0875697135925293,0.08460688591003418
19,441,28.715569257736206,3.1213388442993164,0.10278797149658203
20,441,24.382370114326477,4.333199143409729,0.08646726608276367
21,441,24.731772661209106,-0.3494025468826294,0.09598994255065918
22,441,22.631295680999756,2.1004769802093506,0.09352326393127441
23,441,24.569611310958862,-1.9383156299591064,0.09549498558044434
24,441,18.087733507156372,6.48187780380249,0.14214324951171875
25,441,23.220343470573425,-5.132609963417053,0.11019778251647949
26,441,26.536415338516235,-3.31607186794281,0.10918664932250977
27,441,31.726361751556396,-5.189946413040161,0.09052681922912598
28,441,34.36636692285538,-2.6400051712989807,0.09389472007751465
29,441,40.730923771858215,-6.364556849002838,0.08756303787231445
30,441,42.967937707901,-2.2370139360427856,0.08952045440673828
31,441,26.09131371974945,16.87662398815155,0.09425830841064453
32,441,15.774827361106873,10.316486358642578,0.08599591255187988
33,441,11.880116641521454,3.8947107195854187,0.11561107635498047
34,441,7.144361674785614,4.73575496673584,0.09601569175720215
35,441,6.030832767486572,1.1135289072990417,0.11692237854003906
36,441,5.101175040006638,0.9296577274799347,0.08433175086975098
37,441,3.7752494513988495,1.325925588607788,0.07094287872314453
38,441,3.2017886638641357,0.5734607875347137,0.20009613037109375
39,441,2.7792734503746033,0.42251521348953247,0.06644439697265625
40,441,2.543718934059143,0.2355545163154602,0.045809268951416016
41,441,2.3596011251211166,0.18411780893802643,0.042562246322631836
42,441,2.2094456404447556,0.15015548467636108,0.07900547981262207
43,441,2.099856361746788,0.10958927869796753,0.05997824668884277
44,441,1.9915491342544556,0.10830722749233246,0.043224334716796875
45,441,1.9025038182735443,0.08904531598091125,0.04194498062133789
46,441,1.8187090903520584,0.0837947279214859,0.041914939880371094
47,441,1.7447715997695923,0.07393749058246613,0.04459428787231445
48,441,1.678672969341278,0.06609863042831421,0.04582333564758301
49,441,1.618150234222412,0.06052273511886597,0.08746671676635742
50,441,1.5616790503263474,0.05647118389606476,0.07604122161865234
51,441,1.5067553222179413,0.05492372810840607,0.12587761878967285
52,441,1.459263101220131,0.047492220997810364,0.11030077934265137
53,441,1.4125036150217056,0.04675948619842529,0.04868912696838379
54,441,1.3702732175588608,0.04223039746284485,0.042398691177368164
55,441,1.3282210975885391,0.042052119970321655,0.04868650436401367
56,441,1.2927114963531494,0.03550960123538971,0.04737520217895508
57,441,1.25574292242527,0.036968573927879333,0.04336285591125488
58,441,1.2206218540668488,0.035121068358421326,0.04197430610656738
59,441,1.1899774670600891,0.030644387006759644,0.0454709529876709
60,441,1.1591455414891243,0.030831925570964813,0.09031844139099121
61,441,1.1315255388617516,0.02762000262737274,0.042292118072509766
62,441,1.1030555814504623,0.028469957411289215,0.045969247817993164
63,441,1.0773004069924355,0.025755174458026886,0.04575634002685547
64,441,1.0526128932833672,0.0246875137090683,0.04230332374572754
65,441,1.028853103518486,0.023759789764881134,0.04262351989746094
66,441,1.0061324089765549,0.022720694541931152,0.08370637893676758
67,441,0.9844589456915855,0.02167346328496933,0.08506560325622559
68,441,0.9633024409413338,0.02115650475025177,0.08551883697509766
69,441,0.9440189674496651,0.0192834734916687,0.08557987213134766
70,441,0.924179308116436,0.019839659333229065,0.12140893936157227
71,441,0.9057724103331566,0.01840689778327942,0.09302830696105957
72,441,0.8888774588704109,0.016894951462745667,0.0800161361694336
73,441,0.8706250116229057,0.018252447247505188,0.08491659164428711
74,441,0.8547115921974182,0.01591341942548752,0.07903742790222168
75,441,0.8388590887188911,0.01585250347852707,0.07702231407165527
76,441,0.823607787489891,0.015251301229000092,0.07475519180297852
77,441,0.8087417930364609,0.014865994453430176,0.07977080345153809
78,441,0.7947278767824173,0.014013916254043579,0.08259081840515137
79,441,0.7810744419693947,0.013653434813022614,0.08280801773071289
80,441,0.7675381898880005,0.013536252081394196,0.08397078514099121
81,441,0.7553961127996445,0.012142077088356018,0.1543562412261963
82,441,0.74231868237257,0.013077430427074432,0.10254907608032227
83,441,0.7303147166967392,0.012003965675830841,0.09565544128417969
84,441,0.7192959636449814,0.011018753051757812,0.08321046829223633
85,441,0.7078829854726791,0.011412978172302246,0.05082535743713379
86,441,0.6963299959897995,0.011552989482879639,0.04587888717651367
87,441,0.6860651150345802,0.010264880955219269,0.048490285873413086
88,441,0.6759242787957191,0.010140836238861084,0.045037269592285156
89,441,0.6651927009224892,0.01073157787322998,0.045529842376708984
90,441,0.655417263507843,0.009775437414646149,0.048351287841796875
91,441,0.6466918587684631,0.008725404739379883,0.08610153198242188
92,441,0.6369234696030617,0.009768389165401459,0.08238053321838379
93,441,0.6280253008008003,0.008898168802261353,0.0903618335723877
94,441,0.6192839071154594,0.008741393685340881,0.08598208427429199
95,441,0.6104939021170139,0.00879000499844551,0.08240461349487305
96,441,0.6025556959211826,0.007938206195831299,0.08278560638427734
97,441,0.594346821308136,0.008208874613046646,0.07837224006652832
98,441,0.5862791910767555,0.008067630231380463,0.08654069900512695
99,441,0.579337727278471,0.006941463798284531,0.08677101135253906
100,441,0.5714063756167889,0.007931351661682129,0.08031034469604492
