1,301,550.188448059082,Nan,0.12035942077636719
2,301,351.84868283081056,198.33976522827146,0.10923290252685547
3,301,284.5044932556152,67.34418957519534,0.16058683395385742
4,301,293.4680441589355,-8.96355090332031,0.17099595069885254
5,301,237.75417715454103,55.7138670043945,0.13964605331420898
6,301,270.2481950378418,-32.494017883300785,0.11373448371887207
7,301,208.97507949829102,61.27311553955079,0.1219477653503418
8,301,200.4042776031494,8.570801895141614,0.12147307395935059
9,301,180.09379583740235,20.310481765747056,0.1202397346496582
10,301,151.96163194274902,28.13216389465333,0.10670828819274902
11,301,169.9195920715332,-17.95796012878418,0.1207115650177002
12,301,176.106828125,-6.1872360534667905,0.3310277462005615
13,301,147.05929653930664,29.04753158569335,0.10791206359863281
14,301,179.77910519409178,-32.71980865478514,0.10936260223388672
15,301,136.4081959991455,43.37090919494628,0.11160111427307129
16,301,126.3724711303711,10.035724868774409,0.11407756805419922
17,301,106.42132890319824,19.951142227172852,0.11271309852600098
18,301,95.06529400634766,11.356034896850588,0.10790824890136719
19,301,99.70712927246093,-4.641835266113276,0.1089324951171875
20,301,154.47351136779784,-54.76638209533691,0.11456131935119629
21,301,183.14420974731445,-28.670698379516608,0.1495838165283203
22,301,247.50630297851563,-64.36209323120119,0.11589288711547852
23,301,180.9009762878418,66.60532669067385,0.10954546928405762
24,301,138.83640133666992,42.06457495117186,0.11040878295898438
25,301,134.99948200988769,3.836919326782237,0.10885190963745117
26,301,120.04459574890137,14.954886260986314,0.11095738410949707
27,301,130.99174526977538,-10.947149520874007,0.11212444305419922
28,301,121.1438240814209,9.847921188354476,0.11397337913513184
29,301,131.58061883544923,-10.436794754028327,0.2980916500091553
30,301,112.36237911987304,19.21823971557619,0.1086585521697998
31,301,105.18320697021484,7.1791721496582,0.10900759696960449
32,301,116.1404786682129,-10.957271697998053,0.11207342147827148
33,301,132.020008895874,-15.879530227661121,0.12401366233825684
34,301,129.41784938049315,2.602159515380862,0.11022758483886719
35,301,134.5058864593506,-5.08803707885744,0.11731481552124023
36,301,110.30652864074708,24.199357818603517,0.1166677474975586
37,301,116.88127586364746,-6.574747222900385,0.1086127758026123
38,301,119.36506492614745,-2.4837890624999943,0.12762737274169922
39,301,134.0678063659668,-14.702741439819334,0.15004754066467285
40,301,156.18734663391112,-22.11954026794433,0.12978887557983398
41,301,140.32071971130372,15.866626922607395,0.08337092399597168
42,301,134.21720149230958,6.1035182189941395,0.08497428894042969
43,301,123.85930030822755,10.357901184082039,0.08609390258789062
44,301,154.44475539398192,-30.585455085754376,0.09174752235412598
45,301,144.96592486572266,9.478830528259266,0.08446669578552246
46,301,116.36402700805664,28.601897857666017,0.08091592788696289
47,301,120.98628105163574,-4.622254043579105,0.08242034912109375
48,301,130.1877458190918,-9.201464767456045,0.09858369827270508
49,301,124.09047050476075,6.097275314331043,0.08362627029418945
50,301,120.97990406799316,3.1105664367675843,0.07904458045959473
51,301,128.1035474319458,-7.123643363952638,0.08751749992370605
52,301,116.85971195983886,11.243835472106937,0.08663034439086914
53,301,128.63256568145752,-11.77285372161866,0.08422732353210449
54,301,146.02452935791015,-17.391963676452633,0.08157515525817871
55,301,165.36639360046388,-19.341864242553726,0.0808255672454834
56,301,184.78614794921876,-19.41975434875488,0.08321309089660645
57,301,195.21932957458495,-10.433181625366188,0.09412622451782227
58,301,147.25289697265626,47.96643260192869,0.09351992607116699
59,301,161.999933013916,-14.747036041259747,0.06693506240844727
60,301,168.4866109161377,-6.486677902221686,0.052533626556396484
61,301,156.07961920166017,12.406991714477527,0.05489182472229004
62,301,116.5821164855957,39.49750271606446,0.051019906997680664
63,301,104.01027195739746,12.571844528198241,0.046967267990112305
64,301,94.76086985778808,9.249402099609384,0.11098337173461914
65,301,109.01725643920898,-14.256386581420898,0.14358162879943848
66,301,146.02330003356934,-37.006043594360364,0.11467671394348145
67,301,138.16921216583253,7.8540878677368084,0.08551263809204102
68,301,148.72455264282226,-10.555340476989727,0.13025403022766113
69,301,138.2103783416748,10.514174301147449,0.08523988723754883
70,301,135.6545252380371,2.555853103637702,0.046474456787109375
71,301,140.46616842651366,-4.811643188476552,0.04784440994262695
72,301,116.08336696624755,24.38280146026611,0.045824527740478516
73,301,91.225698097229,24.857668869018553,0.0497894287109375
74,301,84.98919595336915,6.236502143859852,0.06154346466064453
75,301,94.77270343780518,-9.78350748443603,0.246138334274292
76,301,94.9503245010376,-0.17762106323242222,0.052358150482177734
77,301,88.80720994567871,6.143114555358892,0.047228336334228516
78,301,101.02668633270264,-12.219476387023931,0.05135488510131836
79,301,94.43657473754882,6.5901115951538145,0.06648015975952148
80,301,98.5281593170166,-4.091584579467778,0.09484505653381348
81,301,101.10532403564453,-2.5771647186279267,0.05586886405944824
82,301,124.05005086517335,-22.94472682952882,0.0555112361907959
83,301,139.0697501068115,-15.019699241638165,0.04720759391784668
84,301,151.9614719543457,-12.8917218475342,0.04987668991088867
85,301,131.26417842102052,20.697293533325194,0.06085395812988281
86,301,104.62966792297364,26.63451049804688,0.09769821166992188
87,301,134.2294609069824,-29.599792984008772,0.09415578842163086
88,301,156.61037522888185,-22.38091432189944,0.09307289123535156
89,301,167.10826731872558,-10.497892089843731,0.09216690063476562
90,301,173.3536597290039,-6.245392410278328,0.058966875076293945
91,301,141.9609938659668,31.39266586303711,0.05769848823547363
92,301,135.7746075592041,6.186386306762699,0.04890632629394531
93,301,124.8704298324585,10.904177726745601,0.06615900993347168
94,301,133.63529425048827,-8.764864418029774,0.1239926815032959
95,301,147.35075442504882,-13.715460174560548,0.14103960990905762
96,301,154.26468151855468,-6.913927093505862,0.12451028823852539
97,301,206.0853983154297,-51.82071679687502,0.08701062202453613
98,301,202.3285753631592,3.756822952270511,0.08519911766052246
99,301,214.88306173706056,-12.55448637390137,0.09044694900512695
100,301,159.37243403625487,55.510627700805685,0.090301513671875
