1,51,58.29324561962183,Nan,0.16265583038330078
2,51,19.888859037039936,38.40438658258189,0.17323923110961914
3,51,16.173750766809437,3.7151082702304983,0.1821272373199463
4,51,13.989746964496115,2.184003802313322,0.15225696563720703
5,51,12.045718428017437,1.9440285364786778,0.1988832950592041
6,51,10.668975899184959,1.3767425288324784,0.1410527229309082
7,51,9.519554932912191,1.1494209662727677,0.0843968391418457
8,51,8.238350260084953,1.2812046728272382,0.09207296371459961
9,51,7.2963946867680205,0.9419555733169327,0.1171877384185791
10,51,6.524992313937864,0.7714023728301562,0.14977622032165527
11,51,5.989662381186002,0.5353299327518624,0.19370484352111816
12,51,5.407724684563236,0.5819376966227656,0.32072949409484863
13,51,4.885072150092194,0.5226525344710424,0.16904115676879883
14,51,4.541273491970007,0.3437986581221866,0.15514492988586426
15,51,4.196567761725274,0.3447057302447334,0.08079767227172852
16,51,4.00323608474455,0.19333167698072362,0.07583403587341309
17,51,3.691457854664844,0.3117782300797063,0.07775259017944336
18,51,3.307768485684326,0.3836893689805181,0.11167168617248535
19,51,2.7371605816094773,0.5706079040748486,0.27409815788269043
20,51,2.266451748816863,0.4707088327926141,0.2503209114074707
21,51,1.933239648739497,0.33321210007736624,0.16206073760986328
22,51,1.7231206539748372,0.21011899476465978,0.20973634719848633
23,51,1.5376879536155341,0.18543270035930304,0.12627172470092773
24,51,1.382498267552127,0.15518968606340722,0.08240437507629395
25,51,1.26096128553584,0.12153698201628682,0.07666349411010742
26,51,1.1998502331367438,0.06111105239909631,0.939002275466919
27,51,1.0829228359288063,0.11692739720793743,0.4371814727783203
28,51,0.9850876108891722,0.09783522503963415,0.14765715599060059
29,51,0.87966187276702,0.10542573812215217,0.09318995475769043
30,51,0.7739220365234043,0.10573983624361571,0.07580208778381348
31,51,0.7195971962334453,0.05432484028995899,0.07820916175842285
32,51,0.6444621046168216,0.07513509161662368,0.09486246109008789
33,51,0.5945593798938005,0.04990272472302115,0.15386486053466797
34,51,0.522420598976854,0.07213878091694648,0.14477086067199707
35,51,0.4674045021335284,0.05501609684332559,0.1591026782989502
36,51,0.42513544727926666,0.042269054854261745,0.13823843002319336
37,51,0.3970849333681922,0.028050513911074437,0.23330974578857422
38,51,0.37452818982411124,0.022556743544080993,0.19727396965026855
39,51,0.3522850849490235,0.022243104875087738,0.14734387397766113
40,51,0.337916347913552,0.01436873703547148,0.09126782417297363
41,51,0.3179877045145933,0.019928643398958723,0.09194207191467285
42,51,0.30361854733116383,0.01436915718342946,0.0855398178100586
43,51,0.29056467817745346,0.013053869153710373,0.14497900009155273
44,51,0.2783977087533128,0.012166969424140639,0.1453857421875
45,51,0.267436468946761,0.010961239806551837,0.1383495330810547
46,51,0.25358373056287353,0.013852738383887453,0.14665913581848145
47,51,0.24343485584941463,0.010148874713458905,0.13141226768493652
48,51,0.23131278826706653,0.0121220675823481,0.5319786071777344
49,51,0.22238514907118204,0.00892763919588449,0.1328887939453125
50,51,0.21295569588740668,0.00942945318377536,0.17555880546569824
51,51,0.20316500616246375,0.00979068972494293,0.5154938697814941
52,51,0.19546204999737118,0.0077029561650925615,0.19219517707824707
53,51,0.18761942578830582,0.007842624209065369,0.19712305068969727
54,51,0.17997349696098894,0.007645928827316878,0.1348719596862793
55,51,0.17412812036016714,0.0058453766008217944,0.48940515518188477
56,51,0.1663078275927599,0.007820292767407255,0.19702458381652832
57,51,0.16132914733843526,0.00497868025432463,0.15269160270690918
58,51,0.15596169168534485,0.005367455653090408,0.16350603103637695
59,51,0.15007448844287707,0.005887203242467776,0.13762879371643066
60,51,0.14540302105571912,0.004671467387157957,0.07628989219665527
61,51,0.14123246019733124,0.004170560858387878,0.0760490894317627
62,51,0.1364553591263467,0.00477710107098453,0.1108860969543457
63,51,0.132775176640438,0.0036801824859087062,0.2602810859680176
64,51,0.1288570399949516,0.003918136645486403,0.08213353157043457
65,51,0.1253637951137363,0.0034932448812153016,0.07653307914733887
66,51,0.12213674052685931,0.0032270545868769845,0.07889413833618164
67,51,0.11902331868591516,0.0031134218409441528,0.1438143253326416
68,51,0.1160552035747231,0.002968115111192063,0.1540977954864502
69,51,0.11301184828946556,0.0030433552852575374,0.1388719081878662
70,51,0.11066912657216839,0.002342721717297172,0.18138957023620605
71,51,0.10813233755744886,0.0025367890147195288,0.12117505073547363
72,51,0.10585391070639742,0.0022784268510514377,0.7648632526397705
73,51,0.10328916462975135,0.002564746076646071,0.2165687084197998
74,51,0.10105242105065912,0.002236743579092232,0.31218981742858887
75,51,0.09924806659852249,0.0018043544521366278,0.0755918025970459
76,51,0.0971398862429719,0.00210818035555059,0.0749974250793457
77,51,0.0950540815466556,0.002085804696316307,0.19625234603881836
78,51,0.09352411445824133,0.001529967088414269,0.2843306064605713
79,51,0.0916074068164048,0.001916707641836532,0.10739636421203613
80,51,0.08982177991150082,0.0017856269049039697,0.09330058097839355
81,51,0.08822636754400488,0.0015954123674959408,0.07551741600036621
82,51,0.08675016967606718,0.0014761978679377064,0.08057284355163574
83,51,0.08528524475253146,0.0014649249235357126,0.3178532123565674
84,51,0.08364721382225769,0.0016380309302737733,0.13751959800720215
85,51,0.08248277645612108,0.0011644373661366114,0.14302659034729004
86,51,0.08093663105282231,0.0015461454032987682,0.1345534324645996
87,51,0.07968481106386668,0.001251819988955627,0.14191865921020508
88,51,0.07829413185085075,0.0013906792130159301,0.18365073204040527
89,51,0.07713028658991275,0.001163845260938004,0.19727778434753418
90,51,0.0760496423944183,0.0010806441954944457,0.08128237724304199
91,51,0.07477618829495665,0.0012734540994616544,0.08083295822143555
92,51,0.07372110488190167,0.0010550834130549774,0.1631944179534912
93,51,0.07253440960809804,0.001186695273803634,0.14428448677062988
94,51,0.0715325214508651,0.0010018881572329413,0.14213085174560547
95,51,0.07046324392591698,0.0010692775249481201,0.16126108169555664
96,51,0.0694591636782971,0.0010040802476198735,0.09054899215698242
97,51,0.06858802098186983,0.0008711426964272684,0.07786965370178223
98,51,0.0675203552118678,0.0010676657700020298,0.3193528652191162
99,51,0.06667065755396649,0.0008496976579013132,0.13121938705444336
100,51,0.06576536884666354,0.0009052887073029564,0.083740234375
