1,181,282.1142948150635,Nan,0.14560198783874512
2,181,95.99899024963379,186.1153045654297,0.17861318588256836
3,181,57.39649610519409,38.6024941444397,0.1753847599029541
4,181,48.92935476303101,8.467141342163082,0.17642998695373535
5,181,37.73047952651977,11.198875236511235,0.14716410636901855
6,181,30.5168664932251,7.213613033294674,0.09840011596679688
7,181,26.14010453224182,4.376761960983277,0.17177367210388184
8,181,22.05204598903656,4.0880585432052605,0.292755126953125
9,181,20.224604344367982,1.8274416446685784,0.13431739807128906
10,181,18.01895351409912,2.205650830268862,0.16693878173828125
11,181,16.583408927917482,1.4355445861816385,0.36110520362854004
12,181,15.628937458992004,0.9544714689254779,0.08733582496643066
13,181,14.28225576877594,1.346681690216064,0.16556334495544434
14,181,13.044421219825745,1.237834548950195,0.15724611282348633
15,181,11.855639338493347,1.1887818813323978,0.13240313529968262
16,181,10.194038939476012,1.6616003990173347,0.1560220718383789
17,181,9.134283125400543,1.0597558140754693,0.12488913536071777
18,181,9.279839491844177,-0.14555636644363368,0.0563352108001709
19,181,8.064604234695434,1.215235257148743,0.05110788345336914
20,181,7.718274104595184,0.3463301301002497,0.05008578300476074
21,181,7.484770280122757,0.233503824472427,0.04935503005981445
22,181,7.33615694642067,0.1486133337020874,0.06461620330810547
23,181,7.493673580884933,-0.15751663446426356,0.09431076049804688
24,181,7.90787193775177,-0.41419835686683637,0.17693686485290527
25,181,9.100209200382233,-1.1923372626304634,0.10057187080383301
26,181,9.953508007526398,-0.8532988071441654,0.13797807693481445
27,181,9.757466435432434,0.19604157209396433,0.09934329986572266
28,181,9.206454157829285,0.5510122776031494,0.1009063720703125
29,181,9.404979145526886,-0.19852498769760096,0.10726404190063477
30,181,10.076696300506592,-0.6717171549797065,0.10607004165649414
31,181,9.15424337387085,0.9224529266357422,0.12465596199035645
32,181,8.254885321855545,0.8993580520153053,0.08838963508605957
33,181,6.657036328315735,1.5978489935398095,0.05334830284118652
34,181,4.556550055742264,2.1004862725734714,0.05133414268493652
35,181,4.227147042751312,0.32940301299095154,0.05123472213745117
36,181,3.1609583139419555,1.0661887288093568,0.06555891036987305
37,181,2.778539554774761,0.38241875916719437,0.12436962127685547
38,181,2.024374324083328,0.754165230691433,0.12763071060180664
39,181,1.9515351593494414,0.07283916473388663,0.09815669059753418
40,181,2.159168556332588,-0.20763339698314676,0.08012509346008301
41,181,2.162872216105461,-0.0037036597728730136,0.051523447036743164
42,181,2.0341653168201446,0.12870689928531664,0.05254673957824707
43,181,2.152894513309002,-0.11872919648885727,0.052680253982543945
44,181,1.7638098746538162,0.3890846386551856,0.14120912551879883
45,181,1.9288454785943032,-0.165035603940487,0.05644106864929199
46,181,1.4929661378264427,0.4358793407678605,0.05371856689453125
47,181,1.0228633545339108,0.47010278329253197,0.052458763122558594
48,181,0.6416283667087554,0.3812349878251553,0.2129974365234375
49,181,0.42491378337144853,0.21671458333730692,0.08821249008178711
50,181,0.3736341428011656,0.05127964057028295,0.09481167793273926
51,181,0.3494910400360823,0.024143102765083302,0.09972715377807617
52,181,0.3345521230250597,0.014938917011022568,0.10629081726074219
53,181,0.3206430818885565,0.013909041136503209,0.13505768775939941
54,181,0.30916701182723044,0.01147607006132606,0.08502316474914551
55,181,0.2993982173502445,0.00976879447698592,0.05713915824890137
56,181,0.29028117954730986,0.009117037802934658,0.056641578674316406
57,181,0.28203062787652017,0.008250551670789696,0.05335116386413574
58,181,0.2748130287975073,0.007217599079012871,0.11614489555358887
59,181,0.26788691356778144,0.00692611522972586,0.13382411003112793
60,181,0.26181055679917337,0.006076356768608071,0.17557215690612793
61,181,0.2558503787964582,0.005960178002715144,0.12489724159240723
62,181,0.25013583078980445,0.005714548006653775,0.06900477409362793
63,181,0.24510430842638015,0.005031522363424301,0.051321983337402344
64,181,0.24007925055921078,0.0050250578671693635,0.057303428649902344
65,181,0.2354458775371313,0.004633373022079473,0.05124926567077637
66,181,0.2309667717665434,0.00447910577058791,0.09468555450439453
67,181,0.22671834342181682,0.004248428344726579,0.11704015731811523
68,181,0.2225697163492441,0.004148627072572714,0.13656044006347656
69,181,0.21887351833283902,0.0036961980164050834,0.1120598316192627
70,181,0.21504652462899684,0.0038269937038421797,0.2389051914215088
71,181,0.21165039911866187,0.0033961255103349686,0.05463981628417969
72,181,0.20809251740574836,0.0035578817129135187,0.0548403263092041
73,181,0.20494533739984036,0.0031471800059079957,0.05662131309509277
74,181,0.2018322978168726,0.0031130395829677693,0.05945634841918945
75,181,0.19863951131701468,0.003192786499857908,0.07700300216674805
76,181,0.1958773735910654,0.0027621377259492708,0.05743241310119629
77,181,0.19296062886714935,0.002916744723916065,0.05819416046142578
78,181,0.19029790796339513,0.0026627209037542177,0.05274701118469238
79,181,0.18763114772737027,0.0026667602360248566,0.0498356819152832
80,181,0.18503096625208854,0.0026001814752817376,0.05022573471069336
81,181,0.1825754504650831,0.0024555157870054245,0.14446306228637695
82,181,0.18014303110539914,0.0024324193596839683,0.05100512504577637
83,181,0.17771835159510374,0.002424679510295402,0.05053424835205078
84,181,0.17557711247354746,0.002141239121556282,0.05126833915710449
85,181,0.17332978807389737,0.002247324399650086,0.05232095718383789
86,181,0.17112548612058162,0.0022043019533157515,0.05994296073913574
87,181,0.1689939932897687,0.002131492830812931,0.0919959545135498
88,181,0.1669710583984852,0.0020229348912834955,0.21905159950256348
89,181,0.1649366157129407,0.0020344426855445075,0.14334321022033691
90,181,0.1630645003169775,0.0018721153959631864,0.17536401748657227
91,181,0.16111909467726945,0.0019454056397080477,0.17471671104431152
92,181,0.1592619340866804,0.0018571605905890465,0.36327648162841797
93,181,0.1574446339160204,0.0018173001706600078,0.16748547554016113
94,181,0.15573276858776808,0.001711865328252321,0.17394804954528809
95,181,0.15394433662295343,0.0017884319648146518,0.17423748970031738
96,181,0.15224403310567142,0.0017003035172820091,0.1747760772705078
97,181,0.15060832276940345,0.0016357103362679704,0.17149829864501953
98,181,0.1489741200581193,0.001634202711284144,0.17995452880859375
99,181,0.14734783954918385,0.001626280508935457,0.18657255172729492
100,181,0.14593343622982502,0.0014144033193588257,0.15947580337524414
