1,191,239.12638906642368,Nan,0.04880475997924805
2,191,91.7264525364467,147.39993652997697,0.10657238960266113
3,191,63.094071704319546,28.632380832127154,0.1643352508544922
4,191,54.73770900998797,8.35636269433158,0.3517603874206543
5,191,49.95109298706055,4.786616022927419,0.1673729419708252
6,191,47.299733127593996,2.6513598594665524,0.1643996238708496
7,191,36.30672024645124,10.993012881142754,0.1439669132232666
8,191,41.11864908490862,-4.811928838457376,0.18967747688293457
9,191,31.528570151737757,9.590078933170862,0.16237759590148926
10,191,29.913987596239362,1.6145825554983944,0.1411266326904297
11,191,23.213671365465437,6.700316230773925,0.1644425392150879
12,191,21.12307996545519,2.090591400010247,0.16316652297973633
13,191,20.539898177828107,0.5831817876270833,0.1315779685974121
14,191,21.857253860746113,-1.3173556829180058,0.1154472827911377
15,191,18.385720798083714,3.471533062662399,0.11722183227539062
16,191,19.39062909575871,-1.004908297674998,0.05153775215148926
17,191,21.499240105492728,-2.108611009734016,0.05652189254760742
18,191,19.61336679608481,1.8858733094079163,0.05948209762573242
19,191,15.181514789581298,4.431852006503513,0.23047900199890137
20,191,15.043940948758806,0.13757384082249224,0.05406379699707031
21,191,14.891930690492902,0.15201025826590353,0.053510189056396484
22,191,17.140377784660885,-2.2484470941679824,0.05359315872192383
23,191,14.380355422701154,2.760022361959731,0.0779111385345459
24,191,17.25409228897095,-2.8737368662697946,0.05083203315734863
25,191,13.894657343523843,3.3594349454471057,0.05183005332946777
26,191,9.477628228596279,4.417029114927564,0.05926346778869629
27,191,8.394206814493451,1.083421414102828,0.049860239028930664
28,191,7.254220541817801,1.1399862726756496,0.06441116333007812
29,191,7.563569789613997,-0.3093492477961952,0.1029360294342041
30,191,7.266938539760454,0.29663124985354283,0.15882277488708496
31,191,8.899139505522593,-1.6322009657621388,0.12710046768188477
32,191,5.940357773269926,2.9587817322526666,0.05685019493103027
33,191,4.997102997643607,0.9432547756263192,0.05029034614562988
34,191,4.261863714933395,0.7352392827102117,0.07283258438110352
35,191,5.081299630556788,-0.8194359156233926,0.05052638053894043
36,191,5.475424447979246,-0.3941248174224583,0.0499267578125
37,191,6.854509009225028,-1.379084561245782,0.0791473388671875
38,191,6.634728183678218,0.21978082554680967,0.06353545188903809
39,191,4.760968022567885,1.873760161110333,0.05385756492614746
40,191,4.788901328785079,-0.02793330621719381,0.051992177963256836
41,191,4.29692702630588,0.49197430247919893,0.05195116996765137
42,191,4.597876882025174,-0.3009498557192938,0.0616302490234375
43,191,2.913708093242986,1.6841687887821881,0.0996091365814209
44,191,1.8401319533416203,1.0735761399013657,0.09286856651306152
45,191,1.252747268278684,0.5873846850629363,0.09607648849487305
46,191,0.883581291818193,0.369165976460491,0.09826087951660156
47,191,0.6030187803592001,0.2805625114589929,0.10835766792297363
48,191,0.48929777452030354,0.11372100583889655,0.10003852844238281
49,191,0.43328553489489213,0.05601223962541141,0.08683562278747559
50,191,0.39915645738265343,0.034129077512238704,0.10491156578063965
51,191,0.37444325489657265,0.024713202486080776,0.09698247909545898
52,191,0.3591600583488388,0.015283196547733857,0.11080241203308105
53,191,0.3444153781001057,0.0147446802487331,0.15582036972045898
54,191,0.3335542707523065,0.010861107347799215,0.10620975494384766
55,191,0.32112081286577243,0.01243345788653405,0.11713385581970215
56,191,0.313583107941917,0.007537704923855415,0.1760101318359375
57,191,0.3032718806958624,0.0103112272460546,0.14568376541137695
58,191,0.2963583844511637,0.006913496244698725,0.09801816940307617
59,191,0.2887650014220604,0.0075933830291032844,0.09691929817199707
60,191,0.2812879945540002,0.0074770068680601875,0.10190343856811523
61,191,0.2758789042660168,0.00540909028798342,0.10590958595275879
62,191,0.2696662768657718,0.006212627400244974,0.09757781028747559
63,191,0.2633171259031764,0.006349150962595418,0.0988302230834961
64,191,0.258379717496889,0.004937408406287425,0.10336852073669434
65,191,0.25321945962735587,0.005160257869533114,0.09840655326843262
66,191,0.24759203220105597,0.0056274274262999024,0.10322856903076172
67,191,0.2426976918375918,0.0048943403634641724,0.2272334098815918
68,191,0.23926038417379772,0.003437307663794076,0.053757667541503906
69,191,0.23439711823793394,0.004863265935863781,0.059546709060668945
70,191,0.22970881248584815,0.004688305752085786,0.05445361137390137
71,191,0.22526475767738052,0.004444054808467629,0.05779576301574707
72,191,0.2212144381270877,0.004050319550292836,0.12176227569580078
73,191,0.21838117026910187,0.0028332678579858217,0.10170173645019531
74,191,0.2142266265859029,0.004154543683198952,0.09977459907531738
75,191,0.2105367350511785,0.0036898915347244043,0.10578298568725586
76,191,0.20678071171258178,0.003756023338596731,0.10736989974975586
77,191,0.2029900953157672,0.003790616396814578,0.18905997276306152
78,191,0.20078139108845167,0.0022087042273155333,0.12394928932189941
79,191,0.1971587269370045,0.003622664151447158,0.09372210502624512
80,191,0.19346202991131162,0.003696697025692891,0.09662485122680664
81,191,0.19026597490826888,0.003196055003042736,0.09654974937438965
82,191,0.18719945055219744,0.0030665243560714373,0.09363198280334473
83,191,0.18472589912505022,0.0024735514271472248,0.09845161437988281
84,191,0.1819646431513663,0.0027612559736839293,0.10160326957702637
85,191,0.17868552975276752,0.0032791133985987653,0.09331870079040527
86,191,0.17589051625930838,0.0027950134934591475,0.0993192195892334
87,191,0.1729806170330516,0.0029098992262567847,0.20641732215881348
88,191,0.17023575053417256,0.002744866498879034,0.10414481163024902
89,191,0.16863935890580928,0.0015963916283632806,0.09398865699768066
90,191,0.16566518986996795,0.0029741690358413286,0.09461712837219238
91,191,0.16270222378282675,0.0029629660871411945,0.1388716697692871
92,191,0.16000609048615608,0.0026961332966706775,0.10326695442199707
93,191,0.15765654748012978,0.0023495430060263,0.10205626487731934
94,191,0.15521545758843422,0.002441089891695558,0.09892988204956055
95,191,0.15291727142834238,0.0022981861600918363,0.10343742370605469
96,191,0.15072453517653048,0.0021927362518119053,0.09514498710632324
97,191,0.1484049747897578,0.0023195603867726677,0.0659797191619873
98,191,0.14621627042841698,0.002188704361340832,0.12482953071594238
99,191,0.14497607471341534,0.0012401957150016407,0.07868146896362305
100,191,0.14277542969185328,0.0022006450215620588,0.12162590026855469
