1,31,25.670054117339,Nan,0.23717713356018066
2,31,11.54500284406117,14.12505127327783,0.31214070320129395
3,31,8.696471160786492,2.848531683274677,0.17226099967956543
4,31,7.660731755035264,1.0357394057512286,0.22480440139770508
5,31,6.32524277472496,1.3354889803103038,0.41936683654785156
6,31,6.891687097523894,-0.566444322798934,0.10457873344421387
7,31,5.8442115104368755,1.0474755870870185,0.09695148468017578
8,31,5.292767456071718,0.5514440543651578,0.17469477653503418
9,31,5.166902936899236,0.12586451917248187,0.3396599292755127
10,31,3.9758452029675246,1.1910577339317112,0.2531454563140869
11,31,3.977874867713877,-0.0020296647463524664,0.3747117519378662
12,31,4.24598874097211,-0.2681138732582329,0.23018574714660645
13,31,4.100562229502414,0.14542651146969643,0.1071622371673584
14,31,3.4867412499657697,0.6138209795366438,0.1073153018951416
15,31,4.474742735181536,-0.9880014852157664,0.31446409225463867
16,31,3.296701758345855,1.178040976835681,0.11861038208007812
17,31,2.695518728506485,0.6011830298393699,0.15336990356445312
18,31,1.8002364110936344,0.8952823174128508,0.25116825103759766
19,31,2.051756552507702,-0.25152014141406753,0.2052898406982422
20,31,2.665969764729629,-0.614213212221927,0.0977320671081543
21,31,1.9669255730560316,0.6990441916735974,0.09544086456298828
22,31,2.278684285869589,-0.3117587128135575,0.0949697494506836
23,31,1.9770375120413624,0.3016467738282267,0.266587495803833
24,31,1.4903117617785133,0.48672575026284903,0.2818112373352051
25,31,1.6259781389762482,-0.1356663771977349,0.2014017105102539
26,31,1.1392642223028535,0.4867139166733947,0.5911049842834473
27,31,1.71741347195401,-0.5781492496511564,0.21071171760559082
28,31,1.1026960917486743,0.6147173802053356,0.1502230167388916
29,31,0.974847175078558,0.12784891667011633,0.10010600090026855
30,31,0.8140885754072192,0.16075859967133876,0.09599852561950684
31,31,0.9894024330724829,-0.17531385766526364,0.12410569190979004
32,31,0.9107825759678713,0.07861985710461161,0.14676165580749512
33,31,1.4619564803903506,-0.5511739044224794,0.10198068618774414
34,31,1.1438166130861585,0.3181398673041922,0.10016775131225586
35,31,0.6362106657625055,0.5076059473236529,0.21914219856262207
36,31,1.25840302171623,-0.6221923559537246,0.23842930793762207
37,31,0.7060627835187313,0.5523402381974988,0.1660323143005371
38,31,0.5934946225233725,0.11256816099535882,0.32453441619873047
39,31,0.6315466350696016,-0.03805201254622914,0.10772037506103516
40,31,0.36896880010103944,0.2625778349685622,0.09593796730041504
41,31,0.4859198168932328,-0.11695101679219339,0.14130353927612305
42,31,0.30187580884537335,0.18404400804785948,0.16434192657470703
43,31,0.11423872310988424,0.1876370857354891,0.10955262184143066
44,31,0.0240584226637925,0.09018030044609174,0.17586898803710938
45,31,0.00953589473026768,0.01452252793352482,0.16410136222839355
46,31,0.007755045136327421,0.0017808495939402582,0.1672968864440918
47,31,0.006926424718475736,0.0008286204178516851,0.19869089126586914
48,31,0.006320673471639501,0.0006057512468362353,0.15744972229003906
49,31,0.005846830413936524,0.0004738430577029768,0.25152134895324707
50,31,0.005458954377635044,0.0003878760363014797,0.10550522804260254
51,31,0.0051367475628774015,0.00032220681475764266,0.29484987258911133
52,31,0.004865626183327176,0.0002711213795502255,0.09614896774291992
53,31,0.004630539643474143,0.00023508653985303274,0.09750127792358398
54,31,0.00442371474203007,0.00020682490144407345,0.107269287109375
55,31,0.0042339841993809515,0.00018973054264911828,0.2356874942779541
56,31,0.004051892480059459,0.00018209171932149267,0.38614320755004883
57,31,0.003892156859141819,0.00015973562091764005,0.20614981651306152
58,31,0.003749893810983386,0.00014226304815843265,0.1383342742919922
59,31,0.0036142788399693504,0.00013561497101403572,0.10886192321777344
60,31,0.0034658706770313917,0.00014840816293795875,0.13245081901550293
61,31,0.003340212853697186,0.00012565782333420587,0.1945335865020752
62,31,0.0032296735620640383,0.00011053929163314753,0.2290191650390625
63,31,0.0031299632511772547,9.971031088678358e-05,0.23042607307434082
64,31,0.003040519195773754,8.944405540350052e-05,0.17388343811035156
65,31,0.002958458159435809,8.206103633794527e-05,0.17742061614990234
66,31,0.0028829646534255255,7.549350601028341e-05,0.13137149810791016
67,31,0.002812942048524162,7.002260490136369e-05,0.11334109306335449
68,31,0.0027486141601252225,6.432788839893936e-05,0.1727132797241211
69,31,0.0026883193974174607,6.0294762707761764e-05,0.17266058921813965
70,31,0.002632171023111003,5.614837430645758e-05,0.1722121238708496
71,31,0.002579411711785034,5.2759311325969224e-05,0.1660759449005127
72,31,0.0025299480318904965,4.9463679894537396e-05,0.1818833351135254
73,31,0.00248284228696828,4.7105744922216336e-05,0.18689489364624023
74,31,0.0024390329719419694,4.3809315026310715e-05,0.319988489151001
75,31,0.0023967272603101558,4.230571163181367e-05,0.1887681484222412
76,31,0.002357376015043769,3.93512452663866e-05,0.1698596477508545
77,31,0.0023188778032663076,3.8498211777461544e-05,0.19943618774414062
78,31,0.0022826123477545446,3.6265455511763026e-05,0.2496016025543213
79,31,0.002246954913655405,3.5657434099139584e-05,0.5053660869598389
80,31,0.0022128552508170448,3.409966283836026e-05,0.21615219116210938
81,31,0.002181136838687483,3.171841212956184e-05,0.15627050399780273
82,31,0.0021499371610870037,3.119967760047918e-05,0.09716105461120605
83,31,0.0021203284008817036,2.9608760205300164e-05,0.09913921356201172
84,31,0.0020918916370477273,2.8436763833976277e-05,0.1868603229522705
85,31,0.0020639223469898736,2.7969290057853688e-05,0.4434669017791748
86,31,0.00203806817278803,2.5854174201843556e-05,0.1790931224822998
87,31,0.002012596578462681,2.5471594325348918e-05,0.0995032787322998
88,31,0.0019875815881328957,2.5014990329785478e-05,0.10322785377502441
89,31,0.0019642406891535657,2.3340898979329946e-05,0.1480710506439209
90,31,0.001940989426183689,2.3251262969876734e-05,0.1474921703338623
91,31,0.0019183681736525304,2.262125253115854e-05,0.10885930061340332
92,31,0.001897068072740142,2.1300100912388393e-05,0.12944412231445312
93,31,0.001875970406583357,2.1097666156784985e-05,0.1968212127685547
94,31,0.0018554373637880985,2.0533042795258536e-05,0.18207263946533203
95,31,0.0018356110277803737,1.9826336007724814e-05,0.2526998519897461
96,31,0.0018164761495400715,1.9134878240302175e-05,0.24054241180419922
97,31,0.0017977085238875198,1.876762565255173e-05,0.3528752326965332
98,31,0.001779195469919151,1.8513053968368786e-05,0.18987560272216797
99,31,0.0017611339144086254,1.806155551052559e-05,0.1611034870147705
100,31,0.0017433213564566228,1.7812557952002605e-05,0.09786057472229004
