1,261,392.40900315638953,Nan,0.11728429794311523
2,261,153.87541904340472,238.5335841129848,0.12115049362182617
3,261,110.20787150355748,43.667547539847234,0.09464693069458008
4,261,92.02758921813965,18.18028228541783,0.07977175712585449
5,261,82.36955795015608,9.658031267983574,0.04923295974731445
6,261,81.16540543201991,1.2041525181361692,0.04886150360107422
7,261,66.80545908628191,14.359946345737995,0.056807518005371094
8,261,66.05951054872786,0.7459485375540567,0.04913449287414551
9,261,58.68144236319406,7.378068185533799,0.11283016204833984
10,261,52.06799444225856,6.613447920935499,0.11697649955749512
11,261,53.08294566971915,-1.0149512274605925,0.1349809169769287
12,261,49.27476763425555,3.8081780354636052,0.09359860420227051
13,261,40.19364846447536,9.081119169780187,0.1018979549407959
14,261,43.090804771695815,-2.897156307220456,0.13027667999267578
15,261,37.19861911364964,5.892185658046174,0.2886514663696289
16,261,38.56068180683681,-1.3620626931871698,0.0466005802154541
17,261,29.123908952168055,9.436772854668757,0.046889305114746094
18,261,34.90906241525923,-5.785153463091174,0.04598259925842285
19,261,26.999059431893485,7.910002983365743,0.046478271484375
20,261,22.023770022800992,4.975289409092493,0.048299312591552734
21,261,24.385684716905867,-2.3619146941048754,0.07019639015197754
22,261,23.531996673583983,0.8536880433218847,0.12245750427246094
23,261,24.238463912963866,-0.706467239379883,0.10916256904602051
24,261,24.36345641667502,-0.12499250371115522,0.10538339614868164
25,261,25.3947778937476,-1.0313214770725807,0.13274812698364258
26,261,38.069901505606516,-12.675123611858915,0.11467576026916504
27,261,33.59514353997367,4.474757965632847,0.055046796798706055
28,261,32.19503988592965,1.4001036540440168,0.04745626449584961
29,261,21.978349805014474,10.216690080915178,0.05314302444458008
30,261,26.768631156921387,-4.790281351906913,0.04600954055786133
31,261,20.663054639271326,6.105576517650061,0.04636812210083008
32,261,26.164944970812115,-5.501890331540789,0.04703474044799805
33,261,19.75402926118033,6.410915709631784,0.04793810844421387
34,261,21.355998750277926,-1.6019694890975948,0.12413191795349121
35,261,25.898766504696436,-4.542767754418509,0.1575927734375
36,261,24.711152346338544,1.187614158357892,0.1239016056060791
37,261,16.612630874974386,8.098521471364158,0.08429479598999023
38,261,18.113264560554708,-1.500633685580322,0.04921579360961914
39,261,16.50683910070147,1.606425459853238,0.049223899841308594
40,261,11.770043550150735,4.736795550550735,0.06654596328735352
41,261,14.1695398443767,-2.3994962942259654,0.05296945571899414
42,261,10.912272853076457,3.257266991300243,0.2032308578491211
43,261,11.317144750935691,-0.40487189785923405,0.07826948165893555
44,261,9.534193933486938,1.7829508174487536,0.08687281608581543
45,261,6.55611462031092,2.9780793131760177,0.10005760192871094
46,261,3.417775167179959,3.138339453130961,0.09365630149841309
47,261,3.6603547167181967,-0.24257954953823768,0.11981892585754395
48,261,3.1833409552318708,0.4770137614863259,0.09473586082458496
49,261,2.4614471349545886,0.7218938202772822,0.12540626525878906
50,261,2.1040362616138797,0.35741087334070887,0.12327742576599121
51,261,1.9515182828030415,0.15251797881083817,0.06902050971984863
52,261,1.8666919514749731,0.08482633132806838,0.04593515396118164
53,261,1.8113427293556077,0.05534922211936544,0.046292781829833984
54,261,1.6903196013953004,0.12102312796030734,0.049597978591918945
55,261,1.613958087997777,0.07636151339752328,0.07309269905090332
56,261,1.5966068239893232,0.01735126400845388,0.1081399917602539
57,261,1.381141691601702,0.2154651323876211,0.05212044715881348
58,261,1.2865527935453824,0.09458889805631965,0.05413007736206055
59,261,1.177100352023329,0.10945244152205347,0.048862457275390625
60,261,1.101520113357476,0.07558023866585306,0.04788637161254883
61,261,1.0392881370846714,0.06223197627280452,0.04818391799926758
62,261,1.0112560499289207,0.028032087155750673,0.04792642593383789
63,261,0.9878320693522692,0.023423980576651515,0.16486620903015137
64,261,0.9452214372839246,0.04261063206834459,0.16992902755737305
65,261,0.9140679860519512,0.03115345123197344,0.05162644386291504
66,261,0.8912324876891715,0.02283549836277965,0.07576894760131836
67,261,0.8654453632405826,0.025787124448588883,0.25576353073120117
68,261,0.8525149912663869,0.012930371974195776,0.09257149696350098
69,261,0.8416582553599562,0.010856735906430659,0.09163618087768555
70,261,0.8158429298145431,0.025815325545413104,0.09205365180969238
71,261,0.7942031622784478,0.02163976753609531,0.09171938896179199
72,261,0.7766729257298367,0.017530236548611078,0.08551383018493652
73,261,0.7610992583036422,0.015573667426194482,0.048001766204833984
74,261,0.7529747150838375,0.008124543219804714,0.05263829231262207
75,261,0.735869720007692,0.01710499507614549,0.04612565040588379
76,261,0.7177703986870391,0.01809932132065295,0.04616546630859375
77,261,0.6852582909209388,0.03251210776610025,0.049297332763671875
78,261,0.6747548336418612,0.010503457279077644,0.08384037017822266
79,261,0.6483645302483013,0.026390303393559855,0.09613561630249023
80,261,0.6293482218618904,0.019016308386410885,0.09278392791748047
81,261,0.6156880495665329,0.013660172295357542,0.09346580505371094
82,261,0.5985466691840973,0.017141380382435623,0.09017038345336914
83,261,0.5864245395319803,0.012122129652117009,0.09044289588928223
84,261,0.573709989826594,0.012714549705386213,0.09218525886535645
85,261,0.5628991150589926,0.010810874767601453,0.09052443504333496
86,261,0.5538483314503516,0.009050783608640978,0.08749651908874512
87,261,0.5432498499272125,0.010598481523139136,0.10264420509338379
88,261,0.5321407315145645,0.011109118412647945,0.14220166206359863
89,261,0.5241093600392341,0.008031371475330396,0.14605212211608887
90,261,0.5161091927779572,0.008000167261276947,0.2765352725982666
91,261,0.5101225240113479,0.005986668766609249,0.04800009727478027
92,261,0.5011378258338997,0.008984698177448291,0.06988859176635742
93,261,0.4926584227808884,0.008479403053011259,0.04966545104980469
94,261,0.4846481731576579,0.008010249623230492,0.048158884048461914
95,261,0.47899264615774156,0.005655526999916338,0.0899953842163086
96,261,0.47437611306245836,0.004616533095283204,0.09405875205993652
97,261,0.4646083842005048,0.00976772886195354,0.08948826789855957
98,261,0.45797653561724083,0.006631848583263988,0.08918881416320801
99,261,0.4514539146295616,0.006522620987679251,0.09558796882629395
100,261,0.4419289336161954,0.009524981013366185,0.0929880142211914
