1,431,765.9240786234537,Nan,0.04301023483276367
2,431,381.64012739393445,384.2839512295193,0.04260897636413574
3,431,296.2431831359863,85.39694425794812,0.05710744857788086
4,431,188.64360194736057,107.59958118862576,0.0853431224822998
5,431,142.4497439066569,46.193858040703674,0.08617782592773438
6,431,105.25723298390706,37.19251092274983,0.06908655166625977
7,431,87.5112960603502,17.745936923556854,0.04797053337097168
8,431,77.11754507488675,10.393750985463456,0.04228639602661133
9,431,61.408961560991074,15.708583513895675,0.04407835006713867
10,431,48.39848894543118,13.010472615559891,0.047168731689453125
11,431,40.74309304025438,7.655395905176803,0.09635496139526367
12,431,37.10022417704264,3.6428688632117385,0.09137392044067383
13,431,37.38101069132487,-0.28078651428222656,0.15070676803588867
14,431,35.450659937328766,1.9303507539961018,0.08840680122375488
15,431,34.35611547364129,1.0945444636874768,0.11616826057434082
16,431,31.08915901184082,3.2669564618004685,0.14531707763671875
17,431,29.378680759006077,1.7104782528347435,0.10430908203125
18,431,34.095660077200996,-4.71697931819492,0.08361291885375977
19,431,27.05387239985996,7.041787677341038,0.08133673667907715
20,431,28.913543277316624,-1.859670877456665,0.0858461856842041
21,431,27.175534778171116,1.7380084991455078,0.08529305458068848
22,431,24.078561517927383,3.0969732602437325,0.08191776275634766
23,431,20.78508049911923,3.293481018808155,0.08452439308166504
24,431,17.65847659111023,3.126603908008999,0.09275221824645996
25,431,10.902327948146397,6.756148642963833,0.08483600616455078
26,431,8.487911595238579,2.4144163529078178,0.09004044532775879
27,431,6.404672582944234,2.083239012294345,0.12910127639770508
28,431,5.4532239768240185,0.9514486061202154,0.0884251594543457
29,431,4.870071871413125,0.5831521054108935,0.04827404022216797
30,431,4.3310954504542885,0.5389764209588366,0.050965309143066406
31,431,4.010992669396931,0.3201027810573578,0.04475975036621094
32,431,3.7134266661273108,0.2975660032696199,0.04438066482543945
33,431,3.4885433779822455,0.2248832881450653,0.04460716247558594
34,431,3.2775882416301303,0.21095513635211516,0.04692840576171875
35,431,3.106266111135483,0.1713221304946475,0.045972585678100586
36,431,2.9454699059327445,0.1607962052027383,0.07638430595397949
37,431,2.811069584555096,0.13440032137764835,0.0755159854888916
38,431,2.682234353489346,0.12883523106575012,0.08522701263427734
39,431,2.564912405278948,0.11732194821039821,0.15433955192565918
40,431,2.4652231633663177,0.09968924191263007,0.05507516860961914
41,431,2.3642096155219607,0.10101354784435701,0.09150218963623047
42,431,2.2722859697209463,0.09192364580101442,0.04418373107910156
43,431,2.187335529261165,0.08495044045978117,0.046308279037475586
44,431,2.109678876068857,0.07765665319230797,0.050528526306152344
45,431,2.039233105050193,0.07044577101866434,0.09882044792175293
46,431,1.967255539364285,0.07197756568590785,0.11472225189208984
47,431,1.9050412327051163,0.06221430665916872,0.04772543907165527
48,431,1.838495347234938,0.06654588547017837,0.04880380630493164
49,431,1.7886201093594234,0.04987523787551451,0.08298468589782715
50,431,1.7302353895372815,0.058384719822141884,0.06577777862548828
51,431,1.681760276357333,0.04847511317994857,0.05286717414855957
52,431,1.632162395450804,0.049597880906528946,0.044141530990600586
53,431,1.5866773823897045,0.04548501306109953,0.047519683837890625
54,431,1.5411637044615216,0.04551367792818284,0.04515433311462402
55,431,1.5021756423844232,0.03898806207709837,0.04601645469665527
56,431,1.4602397216690912,0.04193592071533203,0.0705564022064209
57,431,1.4234549287292693,0.03678479293982195,0.0909111499786377
58,431,1.3858256472481623,0.037629281481107,0.09364151954650879
59,431,1.3530914319886103,0.032734215259552,0.09616684913635254
60,431,1.32060906291008,0.032482369078530304,0.13568520545959473
61,431,1.2878165907329984,0.03279247217708159,0.08951759338378906
62,431,1.2586733880970213,0.029143202635977028,0.08586525917053223
63,431,1.2297931528753705,0.02888023522165084,0.08138561248779297
64,431,1.2027693324618869,0.027023820413483612,0.08600664138793945
65,431,1.1744014687008328,0.028367863761054046,0.09033966064453125
66,431,1.1494810034831364,0.02492046521769642,0.1562974452972412
67,431,1.1242672817574606,0.02521372172567582,0.08788871765136719
68,431,1.1007259554333158,0.02354132632414485,0.07304191589355469
69,431,1.0790246178706486,0.021701337562667122,0.08299779891967773
70,431,1.0566991137133703,0.022325504157278298,0.09097909927368164
71,431,1.0337649832169216,0.022934130496448768,0.07297039031982422
72,431,1.0136145916250017,0.02015039159191989,0.05917167663574219
73,431,0.9944082531664107,0.019206338458590988,0.12369704246520996
74,431,0.9744461725155512,0.01996208065085947,0.13159441947937012
75,431,0.956153484682242,0.018292687833309174,0.04866385459899902
76,431,0.9376529662145509,0.018500518467691185,0.04629039764404297
77,431,0.9208045146531529,0.016848451561397915,0.057930707931518555
78,431,0.9045765606893433,0.016227953963809605,0.051291465759277344
79,431,0.8867577670349015,0.017818793654441833,0.04936337471008301
80,431,0.8716606621940931,0.015097104840808395,0.055429697036743164
81,431,0.8562997132539749,0.015360948940118191,0.04832339286804199
82,431,0.8414345127012994,0.014865200552675484,0.08380317687988281
83,431,0.8270971841282315,0.014337328573067909,0.07691502571105957
84,431,0.8133712005284097,0.0137259835998218,0.05040097236633301
85,431,0.8003659546375275,0.013005245890882255,0.045458316802978516
86,431,0.7860228841503462,0.014343070487181309,0.04851031303405762
87,431,0.775371273358663,0.010651610791683197,0.04396414756774902
88,431,0.7621836968594127,0.013187576499250286,0.09470868110656738
89,431,0.7498392694526248,0.012344427406787872,0.057811737060546875
90,431,0.7382053261001905,0.011633943352434284,0.04808545112609863
91,431,0.7269420507881377,0.011263275312052845,0.045160770416259766
92,431,0.7155134967631764,0.011428554024961235,0.06393861770629883
93,431,0.7051369630628161,0.010376533700360291,0.0453648567199707
94,431,0.6950087572137514,0.010128205849064709,0.0597686767578125
95,431,0.6847068270047506,0.010301930209000831,0.089202880859375
96,431,0.6742654616634051,0.010441365341345543,0.049826860427856445
97,431,0.664836092127694,0.009429369535711052,0.06003880500793457
98,431,0.6553693645530276,0.009466727574666378,0.08361554145812988
99,431,0.6467210816012489,0.008648282951778774,0.21115446090698242
100,431,0.6376129811008772,0.009108100500371696,0.08705282211303711
