1,481,1006.8067754080636,Nan,0.16727876663208008
2,481,869.3460421186174,137.46073328944613,0.20994877815246582
3,481,589.8957992161342,279.4502429024833,0.1129601001739502
4,481,504.33153966413226,85.56425955200189,0.0871126651763916
5,481,467.4911169695173,36.84042269461497,0.09782290458679199
6,481,527.5144521440778,-60.02333517456054,0.10506105422973633
7,481,591.1756449018206,-63.66119275774281,0.09242939949035645
8,481,717.0857281363351,-125.91008323451445,0.08934545516967773
9,481,502.22916236223494,214.85656577410015,0.09204530715942383
10,481,492.67279248264856,9.556369879586384,0.28066372871398926
11,481,479.4960074898856,13.176784992762975,0.08939146995544434
12,481,504.08444046456475,-24.588432974679165,0.08579826354980469
13,481,499.79888184029716,4.285558624267594,0.09138011932373047
14,481,478.9100121634347,20.88886967686244,0.08834028244018555
15,481,456.878501436506,22.03151072692873,0.0857534408569336
16,481,443.2835288412912,13.594972595214813,0.08459138870239258
17,481,469.4425326276507,-26.159003786359506,0.08409380912780762
18,481,510.3813025251116,-40.93876989746093,0.0870962142944336
19,481,479.5314484187535,30.849854106358123,0.096099853515625
20,481,464.7655187486921,14.765929670061382,0.0892796516418457
21,481,457.74004386683873,7.02547488185337,0.09041571617126465
22,481,462.40507941981724,-4.665035552978509,0.11184191703796387
23,481,500.53081236921037,-38.125732949393125,0.14844393730163574
24,481,595.4848244236538,-94.95401205444341,0.13404536247253418
25,481,558.7962281537738,36.68859626988001,0.09368491172790527
26,481,493.6123275626046,65.18390059116916,0.1386878490447998
27,481,494.2596705191476,-0.6473429565430138,0.08862066268920898
28,481,481.0916667654855,13.168003753662106,0.0939183235168457
29,481,462.54948971557616,18.542177049909355,0.0981285572052002
30,481,452.3111102382115,10.238379477364674,0.08936071395874023
31,481,456.94431514631,-4.633204908098492,0.27648305892944336
32,481,473.5160959123884,-16.571780766078405,0.08971619606018066
33,481,464.891364440918,8.624731471470398,0.08968305587768555
34,481,479.99323431614465,-15.101869875226669,0.09332537651062012
35,481,517.1315709577287,-37.13833664158409,0.09360718727111816
36,481,522.8386475263324,-5.707076568603611,0.09438204765319824
37,481,511.7370670471191,11.101580479213226,0.10124897956848145
38,481,593.7477320382254,-82.0106649911063,0.10135793685913086
39,481,567.1177156720843,26.63001636614115,0.13007736206054688
40,481,532.7769701189313,34.34074555315294,0.08922719955444336
41,481,485.52424192592076,47.25272819301057,0.11434721946716309
42,481,456.7535348728725,28.770707053048284,0.1010444164276123
43,481,673.2345640389578,-216.48102916608536,0.14498543739318848
44,481,597.5018885018485,75.73267553710934,0.09536123275756836
45,481,483.5331675633022,113.96872093854631,0.08170151710510254
46,481,473.7888196105957,9.744347952706505,0.07970356941223145
47,481,452.4376198992048,21.351199711390905,0.08155012130737305
48,481,467.21452386910573,-14.776903969900957,0.08036971092224121
49,481,443.6224493233817,23.592074545724017,0.07842636108398438
50,481,443.1676399361747,0.45480938720703534,0.08208680152893066
51,481,431.6215170462472,11.54612288992746,0.0798957347869873
52,481,434.11207976640975,-2.4905627201625293,0.20830869674682617
53,481,405.957512185233,28.154567581176764,0.041333675384521484
54,481,404.5275666242327,1.4299455610002951,0.040940046310424805
55,481,427.6901590859549,-23.162592461722227,0.04233145713806152
56,481,402.44858160836355,25.241577477591363,0.04458022117614746
57,481,392.01983105904714,10.428750549316419,0.08292198181152344
58,481,391.90862086922783,0.1112101898193032,0.05965256690979004
59,481,387.3276456996373,4.580975169590545,0.04696297645568848
60,481,384.65402882167274,2.673616877964548,0.044417381286621094
61,481,387.4924970921108,-2.8384682704380566,0.04606032371520996
62,481,395.8613044695173,-8.368807377406483,0.053383588790893555
63,481,384.5605250592913,11.30077941022597,0.06775140762329102
64,481,378.2758983851842,6.28462667410713,0.04660749435424805
65,481,385.23950230625695,-6.9636039210727745,0.0839071273803711
66,481,375.431601852417,9.807900453839977,0.09144830703735352
67,481,368.4991701551165,6.932431697300501,0.08444523811340332
68,481,369.89870502798897,-1.3995348728724935,0.08189654350280762
69,481,364.31324107796803,5.585463950020937,0.08582687377929688
70,481,360.337872920445,3.9753681575230075,0.08262252807617188
71,481,362.10825936671665,-1.7703864462716297,0.04697275161743164
72,481,359.9212898232596,2.186969543457053,0.050382375717163086
73,481,361.9602844848633,-2.038994661603681,0.08023643493652344
74,481,354.12434604753764,7.8359384373256376,0.10815548896789551
75,481,357.34783795819965,-3.2234919106620055,0.08595800399780273
76,481,355.20249480765204,2.1453431505476033,0.12081694602966309
77,481,363.3019457419259,-8.099450934273875,0.08403301239013672
78,481,362.0403442273821,1.2616015145438269,0.0819237232208252
79,481,359.35539866638186,2.6849455610002337,0.08318209648132324
80,481,350.9187512119838,8.436647454398042,0.08184337615966797
81,481,352.19876888384135,-1.2800176718575358,0.09171128273010254
82,481,350.00946659851076,2.189302285330598,0.08801007270812988
83,481,364.57767833818707,-14.568211739676315,0.07415103912353516
84,481,351.89655345807756,12.681124880109508,0.08927583694458008
85,481,360.83284564208986,-8.936292184012302,0.06701445579528809
86,481,354.29755982317243,6.53528581891743,0.04707074165344238
87,481,350.6699091884068,3.6276506347656436,0.049486637115478516
88,481,356.593621207101,-5.923712018694232,0.044885873794555664
89,481,350.2675749053955,6.326046301705503,0.04488205909729004
90,481,351.4335717272077,-1.1659968218122003,0.04449748992919922
91,481,346.04898950195314,5.384582225254576,0.04081416130065918
92,481,347.2096020093645,-1.160612507411372,0.0631110668182373
93,481,344.8184218357631,2.3911801736014127,0.045946359634399414
94,481,350.41932348632815,-5.600901650565049,0.05219268798828125
95,481,347.15338049316404,3.265942993164117,0.04947018623352051
96,481,345.05567097255164,2.0977095206123977,0.044811248779296875
97,481,349.04338744899206,-3.9877164764404256,0.044971466064453125
98,481,343.10891659109933,5.934470857892734,0.06761360168457031
99,481,342.6134102281843,0.49550636291502315,0.08247971534729004
100,481,342.7496676461356,-0.13625741795129898,0.12418365478515625
