1,1,0.8772565816297097,Nan,2.930391311645508
2,1,0.36021665120241025,0.5170399304272995,3.5905418395996094
3,1,0.28681857057876164,0.07339808062364861,2.761563301086426
4,1,0.24111083045638088,0.04570774012238077,2.422302484512329
5,1,0.20599314376679212,0.035117686689588756,5.512605667114258
6,1,0.17992432952229093,0.026068814244501193,3.9901459217071533
7,1,0.15750414245146757,0.022420187070823355,3.2795066833496094
8,1,0.137856815113251,0.019647327338216558,3.9102578163146973
9,1,0.12064779206622919,0.01720902304702182,2.804711103439331
10,1,0.10561617253648242,0.01503161952974677,3.9085986614227295
11,1,0.0935218510949664,0.012094321441516023,2.8429856300354004
12,1,0.08217449148074621,0.01134735961422019,3.7173421382904053
13,1,0.0728103522570137,0.009364139223732512,3.0830225944519043
14,1,0.06405483030012905,0.008755521956884643,2.8396873474121094
15,1,0.057116625917852167,0.006938204382276887,3.6990458965301514
16,1,0.0503887853548473,0.006727840563004864,3.7724525928497314
17,1,0.04435176523741167,0.006037020117435635,3.3158533573150635
18,1,0.03929416357371125,0.005057601663700416,3.222834348678589
19,1,0.03521225196179087,0.004081911611920383,3.9214577674865723
20,1,0.031381170487685656,0.0038310814741052135,3.4514477252960205
21,1,0.028143896825056046,0.0032372736626296097,3.3308517932891846
22,1,0.025118472178333885,0.0030254246467221607,4.335460662841797
23,1,0.022615554063845463,0.002502918114488422,3.0534393787384033
24,1,0.020422191622406313,0.00219336244143915,3.0554111003875732
25,1,0.018460507870332096,0.0019616837520742177,3.387746572494507
26,1,0.016638196905739377,0.0018223109645927188,2.883479595184326
27,1,0.01516372925053001,0.001474467655209366,2.3813393115997314
28,1,0.013681924726261428,0.0014818045242685832,2.761066198348999
29,1,0.01253748718701141,0.0011444375392500178,2.441708564758301
30,1,0.011537204487934416,0.0010002826990769941,3.3871874809265137
31,1,0.010717863480419828,0.0008193410075145874,3.707625150680542
32,1,0.009919271696680776,0.0007985917837390524,4.027520656585693
33,1,0.009274522786145102,0.0006447489105356734,2.9302468299865723
34,1,0.008680260726470273,0.0005942620596748292,3.6177070140838623
35,1,0.008171857001227422,0.0005084037252428512,3.051774740219116
36,1,0.0076917492680436935,0.0004801077331837286,3.6132073402404785
37,1,0.007250622296670985,0.00044112697137270885,2.7247657775878906
38,1,0.006874536534152531,0.0003760857625184537,3.7059311866760254
39,1,0.0065353831900468815,0.0003391533441056494,2.4776487350463867
40,1,0.00619920641013843,0.0003361767799084517,2.8650739192962646
41,1,0.005918464870325224,0.00028074153981320557,3.7900407314300537
42,1,0.005643023826664871,0.0002754410436603535,2.7704660892486572
43,1,0.0054106435542322995,0.0002323802724325712,3.3141567707061768
44,1,0.005178960567193195,0.0002316829870391045,3.8843114376068115
45,1,0.004957169206557346,0.00022179136063584914,2.7789175510406494
46,1,0.004777984815004923,0.00017918439155242306,2.803107738494873
47,1,0.004587024874938536,0.0001909599400663868,3.162825345993042
48,1,0.004419663691373252,0.00016736118356528405,3.6815006732940674
49,1,0.004261475442939229,0.00015818824843402256,3.4752161502838135
50,1,0.004103088823182319,0.00015838661975691067,2.56368350982666
51,1,0.003964732711664632,0.00013835611151768665,3.5261969566345215
52,1,0.0038431468344829957,0.00012158587718163636,2.931274175643921
53,1,0.0037107525618896102,0.00013239427259338545,3.7332210540771484
54,1,0.0035932087573683994,0.00011754380452121084,3.1560990810394287
55,1,0.003489336517478489,0.00010387223988991053,3.741380453109741
56,1,0.0033828358594073476,0.00010650065807114124,5.157909631729126
57,1,0.0032817357590303464,0.00010110010037700122,2.991337299346924
58,1,0.003194619495177206,8.711626385314022e-05,2.7978806495666504
59,1,0.0030998016926028346,9.481780257437162e-05,2.7988531589508057
60,1,0.0030165967363928853,8.320495620994925e-05,2.8506948947906494
61,1,0.0029410422966900723,7.555443970281303e-05,3.8568005561828613
62,1,0.0028584879732605527,8.255432342951959e-05,3.3412787914276123
63,1,0.0027887138008109835,6.977417244956926e-05,2.8836886882781982
64,1,0.0027219835010910826,6.67302997199009e-05,3.204678773880005
65,1,0.0026540715300014768,6.791197108960579e-05,2.937694549560547
66,1,0.00258985060312482,6.422092687665684e-05,4.121840715408325
67,1,0.002525953863501962,6.38967396228581e-05,3.1119067668914795
68,1,0.002473425281428553,5.252858207340904e-05,2.9863035678863525
69,1,0.002414188633797308,5.923664763124491e-05,2.9619569778442383
70,1,0.0023617750501483395,5.241358364896842e-05,4.0217180252075195
71,1,0.0023102274961318554,5.154755401648404e-05,2.7883994579315186
72,1,0.002259309825862171,5.091767026968452e-05,2.684260606765747
73,1,0.0022133289110199002,4.598091484227067e-05,3.159487247467041
74,1,0.0021674397313648105,4.588917965508976e-05,3.4464032649993896
75,1,0.0021245521489127533,4.2887582452057205e-05,3.348947763442993
76,1,0.00208216174168879,4.2390407223963106e-05,3.230341672897339
77,1,0.0020410867223468535,4.10750193419367e-05,2.9281556606292725
78,1,0.0020002805913140573,4.080613103279616e-05,3.1754488945007324
79,1,0.001964498392879723,3.578219843433433e-05,2.3127098083496094
80,1,0.0019272094567505827,3.7288936129140256e-05,3.3333873748779297
81,1,0.0018907132188747257,3.6496237875857044e-05,3.422186851501465
82,1,0.0018569675767565203,3.374564211820535e-05,2.7837469577789307
83,1,0.0018280363973894355,2.8931179367084822e-05,2.3696579933166504
84,1,0.0017918857063597194,3.615069102971607e-05,4.340051889419556
85,1,0.0017620595044281566,2.9826201931562775e-05,4.0764524936676025
86,1,0.0017321928959049362,2.986660852322045e-05,2.7935967445373535
87,1,0.0017022338237853449,2.9959072119591307e-05,2.943491220474243
88,1,0.0016745555372107656,2.7678286574579335e-05,3.343614339828491
89,1,0.0016471482311380978,2.740730607266777e-05,3.322993516921997
90,1,0.0016217514257498473,2.539680538825046e-05,4.41328763961792
91,1,0.0015943796364161094,2.7371789333737904e-05,3.417180061340332
92,1,0.001570795781264256,2.358385515185339e-05,3.5222008228302
93,1,0.0015445754998393195,2.62202814249365e-05,2.9935834407806396
94,1,0.0015218157715921775,2.2759728247142078e-05,2.545959234237671
95,1,0.0014987981329141634,2.301763867801408e-05,2.747544527053833
96,1,0.0014770559922974128,2.1742140616750607e-05,3.142996072769165
97,1,0.001454008045786111,2.3047946511301843e-05,3.687561273574829
98,1,0.001433254869015412,2.0753176770698864e-05,2.684166669845581
99,1,0.001413116650922313,2.0138218093098976e-05,3.4389901161193848
100,1,0.0013919233652699553,2.119328565235775e-05,3.6008946895599365
