1,241,334.3540826851981,Nan,0.08061361312866211
2,241,149.3979747619629,184.95610792323518,0.13568949699401855
3,241,107.17819408743722,42.21978067452568,0.08911395072937012
4,241,77.39766304452078,29.780531042916436,0.16031265258789062
5,241,62.264273674556186,15.133389369964597,0.15654850006103516
6,241,53.53973491995675,8.724538754599436,0.08647274971008301
7,241,45.6860789843968,7.853655935559949,0.08758282661437988
8,241,36.20099526977539,9.48508371462141,0.11609101295471191
9,241,28.800280101776124,7.400715167999266,0.0517725944519043
10,241,31.09981923185076,-2.299539130074635,0.0465245246887207
11,241,30.004297657285417,1.0955215745653426,0.04632925987243652
12,241,33.49850965309143,-3.4942119958060154,0.04797530174255371
13,241,37.84741574178423,-4.3489060886928,0.05073237419128418
14,241,30.108154796327863,7.739260945456369,0.10633563995361328
15,241,27.808937162126814,2.2992176342010495,0.06265950202941895
16,241,23.446026601246427,4.362910560880387,0.05003786087036133
17,241,20.426733441761563,3.0192931594848638,0.050512075424194336
18,241,26.386659180504935,-5.959925738743372,0.04765176773071289
19,241,29.169036574772427,-2.782377394267492,0.05030202865600586
20,241,24.01568786430359,5.153348710468837,0.05868101119995117
21,241,27.080329283033098,-3.064641418729508,0.0793466567993164
22,241,33.46670348984855,-6.38637420681545,0.1444230079650879
23,241,26.324102214676994,7.142601275171554,0.1686418056488037
24,241,31.438055602482386,-5.113953387805392,0.05022931098937988
25,241,27.72403410720825,3.7140214952741353,0.04980587959289551
26,241,27.759599123818532,-0.03556501661028122,0.1308603286743164
27,241,29.570482476234435,-1.8108833524159031,0.06674981117248535
28,241,22.71203715106419,6.858445325170244,0.04872918128967285
29,241,34.14761366816929,-11.435576517105101,0.046816349029541016
30,241,36.89471910776411,-2.7471054395948187,0.0467534065246582
31,241,30.66096395492554,6.233755152838572,0.055397748947143555
32,241,26.628654050827027,4.032309904098511,0.04654240608215332
33,241,17.37431813464846,9.254335916178569,0.1018376350402832
34,241,16.024107930728366,1.350210203920092,0.15196824073791504
35,241,16.351269808769224,-0.32716187804085806,0.12569332122802734
36,241,15.61442370755332,0.7368461012159049,0.1349186897277832
37,241,16.510148180927548,-0.8957244733742282,0.12288308143615723
38,241,20.686083877972195,-4.175935697044647,0.08485889434814453
39,241,17.814047159058706,2.8720367189134883,0.05015993118286133
40,241,21.732210804394313,-3.918163645335607,0.04740738868713379
41,241,23.47566705717359,-1.7434562527792785,0.04696512222290039
42,241,17.926226147549492,5.549440909624099,0.050211191177368164
43,241,19.819281570843287,-1.893055423293795,0.048966407775878906
44,241,14.39208781543374,5.427193755409547,0.05526447296142578
45,241,11.203898816960198,3.1881889984735423,0.13263392448425293
46,241,7.887253927384104,3.316644889576094,0.0854949951171875
47,241,4.755967456647328,3.131286470736776,0.04847383499145508
48,241,2.050335473247937,2.705631983399391,0.04904055595397949
49,241,1.4211148889022214,0.6292205843457155,0.04846334457397461
50,241,1.2267442247463125,0.19437066415590887,0.24292349815368652
51,241,1.086030272293836,0.14071395245247653,0.09633922576904297
52,241,0.8195802319752319,0.2664500403186041,0.12350940704345703
53,241,0.7661826238477869,0.053397608127444984,0.047692060470581055
54,241,0.7280918942908091,0.03809072955697779,0.04599952697753906
55,241,0.7000368102650557,0.028055084025753407,0.04645276069641113
56,241,0.6778242246348943,0.022212585630161374,0.04839372634887695
57,241,0.6594619184045919,0.01836230623030244,0.05458211898803711
58,241,0.6436676614848631,0.0157942569197288,0.07653594017028809
59,241,0.6299735960428204,0.013694065442042658,0.10967469215393066
60,241,0.6179779126167829,0.011995683426037518,0.12603402137756348
61,241,0.6077655787491905,0.01021233386759246,0.15331053733825684
62,241,0.599172473732382,0.008593105016808433,0.13418889045715332
63,241,0.5906499292132046,0.008522544519177444,0.1293048858642578
64,241,0.5825246447811702,0.008125284432034419,0.09656977653503418
65,241,0.5749842312280089,0.007540413553161263,0.055326223373413086
66,241,0.5679617192878255,0.00702251194018344,0.04868268966674805
67,241,0.5639417651700122,0.004019954117813307,0.04881548881530762
68,241,0.5692459919439362,-0.005304226773924059,0.0479736328125
69,241,0.5566295316892543,0.012616460254681883,0.12456965446472168
70,241,0.5478383202326617,0.008791211456592674,0.11067867279052734
71,241,0.5421633728950151,0.005674947337646508,0.09189486503601074
72,241,0.5369769665239645,0.005186406371050611,0.10249042510986328
73,241,0.5318462393392942,0.005130727184670336,0.26417040824890137
74,241,0.5266671351564249,0.005179104182869265,0.07115435600280762
75,241,0.5218718739157276,0.0047952612406972905,0.050260305404663086
76,241,0.5431563004899238,-0.021284426574196158,0.04961514472961426
77,241,0.5237837999260851,0.019372500563838657,0.049262285232543945
78,241,0.4578973794286805,0.06588642049740467,0.07298874855041504
79,241,0.45388408497348426,0.004013294455196215,0.09442853927612305
80,241,0.4572495792385723,-0.0033654942650880315,0.08862948417663574
81,241,0.43980001114415274,0.017449568094419554,0.08788919448852539
82,241,0.4350625391650413,0.004737471979111452,0.08826279640197754
83,241,0.4287981714978814,0.006264367667159876,0.09351229667663574
84,241,0.4247450329310128,0.004053138566868619,0.12019991874694824
85,241,0.4191653679164925,0.005579665014520285,0.14436793327331543
86,241,0.41521422065102626,0.003951147265466248,0.07832694053649902
87,241,0.41017463347688315,0.005039587174143101,0.04928708076477051
88,241,0.4064961725534605,0.003678460923422666,0.04778027534484863
89,241,0.40241582052888614,0.004080352024574352,0.048282623291015625
90,241,0.3985798740661038,0.003835946462782347,0.051538705825805664
91,241,0.39438301948777266,0.004196854578331133,0.12583136558532715
92,241,0.39051947332838816,0.003863546159384501,0.13643264770507812
93,241,0.3866949021249477,0.00382457120344043,0.12349939346313477
94,241,0.38303752250277573,0.0036573796221719967,0.1330559253692627
95,241,0.3793977984094194,0.0036397240933563335,0.12659382820129395
96,241,0.3759245596868651,0.003473238722554284,0.28095102310180664
97,241,0.37252710275857576,0.003397456928289355,0.09819388389587402
98,241,0.3692217889627708,0.003305313795804954,0.1367936134338379
99,241,0.3660249745459961,0.003196814416774718,0.07473897933959961
100,241,0.36295137593921806,0.0030735986067780274,0.04973316192626953
