1,351,2360.620153808594,Nan,0.08803105354309082
2,351,817.1803405761718,1543.439813232422,0.09003305435180664
3,351,805.9076538085938,11.27268676757808,0.08002758026123047
4,351,805.9076538085938,0.0,0.09603476524353027
5,351,805.9076538085938,0.0,0.08702945709228516
6,351,805.9076538085938,0.0,0.08002853393554688
7,351,805.9076538085938,0.0,0.08603096008300781
8,351,805.9076538085938,0.0,0.08803129196166992
9,351,805.9076538085938,0.0,0.08202862739562988
10,351,805.9076538085938,0.0,0.08302950859069824
11,351,805.9076538085938,0.0,0.08102869987487793
12,351,805.9076538085938,0.0,0.08002853393554688
13,351,805.9076538085938,0.0,0.16705942153930664
14,351,805.9076538085938,0.0,0.08102846145629883
15,351,805.9076538085938,0.0,0.08102869987487793
16,351,805.9076538085938,0.0,0.08202886581420898
17,351,805.9076538085938,0.0,0.08102917671203613
18,351,805.9076538085938,0.0,0.08002829551696777
19,351,805.9076538085938,0.0,0.08102869987487793
20,351,805.9076538085938,0.0,0.08102822303771973
21,351,805.9076538085938,0.0,0.08102893829345703
22,351,805.9076538085938,0.0,0.08102941513061523
23,351,805.9076538085938,0.0,0.08002734184265137
24,351,805.9076538085938,0.0,0.08102965354919434
25,351,805.9076538085938,0.0,0.08002877235412598
26,351,805.9076538085938,0.0,0.08002710342407227
27,351,805.9076538085938,0.0,0.08102965354919434
28,351,805.9076538085938,0.0,0.08102774620056152
29,351,805.9076538085938,0.0,0.08002901077270508
30,351,805.9076538085938,0.0,0.08102822303771973
31,351,805.9076538085938,0.0,0.08002877235412598
32,351,805.9076538085938,0.0,0.08102965354919434
33,351,805.9076538085938,0.0,0.08002805709838867
34,351,805.9076538085938,0.0,0.08102798461914062
35,351,805.9076538085938,0.0,0.08102822303771973
36,351,805.9076538085938,0.0,0.08002877235412598
37,351,805.9076538085938,0.0,0.08102917671203613
38,351,805.9076538085938,0.0,0.08202862739562988
39,351,805.9076538085938,0.0,0.08102869987487793
40,351,805.9076538085938,0.0,0.08202910423278809
41,351,805.9076538085938,0.0,0.08002829551696777
42,351,805.9076538085938,0.0,0.08202910423278809
43,351,805.9076538085938,0.0,0.08002829551696777
44,351,805.9076538085938,0.0,0.08002877235412598
45,351,805.9076538085938,0.0,0.08102846145629883
46,351,805.9076538085938,0.0,0.07902812957763672
47,351,805.9076538085938,0.0,0.08102893829345703
48,351,805.9076538085938,0.0,0.08102846145629883
49,351,805.9076538085938,0.0,0.08002877235412598
50,351,805.9076538085938,0.0,0.08002829551696777
51,351,805.9076538085938,0.0,0.08102869987487793
52,351,805.9076538085938,0.0,0.08102774620056152
53,351,805.9076538085938,0.0,0.08102941513061523
54,351,805.9076538085938,0.0,0.08002853393554688
55,351,805.9076538085938,0.0,0.1680593490600586
56,351,805.9076538085938,0.0,0.08102869987487793
57,351,805.9076538085938,0.0,0.08002901077270508
58,351,805.9076538085938,0.0,0.08102846145629883
59,351,805.9076538085938,0.0,0.08202910423278809
60,351,805.9076538085938,0.0,0.08302950859069824
61,351,805.9076538085938,0.0,0.08102846145629883
62,351,805.9076538085938,0.0,0.08002805709838867
63,351,805.9076538085938,0.0,0.08002829551696777
64,351,805.9076538085938,0.0,0.08102869987487793
65,351,805.9076538085938,0.0,0.08102893829345703
66,351,805.9076538085938,0.0,0.08102869987487793
67,351,805.9076538085938,0.0,0.08002829551696777
68,351,805.9076538085938,0.0,0.08102869987487793
69,351,805.9076538085938,0.0,0.08102893829345703
70,351,805.9076538085938,0.0,0.08002805709838867
71,351,805.9076538085938,0.0,0.08002853393554688
72,351,805.9076538085938,0.0,0.08102893829345703
73,351,805.9076538085938,0.0,0.08002805709838867
74,351,805.9076538085938,0.0,0.08202910423278809
75,351,805.9076538085938,0.0,0.08202910423278809
76,351,805.9076538085938,0.0,0.08202934265136719
77,351,805.9076538085938,0.0,0.08102846145629883
78,351,805.9076538085938,0.0,0.08102917671203613
79,351,805.9076538085938,0.0,0.08202910423278809
80,351,805.9076538085938,0.0,0.08202910423278809
81,351,805.9076538085938,0.0,0.08102846145629883
82,351,805.9076538085938,0.0,0.08202934265136719
83,351,805.9076538085938,0.0,0.08202886581420898
84,351,805.9076538085938,0.0,0.08103013038635254
85,351,805.9076538085938,0.0,0.08302736282348633
86,351,805.9076538085938,0.0,0.08202958106994629
87,351,805.9076538085938,0.0,0.08302927017211914
88,351,805.9076538085938,0.0,0.08202910423278809
89,351,805.9076538085938,0.0,0.08302998542785645
90,351,805.9076538085938,0.0,0.08302903175354004
91,351,805.9076538085938,0.0,0.08202886581420898
92,351,805.9076538085938,0.0,0.08202910423278809
93,351,805.9076538085938,0.0,0.0840308666229248
94,351,805.9076538085938,0.0,0.08302831649780273
95,351,805.9076538085938,0.0,0.0840299129486084
96,351,805.9076538085938,0.0,0.08302950859069824
97,351,805.9076538085938,0.0,0.08303022384643555
98,351,805.9076538085938,0.0,0.1720600128173828
99,351,805.9076538085938,0.0,0.08302950859069824
100,351,805.9076538085938,0.0,0.08202886581420898
