1,41,35.74717119598389,Nan,0.1478891372680664
2,41,15.963045006343297,19.78412618964059,0.144730806350708
3,41,11.661653727735791,4.301391278607506,0.14454889297485352
4,41,10.61310819707598,1.0485455306598102,0.14263534545898438
5,41,9.051648145948137,1.5614600511278436,0.13504958152770996
6,41,8.954656872885568,0.09699127306256905,0.1512601375579834
7,41,7.496273082579886,1.4583837903056827,0.13111019134521484
8,41,7.352037895032338,0.14423518754754738,0.08970999717712402
9,41,6.4043913395404815,0.9476465554918567,0.11014771461486816
10,41,6.232906331104892,0.17148500843558967,0.49447154998779297
11,41,5.105915511965752,1.1269908191391398,0.1456742286682129
12,41,3.601734185082572,1.50418132688318,0.09351038932800293
13,41,3.1171252605021,0.4846089245804719,0.09829354286193848
14,41,2.5428557335159607,0.5742695269861393,0.08249950408935547
15,41,2.3389625858377134,0.2038931476782473,0.2072286605834961
16,41,1.9987723630709306,0.3401902227667828,0.08572649955749512
17,41,2.5051004639906544,-0.5063281009197238,0.08429646492004395
18,41,2.545305016385125,-0.04020455239447074,0.10175704956054688
19,41,1.7310814038791826,0.8142236125059426,0.3251357078552246
20,41,1.7690125297443675,-0.03793112586518488,0.17955422401428223
21,41,1.9927495637818107,-0.22373703403744316,0.1332683563232422
22,41,1.755016790345311,0.23773277343649957,0.08140063285827637
23,41,0.9597517324913559,0.7952650578539552,0.08385562896728516
24,41,0.9482171483035865,0.011534584187769426,0.08487486839294434
25,41,0.7882204039648973,0.15999674433868916,0.3938486576080322
26,41,0.7390119262519957,0.0492084777129016,0.17912578582763672
27,41,0.9939083090099905,-0.25489638275799475,0.14877700805664062
28,41,0.7725794080358797,0.22132890097411084,0.08341097831726074
29,41,0.17965687062830799,0.5929225374075717,0.08329486846923828
30,41,0.0877933395959969,0.09186353103231108,0.1660292148590088
31,41,0.0419557361498342,0.0458376034461627,0.16805648803710938
32,41,0.02835543966069651,0.01360029648913769,0.09816527366638184
33,41,0.021477946176991933,0.006877493483704578,0.10151457786560059
34,41,0.018511035557861242,0.002966910619130691,0.17854595184326172
35,41,0.016784650462837558,0.0017263850950236838,0.16627120971679688
36,41,0.015475057022488078,0.0013095934403494804,0.17716217041015625
37,41,0.014485389295212892,0.0009896677272751859,0.14739489555358887
38,41,0.013616446863905627,0.0008689424313072652,0.14377236366271973
39,41,0.012902185577957425,0.0007142612859482016,0.45290565490722656
40,41,0.012315322769365073,0.0005868628085923516,0.09630680084228516
41,41,0.011743288891265235,0.0005720338780998389,0.08248186111450195
42,41,0.01126930321375091,0.00047398567751432384,0.1352071762084961
43,41,0.010822092959902616,0.0004472102538482948,0.09294581413269043
44,41,0.010436609154567122,0.00038548380533549344,0.08768081665039062
45,41,0.010079450117349292,0.0003571590372178305,0.10224413871765137
46,41,0.009762952856050106,0.00031649726129918607,0.10802602767944336
47,41,0.009460327034703888,0.00030262582134621754,0.09960746765136719
48,41,0.009196835489914519,0.00026349154478936924,0.0910952091217041
49,41,0.008938479798110036,0.00025835569180448353,0.1799783706665039
50,41,0.00871363149213721,0.00022484830597282492,0.41544556617736816
51,41,0.008488763599149284,0.00022486789298792678,0.1575460433959961
52,41,0.008288855416787555,0.00019990818236172853,0.08431196212768555
53,41,0.00809715706275061,0.00019169835403694616,0.38753747940063477
54,41,0.007911806249226045,0.00018535081352456448,0.23831701278686523
55,41,0.007748385870330302,0.00016342037889574296,0.16219377517700195
56,41,0.007582939784874075,0.0001654460854562268,0.1548001766204834
57,41,0.0074370211600575465,0.00014591862481652847,0.12433862686157227
58,41,0.007284070188212873,0.0001529509718446731,0.08331871032714844
59,41,0.007148940493843319,0.00013512969436955437,0.08076643943786621
60,41,0.007019645415807775,0.00012929507803554393,0.10584616661071777
61,41,0.006887955445035394,0.00013168997077238082,0.15870141983032227
62,41,0.006770791664827682,0.00011716378020771266,0.14373207092285156
63,41,0.006648663882299194,0.00012212778252848784,0.15652251243591309
64,41,0.006538655606372881,0.00011000827592631303,0.1569361686706543
65,41,0.006430839181985773,0.00010781642438710808,0.08759021759033203
66,41,0.006328823550911953,0.00010201563107381951,0.09540796279907227
67,41,0.006230871803380849,9.795174753110449e-05,0.5906684398651123
68,41,0.006134663705863724,9.620809751712499e-05,0.16820383071899414
69,41,0.006044429685616966,9.023402024675806e-05,0.08768129348754883
70,41,0.005954366760453143,9.006292516382242e-05,0.08799147605895996
71,41,0.005872154006593129,8.221275386001425e-05,0.17942118644714355
72,41,0.005787654954322664,8.44990522704649e-05,0.09094715118408203
73,41,0.005710721351659491,7.693360266317322e-05,0.08620595932006836
74,41,0.005631390330371297,7.933102128819362e-05,0.08528327941894531
75,41,0.005558235223812517,7.315510655878012e-05,0.25757360458374023
76,41,0.005486409767192006,7.182545662051069e-05,0.15197443962097168
77,41,0.005418836533081568,6.757323411043809e-05,0.0970621109008789
78,41,0.005347981751944254,7.085478113731409e-05,0.09155654907226562
79,41,0.005285926775239724,6.205497670453038e-05,0.15462231636047363
80,41,0.0052203645246918316,6.556225054789224e-05,0.32019853591918945
81,41,0.005158687991672195,6.167653301963633e-05,0.09834575653076172
82,41,0.005098807994137002,5.9879997535193e-05,0.14117884635925293
83,41,0.005039698936866313,5.910905727068896e-05,0.1152799129486084
84,41,0.00498323396658608,5.646497028023289e-05,0.22686362266540527
85,41,0.004925959621682913,5.727434490316718e-05,0.17077326774597168
86,41,0.004871486357076459,5.447326460645413e-05,0.09028959274291992
87,41,0.004818771717533569,5.271463954288971e-05,0.12841486930847168
88,41,0.004767501686853523,5.127003068004614e-05,0.1518716812133789
89,41,0.004718664038577117,4.8837648276406007e-05,0.0856785774230957
90,41,0.004667277852206358,5.138618637075959e-05,0.09160399436950684
91,41,0.004620109924830363,4.716792737599444e-05,0.10615015029907227
92,41,0.0045742468250308385,4.58630997995247e-05,0.16933917999267578
93,41,0.004528027661219572,4.6219163811266756e-05,0.1068108081817627
94,41,0.004483371358356505,4.465630286306678e-05,0.11341071128845215
95,41,0.0044426388654766405,4.073249287986445e-05,0.14312005043029785
96,41,0.004398945533994785,4.3693331481855884e-05,0.36566877365112305
97,41,0.004356564545226449,4.2380988768335286e-05,0.14127254486083984
98,41,0.004318521484479009,3.804306074744069e-05,0.08928704261779785
99,41,0.00427830036139598,4.022112308302902e-05,0.10254931449890137
100,41,0.0042386621505678965,3.9638210828083116e-05,0.13363265991210938
