1,81,82.62158993612017,Nan,0.07008671760559082
2,81,31.309533722468785,51.31205621365139,0.06844735145568848
3,81,22.630537036214555,8.67899668625423,0.08583641052246094
4,81,19.787839857510157,2.842697178704398,0.10703325271606445
5,81,18.00205555139269,1.785784306117467,0.131148099899292
6,81,15.420539118085589,2.581516433307101,0.1197361946105957
7,81,15.67849183000837,-0.2579527119227816,0.11561203002929688
8,81,10.326505779947553,5.351986050060818,0.11508727073669434
9,81,9.739427728244237,0.5870780517033154,0.12151956558227539
10,81,7.245577191250665,2.4938505369935724,0.10938787460327148
11,81,8.23931078835896,-0.993733597108295,0.1167607307434082
12,81,7.469702686514173,0.7696081018447867,0.09996652603149414
13,81,8.755910021066665,-1.2862073345524916,0.06118130683898926
14,81,7.992560423340116,0.763349597726549,0.18920326232910156
15,81,8.646582290138516,-0.6540218667984004,0.17536139488220215
16,81,6.650221349528858,1.9963609406096587,0.17375397682189941
17,81,5.379936269127897,1.2702850804009609,0.1095125675201416
18,81,5.4221708330256595,-0.04223456389776281,0.11387395858764648
19,81,4.777879095383521,0.6442917376421384,0.13649678230285645
20,81,4.691032451906374,0.08684664347714666,0.18767857551574707
21,81,2.9871806378832884,1.703851814023086,0.13236618041992188
22,81,3.264759943459715,-0.2775793055764266,0.20827174186706543
23,81,2.5405033613443373,0.7242565821153777,0.2782778739929199
24,81,1.6013761298430285,0.9391272315013088,0.12942194938659668
25,81,1.1786898000537684,0.42268632978926,0.07347345352172852
26,81,1.352190111681819,-0.17350031162805046,0.061063289642333984
27,81,1.130311956019806,0.22187815566201285,0.06497931480407715
28,81,1.4727208877823184,-0.3424089317625123,0.06522035598754883
29,81,1.295324628261184,0.17739625952113425,0.3113071918487549
30,81,1.49760449125192,-0.20227986299073586,0.08928823471069336
31,81,2.34081905448011,-0.84321456322819,0.18195605278015137
32,81,1.4581765917725862,0.8826424627075238,0.2319014072418213
33,81,1.5071505343062537,-0.04897394253366749,0.16434335708618164
34,81,0.7711922067888081,0.7359583275174456,0.1448535919189453
35,81,1.0016740456138338,-0.2304818388250257,0.13918137550354004
36,81,0.9205504168899996,0.08112362872383416,0.10866951942443848
37,81,1.3065682536438108,-0.3860178367538112,0.06063985824584961
38,81,1.2162746469035213,0.09029360674028952,0.06053423881530762
39,81,0.8000115724578499,0.41626307444567134,0.06198239326477051
40,81,0.36968434796668587,0.43032722449116406,0.08396792411804199
41,81,0.12830859924706497,0.2413757487196209,0.11786413192749023
42,81,0.08441599984287418,0.043892599404190796,0.13845205307006836
43,81,0.06867157770207684,0.01574442214079734,0.3543996810913086
44,81,0.06229850066725963,0.0063730770348172094,0.2748696804046631
45,81,0.05755986676478226,0.00473863390247737,0.06626486778259277
46,81,0.0540924615694343,0.00346740519534796,0.06255221366882324
47,81,0.0511500703827478,0.002942391186686502,0.15783214569091797
48,81,0.04882243281243635,0.0023276375703114444,0.17526984214782715
49,81,0.04673492067919246,0.002087512133243895,0.09596610069274902
50,81,0.04518419758017574,0.0015507230990167153,0.06275057792663574
51,81,0.04351576674683019,0.0016684308333455508,0.060602426528930664
52,81,0.04216035605647734,0.0013554106903528526,0.061788082122802734
53,81,0.04084354052772479,0.0013168155287525476,0.11181378364562988
54,81,0.03965747259344374,0.0011860679342810543,0.11239266395568848
55,81,0.03866400432107704,0.000993468272366696,0.1253800392150879
56,81,0.03757926314470491,0.0010847411763721324,0.13704347610473633
57,81,0.0367241929948463,0.0008550701498586111,0.16830015182495117
58,81,0.03583306421133291,0.000891128783513391,0.15721964836120605
59,81,0.03500567748287826,0.0008273867284546502,0.08349823951721191
60,81,0.03435232096278508,0.0006533565200931776,0.06453347206115723
61,81,0.033556961838854475,0.0007953591239306043,0.07397127151489258
62,81,0.03314812570125131,0.00040883613760316767,0.12853431701660156
63,81,0.032495695481575756,0.000652430219675551,0.3243849277496338
64,81,0.03190195477018798,0.0005937407113877774,0.10745954513549805
65,81,0.03121834318852052,0.0006836115816674579,0.0646209716796875
66,81,0.030700841544096226,0.0005175016444242952,0.17893505096435547
67,81,0.030112842118799953,0.0005879994252962727,0.2393956184387207
68,81,0.02960045595646703,0.000512386162332925,0.07188177108764648
69,81,0.029164805351091283,0.0004356506053757453,0.06184744834899902
70,81,0.028625922652826246,0.000538882698265037,0.06124997138977051
71,81,0.028233988047843533,0.00039193460498271326,0.06291532516479492
72,81,0.027739756026937228,0.0004942320209063052,0.06154489517211914
73,81,0.027371684496357504,0.0003680715305797236,0.16385531425476074
74,81,0.02692156120153543,0.0004501232948220732,0.17607760429382324
75,81,0.026578668030311486,0.0003428931712239451,0.2648026943206787
76,81,0.026151650545619694,0.00042701748469179193,0.34191465377807617
77,81,0.02582440480114227,0.00032724574447742447,0.3438103199005127
78,81,0.02542337414579067,0.0004010306553515995,0.14091873168945312
79,81,0.025122240838195597,0.000301133307595073,0.13104820251464844
80,81,0.02475010813988878,0.00037213269830681586,0.3106067180633545
81,81,0.02443239132085416,0.0003177168190346205,0.18036174774169922
82,81,0.024153954952755678,0.0002784363680984822,0.1282334327697754
83,81,0.023797251026412208,0.00035670392634347056,0.1829545497894287
84,81,0.023706692430290527,9.05585961216808e-05,0.14365673065185547
85,81,0.02338084738092896,0.00032584504936156514,0.16922402381896973
86,81,0.023102660619953114,0.000278186760975848,0.1605217456817627
87,81,0.022768206855282188,0.0003344537646709257,0.3066713809967041
88,81,0.022514374797465278,0.00025383205781690996,0.3098776340484619
89,81,0.022209317383489437,0.00030505741397584066,0.14496994018554688
90,81,0.02197322482695537,0.00023609255653406908,0.15165257453918457
91,81,0.02168700744328089,0.0002862173836744794,0.24181318283081055
92,81,0.021463011430410135,0.00022399601287075369,0.2736515998840332
93,81,0.021193522192171906,0.000269489238238229,0.16190075874328613
94,81,0.02097643133924742,0.00021709085292448763,0.1802082061767578
95,81,0.020725368486551037,0.00025106285269638207,0.11083006858825684
96,81,0.020502162078595055,0.0002232064079559816,0.062314748764038086
97,81,0.020307290205632204,0.00019487187296285055,0.06389427185058594
98,81,0.02013189215618851,0.00017539804944369589,0.07736802101135254
99,81,0.02007426665922893,5.7625496959579775e-05,0.16318178176879883
100,81,0.01980899471819534,0.0002652719410335888,0.15698909759521484
