1,61,59.25716174970354,Nan,0.175398588180542
2,61,29.547041086469378,29.710120663234164,0.12864303588867188
3,61,21.29687390395573,8.250167182513646,0.1368575096130371
4,61,16.353387019498008,4.943486884457723,0.13669824600219727
5,61,13.710836674554008,2.6425503449440004,0.14363408088684082
6,61,12.42678540113994,1.284051273414068,0.28226637840270996
7,61,9.870959902014052,2.5558254991258877,0.18199706077575684
8,61,8.996251166820526,0.8747087351935257,0.1127159595489502
9,61,7.78846117404529,1.2077899927752362,0.06920671463012695
10,61,7.992616252013615,-0.20415507796832522,0.07182621955871582
11,61,8.473732032299042,-0.48111578028542645,0.07007503509521484
12,61,7.186971803503377,1.2867602287956643,0.09907364845275879
13,61,8.93295740868364,-1.7459856051802625,0.11391401290893555
14,61,5.299979599407741,3.632977809275899,0.07068562507629395
15,61,5.682018445312977,-0.3820388459052362,0.0699927806854248
16,61,4.278882554833911,1.4031358904790663,0.08422517776489258
17,61,4.481995902003987,-0.2031133471700759,0.13270783424377441
18,61,3.857307568848133,0.6246883331558535,0.2748994827270508
19,61,2.9236577007068054,0.9336498681413277,0.42944788932800293
20,61,2.2984453265496665,0.6252123741571389,0.27052950859069824
21,61,1.743959622510842,0.5544857040388245,0.12531375885009766
22,61,1.6104906967899628,0.1334689257208792,0.12516403198242188
23,61,1.1828845410751445,0.4276061557148183,0.13189387321472168
24,61,0.9623950941261968,0.22048944694894768,0.07561564445495605
25,61,0.8771557892619499,0.08523930486424691,0.07135772705078125
26,61,0.7173311197236181,0.15982466953833185,0.06812667846679688
27,61,0.605384976026336,0.11194614369728206,0.09669637680053711
28,61,0.22363880082818546,0.3817461751981506,0.1662006378173828
29,61,0.12549838857219686,0.0981404122559886,0.1262519359588623
30,61,0.0650311900389913,0.06046719853320556,0.1261293888092041
31,61,0.04647812116445441,0.018553068874536886,0.14289259910583496
32,61,0.042094714617955366,0.004383406546499047,0.09033823013305664
33,61,0.03855272196346362,0.0035419926544917463,0.20852088928222656
34,61,0.03586834637361712,0.0026843755898465008,0.1333005428314209
35,61,0.03362377087366102,0.002244575499956096,0.1275796890258789
36,61,0.03191364398339231,0.0017101268902687122,0.12900996208190918
37,61,0.030125664416999955,0.0017879795663923552,0.12814831733703613
38,61,0.028680663580008384,0.0014450008369915716,0.1304762363433838
39,61,0.027461152898580102,0.001219510681428282,0.14715790748596191
40,61,0.026358669325609558,0.0011024835729705439,0.14046382904052734
41,61,0.02525332039764284,0.0011053489279667164,0.142869234085083
42,61,0.024336430448406776,0.0009168899492360653,0.1317005157470703
43,61,0.02347551018874427,0.0008609202596625044,0.1419520378112793
44,61,0.02261602778177309,0.0008594824069711807,0.15223956108093262
45,61,0.021960364453428027,0.0006556633283450637,0.13921737670898438
46,61,0.021229056665906684,0.0007313077875213438,0.13304424285888672
47,61,0.02063926721939684,0.0005897894465098433,0.13069772720336914
48,61,0.02006111379889106,0.0005781534205057809,0.18533706665039062
49,61,0.019479099055286497,0.0005820147436045621,0.18537282943725586
50,61,0.019006795259292372,0.0004723037959941251,0.07788395881652832
51,61,0.018503485182133902,0.0005033100771584705,0.06801891326904297
52,61,0.01805220742896199,0.0004512777531719102,0.06645059585571289
53,61,0.017656154743562053,0.0003960526853999391,0.07841753959655762
54,61,0.017228223990116802,0.0004279307534452506,0.32259368896484375
55,61,0.01681669505123448,0.0004115289388823204,0.14466142654418945
56,61,0.01649753578566015,0.0003191592655743328,0.1764528751373291
57,61,0.01613925938394719,0.00035827640171295916,0.18097949028015137
58,61,0.015781937667867167,0.0003573217160800224,0.16565608978271484
59,61,0.01548293141092706,0.0002990062569401073,0.07271265983581543
60,61,0.01519787976508295,0.00028505164584411054,0.06721115112304688
61,61,0.014873835627621571,0.0003240441374613781,0.06651830673217773
62,61,0.014585569068224035,0.0002882665593975358,0.11792850494384766
63,61,0.014327330629840228,0.0002582384383838076,0.13619756698608398
64,61,0.014065656900705237,0.0002616737291349907,0.16692233085632324
65,61,0.013825498044590599,0.00024015885611463825,0.29692840576171875
66,61,0.0135815566874974,0.00024394135709319802,0.08835792541503906
67,61,0.01335080194004279,0.00023075474745461004,0.07611560821533203
68,61,0.013130502184586865,0.00022029975545592544,0.0705568790435791
69,61,0.012927681678473683,0.000202820506113182,0.08298850059509277
70,61,0.012727185288743515,0.00020049638973016794,0.3123130798339844
71,61,0.01250700989195944,0.00022017539678407562,0.1628713607788086
72,61,0.01234444462940363,0.00016256526255581036,0.1431124210357666
73,61,0.0121558936603833,0.00018855096902033013,0.13857603073120117
74,61,0.011963677119563467,0.0001922165408198319,0.06950116157531738
75,61,0.011802765267335676,0.0001609118522277915,0.06890869140625
76,61,0.011641521487750911,0.00016124377958476495,0.07923603057861328
77,61,0.011473241435330628,0.0001682800524202832,0.07264137268066406
78,61,0.01133271090130854,0.00014053053402208852,0.1137247085571289
79,61,0.011178955085209705,0.00015375581609883456,0.13239312171936035
80,61,0.01103406919479104,0.000144885890418665,0.17864060401916504
81,61,0.010901903140657981,0.00013216605413305868,0.19651389122009277
82,61,0.010748008835295747,0.00015389430536223367,0.3753035068511963
83,61,0.010632141364705083,0.00011586747059066406,0.09911870956420898
84,61,0.01049422820491184,0.0001379131597932428,0.07314896583557129
85,61,0.010360433456687523,0.00013379474822431715,0.2938809394836426
86,61,0.010254338887120996,0.00010609456956652691,0.18726301193237305
87,61,0.01012909142416902,0.0001252474629519773,0.4359090328216553
88,61,0.010009860636333802,0.00011923078783521689,0.25049257278442383
89,61,0.00988706005091912,0.00012280058541468304,0.1257336139678955
90,61,0.009788730230714594,9.832982020452526e-05,0.08320856094360352
91,61,0.00967579051406522,0.00011293971664937466,0.07535600662231445
92,61,0.009563294836818906,0.0001124956772463135,0.11898374557495117
93,61,0.009473240177014045,9.005465980486092e-05,0.14877986907958984
94,61,0.009356445203468736,0.00011679497354530853,0.10375833511352539
95,61,0.009279682216167982,7.676298730075436e-05,0.15395689010620117
96,61,0.009173752824509782,0.00010592939165820006,0.1546335220336914
97,61,0.009076552440977789,9.720038353199303e-05,0.06965899467468262
98,61,0.008985046697514397,9.150574346339195e-05,0.2561161518096924
99,61,0.00889988414590646,8.516255160793615e-05,0.06973028182983398
100,61,0.008805174292996525,9.47098529099355e-05,0.07180237770080566
