1,271,467.19273376464844,Nan,0.06401753425598145
2,271,149.81737342247595,317.3753603421725,0.09582090377807617
3,271,112.50320141132062,37.314172011155335,0.08871650695800781
4,271,107.29423963106595,5.208961780254668,0.08673238754272461
5,271,71.24191548274113,36.052324148324814,0.10548520088195801
6,271,59.0017588688777,12.240156613863434,0.09057331085205078
7,271,54.16694670457106,4.834812164306641,0.09054064750671387
8,271,51.28009033203125,2.8868563725398104,0.08906340599060059
9,271,46.907610379732574,4.372479952298676,0.08492827415466309
10,271,44.16271429795485,2.744896081777725,0.0911552906036377
11,271,41.38185002253606,2.780864275418793,0.09113550186157227
12,271,38.94802973820613,2.4338202843299257,0.09058332443237305
13,271,33.157091287466194,5.790938450739937,0.08373355865478516
14,271,29.62014286334698,3.5369484241192133,0.0847158432006836
15,271,29.51057580801157,0.10956705533541111,0.08604693412780762
16,271,24.673847198486328,4.836728609525242,0.09207653999328613
17,271,21.892866501441368,2.78098069704496,0.04532432556152344
18,271,22.018511038560135,-0.12564453711876666,0.045961618423461914
19,271,23.145258316626915,-1.1267472780667802,0.04708981513977051
20,271,23.072603078988884,0.07265523763803117,0.04574465751647949
21,271,22.10178962120643,0.9708134577824552,0.04513144493103027
22,271,23.212840667137733,-1.1110510459313048,0.053002357482910156
23,271,21.207393646240234,2.005447020897499,0.0849311351776123
24,271,24.401771765488846,-3.1943781192486114,0.16274046897888184
25,271,24.413002967834473,-0.011231202345626912,0.10421442985534668
26,271,17.054576580341045,7.358426387493427,0.0905454158782959
27,271,15.388152636014498,1.6664239443265476,0.08471870422363281
28,271,16.378696735088642,-0.9905440990741443,0.04587984085083008
29,271,16.57800718454214,-0.19931044945349896,0.08956050872802734
30,271,18.24194644047664,-1.6639392559344977,0.1958479881286621
31,271,17.52691753094013,0.7150289095365103,0.11124706268310547
32,271,16.696134017064022,0.8307835138761064,0.09356403350830078
33,271,14.268321917607235,2.427812099456787,0.0458524227142334
34,271,17.59626054763794,-3.3279386300307046,0.04531598091125488
35,271,12.713545212378868,4.882715335259071,0.04539084434509277
36,271,10.4017357642834,2.3118094480954685,0.044478654861450195
37,271,11.052687938396748,-0.6509521741133479,0.04847216606140137
38,271,10.149271194751446,0.9034167436453018,0.10167622566223145
39,271,5.896999450830313,4.252271743921133,0.0479278564453125
40,271,3.4194961327772875,2.4775033180530253,0.0528872013092041
41,271,2.1623142774288473,1.2571818553484402,0.04821324348449707
42,271,1.4489640501829295,0.7133502272459178,0.06529068946838379
43,271,1.0800869739972627,0.3688770761856668,0.11492443084716797
44,271,0.990182991211231,0.08990398278603173,0.13204121589660645
45,271,0.8635576917574956,0.12662529945373535,0.11933541297912598
46,271,0.8148276026432331,0.048730089114262576,0.11797857284545898
47,271,0.7600048321944016,0.05482277044883144,0.11778664588928223
48,271,0.7274895035303556,0.03251532866404605,0.11762857437133789
49,271,0.6957661601213309,0.03172334340902472,0.18293547630310059
50,271,0.6682948332566482,0.027471326864682677,0.12179756164550781
51,271,0.6437407663235297,0.024554066933118457,0.10963916778564453
52,271,0.6218566206785349,0.021884145644994857,0.1594078540802002
53,271,0.6009309475238507,0.020925673154684188,0.10773444175720215
54,271,0.582597913650366,0.018333033873484728,0.046623945236206055
55,271,0.5648987705890949,0.017699143061271072,0.0490264892578125
56,271,0.5487000988079951,0.016198671781099794,0.05017280578613281
57,271,0.5333792200455298,0.01532087876246524,0.07465910911560059
58,271,0.5193703472614288,0.014008872784101012,0.10389280319213867
59,271,0.505865230010106,0.013505117251322862,0.13503122329711914
60,271,0.4933550930940188,0.012510136916087156,0.1051018238067627
61,271,0.48146514479930586,0.01188994829471296,0.04860806465148926
62,271,0.4703209148003505,0.011144229998955368,0.04851174354553223
63,271,0.4597301941651564,0.010590720635194062,0.04792475700378418
64,271,0.44953813002659726,0.010192064138559165,0.05139803886413574
65,271,0.4397836373402522,0.00975449268634504,0.04693007469177246
66,271,0.43095065080202544,0.008832986538226784,0.0795135498046875
67,271,0.4220863626553462,0.008864288146679222,0.04855918884277344
68,271,0.4139296022745279,0.008156760380818306,0.07274150848388672
69,271,0.40625763627199024,0.007671966002537667,0.07134056091308594
70,271,0.3984638979801765,0.007793738291813734,0.04803633689880371
71,271,0.39112931260695827,0.007334585373218239,0.04922342300415039
72,271,0.38412744265336257,0.007001869953595696,0.05585646629333496
73,271,0.3772896734567789,0.006837769196583687,0.055666208267211914
74,271,0.37077468862900365,0.006514984827775239,0.1043546199798584
75,271,0.36455244513658375,0.006222243492419899,0.0855264663696289
76,271,0.3582644072862772,0.0062880378503065715,0.08214068412780762
77,271,0.35272889183117795,0.005535515455099227,0.16384673118591309
78,271,0.3468734392753014,0.00585545255587655,0.11252927780151367
79,271,0.3414719666425998,0.005401472632701576,0.04779815673828125
80,271,0.33618325568162477,0.0052887109609750516,0.04757094383239746
81,271,0.33109623193740845,0.0050870237442163235,0.22358250617980957
82,271,0.3261892623626269,0.004906969574781539,0.04607653617858887
83,271,0.3214323967695236,0.004756865593103288,0.0469052791595459
84,271,0.3168300550717574,0.0046023416977662435,0.04791092872619629
85,271,0.3122847962837953,0.004545258787962081,0.05191826820373535
86,271,0.3080120671253938,0.004272729158401489,0.06750774383544922
87,271,0.30375175980421215,0.0042603073211816556,0.06191372871398926
88,271,0.29967593802855563,0.0040758217756565185,0.04669308662414551
89,271,0.2956153555558278,0.004060582472727836,0.04778647422790527
90,271,0.29187475603360397,0.003740599522223831,0.048906803131103516
91,271,0.28802220637981707,0.0038525496537868964,0.04965662956237793
92,271,0.28427262489612287,0.0037495814836941976,0.06687021255493164
93,271,0.28060747339175296,0.0036651515043699123,0.05847501754760742
94,271,0.27710072237711686,0.0035067510146361003,0.06575250625610352
95,271,0.273623057282888,0.0034776650942288656,0.046523332595825195
96,271,0.27037255465984344,0.003250502623044549,0.04801821708679199
97,271,0.2670609893707129,0.003311565289130569,0.049611806869506836
98,271,0.26385218363541824,0.0032088057352946397,0.0821988582611084
99,271,0.26076496220552003,0.0030872214298982015,0.05140805244445801
100,271,0.25773979952702153,0.0030251626784985053,0.050957679748535156
