1,171,202.69286745997837,Nan,0.14550280570983887
2,171,81.64758547864642,121.04528198133195,0.07566976547241211
3,171,60.97477281297956,20.67281266566686,0.053734779357910156
4,171,48.47817119543893,12.496601617540627,0.05620098114013672
5,171,35.90513001850673,12.5730411769322,0.056260108947753906
6,171,34.98904938561576,0.9160806328909743,0.10116410255432129
7,171,30.648397899355206,4.340651486260551,0.1088860034942627
8,171,32.087889612470356,-1.4394917131151495,0.05347251892089844
9,171,34.57847364398411,-2.4905840315137553,0.05000734329223633
10,171,34.5900329813276,-0.011559337343491904,0.052533864974975586
11,171,36.15497999736241,-1.5649470160348073,0.049779415130615234
12,171,27.16401605933053,8.990963938031879,0.05375075340270996
13,171,25.98132915646689,1.1826869028636402,0.1090707778930664
14,171,15.080198168754578,10.901130987712314,0.052686214447021484
15,171,15.42550799036026,-0.3453098216056816,0.06212639808654785
16,171,14.61211684676579,0.813391143594469,0.05549955368041992
17,171,12.520189253125872,2.0919275936399178,0.06405353546142578
18,171,9.861304358039584,2.6588848950862882,0.14986586570739746
19,171,8.489014388186591,1.372289969852993,0.18461918830871582
20,171,7.372183566732066,1.116830821454525,0.2589113712310791
21,171,6.2861922653062,1.0859913014258664,0.20832061767578125
22,171,9.799131289482117,-3.5129390241759175,0.060455322265625
23,171,10.764529087407249,-0.9653977979251316,0.05357623100280762
24,171,8.755700138807297,2.0088289485999518,0.060565948486328125
25,171,9.022569612622261,-0.26686947381496395,0.06128382682800293
26,171,7.861896844489234,1.1606727681330273,0.05655360221862793
27,171,7.8847924477372855,-0.02289560324805162,0.06658506393432617
28,171,5.335624317305428,2.549168130431857,0.08204269409179688
29,171,6.3033188660826,-0.967694548777172,0.04973745346069336
30,171,6.727673834153584,-0.4243549680709835,0.049491167068481445
31,171,5.8237751002141405,0.9038987339394433,0.04976844787597656
32,171,5.756121074352945,0.06765402586119507,0.04960131645202637
33,171,5.699168447664806,0.056952626688139496,0.08831000328063965
34,171,5.113254979082516,0.58591346858229,0.09181046485900879
35,171,6.96423219534329,-1.850977216260774,0.10690689086914062
36,171,5.93545722079277,1.0287749745505197,0.11007308959960938
37,171,5.14360995568548,0.7918472651072905,0.1176307201385498
38,171,5.071889158627816,0.07172079705766343,0.10334134101867676
39,171,2.69663170089892,2.3752574577288965,0.11776924133300781
40,171,2.5720613127074072,0.12457038819151256,0.10411500930786133
41,171,1.2680884092482072,1.3039729034592,0.09453940391540527
42,171,0.5387553603561329,0.7293330488920743,0.09361743927001953
43,171,0.4302029434953417,0.1085524168607912,0.1030876636505127
44,171,0.2204959544052503,0.20970698909009142,0.09398221969604492
45,171,0.1517610656712204,0.06873488873402989,0.25205349922180176
46,171,0.11409560312862907,0.037665462542591344,0.15677905082702637
47,171,0.10276587045059672,0.011329732678032348,0.18837761878967285
48,171,0.09102308492841465,0.011742785522182067,0.15326666831970215
49,171,0.08247149340568909,0.008551591522725568,0.07989692687988281
50,171,0.07571349606037672,0.006757997345312364,0.05103445053100586
51,171,0.06986414856450367,0.005849347495873056,0.050952911376953125
52,171,0.06490682755357453,0.004957321010929133,0.05126500129699707
53,171,0.06255848047403352,0.0023483470795410133,0.04987835884094238
54,171,0.05810339984523931,0.004455080628794211,0.049607038497924805
55,171,0.054561565528889855,0.0035418343163494542,0.06757783889770508
56,171,0.05168929237300264,0.0028722731558872144,0.05298137664794922
57,171,0.04894389272281634,0.002745399650186303,0.054078102111816406
58,171,0.047514273121553874,0.0014296196012624635,0.05372047424316406
59,171,0.04512575754669628,0.002388515574857593,0.07966446876525879
60,171,0.043000859801125314,0.0021248977455709667,0.09858417510986328
61,171,0.041207245243979354,0.0017936145571459602,0.09592914581298828
62,171,0.03954869077168405,0.0016585544722953066,0.05465817451477051
63,171,0.03882567716988602,0.0007230136017980296,0.07067990303039551
64,171,0.03714455207024834,0.0016811250996376786,0.05715441703796387
65,171,0.03578573005406984,0.0013588220161784986,0.11953520774841309
66,171,0.03462361763337893,0.0011621124206909125,0.1449270248413086
67,171,0.033566639130269846,0.0010569785031090823,0.11393904685974121
68,171,0.0331366717685014,0.0004299673617684449,0.3560943603515625
69,171,0.03185295812825539,0.0012837136402460078,0.1241452693939209
70,171,0.030907015463869487,0.0009459426643859056,0.09661173820495605
71,171,0.030086188754998147,0.0008208267088713403,0.09748387336730957
72,171,0.029540807495425855,0.0005453812595722918,0.11567020416259766
73,171,0.028745508686373277,0.0007952988090525782,0.14018940925598145
74,171,0.02797953769963767,0.0007659709867356077,0.16721057891845703
75,171,0.02731271000632218,0.0006668276933154901,0.18904900550842285
76,171,0.026689806138830527,0.0006229038674916525,0.15616989135742188
77,171,0.02642797574294465,0.00026183039588587725,0.09486055374145508
78,171,0.02566036532925708,0.0007676104136875687,0.05310320854187012
79,171,0.02508095764688083,0.0005794076823762498,0.05049943923950195
80,171,0.0245592025904251,0.0005217550564557312,0.05123567581176758
81,171,0.024242492612717405,0.0003167099777076944,0.05216860771179199
82,171,0.02370534602193428,0.000537146590783126,0.08120155334472656
83,171,0.023222271713428198,0.0004830743085060818,0.0531461238861084
84,171,0.02278565718579505,0.00043661452763314734,0.05120968818664551
85,171,0.022488652991530085,0.00029700419426496524,0.05020022392272949
86,171,0.02206628513056785,0.0004223678609622354,0.05125164985656738
87,171,0.021642693176333393,0.0004235919542344563,0.06662178039550781
88,171,0.02124718279564487,0.00039551038068852407,0.05553174018859863
89,171,0.020946152721930827,0.00030103007371404256,0.29039883613586426
90,171,0.02059613847599498,0.00035001424593584726,0.19593191146850586
91,171,0.02025446384746049,0.0003416746285344885,0.1348891258239746
92,171,0.019907532975410244,0.00034693087205024675,0.10156083106994629
93,171,0.01964630178621571,0.0002612311891945357,0.07295751571655273
94,171,0.01935505588725209,0.00029124589896361783,0.05400371551513672
95,171,0.01903459758358076,0.0003204583036713303,0.056125640869140625
96,171,0.018730186334744627,0.0003044112488361332,0.05603337287902832
97,171,0.018515783934255264,0.00021440240048936285,0.06328177452087402
98,171,0.018246234103771193,0.0002695498304840713,0.08385252952575684
99,171,0.01796191488173125,0.0002843192220399436,0.1104271411895752
100,171,0.017707002555552336,0.00025491232617891324,0.10872769355773926
