1,281,514.7381940830776,Nan,0.10355186462402344
2,281,317.8677937840053,196.8704002990723,0.05179238319396973
3,281,208.8833765171596,108.9844172668457,0.04658198356628418
4,281,203.81938591657365,5.063990600585953,0.04823732376098633
5,281,179.3531884504046,24.466197466169064,0.04900503158569336
6,281,159.57780800519672,19.775380445207873,0.052618980407714844
7,281,134.21813410295758,25.359673902239138,0.04523277282714844
8,281,132.34115938677107,1.8769747161865098,0.054441213607788086
9,281,105.9259585331508,26.415200853620263,0.12717747688293457
10,281,105.64392928205217,0.28202925109863486,0.09248971939086914
11,281,118.14381699262347,-12.4998877105713,0.08180427551269531
12,281,108.51391747828892,9.629899514334554,0.13402247428894043
13,281,156.19015218680246,-47.67623470851355,0.11161518096923828
14,281,149.7853439919608,6.404808194841678,0.1570878028869629
15,281,134.57214637756348,15.213197614397302,0.08957695960998535
16,281,115.63829498508998,18.9338513924735,0.08583903312683105
17,281,127.74848689052037,-12.110191905430383,0.08775615692138672
18,281,114.8723724496024,12.876114440917974,0.09117984771728516
19,281,108.36061899457658,6.511753455025811,0.08900308609008789
20,281,96.79970015825545,11.560918836321136,0.1310267448425293
21,281,79.10541416495187,17.69428599330358,0.09325122833251953
22,281,68.78564581734794,10.319768347603926,0.06312751770019531
23,281,61.117567353384835,7.668078463963106,0.047766685485839844
24,281,57.74197866276332,3.3755886906215125,0.04934120178222656
25,281,51.85217167990548,5.889806982857841,0.04791593551635742
26,281,53.009312990461076,-1.1571413105555948,0.04610610008239746
27,281,57.461393799918035,-4.452080809456959,0.06502318382263184
28,281,56.71005141448975,0.7513423854282877,0.08459234237670898
29,281,58.88337075260707,-2.1733193381173237,0.08956122398376465
30,281,55.44400632258824,3.439364430018834,0.08819413185119629
31,281,54.488826130458285,0.9551801921299514,0.09334564208984375
32,281,63.061595415387835,-8.57276928492955,0.09658122062683105
33,281,82.5526155885969,-19.49102017320906,0.09440135955810547
34,281,76.73419324057443,5.818422348022466,0.09676146507263184
35,281,68.64485711669921,8.089336123875214,0.1310417652130127
36,281,61.82345282036918,6.821404296330037,0.09298920631408691
37,281,48.16801908329555,13.65543373707363,0.08593988418579102
38,281,54.28816569246565,-6.120146609170099,0.12048506736755371
39,281,49.44441222054618,4.84375347191947,0.20064568519592285
40,281,50.73979899760655,-1.2953867770603722,0.09462261199951172
41,281,47.99491085379464,2.744888143811906,0.09860849380493164
42,281,45.012286639077324,2.982624214717319,0.0986318588256836
43,281,46.99005339050293,-1.9777667514256052,0.09575915336608887
44,281,52.67118743896484,-5.681134048461914,0.0889275074005127
45,281,55.7095576171875,-3.0383701782226566,0.09268546104431152
46,281,80.03041640036447,-24.320858783176973,0.13015103340148926
47,281,69.014019329616,11.016397070748468,0.11445307731628418
48,281,67.46969739259993,1.544321937016079,0.13518285751342773
49,281,72.10372548239572,-4.634028089795791,0.09579300880432129
50,281,71.24626880318777,0.8574566792079423,0.11658573150634766
51,281,58.053762696402416,13.192506106785359,0.11191248893737793
52,281,60.890793996538434,-2.837031300136019,0.05216097831726074
53,281,67.57572130857196,-6.684927312033523,0.05380892753601074
54,281,54.51398120934623,13.06174009922573,0.052100181579589844
55,281,65.31728595733642,-10.803304747990197,0.13591718673706055
56,281,51.178303229195734,14.13898272814069,0.13921666145324707
57,281,43.94413521357945,7.234168015616284,0.0548100471496582
58,281,57.28579487555368,-13.341659661974226,0.046077728271484375
59,281,55.47648653575352,1.809308339800154,0.050109148025512695
60,281,59.636310861860004,-4.159824326106481,0.06841349601745605
61,281,109.02131505257742,-49.38500419071742,0.10838580131530762
62,281,187.31979808044434,-78.29848302786692,0.14579081535339355
63,281,261.8070544302804,-74.48725634983606,0.08500170707702637
64,281,169.75049061802454,92.05656381225586,0.09108543395996094
65,281,128.94936498151506,40.80112563650948,0.08952879905700684
66,281,104.79122667149134,24.158138310023716,0.10292768478393555
67,281,98.07708270263672,6.7141439688546285,0.08978152275085449
68,281,103.1157936226981,-5.038710920061391,0.08730864524841309
69,281,98.94350821576799,4.172285406930115,0.08669543266296387
70,281,102.11149444362096,-3.167986227852964,0.08891701698303223
71,281,90.25661007036481,11.85488437325614,0.09437036514282227
72,281,86.16556181226458,4.09104825810023,0.09534955024719238
73,281,79.10883354078021,7.056728271484374,0.06048393249511719
74,281,72.48237602778843,6.626457512991777,0.05098772048950195
75,281,63.47083649662563,9.011539531162803,0.057192325592041016
76,281,64.99741096714564,-1.5265744705200106,0.06982684135437012
77,281,56.390055100032264,8.607355867113377,0.09196996688842773
78,281,49.46531712886265,6.924737971169613,0.055438995361328125
79,281,49.09524179513114,0.37007533373151347,0.04877758026123047
80,281,44.59352197810582,4.501719817025318,0.050269126892089844
81,281,42.718470125470844,1.875051852634975,0.05577731132507324
82,281,43.08971836199079,-0.3712482365199463,0.20095062255859375
83,281,43.758749425070626,-0.6690310630798351,0.0913398265838623
84,281,43.567668179648265,0.19108124542236027,0.08669400215148926
85,281,47.77607092230661,-4.208402742658343,0.08863067626953125
86,281,43.15045792497907,4.625612997327536,0.09782266616821289
87,281,50.841376675197054,-7.690918750217982,0.13269257545471191
88,281,48.92536419514247,1.916012480054583,0.1334829330444336
89,281,63.664014650617325,-14.738650455474854,0.11570525169372559
90,281,95.23654586683001,-31.57253121621269,0.12518811225891113
91,281,121.9426526750837,-26.706106808253693,0.11888861656188965
92,281,91.8134336100987,30.12921906498501,0.11819338798522949
93,281,74.42539342280797,17.388040187290727,0.12010836601257324
94,281,63.919716911315916,10.505676511492055,0.11809825897216797
95,281,54.181665961674284,9.738050949641632,0.1223905086517334
96,281,50.32878070286342,3.852885258810865,0.11940836906433105
97,281,45.90819798060826,4.420582722255162,0.1176152229309082
98,281,42.1821546723502,3.726043308258056,0.11808013916015625
99,281,39.75268178122384,2.429472891126359,0.11678647994995117
100,281,41.008072014399936,-1.2553902331760938,0.3031494617462158
