1,391,755.8719550238716,Nan,0.06360244750976562
2,391,282.22169494628906,473.6502600775825,0.0445256233215332
3,391,259.6097717285156,22.611923217773438,0.042407989501953125
4,391,179.91849433051215,79.69127739800348,0.046202659606933594
5,391,125.0820075141059,54.83648681640625,0.07854771614074707
6,391,96.63523440890842,28.44677310519748,0.06037116050720215
7,391,80.91898345947266,15.71625094943576,0.10089707374572754
8,391,73.77458402845595,7.1443994310167085,0.16582798957824707
9,391,67.17782423231337,6.596759796142578,0.045185089111328125
10,391,71.71055518256293,-4.532730950249558,0.045998573303222656
11,391,72.23586400349934,-0.5253088209364165,0.04617905616760254
12,391,72.16260019938152,0.07326380411782907,0.04511690139770508
13,391,68.49678590562608,3.6658142937554317,0.04529547691345215
14,391,60.64956537882487,7.847220526801216,0.07726716995239258
15,391,52.102679358588325,8.546886020236542,0.09876823425292969
16,391,43.677918116251625,8.4247612423367,0.09031367301940918
17,391,31.889124976264107,11.788793139987519,0.10551977157592773
18,391,29.243302663167317,2.64582231309679,0.04168391227722168
19,391,26.436846627129448,2.8064560360378685,0.06063342094421387
20,391,26.141240649753147,0.2956059773763009,0.04295969009399414
21,391,26.194583045111763,-0.053342395358615846,0.042738914489746094
22,391,28.22513749864366,-2.0305544535318987,0.04300093650817871
23,391,31.06948693593343,-2.844349437289768,0.04241466522216797
24,391,35.7173695034451,-4.647882567511669,0.08864474296569824
25,391,35.63954077826606,0.07782872517903883,0.16421198844909668
26,391,30.170686933729385,5.468853844536675,0.1383514404296875
27,391,25.359453201293945,4.81123373243544,0.06993317604064941
28,391,15.478320333692762,9.881132867601183,0.04248166084289551
29,391,12.096244176228842,3.3820761574639207,0.044225454330444336
30,391,9.467772748735216,2.6284714274936256,0.061904191970825195
31,391,7.140835867987739,2.3269368807474775,0.04094839096069336
32,391,6.100239700741238,1.040596167246501,0.0907742977142334
33,391,5.057278977500068,1.04296072324117,0.04872846603393555
34,391,4.409593794080946,0.6476851834191217,0.04260540008544922
35,391,4.012608236736721,0.3969855573442249,0.04311180114746094
36,391,3.6353300412495932,0.3772781954871278,0.04595208168029785
37,391,3.3863004313574896,0.24902960989210365,0.045793771743774414
38,391,3.157949792014228,0.22835063934326172,0.04935622215270996
39,391,2.9587709638807507,0.1991788281334772,0.14371991157531738
40,391,2.791202942530314,0.1675680213504367,0.1121370792388916
41,391,2.646917555067274,0.14428538746303987,0.04362940788269043
42,391,2.5016729964150324,0.14524455865224173,0.046009063720703125
43,391,2.400850865576002,0.10082213083903024,0.10956025123596191
44,391,2.278468794292874,0.12238207128312828,0.09721660614013672
45,391,2.1841548813713922,0.09431391292148161,0.09944653511047363
46,391,2.0825240744484796,0.1016308069229126,0.09155035018920898
47,391,1.9958739148245916,0.086650159623888,0.09356141090393066
48,391,1.9234667619069417,0.07240715291764999,0.1295781135559082
49,391,1.851221375995212,0.07224538591172958,0.0931088924407959
50,391,1.7806180980470445,0.07060327794816756,0.08578228950500488
51,391,1.721857574250963,0.05876052379608154,0.09141683578491211
52,391,1.6598105165693495,0.06204705768161345,0.08489465713500977
53,391,1.607717514038086,0.05209300253126359,0.09488797187805176
54,391,1.5521799193488226,0.05553759468926334,0.20296025276184082
55,391,1.505593604511685,0.04658631483713771,0.08786368370056152
56,391,1.457097954220242,0.04849565029144287,0.08785271644592285
57,391,1.4175359805425007,0.03956197367774128,0.09209465980529785
58,391,1.37654619746738,0.04098978307512069,0.12164163589477539
59,391,1.3343969980875652,0.04214919937981487,0.04263019561767578
60,391,1.3021507329410977,0.032246265146467445,0.0417780876159668
61,391,1.2625710765520732,0.0395796563890245,0.0410001277923584
62,391,1.231499519613054,0.031071556939019196,0.04422950744628906
63,391,1.1995330188009474,0.03196650081210661,0.0421292781829834
64,391,1.1660877929793463,0.03344522582160114,0.17921757698059082
65,391,1.1387476258807712,0.02734016709857512,0.07137036323547363
66,391,1.1105234424273174,0.02822418345345379,0.08197021484375
67,391,1.0821498433748882,0.0283735990524292,0.08484005928039551
68,391,1.0590512951215107,0.023098548253377427,0.08566880226135254
69,391,1.0345229506492615,0.024528344472249275,0.08228683471679688
70,391,1.0099918643633525,0.024531086285908943,0.08822345733642578
71,391,0.9888517525460985,0.02114011181725406,0.08048319816589355
72,391,0.9675351447529263,0.021316607793172127,0.08782362937927246
73,391,0.9465616345405579,0.020973510212368485,0.08431458473205566
74,391,0.9282077418433295,0.018353892697228313,0.0889286994934082
75,391,0.9086747235722012,0.0195330182711283,0.08968138694763184
76,391,0.8900497886869643,0.018624934885236977,0.09391260147094727
77,391,0.8723151882489523,0.017734600438012005,0.08102273941040039
78,391,0.8566774924596151,0.015637695789337158,0.04462170600891113
79,391,0.8400212725003561,0.016656219959259033,0.04439997673034668
80,391,0.8238298429383172,0.016191429562038895,0.05451321601867676
81,391,0.8098699384265475,0.01395990451176965,0.08382534980773926
82,391,0.7942271696196662,0.015642768806881313,0.13197565078735352
83,391,0.7803079154756334,0.013919254144032833,0.08201766014099121
84,391,0.766880538728502,0.013427376747131348,0.08732271194458008
85,391,0.7529862390624152,0.013894299666086796,0.08285760879516602
86,391,0.7411706315146552,0.01181560754776001,0.09117341041564941
87,391,0.7288506428400675,0.012319988674587723,0.10279560089111328
88,391,0.7165297600958083,0.012320882744259243,0.046021223068237305
89,391,0.7057391868697273,0.010790573226081013,0.0669097900390625
90,391,0.6940199732780457,0.011719213591681599,0.1850898265838623
91,391,0.6821584701538086,0.01186150312423706,0.04372715950012207
92,391,0.6723661488956876,0.009792321258121017,0.04562854766845703
93,391,0.6621007356378767,0.01026541325781083,0.045081138610839844
94,391,0.6519994272126092,0.010101308425267574,0.04428219795227051
95,391,0.6419472694396973,0.010052157772911907,0.04412508010864258
96,391,0.6332447098361121,0.008702559603585125,0.04345703125
97,391,0.6233496930864122,0.009895016749699947,0.05537295341491699
98,391,0.6140916380617354,0.009258055024676803,0.0878458023071289
99,391,0.6059920920266045,0.008099546035130856,0.08447408676147461
100,391,0.5969754490587447,0.009016642967859867,0.08565330505371094
