1,151,189.0771469672067,Nan,0.11045360565185547
2,151,84.38158029774257,104.69556666946411,0.11148834228515625
3,151,63.363730672563825,21.017849625178748,0.056285858154296875
4,151,51.72427528626578,11.639455386298046,0.06452250480651855
5,151,39.782392751966206,11.941882534299573,0.059591054916381836
6,151,38.568739746638705,1.213653005327501,0.05474567413330078
7,151,34.66203133555821,3.906708411080494,0.0882568359375
8,151,36.13109943498884,-1.469068099430629,0.05858659744262695
9,151,33.052210812977386,3.078888622011455,0.05784964561462402
10,151,36.395096909114294,-3.3428860961369082,0.05504941940307617
11,151,28.630610204696655,7.764486704417639,0.05703401565551758
12,151,31.29898272923061,-2.668372524533954,0.20897316932678223
13,151,31.62416144302913,-0.3251787137985218,0.1302170753479004
14,151,22.30438678414481,9.31977465888432,0.05341649055480957
15,151,24.304594086749212,-2.0002073026044016,0.06200146675109863
16,151,20.208585780824933,4.096008305924279,0.05243945121765137
17,151,15.540199258770262,4.668386522054671,0.09098625183105469
18,151,16.884857334818157,-1.344658076047896,0.053648948669433594
19,151,16.51451117675645,0.37034615806170734,0.05307292938232422
20,151,13.255600845473154,3.258910331283296,0.12045526504516602
21,151,11.128670358657837,2.1269304868153167,0.10614347457885742
22,151,7.759160823219589,3.3695095354382483,0.09250450134277344
23,151,6.089081451390471,1.670079371829118,0.1085970401763916
24,151,5.393538559568247,0.6955428918222237,0.06709408760070801
25,151,5.995481307949339,-0.6019427483810915,0.06201314926147461
26,151,4.852125058663743,1.1433562492855955,0.07234358787536621
27,151,6.859503294859613,-2.00737823619587,0.09707474708557129
28,151,4.430488080177988,2.429015214681625,0.05307149887084961
29,151,4.6589667135732515,-0.2284786333952633,0.05698347091674805
30,151,3.3730878114198735,1.285878902153378,0.05864143371582031
31,151,4.100354428508452,-0.7272666170885786,0.11012458801269531
32,151,3.3766488052955164,0.7237056232129357,0.1455540657043457
33,151,4.164779870246138,-0.7881310649506212,0.20445871353149414
34,151,6.540890180498361,-2.3761103102522236,0.21049809455871582
35,151,4.639987611199596,1.9009025692987649,0.1788032054901123
36,151,4.042361200979777,0.597626410219819,0.14813971519470215
37,151,5.112279831256186,-1.0699186302764083,0.09316730499267578
38,151,3.4593435830857073,1.6529362481704784,0.05552506446838379
39,151,6.899723786244435,-3.4403802031587274,0.053071022033691406
40,151,9.07208706762961,-2.1723632813851754,0.061330556869506836
41,151,5.5811693865231105,3.4909176811064997,0.05655860900878906
42,151,2.745986359047038,2.8351830274760723,0.22288227081298828
43,151,2.838319580043001,-0.09233322099596286,0.10238504409790039
44,151,2.2696443134077957,0.5686752666352053,0.1002492904663086
45,151,2.152315676801971,0.1173286366058246,0.10470199584960938
46,151,2.5036258122037562,-0.35131013540178513,0.10764408111572266
47,151,1.0971690715423652,1.406456740661391,0.10189986228942871
48,151,0.556254009933344,0.5409150616090213,0.09876346588134766
49,151,0.32277333410217296,0.233480675831171,0.10006046295166016
50,151,0.23628743866777846,0.0864858954343945,0.1063539981842041
51,151,0.18252248710274163,0.05376495156503683,0.10697078704833984
52,151,0.16386985808571003,0.018652629017031602,0.09832906723022461
53,151,0.151353443977423,0.012516414108287022,0.11187124252319336
54,151,0.13941483328105617,0.011938610696366841,0.11115908622741699
55,151,0.12990322659177972,0.009511606689276447,0.10409998893737793
56,151,0.12201451551089329,0.00788871108088643,0.1786482334136963
57,151,0.11514819931318718,0.006866316197706113,0.14167475700378418
58,151,0.10882931030362046,0.006318889009566717,0.09875917434692383
59,151,0.10337751896745924,0.005451791336161221,0.0977635383605957
60,151,0.09814010239472347,0.00523741657273577,0.285999059677124
61,151,0.09355470869789964,0.004585393696823828,0.058088064193725586
62,151,0.0894575432030085,0.004097165494891142,0.05414247512817383
63,151,0.08577680348052777,0.0036807397224807303,0.05887722969055176
64,151,0.08241571250930428,0.0033610909712234877,0.135941743850708
65,151,0.0795411144383917,0.0028745980709125873,0.14611554145812988
66,151,0.07677602894743904,0.002765085490952654,0.05887937545776367
67,151,0.07406864332966506,0.0027073856177739775,0.0660243034362793
68,151,0.07168695950641164,0.0023816838232534193,0.06180834770202637
69,151,0.06931401561892458,0.0023729438874870584,0.07174491882324219
70,151,0.0671944105643779,0.0021196050545466832,0.11687588691711426
71,151,0.06524435450090095,0.0019500560634769515,0.10156893730163574
72,151,0.06333477913638177,0.0019095753645191754,0.10712146759033203
73,151,0.06172801231842355,0.0016067668179582245,0.08043980598449707
74,151,0.05996494098270445,0.0017630713357191033,0.05460858345031738
75,151,0.058486300894524904,0.0014786400881795433,0.054317474365234375
76,151,0.05691118162887038,0.001575119265654526,0.05903315544128418
77,151,0.056618475955511845,0.00029270567335853287,0.11207127571105957
78,151,0.05539708780643663,0.0012213881490752143,0.06741952896118164
79,151,0.053433522013880845,0.0019635657925557853,0.10177421569824219
80,151,0.05203046122446124,0.0014030607894196037,0.21939420700073242
81,151,0.050826536025851965,0.0012039251986092764,0.10149669647216797
82,151,0.04979074736471687,0.0010357886611350939,0.10836291313171387
83,151,0.048701526571896726,0.0010892207928201447,0.18359112739562988
84,151,0.047679073154427376,0.0010224534174693503,0.10933566093444824
85,151,0.04672543487105785,0.0009536382833695289,0.11081171035766602
86,151,0.04578647978108243,0.0009389550899754143,0.11303520202636719
87,151,0.044949064313766676,0.0008374154673157566,0.10666775703430176
88,151,0.044115949553903196,0.0008331147598634805,0.05331087112426758
89,151,0.043333889333065596,0.0007820602208375993,0.05509138107299805
90,151,0.04251827750132153,0.0008156118317440633,0.05814242362976074
91,151,0.04173698360556071,0.000781293895760822,0.054137229919433594
92,151,0.041024205691912875,0.0007127779136478357,0.055147647857666016
93,151,0.04034902700116592,0.0006751786907469581,0.05402040481567383
94,151,0.039680093009623565,0.0006689339915423517,0.10390281677246094
95,151,0.03906001396088063,0.0006200790487429358,0.10605216026306152
96,151,0.038406932502219986,0.000653081458660644,0.10640335083007812
97,151,0.037798438046227345,0.0006084944559926406,0.10594892501831055
98,151,0.03730723646925097,0.0004912015769763731,0.1248314380645752
99,151,0.036678425776838726,0.0006288106924122461,0.10457181930541992
100,151,0.03611302823353825,0.0005653975433004763,0.06831789016723633
