1,491,1001.5015556553432,Nan,0.08039402961730957
2,491,1158.3070553370885,-156.80549968174535,0.10001516342163086
3,491,1064.2961151776994,94.01094015938907,0.10373520851135254
4,491,1421.950634286063,-357.6545191083635,0.0919950008392334
5,491,1144.5567902483258,277.39384403773715,0.08238554000854492
6,491,1063.5487676435198,81.008022604806,0.05382585525512695
7,491,1028.445814906529,35.1029527369908,0.041658639907836914
8,491,1097.073126713344,-68.62731180681499,0.041884422302246094
9,491,1104.4657336600167,-7.392606946672686,0.043187618255615234
10,491,1067.7785420401437,36.68719161987292,0.04910612106323242
11,491,1035.3417094944546,32.436832545689185,0.05165910720825195
12,491,1025.7128658926827,9.628843601771905,0.12003707885742188
13,491,1044.5062239946637,-18.793358101981084,0.10168623924255371
14,491,1032.1716159449986,12.334608049665121,0.07669901847839355
15,491,1079.1078540300641,-46.9362380850655,0.08197927474975586
16,491,1029.3237805132185,49.78407351684564,0.07917499542236328
17,491,997.4277939278738,31.895986585344644,0.04562187194824219
18,491,1007.1006641540528,-9.67287022617893,0.04149627685546875
19,491,1000.0956071733747,7.005056980678091,0.04390716552734375
20,491,993.8024136265346,6.29319354684003,0.042424917221069336
21,491,984.1520532139369,9.650360412597706,0.041425228118896484
22,491,987.8661714259556,-3.7141182120186613,0.0398411750793457
23,491,982.3753611798968,5.4908102460588,0.044086456298828125
24,491,979.2189163425991,3.1564448372977267,0.09617877006530762
25,491,980.5342689470564,-1.3153526044573027,0.06836795806884766
26,491,981.6556502205985,-1.1213812735421698,0.04298043251037598
27,491,978.198612361363,3.4570378592355837,0.042383432388305664
28,491,979.3451979500907,-1.146585588727703,0.04392862319946289
29,491,979.6048154166085,-0.25961746651785234,0.04595494270324707
30,491,978.8489710126604,0.7558444039481174,0.047406673431396484
31,491,977.6934093802316,1.1555616324287712,0.046285390853881836
32,491,975.6632120056153,2.030197374616364,0.048259735107421875
33,491,974.2836291373117,1.3795828683036007,0.08133101463317871
34,491,972.9052625601632,1.3783665771484266,0.05934023857116699
35,491,974.1774874267578,-1.27222486659457,0.04176664352416992
36,491,973.0034787772042,1.1740086495535706,0.046804189682006836
37,491,973.4866741289411,-0.48319535173686745,0.06476259231567383
38,491,973.2225040806362,0.26417004830489077,0.043172597885131836
39,491,973.2861272365025,-0.063623155866253,0.046584367752075195
40,491,973.8352545907156,-0.5491273542131694,0.06177401542663574
41,491,970.3135259486608,3.5217286420548817,0.12086272239685059
42,491,970.0049929983957,0.3085329502650893,0.08559393882751465
43,491,969.9209144461496,0.0840785522460692,0.0873870849609375
44,491,970.2494730137416,-0.32855856759204016,0.08038735389709473
45,491,969.6115505763463,0.637922437395332,0.07808804512023926
46,491,969.1221074611119,0.4894431152343941,0.0785675048828125
47,491,969.3030094909668,-0.18090202985490578,0.2538185119628906
48,491,969.2874790300642,0.015530460902596133,0.08563351631164551
49,491,969.0166197422573,0.2708592878069567,0.09686875343322754
50,491,968.9256869986398,0.09093274361748627,0.08078551292419434
51,491,969.7473361598423,-0.821649161202572,0.08294558525085449
52,491,969.9327748936245,-0.18543873378212083,0.0796501636505127
53,491,969.5879888000488,0.3447860935756353,0.08075308799743652
54,491,969.2020209524973,0.3859678475515693,0.08898687362670898
55,491,969.4075508510044,-0.20552989850716585,0.08776068687438965
56,491,969.523155543736,-0.11560469273160834,0.08645987510681152
57,491,969.572311253139,-0.04915570940295311,0.08522439002990723
58,491,969.2332123500279,0.3390989031111076,0.08304142951965332
59,491,969.0313308803013,0.2018814697265725,0.08619308471679688
60,491,968.8253273664202,0.2060035138811145,0.11401176452636719
61,491,968.5942119097028,0.23111545671736167,0.12502169609069824
62,491,968.7685720563616,-0.1743601466587279,0.05167388916015625
63,491,968.8486971435547,-0.08012508719309608,0.04487729072570801
64,491,968.2508669302804,0.5978302132742783,0.043816566467285156
65,491,968.6554330618723,-0.4045661315918778,0.04989337921142578
66,491,968.6359926714216,0.019440390450654377,0.1375408172607422
67,491,968.0443272094726,0.5916654619489918,0.10181283950805664
68,491,968.0693667646135,-0.025039555140892844,0.09569287300109863
69,491,968.0209812316895,0.04838553292404413,0.09089851379394531
70,491,967.9899808262417,0.031000405447798585,0.2737541198730469
71,491,967.9624663391113,0.027514487130360976,0.08789396286010742
72,491,967.94427583095,0.018190508161296748,0.09271931648254395
73,491,967.9399468645369,0.0043289664131407335,0.10602450370788574
74,491,967.935010698591,0.0049361659458782015,0.09471297264099121
75,491,967.9522278573172,-0.017217158726225534,0.04170656204223633
76,491,967.941274597168,0.010953260149221933,0.045867919921875
77,491,967.9378788670131,0.003395730154920784,0.0456240177154541
78,491,967.9525713936941,-0.014692526681074014,0.045790672302246094
79,491,967.9519502171107,0.0006211765834223115,0.06873679161071777
80,491,967.9655984235491,-0.013648206438347188,0.11237430572509766
81,491,967.9511578674317,0.014440556117392589,0.10952353477478027
82,491,967.9276023777553,0.02355548967636878,0.09253954887390137
83,491,967.9326212812151,-0.005018903459813373,0.10168099403381348
84,491,968.0353975612095,-0.102776279994373,0.08646130561828613
85,491,970.7399358476911,-2.7045382864815792,0.07949352264404297
86,491,971.2126661682129,-0.47273032052180497,0.08337855339050293
87,491,972.367003313337,-1.1543371451241455,0.08269858360290527
88,491,970.4744015415737,1.8926017717633385,0.0819101333618164
89,491,971.9998487548828,-1.5254472133091213,0.10083794593811035
90,491,968.889760118757,3.1100886361258517,0.13303184509277344
91,491,969.9366237444196,-1.046863625662695,0.11881184577941895
92,491,969.2590529218401,0.6775708225795825,0.08068490028381348
93,491,969.0227104884557,0.23634243338437955,0.09552526473999023
94,491,968.7950296456473,0.2276808428083541,0.08395624160766602
95,491,968.5676928144183,0.22733683122908133,0.08401083946228027
96,491,968.0890596400669,0.4786331743513301,0.07127833366394043
97,491,967.4881290108817,0.6009306291851999,0.08271241188049316
98,491,967.2433297598702,0.24479925101150002,0.12331104278564453
99,491,967.0294097943987,0.21391996547151848,0.045122623443603516
100,491,969.5613886893136,-2.5319788949149142,0.04330706596374512
