1,421,732.6270005967882,Nan,0.060874223709106445
2,421,257.9140353732639,474.7129652235243,0.07366323471069336
3,421,273.86431376139325,-15.950278388129334,0.04405856132507324
4,421,187.89261796739368,85.97169579399957,0.04352378845214844
5,421,134.93991470336914,52.952703264024535,0.04481625556945801
6,421,122.90394761827257,12.035967085096573,0.042260169982910156
7,421,104.64150958591037,18.262438032362198,0.0513300895690918
8,421,80.4873104095459,24.15419917636447,0.0805046558380127
9,421,64.85525343153212,15.632056978013779,0.0417332649230957
10,421,54.460731506347656,10.394521925184463,0.041405677795410156
11,421,46.166098488701714,8.294633017645943,0.04163384437561035
12,421,42.46446079678006,3.701637691921654,0.05139565467834473
13,421,39.82360543145074,2.6408553653293225,0.08957052230834961
14,421,40.56650267706977,-0.7428972456190337,0.047992706298828125
15,421,43.972323735555015,-3.4058210584852446,0.04759359359741211
16,421,49.48904440138075,-5.516720665825737,0.043955087661743164
17,421,47.73881403605143,1.7502303653293225,0.061686038970947266
18,421,44.25508213043213,3.483731905619301,0.0442814826965332
19,421,45.02836195627848,-0.7732798258463518,0.056420087814331055
20,421,30.554295433892143,14.474066522386337,0.09260845184326172
21,421,26.987691667344833,3.56660376654731,0.07539939880371094
22,421,21.46290545993381,5.524786207411022,0.047035932540893555
23,421,21.26616530948215,0.19674015045166016,0.04728412628173828
24,421,23.618318292829727,-2.352152983347576,0.04394984245300293
25,421,21.087354077233208,2.5309642155965193,0.04725289344787598
26,421,12.438432110680473,8.648921966552734,0.04232192039489746
27,421,11.378213776482475,1.060218334197998,0.054999589920043945
28,421,9.359635459052193,2.0185783174302827,0.13234353065490723
29,421,6.442938645680745,2.9166968133714475,0.18636226654052734
30,421,6.08776134914822,0.35517729653252506,0.055991172790527344
31,421,5.002511633767022,1.085249715381198,0.08957767486572266
32,421,4.138353056377834,0.8641585773891878,0.09976625442504883
33,421,3.774595273865594,0.36375778251224045,0.09174466133117676
34,421,3.4566800461875067,0.3179152276780872,0.09077072143554688
35,421,3.228675259484185,0.22800478670332147,0.0981447696685791
36,421,3.0095691283543906,0.2191061311297946,0.09888172149658203
37,421,2.8416810168160334,0.16788811153835725,0.0960850715637207
38,421,2.6803507010142007,0.16133031580183266,0.11529302597045898
39,421,2.545730127228631,0.13462057378556969,0.1212007999420166
40,421,2.427362389034695,0.11836773819393587,0.08400964736938477
41,421,2.3145063718159995,0.11285601721869565,0.0915837287902832
42,421,2.2180001868142023,0.0965061850017972,0.08685016632080078
43,421,2.130798008706835,0.08720217810736752,0.09177160263061523
44,421,2.044198605749342,0.0865994029574928,0.08572840690612793
45,421,1.9709309736887615,0.07326763206058051,0.051564693450927734
46,421,1.8951031896803114,0.07582778400845003,0.04796552658081055
47,421,1.8299184971385531,0.0651846925417583,0.04566621780395508
48,421,1.7682731747627258,0.061645322375827316,0.04885697364807129
49,421,1.710132016075982,0.058141158686743744,0.04415249824523926
50,421,1.6522388458251953,0.057893170250786774,0.06413674354553223
51,421,1.5983468029234145,0.053892042901780846,0.06705164909362793
52,421,1.5533085134294298,0.045038289493984696,0.10727834701538086
53,421,1.5040844745106168,0.049224038918812996,0.08521628379821777
54,421,1.4615211751725938,0.04256329933802294,0.08001708984375
55,421,1.4194715089268155,0.04204966624577833,0.1668844223022461
56,421,1.3803488612174988,0.03912264770931673,0.1320033073425293
57,421,1.3418594532542758,0.03848940796322298,0.09584498405456543
58,421,1.3068986799981859,0.03496077325608993,0.0822908878326416
59,421,1.2727062304814656,0.03419244951672029,0.07680368423461914
60,421,1.2434692647722032,0.029236965709262375,0.0816948413848877
61,421,1.2090483042928908,0.034420960479312424,0.08512425422668457
62,421,1.1831743982103136,0.025873906082577225,0.04509472846984863
63,421,1.1535454326205783,0.029628965589735268,0.04414176940917969
64,421,1.127595927980211,0.02594950464036727,0.04286456108093262
65,421,1.1008007592625089,0.026795168717702156,0.04324173927307129
66,421,1.0765891803635492,0.02421157889895964,0.08309769630432129
67,421,1.0541572901937697,0.022431890169779534,0.05524706840515137
68,421,1.0311015513208177,0.02305573887295198,0.04852151870727539
69,421,1.0084218316608005,0.02267971966001725,0.051080942153930664
70,421,0.9886445899804434,0.019777241680357105,0.04579424858093262
71,421,0.9670759439468384,0.021568646033604977,0.04645085334777832
72,421,0.949739631679323,0.01733631226751542,0.043087005615234375
73,421,0.9303822716077169,0.019357360071606045,0.06737327575683594
74,421,0.9122266968091329,0.018155574798583984,0.06761431694030762
75,421,0.8956146770053439,0.016612019803789013,0.04528045654296875
76,421,0.8787209689617157,0.01689370804362822,0.04561448097229004
77,421,0.8621269464492798,0.016594022512435913,0.045308589935302734
78,421,0.8469159007072449,0.015211045742034912,0.08819293975830078
79,421,0.8326949609650506,0.014220939742194294,0.057802677154541016
80,421,0.8162662386894226,0.01642872227562797,0.044980525970458984
81,421,0.8034684989187453,0.01279773977067733,0.043668508529663086
82,421,0.7900861071215736,0.013382391797171711,0.08501529693603516
83,421,0.7762582699457804,0.013827837175793167,0.0909721851348877
84,421,0.7638641761408912,0.012394093804889206,0.09609079360961914
85,421,0.7513899703820547,0.01247420575883651,0.1023719310760498
86,421,0.738827066289054,0.012562904093000649,0.07769417762756348
87,421,0.7277751002046797,0.01105196608437431,0.10387039184570312
88,421,0.7160894804530673,0.01168561975161242,0.12345123291015625
89,421,0.7049765057033963,0.01111297474967099,0.11564469337463379
90,421,0.6942780713240305,0.010698434379365795,0.08016180992126465
91,421,0.6847017572985755,0.009576314025455002,0.07974672317504883
92,421,0.6736137270927429,0.0110880302058326,0.08370184898376465
93,421,0.6640435490343306,0.009570178058412315,0.08464670181274414
94,421,0.6549557944138845,0.009087754620446087,0.11905169486999512
95,421,0.6448117858833737,0.010144008530510784,0.08272099494934082
96,421,0.6365103820959727,0.008301403787401074,0.08337140083312988
97,421,0.6275728742281595,0.00893750786781311,0.08757495880126953
98,421,0.618226170539856,0.009346703688303593,0.0866539478302002
99,421,0.6102101107438406,0.008016059796015385,0.06249260902404785
100,421,0.6021817723910013,0.008028338352839226,0.0452876091003418
