1,201,317.2526635064019,Nan,0.09787106513977051
2,201,102.23408804999457,215.01857545640735,0.0942227840423584
3,201,72.43721580505371,29.796872244940857,0.08892107009887695
4,201,65.31524711185031,7.121968693203399,0.09904670715332031
5,201,49.419056256612144,15.896190855238167,0.07611393928527832
6,201,39.87174251344469,9.547313743167457,0.054923057556152344
7,201,35.39627408981323,4.475468423631455,0.05309128761291504
8,201,30.80050775739882,4.595766332414414,0.051718950271606445
9,201,28.330026414659287,2.4704813427395322,0.14420557022094727
10,201,25.203421751658123,3.1266046630011637,0.1332080364227295
11,201,22.3898249997033,2.8135967519548224,0.13202881813049316
12,201,21.471728987163967,0.9180960125393334,0.12714195251464844
13,201,18.996690962049698,2.4750380251142694,0.1437091827392578
14,201,18.596108595530193,0.4005823665195045,0.15406107902526855
15,201,18.9527038998074,-0.35659530427720654,0.3122084140777588
16,201,19.18304506937663,-0.230341169569229,0.12185859680175781
17,201,18.74391460418701,0.43913046518961707,0.04894423484802246
18,201,20.641442404852974,-1.8975278006659622,0.047981977462768555
19,201,18.481066624323528,2.1603757805294457,0.048752546310424805
20,201,15.63064816262987,2.8504184616936588,0.048348188400268555
21,201,12.71277403831482,2.91787412431505,0.054259300231933594
22,201,12.72406628396776,-0.011292245652940736,0.1257617473602295
23,201,10.403750816980997,2.320315466986763,0.06052231788635254
24,201,9.019065684742397,1.3846851322385998,0.05147695541381836
25,201,8.437443097432455,0.5816225873099423,0.05051994323730469
26,201,8.418533643086752,0.018909454345703125,0.04858756065368652
27,201,7.741327279143864,0.6772063639428882,0.05224895477294922
28,201,8.621271000968086,-0.8799437218242225,0.0485844612121582
29,201,7.407805323600769,1.2134656773673171,0.12353134155273438
30,201,8.244833634959328,-0.8370283113585586,0.1240386962890625
31,201,7.731820755534702,0.5130128794246254,0.10390639305114746
32,201,7.49163113700019,0.24018961853451248,0.15229463577270508
33,201,6.076077222824097,1.415553914176093,0.15892696380615234
34,201,5.840621848901113,0.2354553739229841,0.13100171089172363
35,201,4.670313868257734,1.1703079806433783,0.058095693588256836
36,201,3.756705469555325,0.9136083987024093,0.0513615608215332
37,201,3.669438534312778,0.08726693524254703,0.05268573760986328
38,201,3.9185137218899198,-0.24907518757714175,0.29739904403686523
39,201,3.161813951200909,0.7566997706890106,0.11976861953735352
40,201,3.159166773160299,0.0026471780406103207,0.12085413932800293
41,201,2.773983899090025,0.38518287407027385,0.11431145668029785
42,201,2.6769479711850486,0.0970359279049764,0.05057716369628906
43,201,3.348484923442205,-0.6715369522571564,0.05137324333190918
44,201,2.708059314224455,0.64042560921775,0.0796051025390625
45,201,3.637105233139462,-0.9290459189150071,0.12303805351257324
46,201,3.0612447791629367,0.5758604539765253,0.10397791862487793
47,201,2.4100219309329987,0.651222848229938,0.07245135307312012
48,201,1.6645477165778477,0.7454742143551509,0.050096750259399414
49,201,1.247202393081453,0.41734532349639464,0.07174134254455566
50,201,0.7537208505802684,0.4934815425011847,0.05883216857910156
51,201,0.528611527548896,0.22510932303137243,0.055896759033203125
52,201,0.4319586869743135,0.09665284057458245,0.05123734474182129
53,201,0.3972163986828592,0.034742288291454315,0.08570146560668945
54,201,0.3756811221440633,0.02153527653879589,0.0978548526763916
55,201,0.3616919265025192,0.013989195641544105,0.08975696563720703
56,201,0.34879914960927433,0.012892776893244862,0.05270028114318848
57,201,0.33771003699964947,0.011089112609624863,0.05909895896911621
58,201,0.32776956342988545,0.009940473569764019,0.37108564376831055
59,201,0.31895404557387036,0.008815517856015087,0.3038296699523926
60,201,0.31041404273774886,0.008540002836121496,0.0636892318725586
61,201,0.30291608431273037,0.007497958425018492,0.06081247329711914
62,201,0.29574436735775733,0.00717171695497304,0.05205678939819336
63,201,0.2890922443734275,0.006652122984329822,0.052103281021118164
64,201,0.28281987375683254,0.006272370616594969,0.05437731742858887
65,201,0.277041695598099,0.005778178158733549,0.08312582969665527
66,201,0.27145634922716355,0.00558534637093544,0.09583497047424316
67,201,0.26603353603018653,0.005422813196977017,0.0939478874206543
68,201,0.26105747206343544,0.004976063966751099,0.09637069702148438
69,201,0.2561907105975681,0.004866761465867342,0.14010286331176758
70,201,0.2516181290977531,0.004572581499814987,0.07557249069213867
71,201,0.247231005380551,0.004387123717202096,0.05019545555114746
72,201,0.2430731045703093,0.004157900810241699,0.050096988677978516
73,201,0.23898293905787998,0.004090165512429328,0.04898667335510254
74,201,0.23512206971645355,0.0038608693414264317,0.053662776947021484
75,201,0.23132758173677656,0.0037944879796769915,0.05096292495727539
76,201,0.2276886316637198,0.003638950073056757,0.07012939453125
77,201,0.22434513022502264,0.0033435014386971607,0.05897116661071777
78,201,0.22099483634034792,0.0033502938846747266,0.05065751075744629
79,201,0.2176784123811457,0.0033164239592022304,0.05172920227050781
80,201,0.21462293300363752,0.0030554793775081635,0.054764747619628906
81,201,0.21163984719249937,0.002983085811138153,0.05473017692565918
82,201,0.20866286754608154,0.0029769796464178266,0.10028481483459473
83,201,0.20588615702258217,0.0027767105234993705,0.07119083404541016
84,201,0.20313433640533024,0.002751820617251932,0.051532745361328125
85,201,0.20051294027103317,0.0026213961342970715,0.4116387367248535
86,201,0.19796831760969427,0.0025446226613388967,0.14963889122009277
87,201,0.19544535647663805,0.002522961133056223,0.17057275772094727
88,201,0.19305369444191456,0.0023916620347234907,0.15886521339416504
89,201,0.1906190769126018,0.0024346175293127603,0.19363164901733398
90,201,0.18835598540802798,0.002263091504573822,0.16548728942871094
91,201,0.18614045758214262,0.002215527825885355,0.1462855339050293
92,201,0.18391048142479527,0.002229976157347352,0.1370096206665039
93,201,0.1818027732272943,0.0021077081975009737,0.142791748046875
94,201,0.1796676315781143,0.0021351416491799946,0.1294853687286377
95,201,0.17766725851429832,0.00200037306381598,0.13851451873779297
96,201,0.17565581988957193,0.002011438624726386,0.13351750373840332
97,201,0.17371009849011898,0.0019457213994529543,0.052138328552246094
98,201,0.17184471235507065,0.0018653861350483303,0.45659494400024414
99,201,0.16999354917142126,0.0018511631836493903,0.18013501167297363
100,201,0.16819741452733675,0.0017961346440845127,0.12876367568969727
