1,251,359.323064692906,Nan,0.12560296058654785
2,251,141.77676600864956,217.5462986842564,0.1256883144378662
3,251,79.96403235735212,61.812733651297435,0.12461662292480469
4,251,72.3133177697318,7.650714587620328,0.15741705894470215
5,251,54.84019549233573,17.473122277396065,0.12733697891235352
6,251,49.60169479043143,5.2385007019043,0.056989431381225586
7,251,44.85746901866368,4.744225771767752,0.048429250717163086
8,251,41.42074959073748,3.4367194279261994,0.05364847183227539
9,251,36.10121911348615,5.319530477251327,0.0821542739868164
10,251,31.63514009148734,4.466079021998812,0.1151578426361084
11,251,37.13949987248012,-5.5043597809927824,0.054312944412231445
12,251,40.809835056304934,-3.670335183824811,0.04570960998535156
13,251,30.995732600620816,9.814102455684118,0.05135393142700195
14,251,22.07169001034328,8.924042590277537,0.044107913970947266
15,251,23.97349691799709,-1.9018069076538104,0.04769587516784668
16,251,24.163219525745937,-0.1897226077488483,0.04550623893737793
17,251,25.82848180798122,-1.6652622822352825,0.0837709903717041
18,251,25.628401033946446,0.20008077403477387,0.3358573913574219
19,251,25.459693469456266,0.16870756449018032,0.1185917854309082
20,251,23.64194424383981,1.8177492256164562,0.14325666427612305
21,251,14.517477666854859,9.12446657698495,0.11440038681030273
22,251,9.478674254826137,5.038803412028722,0.07863330841064453
23,251,7.147596650804792,2.3310776040213446,0.044325828552246094
24,251,7.046424550465175,0.10117210033961754,0.04499459266662598
25,251,6.714319168840136,0.33210538162503855,0.04501771926879883
26,251,6.3189678517409735,0.3953513170991627,0.04634380340576172
27,251,4.516781241144453,1.8021866105965207,0.048175811767578125
28,251,4.673832022598812,-0.1570507814543589,0.04496479034423828
29,251,3.6544676013503756,1.019364421248436,0.07571864128112793
30,251,2.8525926798582075,0.8018749214921681,0.05942702293395996
31,251,2.5579961218493326,0.29459655800887496,0.044245004653930664
32,251,2.3568894338437487,0.20110668800558384,0.11151814460754395
33,251,2.109829285911151,0.24706014793259756,0.10957098007202148
34,251,1.8707794823646546,0.23904980354649652,0.10205745697021484
35,251,1.7710393244538989,0.09974015791075574,0.12080550193786621
36,251,1.6711958763258798,0.09984344812801904,0.11669087409973145
37,251,1.54316895873206,0.1280269175938198,0.04548239707946777
38,251,1.4545787247930255,0.08859023393903454,0.043593645095825195
39,251,1.363340637215546,0.09123808757747942,0.04436540603637695
40,251,1.2923050546135222,0.07103558260202392,0.04474043846130371
41,251,1.2333691859500748,0.058935868663447355,0.05294656753540039
42,251,1.1891737518395695,0.044195434110505305,0.10888123512268066
43,251,1.1412795688254493,0.047894183014120184,0.07624983787536621
44,251,1.0967802599327905,0.04449930889265885,0.07001161575317383
45,251,1.0687411068677901,0.028039153065000377,0.224900484085083
46,251,1.0406712448767252,0.02806986199106487,0.05183768272399902
47,251,0.9929094748837607,0.04776176999296455,0.04825019836425781
48,251,0.9556457996709006,0.037263675212860115,0.04931640625
49,251,0.940022745353835,0.015623054317065566,0.05071854591369629
50,251,0.8999302664995193,0.04009247885431566,0.04864692687988281
51,251,0.8660779297181538,0.033852336781365566,0.05303001403808594
52,251,0.8321585864680154,0.033919343250138345,0.09032273292541504
53,251,0.8073236254751682,0.02483496099284721,0.05376935005187988
54,251,0.789076331777232,0.018247293697936207,0.05218505859375
55,251,0.7455446959393365,0.043531635837895544,0.054627180099487305
56,251,0.7255730516186782,0.019971644320658233,0.04857778549194336
57,251,0.7050303867501871,0.0205426648684911,0.07259702682495117
58,251,0.6886394655151027,0.016390921235084455,0.08980417251586914
59,251,0.66730343366095,0.02133603185415267,0.08878898620605469
60,251,0.6503500572272709,0.016953376433679113,0.05020403861999512
61,251,0.6285560476567064,0.021794009570564543,0.05308222770690918
62,251,0.6159995069759233,0.012556540680783046,0.06002664566040039
63,251,0.6136032939553261,0.0023962130205972265,0.13582420349121094
64,251,0.5918666300007275,0.021736663954598612,0.12744593620300293
65,251,0.5758864970377513,0.01598013296297618,0.04730486869812012
66,251,0.5582113208259855,0.017675176211765842,0.0519566535949707
67,251,0.5431030295065471,0.01510829131943836,0.04997062683105469
68,251,0.5345642646678856,0.00853876483866145,0.07539939880371094
69,251,0.5224289790477071,0.012135285620178515,0.0811617374420166
70,251,0.5154036745003292,0.007025304547377931,0.10869836807250977
71,251,0.49609514380778585,0.019308530692543346,0.09015107154846191
72,251,0.4878672240291323,0.008227919778653559,0.08550763130187988
73,251,0.47661518278717996,0.011252041241952337,0.08520388603210449
74,251,0.4653755231159074,0.01123965967127255,0.2611379623413086
75,251,0.45226774107984136,0.013107782036066051,0.0951385498046875
76,251,0.45007182070612906,0.002195920373712301,0.09022164344787598
77,251,0.4380070053764752,0.012064815329653866,0.0895230770111084
78,251,0.4267882536479405,0.011218751728534704,0.08709144592285156
79,251,0.41554249663438114,0.011245757013559343,0.0862877368927002
80,251,0.4048358123047011,0.010706684329680027,0.0875694751739502
81,251,0.4058816872537136,-0.001045874949012482,0.0874028205871582
82,251,0.39246541365555354,0.013416273598160056,0.0852816104888916
83,251,0.3837430875088487,0.008722326146704817,0.08813214302062988
84,251,0.3752215313464403,0.008521556162408406,0.08772659301757812
85,251,0.36515650532713956,0.01006502601930076,0.09500265121459961
86,251,0.3584559380135366,0.0067005673136029675,0.07045865058898926
87,251,0.36507501221128874,-0.0066190741977521506,0.06593966484069824
88,251,0.35053679003247196,0.014538222178816784,0.07661747932434082
89,251,0.3426709567180702,0.007865833314401771,0.11202001571655273
90,251,0.34747850134968755,-0.0048075446316173664,0.11768746376037598
91,251,0.3327607625893184,0.014717738760369137,0.054297685623168945
92,251,0.3220938039358173,0.01066695865350109,0.07427215576171875
93,251,0.3214760894541229,0.000617714481694398,0.04901552200317383
94,251,0.3110958630932229,0.010380226360900024,0.05069327354431152
95,251,0.3050917552837304,0.006004107809492509,0.11013913154602051
96,251,0.30155602474936416,0.0035357305343662326,0.13616180419921875
97,251,0.29478917204482213,0.006766852704542026,0.3179666996002197
98,251,0.2886175999960729,0.006171572048749241,0.1275486946105957
99,251,0.2841087365044015,0.0045088634916714,0.14121294021606445
100,251,0.2811936080817665,0.0029151284226349716,0.11569857597351074
