1,111,152.83972162008286,Nan,0.06157517433166504
2,111,49.97859567403793,102.86112594604492,0.08427548408508301
3,111,35.83116191625595,14.147433757781982,0.1381382942199707
4,111,29.5894296169281,6.24173229932785,0.12456488609313965
5,111,25.055008709430695,4.534420907497406,0.2212202548980713
6,111,21.7711338698864,3.2838748395442963,0.07409167289733887
7,111,19.75576603412628,2.0153678357601166,0.08477783203125
8,111,17.787881955504417,1.9678840786218643,0.27806591987609863
9,111,14.457364454865456,3.330517500638962,0.18053174018859863
10,111,11.737599983811378,2.719764471054077,0.07070064544677734
11,111,10.155516795814037,1.5820831879973412,0.06145215034484863
12,111,8.961053684353828,1.194463111460209,0.09581828117370605
13,111,7.886807270348072,1.0742464140057564,0.10948324203491211
14,111,6.948434337973595,0.9383729323744774,0.1032106876373291
15,111,6.497766822576523,0.45066751539707184,0.10199999809265137
16,111,5.878494165837765,0.6192726567387581,0.1077880859375
17,111,5.532696336507797,0.3457978293299675,0.10249876976013184
18,111,5.0738385654985905,0.45885777100920677,0.10169839859008789
19,111,4.91138343885541,0.16245512664318085,0.1042938232421875
20,111,4.559629164636135,0.3517542742192745,0.1258094310760498
21,111,4.090063594281673,0.46956557035446167,0.10859417915344238
22,111,3.6528955176472664,0.43716807663440704,0.11524677276611328
23,111,3.780096221715212,-0.12720070406794548,0.13277459144592285
24,111,3.4752318263053894,0.30486439540982246,0.09982419013977051
25,111,3.278614342212677,0.1966174840927124,0.12662649154663086
26,111,2.8754871487617493,0.40312719345092773,0.12035131454467773
27,111,2.7060840353369713,0.16940311342477798,0.05670595169067383
28,111,2.441121218726039,0.26496281661093235,0.05667614936828613
29,111,2.286188391968608,0.15493282675743103,0.07737588882446289
30,111,1.9720101300626993,0.3141782619059086,0.17563462257385254
31,111,1.565427403897047,0.4065827261656523,0.12762212753295898
32,111,1.4789807759225368,0.08644662797451019,0.39827871322631836
33,111,1.2851789277046919,0.19380184821784496,0.06017351150512695
34,111,1.2058239858597517,0.07935494184494019,0.05917167663574219
35,111,1.2156036533415318,-0.009779667481780052,0.06110405921936035
36,111,1.0885126339271665,0.1270910194143653,0.06039571762084961
37,111,1.0329238194972277,0.05558881442993879,0.06529355049133301
38,111,0.91697558760643,0.11594823189079762,0.15007448196411133
39,111,0.7874278603121638,0.12954772729426622,0.3490276336669922
40,111,0.6485774936154485,0.13885036669671535,0.2340540885925293
41,111,0.574895216152072,0.07368227746337652,0.10481667518615723
42,111,0.541760878637433,0.0331343375146389,0.10921764373779297
43,111,0.501013352535665,0.04074752610176802,0.11330676078796387
44,111,0.4745780760422349,0.026435276493430138,0.10802197456359863
45,111,0.4506012201309204,0.023976855911314487,0.15868449211120605
46,111,0.4293887400999665,0.021212480030953884,0.16592741012573242
47,111,0.40739165898412466,0.021997081115841866,0.11110472679138184
48,111,0.38703204365447164,0.020359615329653025,0.10491514205932617
49,111,0.3676672149449587,0.01936482870951295,0.11785197257995605
50,111,0.34958556154742837,0.018081653397530317,0.06571149826049805
51,111,0.33482402795925736,0.014761533588171005,0.059487342834472656
52,111,0.32179271057248116,0.013031317386776209,0.060877323150634766
53,111,0.30972058745101094,0.012072123121470213,0.0627298355102539
54,111,0.29987801890820265,0.009842568542808294,0.11162090301513672
55,111,0.2903869254514575,0.009491093456745148,0.11434245109558105
56,111,0.28254638286307454,0.00784054258838296,0.10668730735778809
57,111,0.27497596200555563,0.007570420857518911,0.11166548728942871
58,111,0.26787280896678567,0.00710315303876996,0.12272405624389648
59,111,0.26208588015288115,0.005786928813904524,0.11114335060119629
60,111,0.25545427738688886,0.006631602765992284,0.10128283500671387
61,111,0.2499321773648262,0.005522100022062659,0.10703444480895996
62,111,0.24461802025325596,0.005314157111570239,0.1006934642791748
63,111,0.23878964385949075,0.005828376393765211,0.10673666000366211
64,111,0.23421679879538715,0.004572845064103603,0.10687971115112305
65,111,0.22913641785271466,0.005080380942672491,0.05838441848754883
66,111,0.2244449823629111,0.004691435489803553,0.06850242614746094
67,111,0.22014406649395823,0.00430091586895287,0.12234783172607422
68,111,0.21571214636787772,0.004431920126080513,0.4061880111694336
69,111,0.21193785849027336,0.0037742878776043653,0.2502133846282959
70,111,0.2075981330126524,0.004339725477620959,0.27839183807373047
71,111,0.20405984297394753,0.003538290038704872,0.19223880767822266
72,111,0.20051936618983746,0.0035404767841100693,0.08229875564575195
73,111,0.19679018552415073,0.0037291806656867266,0.08250737190246582
74,111,0.1935648808721453,0.003225304652005434,0.24871373176574707
75,111,0.19014125526882708,0.0034236256033182144,0.10257697105407715
76,111,0.1870059771463275,0.003135278122499585,0.11059021949768066
77,111,0.18381437566131353,0.003191601485013962,0.09178543090820312
78,111,0.181012051878497,0.0028023237828165293,0.05718541145324707
79,111,0.17798141855746508,0.003030633321031928,0.0579686164855957
80,111,0.17521760053932667,0.0027638180181384087,0.05921053886413574
81,111,0.17270644987002015,0.0025111506693065166,0.09860563278198242
82,111,0.16980552510358393,0.002900924766436219,0.10808730125427246
83,111,0.16729005868546665,0.0025154664181172848,0.10152029991149902
84,111,0.1648990442045033,0.0023910144809633493,0.1309521198272705
85,111,0.16245186724700034,0.002447176957502961,0.23580551147460938
86,111,0.16002547554671764,0.002426391700282693,0.2558290958404541
87,111,0.1577985817566514,0.0022268937900662422,0.1625380516052246
88,111,0.15566114196553826,0.002137439791113138,0.1658039093017578
89,111,0.15340534457936883,0.0022557973861694336,0.14856696128845215
90,111,0.15126664750277996,0.002138697076588869,0.29475855827331543
91,111,0.14923058892600238,0.0020360585767775774,0.1623854637145996
92,111,0.14731300272978842,0.0019175861962139606,0.12441110610961914
93,111,0.14540361589752138,0.001909386832267046,0.2642803192138672
94,111,0.14329863712191582,0.0021049787756055593,0.14827251434326172
95,111,0.14149240963160992,0.0018062274903059006,0.13699769973754883
96,111,0.13976241601631045,0.0017299936152994633,0.23297905921936035
97,111,0.13791816518642008,0.0018442508298903704,0.21658873558044434
98,111,0.13628657278604805,0.0016315924003720284,0.1950674057006836
99,111,0.13464756635949016,0.0016390064265578985,0.13426494598388672
100,111,0.13280627387575805,0.0018412924837321043,0.17162370681762695
