1,311,564.8421151820592,Nan,0.1662464141845703
2,311,395.72089180864606,169.1212233734131,0.09253931045532227
3,311,325.98928766959057,69.73160413905549,0.09151411056518555
4,311,309.51957287597656,16.469714793614003,0.0900425910949707
5,311,289.2862555411203,20.23331733485628,0.08257102966308594
6,311,244.09908903830393,45.18716650281635,0.08795785903930664
7,311,213.49721344430105,30.601875594002877,0.08524441719055176
8,311,221.84895730154855,-8.351743857247499,0.08865475654602051
9,311,194.93889083971297,26.910066461835584,0.08795881271362305
10,311,161.65338287462507,33.2855079650879,0.10416483879089355
11,311,133.6540360194615,27.999346855163566,0.08453512191772461
12,311,129.37844538116454,4.275590638296961,0.08384418487548828
13,311,127.09775889369419,2.280686487470348,0.08975648880004883
14,311,114.71793368857247,12.379825205121719,0.09044957160949707
15,311,133.73739083971296,-19.019457151140486,0.1524808406829834
16,311,110.89889506367275,22.838495776040205,0.10931205749511719
17,311,115.56063311331613,-4.661738049643375,0.08516073226928711
18,311,94.14777492087228,21.41285819244385,0.08536863327026367
19,311,90.07573664964949,4.0720382712227945,0.08950066566467285
20,311,95.21930641719273,-5.143569767543241,0.08796358108520508
21,311,91.32294343076434,3.896362986428386,0.05883383750915527
22,311,90.09199408994402,1.2309493408203167,0.06292152404785156
23,311,94.02467164230346,-3.9326775523594364,0.10571455955505371
24,311,107.71875962938581,-13.694087987082355,0.16291427612304688
25,311,111.43280704716274,-3.714047417776925,0.04814004898071289
26,311,104.00102830341883,7.431778743743905,0.053292274475097656
27,311,105.11541917528425,-1.1143908718654103,0.04489302635192871
28,311,77.72993262372698,27.385486551557264,0.04392647743225098
29,311,83.70686702156067,-5.976934397833688,0.0653984546661377
30,311,86.12503126852853,-2.418164246967862,0.0700981616973877
31,311,93.33191599709647,-7.2068847285679425,0.04563570022583008
32,311,72.68003714752197,20.6518788495745,0.049410104751586914
33,311,69.08083931296213,3.5991978345598454,0.050435781478881836
34,311,92.66914471462795,-23.58830540166582,0.046601295471191406
35,311,100.18621688188826,-7.517072167260309,0.07491421699523926
36,311,88.6312121800014,11.555004701886858,0.11041903495788574
37,311,77.73967002160208,10.891542158399318,0.1049649715423584
38,311,88.71873515646799,-10.979065134865905,0.10648608207702637
39,311,76.69805947984968,12.02067567661831,0.1227877140045166
40,311,86.37744500078473,-9.679385520935057,0.11144351959228516
41,311,96.94828747449603,-10.570842473711295,0.11678814888000488
42,311,103.95749086271013,-7.009203388214104,0.15963363647460938
43,311,77.90291958563668,26.05457127707345,0.14105534553527832
44,311,84.93508135591235,-7.032161770275664,0.10645294189453125
45,311,64.17312816974095,20.761953186171397,0.11042475700378418
46,311,66.5489951436179,-2.3758669738769527,0.10891222953796387
47,311,63.65898945699419,2.8900056866237094,0.29315638542175293
48,311,72.60004657472884,-8.941057117734644,0.1112067699432373
49,311,65.358092118127,7.241954456601832,0.10840249061584473
50,311,79.46634521947588,-14.108253101348879,0.10984277725219727
51,311,92.48522031838553,-13.018875098909646,0.11493921279907227
52,311,135.3963703150068,-42.911149996621276,0.10702371597290039
53,311,95.33582007598876,40.06055023901804,0.14357447624206543
54,311,94.09657009533474,1.239249980654023,0.11603331565856934
55,311,88.75135759735107,5.345212497983667,0.10596013069152832
56,311,88.92245164598738,-0.17109404863630573,0.11476802825927734
57,311,85.92816345378331,2.994288192204067,0.12333321571350098
58,311,100.04463374519348,-14.116470291410167,0.11773252487182617
59,311,69.36328512900216,30.681348616191315,0.13479948043823242
60,311,69.04524725287301,0.3180378761291536,0.15463995933532715
61,311,48.92627952303205,20.11896772984096,0.12489748001098633
62,311,53.112056591033934,-4.185777068001883,0.11328935623168945
63,311,49.005573659351896,4.106482931682038,0.1073296070098877
64,311,46.852410062517436,2.1531635968344602,0.29296445846557617
65,311,53.98589148521423,-7.133481422696796,0.10924315452575684
66,311,53.35928841972351,0.6266030654907198,0.10948586463928223
67,311,49.00271446582249,4.3565739539010195,0.10566854476928711
68,311,47.10481231975555,1.89790214606694,0.10720634460449219
69,311,38.622413320268905,8.482398999486648,0.10500192642211914
70,311,40.66560007299696,-2.0431867527280545,0.10693120956420898
71,311,37.14783938108172,3.5177606919152424,0.10902714729309082
72,311,33.93652068921498,3.2113186918667367,0.10857295989990234
73,311,36.64249445778983,-2.70597376857485,0.11066913604736328
74,311,35.15557892785753,1.486915529932297,0.11030793190002441
75,311,29.340242436817714,5.815336491039819,0.10837650299072266
76,311,31.76080548136575,-2.420563044548036,0.10695576667785645
77,311,32.32793964454106,-0.5671341631753108,0.1308753490447998
78,311,33.34118304831641,-1.0132434037753484,0.14693927764892578
79,311,35.73827862739563,-2.3970955790792203,0.1675271987915039
80,311,30.32061228098188,5.41766634641375,0.14435863494873047
81,311,30.48123749944142,-0.1606252184595398,0.23154234886169434
82,311,32.03193963227953,-1.5507021328381114,0.0484166145324707
83,311,34.3276956111363,-2.295755978856768,0.06949496269226074
84,311,38.15538400622776,-3.8276883950914637,0.04633188247680664
85,311,29.69727748816354,8.458106518064223,0.09425711631774902
86,311,30.867435190473284,-1.1701577023097443,0.12653517723083496
87,311,33.307431734834395,-2.4399965443611116,0.051656484603881836
88,311,30.557336710657392,2.7500950241770035,0.054840803146362305
89,311,35.088392961229594,-4.5310562505722025,0.05115866661071777
90,311,28.122430675574712,6.965962285654882,0.04998660087585449
91,311,24.972093095915657,3.1503375796590554,0.06411576271057129
92,311,26.124134992667607,-1.1520418967519497,0.07829666137695312
93,311,27.27731798839569,-1.1531829957280841,0.04853677749633789
94,311,26.023018318584988,1.2542996698107025,0.04577779769897461
95,311,25.95664163351059,0.06637668507439898,0.0487515926361084
96,311,24.77375413104466,1.1828875024659276,0.04648613929748535
97,311,34.806483641351974,-10.032729510307313,0.08391880989074707
98,311,32.37794985144479,2.428533789907185,0.10170340538024902
99,311,31.230740013939993,1.1472098375047963,0.04526162147521973
100,311,29.87445439566885,1.3562856182711442,0.04586005210876465
