1,411,856.5226961669922,Nan,0.08529067039489746
2,411,637.3280269949777,219.19466917201453,0.057189226150512695
3,411,451.01899930245537,186.3090276925223,0.05538654327392578
4,411,377.56964753069195,73.44935177176342,0.04503941535949707
5,411,379.8094113333566,-2.2397638026646405,0.049530982971191406
6,411,358.00652546037946,21.80288587297713,0.0422968864440918
7,411,381.6082499738421,-23.601724513462614,0.04665875434875488
8,411,334.5403850882394,47.06786488560266,0.06477952003479004
9,411,303.9727481166295,30.567636971609943,0.08347463607788086
10,411,236.50104251534597,67.4717056012835,0.06991124153137207
11,411,228.23624862234934,8.264793892996636,0.057415008544921875
12,411,213.16547984095982,15.070768781389518,0.13336873054504395
13,411,208.49722273472378,4.668257106236041,0.05377960205078125
14,411,255.34881323242186,-46.85159049769808,0.1241908073425293
15,411,246.43367228480747,8.91514094761439,0.04279351234436035
16,411,248.15435741315568,-1.720685128348208,0.0419316291809082
17,411,241.82896002197265,6.3253973911830315,0.042548418045043945
18,411,227.156007119315,14.672952902657642,0.043248891830444336
19,411,199.29116233171735,27.86484478759766,0.05295729637145996
20,411,168.10645862252372,31.184703709193627,0.0436253547668457
21,411,160.17590046037947,7.930558162144251,0.08312010765075684
22,411,176.07371070643833,-15.897810246058867,0.0908195972442627
23,411,176.3072989327567,-0.23358822631837484,0.08507633209228516
24,411,150.65515714372907,25.652141789027638,0.10409402847290039
25,411,143.66690483529226,6.988252308436813,0.08749651908874512
26,411,127.3730577305385,16.293847104753752,0.08655285835266113
27,411,134.22542609514508,-6.852368364606576,0.0894167423248291
28,411,161.92096491132463,-27.69553881617955,0.08629393577575684
29,411,165.37700464739117,-3.4560397360665434,0.17510366439819336
30,411,171.75492143031528,-6.377916782924103,0.07308292388916016
31,411,141.51761812700545,30.23730330330983,0.07930827140808105
32,411,177.5938016444615,-36.07618351745606,0.08324503898620605
33,411,165.3437367074149,12.250064937046602,0.08416318893432617
34,411,149.54592001342775,15.797816693987158,0.08334589004516602
35,411,157.43214663260324,-7.886226619175488,0.0757300853729248
36,411,134.24720596095494,23.18494067164829,0.07662105560302734
37,411,117.2494901384626,16.99771582249234,0.07500028610229492
38,411,114.00414067513601,3.2453494633265905,0.09086394309997559
39,411,115.29464388384137,-1.2905032087053598,0.08380556106567383
40,411,92.17312589154925,23.121517992292127,0.2000424861907959
41,411,85.04416672842844,7.128959163120811,0.1298966407775879
42,411,149.68278440202985,-64.63861767360142,0.0938112735748291
43,411,128.43077060372488,21.252013798304972,0.14918899536132812
44,411,113.77587265668596,14.654897947038918,0.08363032341003418
45,411,110.51987632097517,3.2559963357107904,0.0882415771484375
46,411,128.32467400905065,-17.80479768807548,0.09135174751281738
47,411,145.53676383536202,-17.21208982631137,0.0965871810913086
48,411,145.22418496704103,0.31257886832099757,0.0917196273803711
49,411,127.55138636125837,17.67279860578266,0.044986724853515625
50,411,135.79350284249443,-8.242116481236067,0.047235727310180664
51,411,117.03697595214844,18.756526890345995,0.05077242851257324
52,411,106.16147452000209,10.87550143214635,0.07212972640991211
53,411,90.29257455880301,15.868899961199077,0.17704296112060547
54,411,90.64534470912389,-0.3527701503208789,0.045179128646850586
55,411,98.21021326773507,-7.564868558611181,0.04412126541137695
56,411,100.40864358302525,-2.1984303152901816,0.04586482048034668
57,411,87.71200657435826,12.696637008666997,0.06742739677429199
58,411,119.75408242361887,-32.04207584926061,0.04424786567687988
59,411,130.68239911324636,-10.928316689627493,0.0488743782043457
60,411,94.52677876717703,36.15562034606933,0.061116933822631836
61,411,93.89880160086496,0.6279771663120783,0.042803049087524414
62,411,110.53895313807897,-16.64015153721401,0.043988943099975586
63,411,112.21247481209892,-1.6735216740199519,0.044385671615600586
64,411,88.22219913700648,23.990275675092434,0.04393434524536133
65,411,88.84309211512975,-0.6208929781232655,0.07682681083679199
66,411,89.95206252288818,-1.1089704077584344,0.08553934097290039
67,411,81.05053838021415,8.901524142674035,0.060942888259887695
68,411,69.28943473488944,11.76110364532471,0.04904437065124512
69,411,65.00842520686558,4.2810095280238585,0.05962705612182617
70,411,58.36856657845633,6.63985862840925,0.17501044273376465
71,411,61.55548731013707,-3.186920731680736,0.12824082374572754
72,411,56.98827438027518,4.567212929861888,0.09446477890014648
73,411,59.905083405630926,-2.9168090253557466,0.09466433525085449
74,411,54.07896278054373,5.826120625087192,0.09552979469299316
75,411,59.15014717755999,-5.071184397016253,0.08995366096496582
76,411,55.90579895673479,3.244348220825195,0.0967721939086914
77,411,75.6160569708688,-19.710258014134006,0.09942841529846191
78,411,72.92115159497942,2.694905375889377,0.09623527526855469
79,411,50.318245363507955,22.602906231471465,0.10733413696289062
80,411,53.672473484584266,-3.3542281210763107,0.29050564765930176
81,411,51.306026864188055,2.3664466203962107,0.10620880126953125
82,411,54.15011427961077,-2.844087415422713,0.09706282615661621
83,411,51.00827701241629,3.141837267194475,0.1133882999420166
84,411,58.810858553205215,-7.802581540788921,0.10023665428161621
85,411,46.0867619127546,12.724096640450611,0.13214540481567383
86,411,39.375209302084784,6.71155261066982,0.09487462043762207
87,411,40.25284628350394,-0.8776369814191582,0.09328508377075195
88,411,39.297118650163924,0.9557276333400182,0.09910202026367188
89,411,39.4775370690482,-0.18041841888427967,0.1381664276123047
90,411,36.93580567605155,2.5417313929966525,0.15825676918029785
91,411,41.124120148250036,-4.188314472198485,0.12288594245910645
92,411,39.99053124564035,1.133588902609688,0.09718632698059082
93,411,51.24450188119071,-11.25397063555036,0.1019430160522461
94,411,42.41239088548933,8.832110995701377,0.09157896041870117
95,411,37.91311382729666,4.499277058192668,0.09682011604309082
96,411,41.2155559425354,-3.3024421152387404,0.0954122543334961
97,411,38.82030420030866,2.3952517422267405,0.09386658668518066
98,411,42.036060748509,-3.215756548200339,0.28363561630249023
99,411,38.336955836704796,3.6991049118042056,0.13497066497802734
100,411,37.06695942197527,1.2699964147295262,0.09480094909667969
