1,71,89.78001533508301,Nan,0.1192781925201416
2,71,29.219749937057497,60.56026539802551,0.11915707588195801
3,71,22.901688175201414,6.318061761856082,0.11868548393249512
4,71,18.192858815193176,4.708829360008238,0.12181520462036133
5,71,15.298850073814393,2.8940087413787836,0.22086310386657715
6,71,13.403971185684204,1.8948788881301883,0.19591188430786133
7,71,12.254852619171142,1.1491185665130619,0.3488917350769043
8,71,11.431797099113464,0.8230555200576788,0.0691537857055664
9,71,10.0586980676651,1.3730990314483638,0.06538772583007812
10,71,8.89042615890503,1.1682719087600706,0.07372117042541504
11,71,7.754822764396668,1.1356033945083617,0.07532930374145508
12,71,6.9293888211250305,0.8254339432716371,0.2362523078918457
13,71,6.313067834377289,0.6163209867477413,0.40573549270629883
14,71,5.793548535108567,0.5195192992687225,0.1431729793548584
15,71,5.236121699810028,0.5574268352985383,0.08550882339477539
16,71,4.791073127985,0.4450485718250281,0.07047247886657715
17,71,4.4364399194717405,0.35463320851325975,0.06772160530090332
18,71,4.071183400154114,0.3652565193176267,0.07016396522521973
19,71,3.6105961203575134,0.4605872797966004,0.1375255584716797
20,71,3.461546585559845,0.14904953479766858,0.17896199226379395
21,71,3.388676849603653,0.07286973595619184,0.17547130584716797
22,71,3.188684719800949,0.1999921298027041,0.44562411308288574
23,71,2.670916984081268,0.5177677357196808,0.11673641204833984
24,71,2.177045534849167,0.49387144923210125,0.08620238304138184
25,71,1.909441835284233,0.2676036995649338,0.11521124839782715
26,71,1.883360006213188,0.02608182907104495,0.15936899185180664
27,71,1.7855100214481354,0.09784998476505269,0.08074259757995605
28,71,1.689738229215145,0.09577179223299037,0.08818173408508301
29,71,1.579564841836691,0.11017338737845406,0.26041555404663086
30,71,1.4474169182777405,0.13214792355895044,0.06758308410644531
31,71,1.286619855761528,0.1607970625162125,0.07039928436279297
32,71,1.3918058700859546,-0.10518601432442654,0.08397769927978516
33,71,1.3487938031554223,0.04301206693053228,0.12678313255310059
34,71,1.3786851754784584,-0.02989137232303607,0.12853193283081055
35,71,1.2203286564350129,0.1583565190434455,0.14511609077453613
36,71,1.1796970903873443,0.0406315660476686,0.08905959129333496
37,71,1.0664991719275714,0.1131979184597729,0.06569075584411621
38,71,0.8686696472764015,0.19782952465116987,0.06778073310852051
39,71,0.8837756407260895,-0.015105993449687993,0.45261383056640625
40,71,0.8144917684793472,0.06928387224674226,0.10228919982910156
41,71,0.8111262813210487,0.0033654871582985413,0.0711677074432373
42,71,0.633430686891079,0.17769559442996974,0.06919050216674805
43,71,0.5609040206670761,0.07252666622400283,0.1354970932006836
44,71,0.4876526229083538,0.0732513977587223,0.34877514839172363
45,71,0.46256545960903167,0.025087163299322146,0.0818626880645752
46,71,0.4354554432630539,0.02711001634597776,0.07575798034667969
47,71,0.412198618799448,0.023256824463605885,0.07991719245910645
48,71,0.38688377603888513,0.025314842760562895,0.1454920768737793
49,71,0.3685210345685482,0.018362741470336952,0.11055588722229004
50,71,0.34812961868941783,0.020391415879130348,0.06765627861022949
51,71,0.3291674591600895,0.018962159529328337,0.07038521766662598
52,71,0.3112745223194361,0.017892936840653406,0.10770630836486816
53,71,0.2941971757262945,0.017077346593141585,0.07287240028381348
54,71,0.2800747945904732,0.014122381135821316,0.08241534233093262
55,71,0.26842975899577143,0.011645035594701758,0.37730979919433594
56,71,0.2577406989037991,0.010689060091972347,0.1996016502380371
57,71,0.25009949088096617,0.007641208022832913,0.07233643531799316
58,71,0.2419842091202736,0.008115281760692566,0.07239294052124023
59,71,0.2341710901260376,0.007813118994236007,0.06937050819396973
60,71,0.2270054890215397,0.007165601104497904,0.11457610130310059
61,71,0.2199605931341648,0.007044895887374891,0.11643409729003906
62,71,0.21337235361337661,0.006588239520788186,0.06912565231323242
63,71,0.20540187552571296,0.007970478087663657,0.06969738006591797
64,71,0.1981624846160412,0.007239390909671767,0.07357954978942871
65,71,0.19066220119595528,0.007500283420085907,0.12201690673828125
66,71,0.1839666908979416,0.006695510298013685,0.2076427936553955
67,71,0.17619202315807342,0.00777466773986818,0.2229013442993164
68,71,0.17000096812844276,0.00619105502963066,0.07294535636901855
69,71,0.16330502003431321,0.006695948094129545,0.3609755039215088
70,71,0.1578466546535492,0.005458365380764024,0.34142017364501953
71,71,0.15252364933490753,0.00532300531864166,0.2332594394683838
72,71,0.14818611696362496,0.004337532371282565,0.3563690185546875
73,71,0.14385516807436943,0.0043309488892555315,0.1580655574798584
74,71,0.1399773170053959,0.003877851068973537,0.14153480529785156
75,71,0.1367426460981369,0.003234670907258985,0.06544828414916992
76,71,0.13359564535319804,0.0031470007449388715,0.0827324390411377
77,71,0.1308107303082943,0.0027849150449037463,0.0767679214477539
78,71,0.12797980181872845,0.0028309284895658426,0.07197737693786621
79,71,0.12541186444461347,0.0025679373741149814,0.1257469654083252
80,71,0.12287043288350105,0.002541431561112417,0.08420729637145996
81,71,0.12070790618658066,0.0021625266969203943,0.07397985458374023
82,71,0.11847861513495445,0.0022292910516262116,0.16579699516296387
83,71,0.11631422773003579,0.002164387404918658,0.3152484893798828
84,71,0.1143046647310257,0.0020095629990100894,0.13368773460388184
85,71,0.11247655756771564,0.0018281071633100554,0.13889288902282715
86,71,0.11056243427097798,0.001914123296737666,0.13712334632873535
87,71,0.1088751183450222,0.001687315925955779,0.21135520935058594
88,71,0.10700442165136337,0.0018706966936588298,0.1283869743347168
89,71,0.10551684066653251,0.001487580984830858,0.13538885116577148
90,71,0.10378771729767322,0.0017291233688592894,0.1400749683380127
91,71,0.1024352814257145,0.0013524358719587265,0.12475252151489258
92,71,0.10074242055416108,0.0016928608715534171,0.13450050354003906
93,71,0.0993889382481575,0.0013534823060035728,0.12543582916259766
94,71,0.09794861681759358,0.0014403214305639261,0.12825632095336914
95,71,0.09660649180412292,0.0013421250134706547,0.1378636360168457
96,71,0.09530435495078564,0.0013021368533372851,0.13842344284057617
97,71,0.0940001206472516,0.0013042343035340326,0.12666940689086914
98,71,0.09274155139923096,0.0012585692480206467,0.1407480239868164
99,71,0.09158850360661745,0.0011530477926135069,0.3129615783691406
100,71,0.09029083367437124,0.001297669932246212,0.11211299896240234
