1,48,2.30354190089,Nan,0.546000003815
2,48,2.30332426158,0.000217639316212,0.601999998093
3,48,2.3033083829,1.58786773685e-05,0.528000116348
4,48,2.30330756578,8.17125494379e-07,0.565999984741
5,48,2.30330819217,-6.2639063092e-07,0.541999816895
6,48,2.30330855846,-3.66297634447e-07,0.532999992371
7,48,2.30330862349,-6.50232490074e-08,0.541000127792
8,48,2.3033085563,6.71906894567e-08,0.532999992371
9,48,2.30330843709,1.19209289995e-07,0.523000001907
10,48,2.30330823552,2.01572071035e-07,0.542000055313
11,48,2.30330805562,1.79897655439e-07,0.672999858856
12,48,2.3033078302,2.25413929744e-07,0.621999979019
13,48,2.30330763947,1.90734863015e-07,0.550000190735
14,48,2.30330743573,2.03739513704e-07,0.543999910355
15,48,2.30330722332,2.1240927861e-07,0.530999898911
16,48,2.30330702175,2.01572072367e-07,0.571000099182
17,48,2.30330684185,1.79897655439e-07,0.529000043869
18,48,2.30330663378,2.08074396379e-07,0.534999847412
19,48,2.30330644304,1.90734862571e-07,0.536000013351
20,48,2.30330621979,2.23246487074e-07,0.574000120163
21,48,2.3033060529,1.66893005638e-07,0.526000022888
22,48,2.30330584266,2.10241838605e-07,0.536999940872
23,48,2.30330564542,1.97237187471e-07,0.52999997139
24,48,2.30330546769,1.77730212325e-07,0.519000053406
25,48,2.30330523361,2.34083698203e-07,0.526000022888
26,48,2.30330503637,1.97237186583e-07,0.526000022888
27,48,2.30330485647,1.79897654995e-07,0.56500005722
28,48,2.30330463539,2.21079047513e-07,0.524999856949
29,48,2.30330444683,1.88567419457e-07,0.533999919891
30,48,2.30330424959,1.97237189248e-07,0.554000139236
31,48,2.30330405019,1.99404629697e-07,0.529000043869
32,48,2.30330387679,1.73395330538e-07,0.542999982834
33,48,2.30330367739,1.99404628809e-07,0.521999835968
34,48,2.30330348232,1.95069747466e-07,0.548000097275
35,48,2.30330326557,2.1674416173e-07,0.618999958038
36,48,2.303303077,1.88567422565e-07,0.604000091553
37,48,2.30330288844,1.88567422121e-07,0.59099984169
38,48,2.30330269553,1.9290230524e-07,0.624000072479
39,48,2.30330251347,1.82065095e-07,0.611999988556
40,48,2.30330232057,1.92902304796e-07,0.574000120163
41,48,2.30330282992,-5.09348781375e-07,0.536000013351
42,48,2.30325867913,4.41507859663e-05,0.52899980545
43,48,2.30324420929,1.44698403104e-05,0.531000137329
44,48,2.30323914398,5.0653110848e-06,0.542000055313
45,48,2.30323718678,1.95719978979e-06,0.536000013351
46,48,2.30323641517,7.71609220074e-07,0.530999898911
47,48,2.30323610739,3.07776710784e-07,0.536999940872
48,48,2.30323596651,1.40883705591e-07,0.551000118256
49,48,2.30323592316,4.33488342999e-08,0.530999898911
50,48,2.30323590365,1.95069733699e-08,0.519000053406
51,48,2.30323587548,2.81767413846e-08,0.520999908447
52,48,2.30323590149,-2.60092987148e-08,0.523000001907
53,48,2.30323589498,6.50232490074e-09,0.526000022888
54,48,2.30323588415,1.08372080199e-08,0.521000146866
55,48,2.30323587981,4.33488311913e-09,0.520999908447
56,48,2.30323588631,-6.50232490074e-09,0.520999908447
57,48,2.30323588631,0.0,0.523000001907
58,48,2.30323589065,-4.33488356322e-09,0.519999980927
59,48,2.30323589498,-4.33488311913e-09,0.522000074387
60,48,2.30323589498,0.0,0.523999929428
61,48,2.30323589498,0.0,0.519000053406
62,48,2.30323589498,0.0,0.523000001907
63,48,2.30323589498,0.0,0.528000116348
64,48,2.30323589498,0.0,0.524999856949
65,48,2.30323589498,0.0,0.519000053406
66,48,2.30323589498,0.0,0.526000022888
67,48,2.30323589498,0.0,0.539999961853
68,48,2.30323589498,0.0,0.525000095367
69,48,2.30323589498,0.0,0.523999929428
70,48,2.30323589498,0.0,0.523000001907
71,48,2.30323589498,0.0,0.518000125885
72,48,2.30323589498,0.0,0.521999835968
73,48,2.30323589498,0.0,0.524000167847
74,48,2.30323589498,0.0,0.538999795914
75,48,2.30323589498,0.0,0.524000167847
76,48,2.30323589498,0.0,0.546999931335
77,48,2.30323589498,0.0,0.52799987793
78,48,2.30323589498,0.0,0.59500002861
79,48,2.30323589498,0.0,0.657999992371
80,48,2.30323589498,0.0,0.669000148773
81,48,2.30323589498,0.0,0.593999862671
82,48,2.30323589498,0.0,0.642000198364
83,48,2.30323589498,0.0,0.591999769211
84,48,2.30323589498,0.0,0.638000011444
85,48,2.30323589498,0.0,0.759000062943
86,48,2.30323589498,0.0,0.621999979019
87,48,2.30323589498,0.0,0.641000032425
88,48,2.30323589498,0.0,0.647000074387
89,48,2.30323589498,0.0,0.651000022888
90,48,2.30323589498,0.0,0.634999990463
91,48,2.30323589498,0.0,0.56200003624
92,48,2.30323589498,0.0,0.557999849319
93,48,2.30323589498,0.0,0.593000173569
94,48,2.30323589498,0.0,0.557999849319
95,48,2.30323589498,0.0,0.605000019073
96,48,2.30323589498,0.0,0.551000118256
97,48,2.30323589498,0.0,0.546000003815
98,48,2.30323589498,0.0,0.523000001907
99,48,2.30323589498,0.0,0.521999835968
100,48,2.30323589498,0.0,0.545000076294
101,48,2.30323589498,0.0,0.545000076294
102,48,2.30323589498,0.0,0.547999858856
103,48,2.30323589498,0.0,0.526000022888
104,48,2.30323589498,0.0,0.572999954224
105,48,2.30323589498,0.0,0.548000097275
106,48,2.30323589498,0.0,0.539999961853
107,48,2.30323589498,0.0,0.594000101089
108,48,2.30323589498,0.0,0.563999891281
109,48,2.30323589498,0.0,0.601999998093
110,48,2.30323589498,0.0,0.543999910355
111,48,2.30323589498,0.0,0.584000110626
112,48,2.30323589498,0.0,0.563999891281
113,48,2.30323589498,0.0,0.553000211716
114,48,2.30323589498,0.0,0.557999849319
115,48,2.30323589498,0.0,0.582999944687
116,48,2.30323589498,0.0,0.568000078201
117,48,2.30323589498,0.0,0.578999996185
118,48,2.30323589498,0.0,0.525000095367
119,48,2.30323589498,0.0,0.570999860764
120,48,2.30323589498,0.0,0.676000118256
121,48,2.30323589498,0.0,0.579999923706
122,48,2.30323589498,0.0,0.539000034332
123,48,2.30323589498,0.0,0.572000026703
124,48,2.30323589498,0.0,0.606999874115
125,48,2.30323589498,0.0,0.578999996185
126,48,2.30323589498,0.0,0.554000139236
127,48,2.30323589498,0.0,0.657999992371
128,48,2.30323589498,0.0,0.615000009537
129,48,2.30323589498,0.0,0.536999940872
130,48,2.30323589498,0.0,0.588000059128
131,48,2.30323589498,0.0,0.613999843597
132,48,2.30323589498,0.0,0.531000137329
133,48,2.30323589498,0.0,0.526999950409
134,48,2.30323589498,0.0,0.532999992371
135,48,2.30323589498,0.0,0.528000116348
136,48,2.30323589498,0.0,0.536000013351
137,48,2.30323589498,0.0,0.551999807358
138,48,2.30323589498,0.0,0.531000137329
139,48,2.30323589498,0.0,0.56500005722
140,48,2.30323589498,0.0,0.59099984169
141,48,2.30323589498,0.0,0.633000135422
142,48,2.30323589498,0.0,0.573999881744
143,48,2.30323589498,0.0,0.544000148773
144,48,2.30323589498,0.0,0.52799987793
145,48,2.30323589498,0.0,0.601000070572
146,48,2.30323589498,0.0,0.529000043869
147,48,2.30323589498,0.0,0.523000001907
148,48,2.30323589498,0.0,0.52899980545
149,48,2.30323589498,0.0,0.535000085831
150,48,2.30323589498,0.0,0.605000019073
151,48,2.30323589498,0.0,0.555999994278
152,48,2.30323589498,0.0,0.549000024796
153,48,2.30323589498,0.0,0.532999992371
154,48,2.30323589498,0.0,0.540999889374
155,48,2.30323589498,0.0,0.549000024796
156,48,2.30323589498,0.0,0.532999992371
157,48,2.30323589498,0.0,0.532999992371
158,48,2.30323589498,0.0,0.537000179291
159,48,2.30323589498,0.0,0.539999961853
160,48,2.30323589498,0.0,0.529000043869
161,48,2.30323589498,0.0,0.523999929428
162,48,2.30323589498,0.0,0.524999856949
163,48,2.30323589498,0.0,0.531000137329
164,48,2.30323589498,0.0,0.524999856949
165,48,2.30323589498,0.0,0.528000116348
166,48,2.30323589498,0.0,0.520999908447
167,48,2.30323589498,0.0,0.53400015831
168,48,2.30323589498,0.0,0.52999997139
169,48,2.30323589498,0.0,0.601000070572
170,48,2.30323589498,0.0,0.588999986649
171,48,2.30323589498,0.0,0.5609998703
172,48,2.30323589498,0.0,0.532999992371
173,48,2.30323589498,0.0,0.526999950409
174,48,2.30323589498,0.0,0.552999973297
175,48,2.30323589498,0.0,0.531000137329
176,48,2.30323589498,0.0,0.52799987793
177,48,2.30323589498,0.0,0.526000022888
178,48,2.30323589498,0.0,0.52999997139
179,48,2.30323589498,0.0,0.524000167847
180,48,2.30323589498,0.0,0.529000043869
181,48,2.30323589498,0.0,0.52799987793
182,48,2.30323589498,0.0,0.529000043869
183,48,2.30323589498,0.0,0.530999898911
184,48,2.30323589498,0.0,0.536000013351
185,48,2.30323589498,0.0,0.730000019073
186,48,2.30323589498,0.0,0.614000082016
187,48,2.30323589498,0.0,0.543999910355
188,48,2.30323589498,0.0,0.536000013351
189,48,2.30323589498,0.0,0.525000095367
190,48,2.30323589498,0.0,0.524999856949
191,48,2.30323589498,0.0,0.528000116348
192,48,2.30323589498,0.0,0.547999858856
193,48,2.30323589498,0.0,0.519000053406
194,48,2.30323589498,0.0,0.539000034332
195,48,2.30323589498,0.0,0.518000125885
196,48,2.30323589498,0.0,0.523999929428
197,48,2.30323589498,0.0,0.519000053406
198,48,2.30323589498,0.0,0.526000022888
199,48,2.30323589498,0.0,0.516999959946
200,48,2.30323589498,0.0,0.519999980927
