1,40,2.30566528710452,Nan,0.47716856002807617
2,40,2.30380702289668,0.0018582642078399658,0.41014599800109863
3,40,2.3036048195578833,0.0002022033387967248,0.4151480197906494
4,40,2.303569268096577,3.555146130640452e-05,0.4021420478820801
5,40,2.3035369434139947,3.232468258218546e-05,0.44615817070007324
6,40,2.303529281507839,7.661906155753684e-06,0.41614675521850586
7,40,2.3035247678106483,4.513697190677846e-06,0.4111459255218506
8,40,2.303521302613345,3.465197303320622e-06,0.4451580047607422
9,40,2.303519376299598,1.9263137471803304e-06,0.41214632987976074
10,40,2.303533825007352,-1.4448707754244339e-05,0.4261512756347656
11,40,2.303538593378934,-4.76837158203125e-06,0.4151465892791748
12,40,2.3035129688002844,2.562457864963008e-05,0.38713693618774414
13,40,2.3035078563473443,5.112452940103651e-06,0.39814090728759766
14,40,2.3035044886849145,3.3676624298095703e-06,0.4011421203613281
15,40,2.303505537184802,-1.0484998873572238e-06,0.3991415500640869
16,40,2.3035031096501783,2.4275346235391737e-06,0.4091451168060303
17,40,2.303497536615892,5.5730342864990234e-06,0.4341545104980469
18,40,2.3034941987557844,3.337860107421875e-06,0.4021430015563965
19,40,2.303493020209399,1.178546385371959e-06,0.40714311599731445
20,40,2.3035075014287774,-1.4481219378303933e-05,0.4041430950164795
21,40,2.3035127330910075,-5.231662230098522e-06,0.4011423587799072
22,40,2.303487628698349,2.5104392658459318e-05,0.3841359615325928
23,40,2.3034829849546608,4.643743688248492e-06,0.4221491813659668
24,40,2.3034800724549727,2.9124996880902643e-06,0.4181485176086426
25,40,2.3034775826064022,2.489848570430553e-06,0.4041438102722168
26,40,2.3034794709899207,-1.8883835184446696e-06,0.4111454486846924
27,40,2.3034773468971252,2.1240927954302435e-06,0.42815136909484863
28,40,2.303472302176736,5.044720389424384e-06,0.4081449508666992
29,40,2.303473613478921,-1.3113021850585938e-06,0.4951760768890381
30,40,2.3034712834791704,2.3299997504722114e-06,0.5211844444274902
31,40,2.3034661656076256,5.117871544779717e-06,0.4241499900817871
32,40,2.303467509421435,-1.3438138095622776e-06,0.5261869430541992
33,40,2.303465323014693,2.1864067423216227e-06,0.5511951446533203
34,40,2.3034647459333595,5.770813333860758e-07,0.5261867046356201
35,40,2.303467810153961,-3.06422060170064e-06,0.5281879901885986
36,40,2.3034744452346456,-6.63508068443619e-06,0.4011411666870117
37,40,2.303456087004055,1.8358230590820312e-05,0.4091451168060303
38,40,2.3034524863416497,3.600662405123245e-06,0.40014195442199707
39,40,2.3034545968879354,-2.1105462857384794e-06,0.4311532974243164
40,40,2.3034524375742134,2.159313722049916e-06,0.39313840866088867
41,40,2.3034522479230706,1.8965114279012596e-07,0.4271514415740967
42,40,2.303455100818114,-2.8528950433148736e-06,0.41614866256713867
43,40,2.303462326526642,-7.225708527958119e-06,0.40014171600341797
44,40,2.3034440333193,1.8293207341812945e-05,0.40514373779296875
45,40,2.303440595215017,3.438104283048915e-06,0.39413905143737793
46,40,2.3034429143775594,-2.3191625424523465e-06,0.41614770889282227
47,40,2.3034467182376166,-3.803860057161046e-06,0.399141788482666
48,40,2.3034540712833405,-7.353045723856866e-06,0.41914844512939453
49,40,2.3034360896457327,1.798163760780014e-05,0.4311532974243164
50,40,2.3034328493204983,3.2403252343549127e-06,0.42314910888671875
51,40,2.3034354096109215,-2.5602904232258084e-06,0.4061446189880371
52,40,2.3034390021454203,-3.5925344987752794e-06,0.41414642333984375
53,40,2.303446601737629,-7.599592208862305e-06,0.40114283561706543
54,40,2.3034287257628008,1.787597482838521e-05,0.4131457805633545
55,40,2.303430429913781,-1.7041509803306099e-06,0.4271514415740967
56,40,2.303433350541375,-2.9206275939941406e-06,0.4201488494873047
57,40,2.3034413131800564,-7.962638681302536e-06,0.4011423587799072
58,40,2.303429584611546,1.17285685106161e-05,0.40514373779296875
59,40,2.3034370704130693,-7.4858015235435005e-06,0.4331533908843994
60,40,2.3034204352985728,1.663511449656596e-05,0.41914844512939453
61,40,2.3034176636825907,2.771615982055664e-06,0.3881373405456543
62,40,2.303415910764174,1.7529184166420464e-06,0.418149471282959
63,40,2.3034191646359186,-3.253871744490766e-06,0.41614651679992676
64,40,2.303422651507638,-3.4868717193603516e-06,0.408144474029541
65,40,2.3034307062625885,-8.05475495058161e-06,0.41614794731140137
66,40,2.3034194111824036,1.1295080184936523e-05,0.42114901542663574
67,40,2.3034270622513513,-7.651068947733819e-06,0.41214609146118164
68,40,2.303410595113581,1.6467137770259654e-05,0.43515443801879883
69,40,2.303407912904566,2.682209014892578e-06,0.41014528274536133
70,40,2.3034062602303247,1.6526742414590956e-06,0.4201486110687256
71,40,2.3034094761718404,-3.2159415157551052e-06,0.42815208435058594
72,40,2.303413152694702,-3.6765228617063883e-06,0.4201488494873047
73,40,2.3034263984723524,-1.3245777650272572e-05,0.42315006256103516
74,40,2.30342343991453,2.9585578222857123e-06,0.42114973068237305
75,40,2.303403588858518,1.9851056012321067e-05,0.43215322494506836
76,40,2.303400459614667,3.129243850708008e-06,0.3951399326324463
77,40,2.303398690440438,1.7691742288938883e-06,0.4111454486846924
78,40,2.30340235341679,-3.662976351570535e-06,0.4181487560272217
79,40,2.3034058890559455,-3.535639155671788e-06,0.4421563148498535
80,40,2.3034187853336334,-1.2896277687968194e-05,0.41914844512939453
81,40,2.303416195240888,2.5900927456135037e-06,0.422149658203125
82,40,2.3033963604406877,1.9834800200069225e-05,0.4171478748321533
83,40,2.303393320603804,3.039836883544922e-06,0.41914868354797363
84,40,2.3033916896039788,1.6309998254193658e-06,0.40514397621154785
85,40,2.3033991239287634,-7.434324784671986e-06,0.4201481342315674
86,40,2.3034051683816044,-6.044452840914261e-06,0.4131464958190918
87,40,2.303390481255271,1.4687126333345901e-05,0.3991420269012451
88,40,2.303388232534582,2.248720689213002e-06,0.4131464958190918
89,40,2.303386940197511,1.2923370706907633e-06,0.41914796829223633
90,40,2.3033857860348443,1.1541626667721516e-06,0.39113926887512207
91,40,2.303384929895401,8.561394433392877e-07,0.43015265464782715
92,40,2.303383997895501,9.31999899922431e-07,0.4331533908843994
93,40,2.303389931266958,-5.9333714568232665e-06,0.4171478748321533
94,40,2.303397912870754,-7.981603796114456e-06,0.38213515281677246
95,40,2.303383296186274,1.4616684480106557e-05,0.41614723205566406
96,40,2.303381239826029,2.0563602447509766e-06,0.43015265464782715
97,40,2.303379928523844,1.3113021850585938e-06,0.3951401710510254
98,40,2.3033790425820784,8.85941765726983e-07,0.4041430950164795
99,40,2.3033781701868232,8.723952551470404e-07,0.3861367702484131
100,40,2.30337732759389,8.425929332034343e-07,0.4241504669189453
101,40,2.303383147174662,-5.8195807719485515e-06,0.4151475429534912
102,40,2.3033913644877346,-8.21731307265594e-06,0.3991415500640869
103,40,2.3033768913962622,1.4473091472400057e-05,0.4271516799926758
104,40,2.3033748025243934,2.088871868810571e-06,0.43115234375
105,40,2.3033736537803304,1.1487440629842638e-06,0.42315006256103516
106,40,2.30337272178043,9.319999003665203e-07,0.41914844512939453
107,40,2.303371946920048,7.748603820800781e-07,0.41614747047424316
108,40,2.303371153094552,7.938254960038194e-07,0.3971407413482666
109,40,2.303370386362076,7.667324761762018e-07,0.4311530590057373
110,40,2.303376558152112,-6.171790036368918e-06,0.40514302253723145
111,40,2.3033848269419237,-8.268789811527455e-06,0.41214680671691895
112,40,2.303370164199309,1.4662742614746094e-05,0.4151468276977539
113,40,2.303368164734407,1.9994649020915745e-06,0.40314269065856934
114,40,2.303367097269405,1.0674650017250542e-06,0.41414713859558105
115,40,2.303366295316003,8.019534023517849e-07,0.4091451168060303
116,40,2.3033655231649224,7.721510804081788e-07,0.4151465892791748
117,40,2.3033648187463935,7.044185288407334e-07,0.4221506118774414
118,40,2.303370860489932,-6.041743538354183e-06,0.40514349937438965
119,40,2.303379234942523,-8.374452590942383e-06,0.42314958572387695
120,40,2.3033647781068627,1.4456835660148215e-05,0.4171481132507324
121,40,2.3033628572117197,1.9208951429483534e-06,0.4151475429534912
122,40,2.303362347862937,5.093487827068088e-07,0.4041423797607422
123,40,2.3033566014333204,5.746429616593218e-06,0.3991413116455078
124,40,2.3033388284119694,1.777302135108627e-05,0.41014599800109863
125,40,2.3033364442261783,2.384185791015625e-06,0.40714430809020996
126,40,2.303335189819336,1.2544068423991916e-06,0.4181485176086426
127,40,2.303343729539351,-8.539720015132701e-06,0.4451572895050049
128,40,2.303336501121521,7.2284178300741075e-06,0.41214632987976074
129,40,2.3033340248194607,2.4763020602946995e-06,0.40014147758483887
130,40,2.3033329221335324,1.1026859283447266e-06,0.4561617374420166
131,40,2.303332282738252,6.39395280277455e-07,0.4111456871032715
132,40,2.3033317029476166,5.797906355020643e-07,0.4131464958190918
133,40,2.303331133994189,5.689534274821995e-07,0.4111456871032715
134,40,2.303330646319823,4.876743662229899e-07,0.41614770889282227
135,40,2.303330201994289,4.4432553369944117e-07,0.384136438369751
136,40,2.303329660133882,5.418604072104927e-07,0.4271512031555176
137,40,2.3033291182734748,5.418604072104927e-07,0.4111461639404297
138,40,2.303328646854921,4.7141855397114796e-07,0.42314958572387695
139,40,2.3033282594247297,3.8743019104003906e-07,0.39113926887512207
140,40,2.3033277554945513,5.039301784748318e-07,0.42114877700805664
141,40,2.303327267820185,4.876743662229899e-07,0.41014528274536133
142,40,2.3033268478783695,4.199418155437229e-07,0.43515491485595703
143,40,2.3033263060179623,5.418604072104927e-07,0.41814756393432617
144,40,2.303325915878469,3.901394931560276e-07,0.4021425247192383
145,40,2.303334431214766,-8.515336296976983e-06,0.4041435718536377
146,40,2.3033277582038534,6.6730109127277615e-06,0.39814090728759766
147,40,2.3033253984017805,2.3598020728599067e-06,0.40514397621154785
148,40,2.303324433890256,9.645115244261149e-07,0.4271509647369385
149,40,2.303323832425204,6.014650519858833e-07,0.41914892196655273
150,40,2.3033232878554952,5.44569708882392e-07,0.4291515350341797
151,40,2.3033228679136797,4.199418155437229e-07,0.41014599800109863
152,40,2.303322382948615,4.849650645510906e-07,0.43215274810791016
153,40,2.3033220009370283,3.82011586808062e-07,0.4041430950164795
154,40,2.303321586413817,4.1452321131174585e-07,0.42114949226379395
155,40,2.303321128541773,4.5787204383529456e-07,0.4131462574005127
156,40,2.3033206137743862,5.147673869387859e-07,0.42114949226379395
157,40,2.3033203292976725,2.8447671374109973e-07,0.4181478023529053
158,40,2.3033199337395756,3.955580969439154e-07,0.4241507053375244
159,40,2.3033195517279883,3.8201158725215123e-07,0.39814162254333496
160,40,2.3033191046931525,4.470348358154297e-07,0.40314221382141113
161,40,2.303318673914129,4.3077902356358777e-07,0.42515087127685547
162,40,2.3033183948560194,2.790581095091227e-07,0.4011423587799072
163,40,2.3033179722049018,4.226511176597114e-07,0.42815136909484863
164,40,2.3033175603909926,4.1181390919575733e-07,0.41914844512939453
165,40,2.3033267124132677,-9.15202227513845e-06,0.4061446189880371
166,40,2.3033195571465925,7.1552666751628635e-06,0.4101450443267822
167,40,2.303317275914279,2.2812323137166857e-06,0.4171485900878906
168,40,2.3033163195306603,9.563836185222385e-07,0.39613986015319824
169,40,2.303315869786523,4.49744137487329e-07,0.42515063285827637
170,40,2.3033154092051764,4.605813463953723e-07,0.4021425247192383
171,40,2.3033149621703406,4.470348358154297e-07,0.4081447124481201
172,40,2.3033146370540964,3.251162441486599e-07,0.4111454486846924
173,40,2.3033142550425096,3.82011586808062e-07,0.4131464958190918
174,40,2.3033139407634735,3.1427903612879504e-07,0.5902104377746582
175,40,2.3033135424960745,3.9826739905990394e-07,0.45015883445739746
176,40,2.3033132173798303,3.251162441486599e-07,0.39413976669311523
177,40,2.303312894972888,3.224069424767606e-07,0.38013434410095215
178,40,2.303312586112456,3.08860431896818e-07,0.3951399326324463
179,40,2.3033121851357548,4.0097670117589246e-07,0.4111461639404297
180,40,2.3033118518916043,3.332441504966255e-07,0.3931388854980469
181,40,2.3033115321939643,3.196976399166829e-07,0.39814138412475586
182,40,2.303311223333532,3.088604323409072e-07,0.4111454486846924
183,40,2.303310903635892,3.196976399166829e-07,0.40714502334594727
184,40,2.3033105541359293,3.494999627484674e-07,0.4131460189819336
185,40,2.3033170022747735,-6.448138844206142e-06,0.4221494197845459
186,40,2.3032987090674313,1.8293207342257034e-05,0.4241507053375244
187,40,2.303295298056169,3.411011262333119e-06,0.4081447124481201
188,40,2.303293851288882,1.446767286861217e-06,0.38713669776916504
189,40,2.303293176672675,6.746162068971273e-07,0.41214680671691895
190,40,2.3032927350564436,4.4161623158345265e-07,0.4271512031555176
191,40,2.3032924234867096,3.115697340128065e-07,0.429152250289917
192,40,2.303292141719298,2.817674116251112e-07,0.42815136909484863
193,40,2.303291846405376,2.953139217609646e-07,0.4311530590057373
194,40,2.303291602568193,2.4383718333353954e-07,0.42114901542663574
195,40,2.3032914210449564,1.815232364421604e-07,0.392139196395874
196,40,2.3032910498705776,3.7117437878819715e-07,0.41614818572998047
197,40,2.30329090627757,1.4359300770649952e-07,0.41614723205566406
198,40,2.3032906272194604,2.790581095091227e-07,0.4041430950164795
199,40,2.3032903644171627,2.6280229770137e-07,0.4261515140533447
200,40,2.303290147673,2.1674416261774354e-07,0.3991410732269287
