1,44,2.309178403832696,Nan,0.5591981410980225
2,44,2.303880588574843,0.005297815257852889,0.460162878036499
3,44,2.3035517118193884,0.00032887675545456574,0.44615888595581055
4,44,2.3035593195395037,-7.60772011521027e-06,0.45316100120544434
5,44,2.303569967096502,-1.0647556998311103e-05,0.4671647548675537
6,44,2.303571338003332,-1.3709068298339844e-06,0.4581623077392578
7,44,2.303569503805854,1.834197477901256e-06,0.45516109466552734
8,44,2.303566027771343,3.4760345108963975e-06,0.45316076278686523
9,44,2.3035621670159427,3.860755400264537e-06,0.4671657085418701
10,44,2.3035583170977505,3.849918192244672e-06,0.4521613121032715
11,44,2.303554266691208,4.050406542610574e-06,0.44815754890441895
12,44,2.3035508556799456,3.411011262333119e-06,0.44615864753723145
13,44,2.3035470680757,3.787604245353293e-06,0.46216320991516113
14,44,2.3035433942621406,3.6738135595904e-06,0.45316195487976074
15,44,2.303539514541626,3.879720514632368e-06,0.4671657085418701
16,44,2.303536382588473,3.1319531528239963e-06,0.44615697860717773
17,44,2.303532901135358,3.4814531151283745e-06,0.443157434463501
18,44,2.3035295714031565,3.3297322015179986e-06,0.44615745544433594
19,44,2.303526247089559,3.3243135972860216e-06,0.44615864753723145
20,44,2.303522678938779,3.568150780175472e-06,0.4451584815979004
21,44,2.3035199127414008,2.7661973782677762e-06,0.48016929626464844
22,44,2.3035166561603546,3.2565810461626654e-06,0.43915629386901855
23,44,2.303513554009524,3.102150830436301e-06,0.424149751663208
24,44,2.303510533137755,3.0208717691770914e-06,0.45316076278686523
25,44,2.3035075718706306,2.961267124401701e-06,0.43515515327453613
26,44,2.3035044290802698,3.142790360843861e-06,0.4601626396179199
27,44,2.3035018660805444,2.562999725341797e-06,0.43915510177612305
28,44,2.3034990700808438,2.7959997006554715e-06,0.42315030097961426
29,44,2.30349616299976,2.9070810838582872e-06,0.43415379524230957
30,44,2.3034934862093492,2.676790410660601e-06,0.474168062210083
31,44,2.3034905926747755,2.893534573722434e-06,0.45716261863708496
32,44,2.3034882735122335,2.3191625420082573e-06,0.4361541271209717
33,44,2.303485642779957,2.630732276465153e-06,0.46616506576538086
34,44,2.3034831041639503,2.5386160067419894e-06,0.47316789627075195
35,44,2.303480630571192,2.473592758178711e-06,0.4381546974182129
36,44,2.303477918559855,2.7120113372802734e-06,0.4381556510925293
37,44,2.3034758269786835,2.091581171370649e-06,0.449160099029541
38,44,2.3034734482114967,2.378767186783648e-06,0.45015907287597656
39,44,2.3034710748629137,2.37334858299576e-06,0.46216392517089844
40,44,2.3034687611189755,2.3137439382203695e-06,0.45015931129455566
41,44,2.3034665042703804,2.256848595116878e-06,0.445157527923584
42,44,2.303464312445034,2.1918253465535997e-06,0.42315030097961426
43,44,2.303461868654598,2.4437904357910156e-06,0.4811704158782959
44,44,2.3034600913524628,1.7773021352418539e-06,0.4401562213897705
45,44,2.3034578534689816,2.237883481193137e-06,0.4541606903076172
46,44,2.303455740213394,2.1132555874103787e-06,0.44115638732910156
47,44,2.303453716364774,2.0238486202472927e-06,0.46216416358947754
48,44,2.303451665423133,2.0509416409630887e-06,0.4491591453552246
49,44,2.3034494546326725,2.210790460477341e-06,0.4451582431793213
50,44,2.303447864272378,1.5903602945677164e-06,0.46416473388671875
51,44,2.3034459217028185,1.9425695594321724e-06,0.43215227127075195
52,44,2.3034440143541857,1.9073486328125e-06,0.4451582431793213
53,44,2.303442107005553,1.9073486328125e-06,0.4511597156524658
54,44,2.3034403134476054,1.7935579474936958e-06,0.4471583366394043
55,44,2.303438517180356,1.796267249165595e-06,0.45316052436828613
56,44,2.3034364852038296,2.0319765265952583e-06,0.44615793228149414
57,44,2.3034350844946774,1.4007091522216797e-06,0.44815897941589355
58,44,2.3034332259134813,1.8585811960569742e-06,0.45916295051574707
59,44,2.3034315705299377,1.655383543575084e-06,0.44415783882141113
60,44,2.303429817611521,1.7529184166420464e-06,0.5141825675964355
61,44,2.3034282489256426,1.5686858785279867e-06,0.5211849212646484
62,44,2.3034266504374417,1.598488200915682e-06,0.4881725311279297
63,44,2.3034249462864618,1.7041509798865206e-06,0.44315671920776367
64,44,2.3034231202168898,1.8260695719973796e-06,0.4951760768890381
65,44,2.3034219443798065,1.1758370832559706e-06,0.5051796436309814
66,44,2.30342037840323,1.5659765764119982e-06,0.4451570510864258
67,44,2.303418842228976,1.5361742540243029e-06,0.4271512031555176
68,44,2.3034173981709913,1.4440579847452284e-06,0.45716166496276855
69,44,2.3034158511595293,1.5470114620441677e-06,0.4331536293029785
70,44,2.303414537148042,1.3140114871745823e-06,0.43215322494506836
71,44,2.3034130361947147,1.5009533274046305e-06,0.4991774559020996
72,44,2.3034113970669834,1.6391277313232422e-06,0.4791698455810547
73,44,2.303410288962451,1.1081045325767036e-06,0.49117422103881836
74,44,2.3034089370207353,1.351941715466154e-06,0.4331531524658203
75,44,2.3034075037999586,1.4332207767253635e-06,0.4581625461578369
76,44,2.3034061897884714,1.3140114871745823e-06,0.4361543655395508
77,44,2.303404902870005,1.2869184664587863e-06,0.4611644744873047
78,44,2.3034035726027056,1.3302672994264242e-06,0.4421560764312744
79,44,2.3034024184400383,1.1541626672162408e-06,0.438154935836792
80,44,2.303400852463462,1.5659765764119982e-06,0.5221858024597168
81,44,2.303399920463562,9.31999899922431e-07,0.49317479133605957
82,44,2.303398682312532,1.2381510301473497e-06,0.4701669216156006
83,44,2.303397452289408,1.2300231237993842e-06,0.4381551742553711
84,44,2.3033962737430227,1.178546385371959e-06,0.46416521072387695
85,44,2.303395051847805,1.2218952178955078e-06,0.4631631374359131
86,44,2.30339394103397,1.1108138346926921e-06,0.44115638732910156
87,44,2.3033928112550215,1.1297789486164334e-06,0.4741683006286621
88,44,2.3033916760574686,1.1351975528484104e-06,0.44615769386291504
89,44,2.3033905842087488,1.0918487198807725e-06,0.45516180992126465
90,44,2.3033892566507514,1.3275579973104357e-06,0.46916627883911133
91,44,2.3033884682438592,7.884068922159315e-07,0.5051796436309814
92,44,2.3033873249184,1.143325459196376e-06,0.5071790218353271
93,44,2.303386252034794,1.0728836059570312e-06,0.4991786479949951
94,44,2.3033852495930414,1.0024417527176865e-06,0.4581611156463623
95,44,2.3033842092210595,1.0403719818974366e-06,0.4491591453552246
96,44,2.3033832121979105,9.970231489297987e-07,0.4581620693206787
97,44,2.3033821989189494,1.0132789611816406e-06,0.45015931129455566
98,44,2.303381226279519,9.726394303299912e-07,0.449160099029541
99,44,2.3033802644772963,9.618022227542156e-07,0.4431569576263428
100,44,2.303378947756507,1.3167207892905708e-06,0.46216320991516113
101,44,2.303378330035643,6.17720863793636e-07,0.42815232276916504
102,44,2.3033811016516252,-2.771615982055664e-06,0.48017001152038574
103,44,2.3033535290848124,2.757256681285014e-05,0.452160120010376
104,44,2.303349242968993,4.286115819596148e-06,0.46416473388671875
105,44,2.3033487525853245,4.903836683389784e-07,0.4521610736846924
106,44,2.3033479966900567,7.558952677122477e-07,0.44115543365478516
107,44,2.303347262469205,7.342208516725179e-07,0.44615817070007324
108,44,2.3033464930274268,7.694417782921903e-07,0.628223180770874
109,44,2.303345487876372,1.005151054833675e-06,0.45916247367858887
110,44,2.3033448403531853,6.475231866254205e-07,0.46816587448120117
111,44,2.303344035690481,8.046627044677734e-07,0.4631648063659668
112,44,2.3033433800393883,6.556510925292969e-07,0.44615840911865234
113,44,2.3033426918766717,6.881627165888915e-07,0.4741671085357666
114,44,2.303342019969767,6.719069047811388e-07,0.45516204833984375
115,44,2.3033413263884457,6.935813212649578e-07,0.49317502975463867
116,44,2.3033406192606147,7.071278309567219e-07,0.49117326736450195
117,44,2.3033399338072,6.854534149169922e-07,0.4431569576263428
118,44,2.3033393052491276,6.285580722575901e-07,0.46416473388671875
119,44,2.3033387146212836,5.906278439660184e-07,0.45015931129455566
120,44,2.303337836807424,8.778138593790175e-07,0.46016359329223633
121,44,2.303337424993515,4.1181390919575733e-07,0.47516775131225586
122,44,2.3033368072726508,6.177208642377252e-07,0.5181844234466553
123,44,2.30333611369133,6.935813208208685e-07,0.4401557445526123
124,44,2.303335517644882,5.960464477539062e-07,0.5832066535949707
125,44,2.3033349134705285,6.041743536577826e-07,0.49817681312561035
126,44,2.303334593772888,3.196976403607721e-07,0.48016977310180664
127,44,2.3033336969939144,8.967789737468479e-07,0.47816967964172363
128,44,2.3033331578428093,5.391511050945041e-07,0.5071794986724854
129,44,2.303332567214966,5.906278435219292e-07,0.5351901054382324
130,44,2.303332019935955,5.472790109983805e-07,0.5662002563476562
131,44,2.3033314157616007,6.041743541018718e-07,0.45015978813171387
132,44,2.3033308549360796,5.608255211342339e-07,0.44815874099731445
133,44,2.303330277854746,5.770813333860758e-07,0.4511599540710449
134,44,2.303329711610621,5.662441253662109e-07,0.4541614055633545
135,44,2.303329126401381,5.852092397340414e-07,0.44615864753723145
136,44,2.3033286278898064,4.98511574686944e-07,0.4291517734527588
137,44,2.303328075192191,5.526976152303575e-07,0.43715476989746094
138,44,2.3033274222504008,6.529417904133084e-07,0.4361541271209717
139,44,2.3033271459015934,2.7634880739313417e-07,0.45015978813171387
140,44,2.3033265986225824,5.472790109983805e-07,0.46416473388671875
141,44,2.303326032378457,5.662441253662109e-07,0.43715476989746094
142,44,2.303325582634319,4.497441379314182e-07,0.4601633548736572
143,44,2.3033250353553076,5.472790114424697e-07,0.44415712356567383
144,44,2.3033245368437334,4.985115742428547e-07,0.4521613121032715
145,44,2.3033248240297493,-2.8718601585708825e-07,0.46616411209106445
146,44,2.3033235669136047,1.2571161445151802e-06,0.4401564598083496
147,44,2.3033231036229567,4.632906480672716e-07,0.44815874099731445
148,44,2.303322683681141,4.199418155437229e-07,0.451160192489624
149,44,2.3033221824602648,5.012208763588433e-07,0.42515015602111816
150,44,2.3033217300068247,4.5245344004740673e-07,0.4561619758605957
151,44,2.3033212585882707,4.7141855397114796e-07,0.49117422103881836
152,44,2.303320743820884,5.147673869387859e-07,0.4441568851470947
153,44,2.3033203428441826,4.0097670117589246e-07,0.4561619758605957
154,44,2.303319909355857,4.334883256795763e-07,0.43015313148498535
155,44,2.3033194812861355,4.2806972144759925e-07,0.44315671920776367
156,44,2.303319042379206,4.389069294674641e-07,0.44615793228149414
157,44,2.3033186170187863,4.2536041977569994e-07,0.451160192489624
158,44,2.3033182404258032,3.765929830201742e-07,0.43015217781066895
159,44,2.303317666053772,5.743720312700873e-07,0.46616554260253906
160,44,2.303317541425878,1.246278937827583e-07,0.48217082023620605
161,44,2.303316753018986,7.884068922159315e-07,0.4511597156524658
162,44,2.3033165525306356,2.0048835036590162e-07,0.46416473388671875
163,44,2.3033161651004446,3.8743019104003906e-07,0.44415712356567383
164,44,2.3033157261935147,4.3890692991155333e-07,0.43015241622924805
165,44,2.303315273740075,4.524534396033175e-07,0.46016359329223633
166,44,2.303314897147092,3.765929830201742e-07,0.4351537227630615
167,44,2.3033144744959744,4.226511176597114e-07,0.45516204833984375
168,44,2.303314157507636,3.1698833824478356e-07,0.46416497230529785
169,44,2.3033137890425595,3.684650766722086e-07,0.44815802574157715
170,44,2.303313358263536,4.3077902356358777e-07,0.4221498966217041
171,44,2.3033130168914795,3.4137205640050183e-07,0.44415807723999023
172,44,2.303312624042684,3.928487952720161e-07,0.4451568126678467
173,44,2.303312223065983,4.0097670117589246e-07,0.46216416358947754
174,44,2.3033118816939266,3.4137205640050183e-07,0.44615793228149414
175,44,2.3033123206008566,-4.3890692991155333e-07,0.44415807723999023
176,44,2.3033112314614383,1.0891394182088732e-06,0.43015170097351074
177,44,2.3033108196475287,4.1181390963984654e-07,0.4451587200164795
178,44,2.303310453891754,3.657557745562201e-07,0.43915605545043945
179,44,2.303310153159228,3.0073252599294165e-07,0.43915486335754395
180,44,2.3033097901127557,3.630464724402316e-07,0.6942462921142578
181,44,2.3033093972639604,3.928487952720161e-07,0.49317407608032227
182,44,2.3033090477639977,3.494999627484674e-07,0.4771697521209717
183,44,2.3033087361942637,3.115697340128065e-07,0.43715453147888184
184,44,2.3033083948222073,3.4137205640050183e-07,0.4631645679473877
185,44,2.303308031775735,3.630464724402316e-07,0.45716190338134766
186,44,2.3033077635548334,2.682209014892578e-07,0.5071794986724854
187,44,2.303307343613018,4.199418155437229e-07,0.4671659469604492
188,44,2.3033069426363166,4.0097670117589246e-07,0.4541611671447754
189,44,2.3033067963340064,1.4630231026657725e-07,0.4881727695465088
190,44,2.303306511857293,2.844767132970105e-07,0.4541611671447754
191,44,2.3033061650666324,3.467906606324789e-07,0.48417139053344727
192,44,2.3033060214736243,1.4359300815058873e-07,0.6382262706756592
193,44,2.303305612369017,4.091046070797688e-07,0.48717260360717773
194,44,2.3033052628690545,3.494999627484674e-07,0.4831721782684326
195,44,2.3033049323342065,3.3053484793654775e-07,0.4311521053314209
196,44,2.3033046397295864,2.926046200890653e-07,0.4261505603790283
197,44,2.303304366090081,2.7363950527714564e-07,0.4701671600341797
198,44,2.3033040274273264,3.386627547286025e-07,0.46816563606262207
199,44,2.3033037294041026,2.980232238769531e-07,0.4401562213897705
200,44,2.3033034232529728,3.061511297808295e-07,0.47116708755493164
