1,32,2.3083924407308754,Nan,0.37513184547424316
2,32,2.3041941957040266,0.004198245026848735,0.3451220989227295
3,32,2.303892116655003,0.0003020790490237957,0.3631284236907959
4,32,2.3038461452180687,4.5971436934078014e-05,0.34412240982055664
5,32,2.303831084208055,1.5061010013805998e-05,0.33211755752563477
6,32,2.3038226013833825,8.4828246724733e-06,0.35512614250183105
7,32,2.3038157522678375,6.849115544937945e-06,0.3431217670440674
8,32,2.3038098351521925,5.917115645015514e-06,0.3491241931915283
9,32,2.303804026408629,5.808743563484597e-06,0.3561251163482666
10,32,2.303798258304596,5.768104033077037e-06,0.3331184387207031
11,32,2.3037925958633423,5.662441253662109e-06,0.32311439514160156
12,32,2.303787112236023,5.4836273193359375e-06,0.33711981773376465
13,32,2.303781731562181,5.380673842036998e-06,0.33211755752563477
14,32,2.3037764836441386,5.2479180423503635e-06,0.3521251678466797
15,32,2.3037712682377207,5.21540641784668e-06,0.34812283515930176
16,32,2.3037751479582353,-3.879720514632368e-06,0.3341190814971924
17,32,2.3037612709132107,1.387704502464615e-05,0.3471229076385498
18,32,2.3037561503323642,5.120580846451617e-06,0.34612250328063965
19,32,2.303751216693358,4.9336390062215685e-06,0.3361191749572754
20,32,2.3037464293566616,4.7873366963990804e-06,0.3361189365386963
21,32,2.3037415011362596,4.9282204019895914e-06,0.32311463356018066
22,32,2.303747583519329,-6.082383069205832e-06,0.3291165828704834
23,32,2.303712476383556,3.510713577270508e-05,0.3611280918121338
24,32,2.30370892719789,3.5491856662517307e-06,0.333118200302124
25,32,2.3037050610238854,3.866174004496514e-06,0.34812331199645996
26,32,2.3037009997801348,4.061243750630439e-06,0.38213515281677246
27,32,2.3036969195712698,4.080208864998269e-06,0.35312557220458984
28,32,2.3036928447810086,4.0747902612103815e-06,0.3381199836730957
29,32,2.303688802502372,4.042278636706698e-06,0.34612250328063965
30,32,2.3036848279562863,3.9745460855833414e-06,0.3431212902069092
31,32,2.303680953654376,3.874301910400391e-06,0.32811665534973145
32,32,2.303677128119902,3.825534473644865e-06,0.345123291015625
33,32,2.3036732890389184,3.839080983780718e-06,0.34612178802490234
34,32,2.3036695474928077,3.741546110713756e-06,0.3291165828704834
35,32,2.3036764697595076,-6.922266699849189e-06,0.33311891555786133
36,32,2.3036629178307275,1.3551928780053402e-05,0.336118221282959
37,32,2.3036587834358215,4.134394905985772e-06,0.3201134204864502
38,32,2.303655217994343,3.5654414785035726e-06,0.33912038803100586
39,32,2.3036517825993625,3.4353949804888373e-06,0.34612298011779785
40,32,2.3036483824253082,3.400174054313254e-06,0.35012388229370117
41,32,2.3036449903791603,3.3920461479652886e-06,0.324115514755249
42,32,2.303641674193469,3.3161856913821453e-06,0.3631279468536377
43,32,2.3036383986473083,3.275546160530496e-06,0.3401203155517578
44,32,2.303635296496478,3.102150830436301e-06,0.33912038803100586
45,32,2.3036320995200765,3.196976401387275e-06,0.3591282367706299
46,32,2.303629008206454,3.091313622416436e-06,0.34612274169921875
47,32,2.3036258843812076,3.1238252464760308e-06,0.3451211452484131
48,32,2.3036228797652503,3.0046159573693387e-06,0.3521251678466797
49,32,2.3036199401725423,2.939592707917882e-06,0.3311171531677246
50,32,2.3036169653589074,2.9748136349816434e-06,0.35312533378601074
51,32,2.3036133592778985,3.606081008911133e-06,0.34812331199645996
52,32,2.3036013543605804,1.2004917318009234e-05,0.34112119674682617
53,32,2.3035934648730536,7.889487526835381e-06,0.35712647438049316
54,32,2.3035900511524896,3.4137205640050183e-06,0.3651289939880371
55,32,2.3035872876644135,2.7634880761517877e-06,0.3541271686553955
56,32,2.3035846677693455,2.619895068001199e-06,0.33711838722229004
57,32,2.3035820614207876,2.6063485578653456e-06,0.3541252613067627
58,32,2.3035794550722297,2.6063485578653456e-06,0.34612298011779785
59,32,2.303576894781806,2.5602904236698976e-06,0.34812355041503906
60,32,2.3035744455727665,2.4492090395789035e-06,0.35112428665161133
61,32,2.303571939468384,2.5061043826823948e-06,0.35112524032592773
62,32,2.3035695390267805,2.400441603267467e-06,0.3341176509857178
63,32,2.3035671385851773,2.400441603267467e-06,0.3401203155517578
64,32,2.303564789620313,2.3489648643959526e-06,0.34612274169921875
65,32,2.30356242981824,2.3598020728599067e-06,0.35512661933898926
66,32,2.303560132330114,2.2974881259685276e-06,0.3201124668121338
67,32,2.3035578294233843,2.3029067297564154e-06,0.33712005615234375
68,32,2.3035555996678094,2.2297555748451714e-06,0.36913084983825684
69,32,2.303553440354087,2.159313722494005e-06,0.415147066116333
70,32,2.3035512160171163,2.2243369706131944e-06,0.3541257381439209
71,32,2.3035490729592065,2.143057909798074e-06,0.34412169456481934
72,32,2.3035484444011343,6.285580722575901e-07,0.34412217140197754
73,32,2.3035448410294275,3.6033717067951443e-06,0.34112071990966797
74,32,2.3035427792505785,2.0617788489829536e-06,0.34112119674682617
75,32,2.3035407689484684,2.0103021101114393e-06,0.33711910247802734
76,32,2.303538750518452,2.018430016459405e-06,0.35112524032592773
77,32,2.3035377724604174,9.780580345619683e-07,0.33211708068847656
78,32,2.3035407337275418,-2.961267124401701e-06,0.3521246910095215
79,32,2.303521505810998,1.9227916543851364e-05,0.31411194801330566
80,32,2.303518075834621,3.4299763767009495e-06,0.35712623596191406
81,32,2.3035157079046424,2.367929978763783e-06,0.35012388229370117
82,32,2.303513629869981,2.0780346612347955e-06,0.32811617851257324
83,32,2.3035118038004097,1.8260695715532904e-06,0.3811352252960205
84,32,2.3035099154168908,1.8883835188887588e-06,0.3451228141784668
85,32,2.303508146242662,1.7691742288938883e-06,0.3381195068359375
86,32,2.303506458347494,1.687895168078768e-06,0.3331177234649658
87,32,2.3035047460686076,1.7122788862344862e-06,0.32111406326293945
88,32,2.303503082557158,1.6635114494789605e-06,0.34212207794189453
89,32,2.3035014027898963,1.6797672617308024e-06,0.3341176509857178
90,32,2.303499674255198,1.7285346984863281e-06,0.33912014961242676
91,32,2.3034980595111847,1.614744013167524e-06,0.3521246910095215
92,32,2.303496463732286,1.5957788987996935e-06,0.35512614250183105
93,32,2.3034949085929175,1.5551393683921333e-06,0.3361191749572754
94,32,2.3034933670000597,1.5415928578121907e-06,0.32811641693115234
95,32,2.3034917332909326,1.6337091270912651e-06,0.3581275939941406
96,32,2.3034902756864373,1.457604495325171e-06,0.3411214351654053
97,32,2.303488707000559,1.5686858780838975e-06,0.3421199321746826
98,32,2.3034885254773227,1.815232364421604e-07,0.35512685775756836
99,32,2.3034857619892466,2.7634880761517877e-06,0.33011603355407715
100,32,2.303484269163825,1.4928254215007541e-06,0.3221142292022705
101,32,2.3034828034314243,1.4657324007849581e-06,0.3271157741546631
102,32,2.3034813566641374,1.446767286861217e-06,0.32111454010009766
103,32,2.3034799586642873,1.3979998501056912e-06,0.36012697219848633
104,32,2.303478482094678,1.4765696092489122e-06,0.3311173915863037
105,32,2.3034771870483053,1.2950463728067518e-06,0.36212873458862305
106,32,2.303475794467059,1.3925812463178033e-06,0.4341542720794678
107,32,2.303474475036968,1.31943009096247e-06,0.44615745544433594
108,32,2.3034731583161787,1.3167207892905708e-06,0.3451225757598877
109,32,2.3034717630256307,1.3952905479897026e-06,0.3471229076385498
110,32,2.303470495072278,1.267953352535045e-06,0.35312485694885254
111,32,2.303469172932885,1.3221393930784586e-06,0.36012792587280273
112,32,2.303467877886512,1.295046373250841e-06,0.36012721061706543
113,32,2.303466585549441,1.2923370706907633e-06,0.33311891555786133
114,32,2.3034653419798072,1.2435696339352376e-06,0.3581268787384033
115,32,2.3034641200845893,1.2218952178955078e-06,0.3421213626861572
116,32,2.3034629225730896,1.1975114997397895e-06,0.3341176509857178
117,32,2.303461641073227,1.2814998626708984e-06,0.31211137771606445
118,32,2.303460478782654,1.1622905731201172e-06,0.3491232395172119
119,32,2.3034592514688317,1.2273138221274849e-06,0.3431220054626465
120,32,2.303458118980581,1.1324882507324219e-06,0.3381197452545166
121,32,2.30345695939931,1.1595812710041287e-06,0.33712053298950195
122,32,2.303457276387648,-3.1698833824478356e-07,0.33211636543273926
123,32,2.303454648364674,2.6280229743491645e-06,0.3361196517944336
124,32,2.303453467108987,1.1812556870438584e-06,0.3521254062652588
125,32,2.3034523644230585,1.1026859283447266e-06,0.3541245460510254
126,32,2.303451277992942,1.0864301165369739e-06,0.3651297092437744
127,32,2.3034501753070136,1.1026859283447266e-06,0.34812355041503906
128,32,2.3034491295164283,1.0457905852412352e-06,0.3341178894042969
129,32,2.3034480728886346,1.0566277937051893e-06,0.3491249084472656
130,32,2.3034469566561957,1.1162324389246692e-06,0.3381185531616211
131,32,2.3034459487958387,1.0078603569496636e-06,0.3361203670501709
132,32,2.303444886749441,1.0620463979371664e-06,0.35512495040893555
133,32,2.3034438382495535,1.0484998873572238e-06,0.34812402725219727
134,32,2.3034428493543104,9.888952430259224e-07,0.34612250328063965
135,32,2.3034418035637247,1.0457905856853245e-06,0.3561255931854248
136,32,2.3034408282149923,9.753487324459797e-07,0.36913132667541504
137,32,2.3034398555755615,9.726394307740804e-07,0.3451218605041504
138,32,2.303438826040788,1.0295347734334825e-06,0.45716238021850586
139,32,2.3034378506920556,9.753487324459797e-07,0.33211731910705566
140,32,2.3034369457851755,9.049068800948135e-07,0.35312557220458984
141,32,2.3034359216690063,1.0241161692015055e-06,0.3471231460571289
142,32,2.303434973413294,9.48255712174273e-07,0.32811617851257324
143,32,2.303434125401757,8.480115369913221e-07,0.3541259765625
144,32,2.30343315818093,9.672208269861926e-07,0.3361191749572754
145,32,2.3034322261810303,9.31999899922431e-07,0.3471221923828125
146,32,2.3034312670881096,9.59092920638227e-07,0.3271167278289795
147,32,2.3034303974021566,8.696859530310519e-07,0.3271162509918213
148,32,2.303429449146444,9.482557126183622e-07,0.3561255931854248
149,32,2.303428576751189,8.723952551470404e-07,0.34612250328063965
150,32,2.3034277910535987,7.85697590099943e-07,0.3451223373413086
151,32,2.3034268726002085,9.184533902306669e-07,0.31611180305480957
152,32,2.3034260841933163,7.884068922159315e-07,0.3331184387207031
153,32,2.3034251603213223,9.238719940185547e-07,0.33711981773376465
154,32,2.30342438546094,7.748603820800781e-07,0.3471229076385498
155,32,2.303423499519175,8.859417652828938e-07,0.33011722564697266
156,32,2.3034226325425236,8.669766513591526e-07,0.34612298011779785
157,32,2.3034218441356313,7.884068922159315e-07,0.33912014961242676
158,32,2.3034210259264167,8.182092146036268e-07,0.3451220989227295
159,32,2.303420229391618,7.965347985638971e-07,0.36012744903564453
160,32,2.3034193976358934,8.317557247394802e-07,0.3331184387207031
161,32,2.3034185740080746,8.236278188356039e-07,0.33011627197265625
162,32,2.303417842496525,7.315115495565294e-07,0.340120792388916
163,32,2.303416980938478,8.615580471271755e-07,0.3631291389465332
164,32,2.3034162277525123,7.531859655962592e-07,0.3401200771331787
165,32,2.3034154745665463,7.531859660403484e-07,0.33912062644958496
166,32,2.3034148053689436,6.691976026651503e-07,0.3561258316040039
167,32,2.3034140359271658,7.694417778481011e-07,0.34112119674682617
168,32,2.303413209590045,8.263371209515924e-07,0.3361189365386963
169,32,2.3034125214273278,6.881627170329807e-07,0.347123384475708
170,32,2.3034117736599664,7.477673613642821e-07,0.38513612747192383
171,32,2.3034110123460945,7.613138719442247e-07,0.32811665534973145
172,32,2.3034102456136183,7.667324761762018e-07,0.3491239547729492
173,32,2.3034095682881097,6.773255085690266e-07,0.36012744903564453
174,32,2.303408831357956,7.369301537885065e-07,0.3451230525970459
175,32,2.303408135067333,6.962906229368571e-07,0.3651289939880371
176,32,2.3034074252301995,7.098371335167997e-07,0.3401200771331787
177,32,2.303406750613993,6.746162064530381e-07,0.3361194133758545
178,32,2.303406073288484,6.773255090131158e-07,0.3561263084411621
179,32,2.3034053932536733,6.800348106850151e-07,0.33011627197265625
180,32,2.303404664451426,7.288022474405409e-07,0.340120792388916
181,32,2.303404003381729,6.610696967612739e-07,0.33011722564697266
182,32,2.3034033585678446,6.44813884509432e-07,0.33511900901794434
183,32,2.303402689370242,6.691976026651503e-07,0.33911967277526855
184,32,2.3034019768238068,7.12546435188699e-07,0.3271162509918213
185,32,2.3034013130448083,6.637789984331732e-07,0.36412906646728516
186,32,2.3034007522192868,5.608255215783231e-07,0.33712029457092285
187,32,2.303400045091456,7.071278309567219e-07,0.3471226692199707
188,32,2.303399384021759,6.610696967612739e-07,0.33011674880981445
189,32,2.303398782556707,6.014650519858833e-07,0.3401203155517578
190,32,2.3033980943939905,6.881627165888915e-07,0.3291168212890625
191,32,2.303397484801032,6.095929583338489e-07,0.35012388229370117
192,32,2.3033968968824907,5.879185414059407e-07,0.3681309223175049
193,32,2.303396311673251,5.852092397340414e-07,0.3431215286254883
194,32,2.303395688533783,6.23139468025613e-07,0.3361191749572754
195,32,2.3033950247547845,6.637789984331732e-07,0.3561272621154785
196,32,2.3033944070339203,6.177208642377252e-07,0.3541245460510254
197,32,2.3033938353711907,5.71662729598188e-07,0.34612250328063965
198,32,2.303393252871253,5.824999376180529e-07,0.3811349868774414
199,32,2.303392683917826,5.689534270381102e-07,0.3471248149871826
200,32,2.3033921122550964,5.71662729598188e-07,0.3451211452484131
