1,36,2.307045714421706,Nan,0.4021422863006592
2,36,2.303942100568251,0.00310361385345459,0.3921394348144531
3,36,2.3034153038805183,0.0005267966877329222,0.38713669776916504
4,36,2.303416669368744,-1.3654882256020073e-06,0.3701314926147461
5,36,2.3033492267131805,6.744265556335449e-05,0.4021437168121338
6,36,2.30334688316692,2.343546260608065e-06,0.4011416435241699
7,36,2.3033455176786943,1.3654882256020073e-06,0.40014123916625977
8,36,2.303344355388121,1.1622905731201172e-06,0.41414737701416016
9,36,2.303343241864985,1.1135231363645914e-06,0.3851358890533447
10,36,2.3033420849930155,1.1568719693322294e-06,0.4021422863006592
11,36,2.3033410906791687,9.943138468138102e-07,0.3951404094696045
12,36,2.303340023214167,1.0674650017250542e-06,0.38513612747192383
13,36,2.3033389069817285,1.11623243848058e-06,0.3931396007537842
14,36,2.3033379370516,9.69930128658092e-07,0.3771347999572754
15,36,2.3033369210633365,1.0159882632976291e-06,0.3831348419189453
16,36,2.3033359348773956,9.861859409099338e-07,0.3811354637145996
17,36,2.3033350462263282,8.886510673988823e-07,0.39113831520080566
18,36,2.303334041075273,1.0051510552777643e-06,0.40514397621154785
19,36,2.303333133459091,9.076161817667128e-07,0.37813353538513184
20,36,2.3033321554010566,9.780580345619683e-07,0.3931398391723633
21,36,2.30333133448254,8.209185167196154e-07,0.3741321563720703
22,36,2.303330513564023,8.209185167196154e-07,0.3881373405456543
23,36,2.303329635750164,8.778138593790175e-07,0.35312581062316895
24,36,2.30332873897119,8.967789737468479e-07,0.40314316749572754
25,36,2.30332793972709,7.992441002357964e-07,0.3771326541900635
26,36,2.3033271106806668,8.290464230675809e-07,0.39614129066467285
27,36,2.303326365622607,7.450580596923828e-07,0.3721315860748291
28,36,2.3033254986459557,8.669766513591526e-07,0.37113142013549805
29,36,2.303324832157655,6.664883005491617e-07,0.38213610649108887
30,36,2.303324035622857,7.965347981198079e-07,0.37813425064086914
31,36,2.3033233284950256,7.071278314008111e-07,0.39113783836364746
32,36,2.3033225536346436,7.748603820800781e-07,0.3811349868774414
33,36,2.303321822123094,7.315115495565294e-07,0.37313246726989746
34,36,2.3033211529254913,6.691976026651503e-07,0.38213491439819336
35,36,2.303320437669754,7.152557373046875e-07,0.3841369152069092
36,36,2.303319735960527,7.017092271688341e-07,0.38413548469543457
37,36,2.3033191046931525,6.312673743735786e-07,0.3671302795410156
38,36,2.303318413821134,6.9087201870488e-07,0.3681304454803467
39,36,2.303317806937478,6.068836557737711e-07,0.36413049697875977
40,36,2.303317126902667,6.800348111291044e-07,0.37113142013549805
41,36,2.3033164739608765,6.529417904133084e-07,0.36012697219848633
42,36,2.303315891460939,5.824999376180529e-07,0.37813377380371094
43,36,2.3033153170889076,5.743720312700873e-07,0.377133846282959
44,36,2.3033147047866476,6.123022600057482e-07,0.39113879203796387
45,36,2.303314119577408,5.852092397340414e-07,0.3771331310272217
46,36,2.303313450379805,6.691976026651503e-07,0.3721325397491455
47,36,2.303312922065908,5.283138970746393e-07,0.36612939834594727
48,36,2.3033124072985216,5.147673864946967e-07,0.3971407413482666
49,36,2.3033118789846245,5.283138970746393e-07,0.37813425064086914
50,36,2.3033112612637607,6.17720863793636e-07,0.3841359615325928
51,36,2.303310776298696,4.849650645510906e-07,0.40014195442199707
52,36,2.3033102588220076,5.174766886106852e-07,0.38213539123535156
53,36,2.303309692577882,5.662441253662109e-07,0.3991413116455078
54,36,2.3033092536709527,4.389069294674641e-07,0.3791353702545166
55,36,2.30330874432217,5.093487827068088e-07,0.3851354122161865
56,36,2.3033081970431586,5.472790114424697e-07,0.3931398391723633
57,36,2.3033077852292494,4.1181390919575733e-07,0.37813377380371094
58,36,2.303307286717675,4.985115742428547e-07,0.37313199043273926
59,36,2.3033067231828515,5.635348236943116e-07,0.37813425064086914
60,36,2.303306360136379,3.630464724402316e-07,0.3671305179595947
61,36,2.303305904973637,4.5516274216339525e-07,0.3831355571746826
62,36,2.303305395624854,5.093487827068088e-07,0.37613344192504883
63,36,2.303304983810945,4.1181390919575733e-07,0.3831357955932617
64,36,2.3033045828342438,4.0097670117589246e-07,0.38213539123535156
65,36,2.3033041683110325,4.1452321131174585e-07,0.3811349868774414
66,36,2.303303688764572,4.795464603191135e-07,0.3721323013305664
67,36,2.3033032525669443,4.361976277955648e-07,0.3811347484588623
68,36,2.3033028461716394,4.063953049637803e-07,0.3591275215148926
69,36,2.30330246145075,3.8472088936813975e-07,0.36212849617004395
70,36,2.3033020577647467,4.03686003291881e-07,0.3951401710510254
71,36,2.303301692008972,3.657557745562201e-07,0.38413548469543457
72,36,2.3033012639392507,4.2806972144759925e-07,0.36713075637817383
73,36,2.30330089005557,3.7388368090418567e-07,0.5591974258422852
74,36,2.303300524299795,3.657557750003093e-07,0.3681302070617676
75,36,2.3033000962300734,4.2806972144759925e-07,0.3971409797668457
76,36,2.303299703381278,3.928487952720161e-07,0.3861367702484131
77,36,2.3032994270324707,2.7634880739313417e-07,0.40714478492736816
78,36,2.303299042311582,3.8472088892405054e-07,0.36212778091430664
79,36,2.303298657590693,3.8472088892405054e-07,0.3841359615325928
80,36,2.303298359567469,2.980232238769531e-07,0.38213586807250977
81,36,2.3032979504628615,4.09104607523858e-07,0.38013482093811035
82,36,2.303297684951262,2.655115993732693e-07,0.36012721061706543
83,36,2.3032973246140913,3.6033717076833227e-07,0.38913917541503906
84,36,2.303296988660639,3.359534521685248e-07,0.39113736152648926
85,36,2.3032966499978844,3.386627547286025e-07,0.3751344680786133
86,36,2.3032962923700158,3.5762786865234375e-07,0.38413524627685547
87,36,2.303295972672376,3.196976399166829e-07,0.3761332035064697
88,36,2.3032956475561317,3.251162441486599e-07,0.3881373405456543
89,36,2.3032953278584913,3.196976403607721e-07,0.383136510848999
90,36,2.303294978358529,3.494999623043782e-07,0.37113094329833984
91,36,2.3032947453585537,2.3299997531367467e-07,0.3671302795410156
92,36,2.3032944094051016,3.359534521685248e-07,0.37113118171691895
93,36,2.3032941980795427,2.113255588298557e-07,0.36012744903564453
94,36,2.3032938567074863,3.4137205640050183e-07,0.3611283302307129
95,36,2.30329352888194,3.2782554626464844e-07,0.3721323013305664
96,36,2.3032932579517365,2.7093020360524633e-07,0.3971409797668457
97,36,2.3032929436727003,3.1427903612879504e-07,0.3741326332092285
98,36,2.303292680870403,2.6280229725728077e-07,0.3561258316040039
99,36,2.303292390975085,2.8989531797307677e-07,0.36212944984436035
100,36,2.3032921064983713,2.8447671374109973e-07,0.3601264953613281
101,36,2.303291816603054,2.8989531752898756e-07,0.3901381492614746
102,36,2.3032915673472663,2.492557875655166e-07,0.3741331100463867
103,36,2.303291282870553,2.844767132970105e-07,0.4021425247192383
104,36,2.3032910607077857,2.221627672938098e-07,0.37813377380371094
105,36,2.303290852091529,2.086162567138672e-07,0.40514349937438965
106,36,2.3032905649055135,2.8718601541299904e-07,0.3581271171569824
107,36,2.303290207277645,3.5762786865234375e-07,0.3671300411224365
108,36,2.3032900338823143,1.7339533053828404e-07,0.3811349868774414
109,36,2.3032898090102454,2.248720689657091e-07,0.36012840270996094
110,36,2.30328950827772,3.0073252554885244e-07,0.3841361999511719
111,36,2.3032892590219323,2.492557875655166e-07,0.3761329650878906
112,36,2.303289058533582,2.0048835036590162e-07,0.3511240482330322
113,36,2.303288822824305,2.3570927698557398e-07,0.3841369152069092
114,36,2.303288546475497,2.763488078372234e-07,0.3631281852722168
115,36,2.303288321603428,2.248720689657091e-07,0.4021437168121338
116,36,2.3032880886034532,2.3299997486958546e-07,0.374131441116333
117,36,2.303287839347666,2.492557871214274e-07,0.3831357955932617
118,36,2.303287286650051,5.526976152303575e-07,0.39113855361938477
119,36,2.3032870563593777,2.3029067319768615e-07,0.3471231460571289
120,36,2.3032868639989332,1.9236044446202527e-07,0.3681306838989258
121,36,2.303286696022207,1.67976726306307e-07,0.35712647438049316
122,36,2.30328646031293,2.3570927698557398e-07,0.390139102935791
123,36,2.3032862869176,1.7339533009419483e-07,0.3701310157775879
124,36,2.3032913506031036,-5.063685503792215e-06,0.37813377380371094
125,36,2.3032481453635474,4.320523955625433e-05,0.37513232231140137
126,36,2.303249104456468,-9.59092920638227e-07,0.3811354637145996
127,36,2.303249616514553,-5.120580848227974e-07,0.3721318244934082
128,36,2.3032497980377893,-1.815232364421604e-07,0.3581271171569824
129,36,2.303249779072675,1.8965114367830438e-08,0.3611276149749756
130,36,2.3032497330145403,4.605813463953723e-08,0.3971409797668457
131,36,2.303249619223855,1.1379068531880421e-07,0.3811352252960205
132,36,2.30324955961921,5.960464477539063e-08,0.3651294708251953
133,36,2.3032495108517734,4.876743675552575e-08,0.38013434410095215
134,36,2.3032493564215573,1.544302161704536e-07,0.3861377239227295
135,36,2.3032492724331943,8.39883629311089e-08,0.3611276149749756
136,36,2.3032491586425086,1.1379068576289342e-07,0.3651292324066162
137,36,2.303249006921595,1.5172091361037587e-07,0.3911397457122803
138,36,2.303248950026252,5.6895343103491314e-08,0.3521237373352051
139,36,2.3032488335262644,1.1649998743479273e-07,0.36212849617004395
140,36,2.303248717026277,1.1649998743479273e-07,0.3901383876800537
141,36,2.3032486818053504,3.5220926619672355e-08,0.3681325912475586
142,36,2.303248630328612,5.147673842742506e-08,0.4031407833099365
143,36,2.3032485002821144,1.3004649757064612e-07,0.37513279914855957
144,36,2.303248405456543,9.482557139506298e-08,0.3721320629119873
145,36,2.303248326886784,7.856975914322106e-08,0.3741323947906494
146,36,2.303248256444931,7.04418527952555e-08,0.36412930488586426
147,36,2.3032481643286618,9.211626927907446e-08,0.3951399326324463
148,36,2.30324802886356,1.3546510180262317e-07,0.38213586807250977
149,36,2.303247958421707,7.04418527952555e-08,0.3851358890533447
150,36,2.3032478879798544,7.04418527952555e-08,0.3721320629119873
151,36,2.303247782317075,1.0566277941492785e-07,0.38213586807250977
152,36,2.3032476658170875,1.1649998743479273e-07,0.36212778091430664
153,36,2.3032476035031406,6.231394689137915e-08,0.3811354637145996
154,36,2.3032475222240794,8.127906125920958e-08,0.3841361999511719
155,36,2.303247394886884,1.273371954546576e-07,0.4021437168121338
156,36,2.3032473813403738,1.3546510135853396e-08,0.38013386726379395
157,36,2.3032472648403863,1.1649998743479273e-07,0.4131457805633545
158,36,2.3032471483403985,1.1649998787888194e-07,0.3701314926147461
159,36,2.303247178142721,-2.9802322387695312e-08,0.3771340847015381
160,36,2.3032470128752967,1.6526742419031848e-07,0.38913750648498535
161,36,2.3032469939101827,1.8965113923741228e-08,0.3971407413482666
162,36,2.30324695056135,4.334883252354871e-08,0.3791346549987793
163,36,2.3032468421892687,1.0837208153091638e-07,0.3761327266693115
164,36,2.3032467500729994,9.211626927907446e-08,0.36012887954711914
165,36,2.303246649828824,1.0024417518295081e-07,0.388136625289917
166,36,2.303246560421857,8.940696716308594e-08,0.36613035202026367
167,36,2.3032465279102325,3.2511624503683834e-08,0.38413548469543457
168,36,2.3032464141195472,1.1379068531880421e-07,0.3861374855041504
169,36,2.3032463788986206,3.5220926619672355e-08,0.3791341781616211
170,36,2.3032462894916534,8.940696716308594e-08,0.3931388854980469
171,36,2.3032462380149146,5.147673887151427e-08,0.37613344192504883
172,36,2.303246181119572,5.6895342659402104e-08,0.38213586807250977
173,36,2.303246097131209,8.39883629311089e-08,0.3831355571746826
174,36,2.3032459941777317,1.0295347729893933e-07,0.3701310157775879
175,36,2.3032458912242544,1.0295347729893933e-07,0.37313199043273926
176,36,2.3032458776777442,1.3546510135853396e-08,0.3701314926147461
177,36,2.3032457665963606,1.110813836469049e-07,0.37313199043273926
178,36,2.30324571241032,5.418604054341358e-08,0.3811354637145996
179,36,2.3032456826079977,2.9802322387695312e-08,0.3701310157775879
180,36,2.3032456202940508,6.231394689137915e-08,0.3831362724304199
181,36,2.3032455444335938,7.586045702723254e-08,0.38713669776916504
182,36,2.3032454631545325,8.127906125920958e-08,0.40014219284057617
183,36,2.30324543335221,2.9802322387695312e-08,0.40314221382141113
184,36,2.303245349363847,8.39883629311089e-08,0.37113142013549805
185,36,2.3032452870499003,6.231394689137915e-08,0.3581273555755615
186,36,2.3032452057708395,8.127906081512037e-08,0.37113165855407715
187,36,2.3032450648871334,1.408837060346002e-07,0.3771336078643799
188,36,2.303245010701093,5.418604054341358e-08,0.37113118171691895
189,36,2.303244972770864,3.7930228735660876e-08,0.4041433334350586
190,36,2.3032448942011055,7.856975869913185e-08,0.38913798332214355
191,36,2.303244858980179,3.5220926619672355e-08,0.3651292324066162
192,36,2.303244802084836,5.6895342659402104e-08,0.35512661933898926
193,36,2.3032447777011176,2.438371859980748e-08,0.36612963676452637
194,36,2.303244701840661,7.586045658314333e-08,0.37513303756713867
195,36,2.3032445826313714,1.1920928955078125e-07,0.3741326332092285
196,36,2.30324450135231,8.127906125920958e-08,0.39414000511169434
197,36,2.3032445230267267,-2.167441648381896e-08,0.36412882804870605
198,36,2.3032595325600016,-1.5009533274934483e-05,0.36913204193115234
199,36,2.303228876807473,3.065575252847452e-05,0.3901369571685791
200,36,2.3032302287491886,-1.351941715466154e-06,0.37113142013549805
