1,2.3029881715774536,24,1.6308038234710693,Nan
2,2.3028290843963624,24,0.6217925548553467,0.0001590871810912553
3,2.302759276798793,24,0.616499662399292,6.980759756913812e-05
4,2.302717046737671,24,0.6160790920257568,4.223006112225036e-05
5,2.3026656232561384,24,0.6165909767150879,5.142348153253096e-05
6,2.302709836959839,24,0.6010887622833252,-4.4213703700446416e-05
7,2.30271545955113,24,0.6007866859436035,-5.622591291221113e-06
8,2.3026701048442297,24,0.6005477905273438,4.5354706900369024e-05
9,2.302654353550502,24,0.6159584522247314,1.5751293727550575e-05
10,2.3026825639179775,24,0.6007652282714844,-2.8210367475356435e-05
11,2.302687380654471,24,0.6002850532531738,-4.816736493662432e-06
12,2.302663747923715,24,0.6158139705657959,2.363273075633998e-05
13,2.302693724632263,24,0.6005773544311523,-2.9976708548318243e-05
14,2.3027050951548986,24,0.5999672412872314,-1.1370522635445468e-05
15,2.302660948889596,24,0.618598461151123,4.4146265302469345e-05
16,2.3026798575265066,24,0.6044051647186279,-1.890863691045297e-05
17,2.302667065347944,24,0.6476190090179443,1.279217856264836e-05
18,2.302689037322998,24,0.6009809970855713,-2.197197505404702e-05
19,2.302648022515433,24,0.6012804508209229,4.1014807564909717e-05
20,2.3026417991093227,24,0.8482117652893066,6.223406110450469e-06
21,2.3026726954323906,24,0.8861703872680664,-3.089632306796375e-05
22,2.30268351486751,24,0.6534242630004883,-1.0819435119380216e-05
23,2.3026892573492868,24,0.6012232303619385,-5.7424817767604e-06
24,2.3026901878629413,24,0.6005697250366211,-9.305136545734172e-07
25,2.302705445289612,24,0.616020917892456,-1.5257426670522989e-05
26,2.302671638216291,24,0.6000971794128418,3.380707332079069e-05
27,2.3026638868876868,24,0.6011302471160889,7.751328604310714e-06
28,2.302645092691694,24,0.601276159286499,1.8794195992821727e-05
29,2.302673589161464,24,0.5848865509033203,-2.8496469770100674e-05
30,2.3026885972704205,24,0.616168737411499,-1.5008108956493516e-05
31,2.3026785482679095,24,0.6001021862030029,1.004900251100338e-05
32,2.3026443236214775,24,0.5999784469604492,3.4224646431990635e-05
33,2.302664053780692,24,0.6005885601043701,-1.973015921441501e-05
34,2.3026718820844376,24,0.6001379489898682,-7.828303745682774e-06
35,2.302704473904201,24,0.6005802154541016,-3.259181976345005e-05
36,2.3026671702521186,24,0.6003646850585938,3.730365208243214e-05
37,2.302651059968131,24,0.5850069522857666,1.611028398773584e-05
38,2.3026688473565238,24,0.6001644134521484,-1.7787388392864756e-05
39,2.3026840959276473,24,0.6011712551116943,-1.5248571123560595e-05
40,2.302683375903538,24,0.6001856327056885,7.200241092242265e-07
41,2.3026772022247313,24,0.6006255149841309,6.1736788068422754e-06
42,2.302689903804234,24,0.6015987396240234,-1.2701579502838456e-05
43,2.302689083644322,24,0.6009349822998047,8.2015991198503e-07
44,2.302632085255214,24,0.6004774570465088,5.699838910810939e-05
45,2.302665001324245,24,0.5996866226196289,-3.2916069030886064e-05
46,2.302679319381714,24,0.6151609420776367,-1.4318057468987178e-05
47,2.3026674618039813,24,0.6532320976257324,1.1857577732587998e-05
48,2.3026615599223548,24,0.6466429233551025,5.901881626524386e-06
49,2.3026703214645385,24,0.6162087917327881,-8.761542183766124e-06
50,2.302648801122393,24,0.600013256072998,2.1520342145642246e-05
51,2.302674369130816,24,0.7539784908294678,-2.5568008422904853e-05
52,2.3026640163149152,24,0.6851840019226074,1.0352815900560586e-05
53,2.302663413456508,24,0.599877119064331,6.028584071948728e-07
54,2.3026718963895525,24,0.600787878036499,-8.482933044451357e-06
55,2.302682111603873,24,0.6010980606079102,-1.0215214320652422e-05
56,2.3026259769712176,24,0.6010973453521729,5.613463265552454e-05
57,2.302667933191572,24,0.6004893779754639,-4.1956220354411045e-05
58,2.3026906905855453,24,0.6010639667510986,-2.2757393973282802e-05
59,2.3026718691417147,24,0.5995593070983887,1.8821443830585594e-05
60,2.302666731561933,24,0.601783037185669,5.13757978160001e-06
61,2.3026456342424666,24,0.6004841327667236,2.109731946653426e-05
62,2.3026513583319526,24,0.6003737449645996,-5.7240894859589275e-06
63,2.302663549695696,24,0.6163449287414551,-1.2191363743419004e-05
64,2.3026928758621215,24,0.6004602909088135,-2.9326166425480693e-05
65,2.302669619151524,24,0.60091233253479,2.3256710597330255e-05
66,2.3026788316454208,24,0.6007323265075684,-9.212493896626484e-06
67,2.3026589856828963,24,0.5999596118927002,1.9845962524467353e-05
68,2.3026686763763426,24,0.6316211223602295,-9.69069344636253e-06
69,2.30267272404262,24,0.6000261306762695,-4.047666277262607e-06
70,2.3026760721206667,24,0.6006207466125488,-3.3480780468053695e-06
71,2.3026786981310163,24,0.6165235042572021,-2.626010349615626e-06
72,2.3026439796175278,24,0.5998554229736328,3.471851348857413e-05
73,2.302655519757952,24,0.6004111766815186,-1.154014042414886e-05
74,2.3026466192517963,24,0.6001672744750977,8.9005061556513e-06
75,2.3026587881360734,24,0.600128173828125,-1.2168884277130587e-05
76,2.3026580251966204,24,0.6000895500183105,7.629394529473643e-07
77,2.3026609209605624,24,0.6007084846496582,-2.8957639419679992e-06
78,2.3026710844039915,24,0.599590539932251,-1.0163443429078711e-05
79,2.302650158064706,24,0.616422176361084,2.0926339285409767e-05
80,2.30265575000218,24,0.6007387638092041,-5.591937473958808e-06
81,2.302660388946533,24,0.5999801158905029,-4.638944353096974e-06
82,2.302652705056327,24,0.5997693538665771,7.683890206333643e-06
83,2.3026600572041103,24,0.6006569862365723,-7.352147783468155e-06
84,2.3026541321618215,24,0.600841760635376,5.925042288801308e-06
85,2.302673258100237,24,0.6167452335357666,-1.9125938415687216e-05
86,2.302676474026271,24,0.6042029857635498,-3.2159260339170714e-06
87,2.30264835357666,24,0.6011331081390381,2.8120449611090947e-05
88,2.3026638807569233,24,0.6003434658050537,-1.552718026331945e-05
89,2.3026823248182025,24,0.5960874557495117,-1.8444061279154766e-05
90,2.302680308478219,24,0.6059725284576416,2.016339983423876e-06
91,2.3027130372183664,24,0.6008539199829102,-3.2728740147369706e-05
92,2.302681705611093,24,0.6005358695983887,3.133160727353257e-05
93,2.3026556989124844,24,0.7168223857879639,2.60066986084162e-05
94,2.30266512802669,24,0.5997581481933594,-9.429114205428135e-06
95,2.302685260772705,24,0.6001360416412354,-2.0132746015200098e-05
96,2.3026711545671734,24,0.6010646820068359,1.4106205531660976e-05
97,2.3026547227587018,24,0.5996260643005371,1.6431808471661924e-05
98,2.302657598767962,24,0.6000304222106934,-2.8760092600776943e-06
99,2.302657141685486,24,0.615863561630249,4.5708247586873085e-07
100,2.3026597240992954,24,0.5997669696807861,-2.5824138094598936e-06
