1,2.30313978944506,6,0.9486382007598877,Nan
2,2.3028636496407646,6,0.38454198837280273,0.0002761398042951946
3,2.30274772303445,6,0.3525879383087158,0.00011592660631443152
4,2.3026861715316773,6,0.37868309020996094,6.155150277287191e-05
5,2.3026875489098684,6,0.35379528999328613,-1.3773781910586536e-06
6,2.302709770202637,6,0.36896562576293945,-2.2221292768520584e-05
7,2.3026986748831613,6,0.3626384735107422,1.109531947562914e-05
8,2.3027018669673374,6,0.36886119842529297,-3.192084176095733e-06
9,2.3026816987991334,6,0.3693509101867676,2.0168168203937853e-05
10,2.3026710871287754,6,0.34665441513061523,1.0611670357985048e-05
11,2.302703495025635,6,0.3532559871673584,-3.240789685943213e-05
12,2.302703949383327,6,0.3788607120513916,-4.5435769191470854e-07
13,2.302719306945801,6,0.36890101432800293,-1.535756247417197e-05
14,2.3026909494400023,6,0.36850929260253906,2.8357505798659588e-05
15,2.30270576272692,6,0.38017797470092773,-1.4813286917547686e-05
16,2.3027259193147933,6,0.3675539493560791,-2.0156587873465526e-05
17,2.3026891136169434,6,0.3685579299926758,3.680569784991761e-05
18,2.3027021857670373,6,0.3689436912536621,-1.3072150093940138e-05
19,2.302686794144767,6,0.379108190536499,1.5391622270488625e-05
20,2.3026797192437307,6,0.36895251274108887,7.074901036130399e-06
21,2.30270355292729,6,0.3687326908111572,-2.383368355918236e-05
22,2.3026966176714216,6,0.3627622127532959,6.935255868256718e-06
23,2.302706048148019,6,0.36896610260009766,-9.430476597405146e-06
24,2.302687255995614,6,0.38450074195861816,1.879215240485621e-05
25,2.3027049085072107,6,0.3683507442474365,-1.7652511596466525e-05
26,2.302681883403233,6,0.36324071884155273,2.302510397766966e-05
27,2.30269172668457,6,0.3531002998352051,-9.843281337129639e-06
28,2.3027112259183613,6,0.36275267601013184,-1.949923379118701e-05
29,2.3026941864831105,6,0.3541693687438965,1.7039435250776336e-05
30,2.302688339097159,6,0.3629336357116699,5.847385951440742e-06
31,2.3027027218682425,6,0.35306286811828613,-1.4382771083454315e-05
32,2.302704794747489,6,0.3842799663543701,-2.072879246473036e-06
33,2.3026972757067,6,0.36615777015686035,7.519040789105702e-06
34,2.3026965481894357,6,0.3982722759246826,7.275172642096095e-07
35,2.3026926367623464,6,0.36792683601379395,3.911427089331454e-06
36,2.302704134668623,6,0.3693878650665283,-1.1497906276414227e-05
37,2.3026712567465646,6,0.384765625,3.2877922058194287e-05
38,2.3027117347717283,6,0.3847312927246094,-4.0478025163714904e-05
39,2.302700194631304,6,0.6133646965026855,1.154014042414886e-05
40,2.302698057038443,6,0.5471234321594238,2.137592860940174e-06
41,2.3026913697378975,6,0.36011600494384766,6.687300545760166e-06
42,2.302693531853812,6,0.5639491081237793,-2.162115914750018e-06
43,2.302684383392334,6,0.3995518684387207,9.148461478147851e-06
44,2.3026795285088677,6,0.35339879989624023,4.8548834663542095e-06
45,2.3027037361689975,6,0.44677138328552246,-2.4207660129782482e-05
46,2.3026732764925275,6,0.438098669052124,3.045967646997383e-05
47,2.302664837837219,6,0.5466737747192383,8.43865530830712e-06
48,2.302693582943508,6,0.3625185489654541,-2.874510628858573e-05
49,2.302692345210484,6,0.3534727096557617,1.2377330236290618e-06
50,2.3026687588010515,6,0.36904001235961914,2.3586409432674316e-05
51,2.3026956115450177,6,0.34755420684814453,-2.6852743966188086e-05
52,2.3027043792179653,6,0.36895322799682617,-8.767672947662675e-06
53,2.302687565939767,6,0.40097856521606445,1.6813278198135606e-05
54,2.3027063601357596,6,0.34701108932495117,-1.8794195992377638e-05
55,2.3026873438698905,6,0.36866259574890137,1.9016265869087334e-05
56,2.3027267605917796,6,0.3471341133117676,-3.941672188911838e-05
57,2.3026752526419503,6,0.3528625965118408,5.150794982933249e-05
58,2.302655576978411,6,0.34683704376220703,1.9675663539331367e-05
59,2.3026877049037386,6,0.3532686233520508,-3.212792532769626e-05
60,2.3026702533449446,6,0.36888837814331055,1.7451558794068234e-05
61,2.3027004201071604,6,0.43241047859191895,-3.0166762215788623e-05
62,2.302670965194702,6,0.5255734920501709,2.9454912458426463e-05
63,2.3027132763181415,6,0.6242115497589111,-4.2311123439553455e-05
64,2.3026795761925833,6,0.6147582530975342,3.370012555814483e-05
65,2.3026720687321256,6,0.637948751449585,7.5074604577451964e-06
66,2.302645549092974,6,0.5673871040344238,2.6519639151789676e-05
67,2.3026971558162144,6,0.548438310623169,-5.160672324056037e-05
68,2.3026981707981653,6,0.5729725360870361,-1.01498195093086e-06
69,2.3026840911592754,6,0.4537384510040283,1.4079638889885615e-05
70,2.3026673357827323,6,0.558861494064331,1.6755376543109435e-05
71,2.3026731858934677,6,0.43104100227355957,-5.8501107353947646e-06
72,2.302619959286281,6,0.437760591506958,5.322660718665162e-05
73,2.302652107647487,6,0.36233949661254883,-3.214836120601916e-05
74,2.302689849308559,6,0.353177547454834,-3.774166107195498e-05
75,2.3026647901535036,6,0.3792581558227539,2.5059155055462412e-05
76,2.3026761211667743,6,0.35282373428344727,-1.133101327077668e-05
77,2.302690863609314,6,0.3507397174835205,-1.4742442539628087e-05
78,2.3026737512860977,6,0.3654906749725342,1.7112323216217362e-05
79,2.302678026471819,6,0.5587112903594971,-4.275185721436259e-06
80,2.302655782018389,6,0.4434080123901367,2.2244453430353417e-05
81,2.3026739018304005,6,0.5385017395019531,-1.811981201171875e-05
82,2.30266838823046,6,0.5982174873352051,5.513599940609737e-06
83,2.3026803704670495,6,0.4162607192993164,-1.1982236589602735e-05
84,2.302679112979344,6,0.3529667854309082,1.2574877055193667e-06
85,2.3026875400543214,6,0.36922264099121094,-8.427074977390703e-06
86,2.3026973165784566,6,0.40064358711242676,-9.776524135141074e-06
87,2.302688670839582,6,0.36273694038391113,8.64573887460196e-06
88,2.3026755087716237,6,0.36933279037475586,1.3162067958205625e-05
89,2.3026722846712384,6,0.3689577579498291,3.224100385335049e-06
90,2.3026945100511824,6,0.36276721954345703,-2.222537994400753e-05
91,2.3026759713036675,6,0.368746280670166,1.8538747514895704e-05
92,2.3026626518794466,6,0.38544487953186035,1.3319424220892273e-05
93,2.3026952178137643,6,0.3621654510498047,-3.256593431766319e-05
94,2.3026952832085748,6,0.36913108825683594,-6.539481045564344e-08
95,2.302680674280439,6,0.36903882026672363,1.4608928135650956e-05
96,2.302687657901219,6,0.3840672969818115,-6.9836207798879e-06
97,2.3026812294551307,6,0.3629801273345947,6.428446088335704e-06
98,2.3026618725912913,6,0.3683614730834961,1.9356863839359306e-05
99,2.3026644958768574,6,0.36850810050964355,-2.623285566105693e-06
100,2.302640744618007,6,0.36283421516418457,2.3751258850346346e-05
