1,2.303094240597316,12,1.3212027549743652,Nan
2,2.302882729257856,12,0.5499565601348877,0.00021151133945984668
3,2.3027975824901037,12,0.43129539489746094,8.514676775250862e-05
4,2.30277079309736,12,0.4534330368041992,2.678939274369796e-05
5,2.302735227857317,12,0.43103694915771484,3.556524004277861e-05
6,2.3026887478147233,12,0.4159388542175293,4.648004259388827e-05
7,2.302716862814767,12,0.41573238372802734,-2.8115000043626992e-05
8,2.302722214290074,12,0.4850020408630371,-5.351475306891729e-06
9,2.3027191625322616,12,0.41526269912719727,3.0517578122335465e-06
10,2.302717936379569,12,0.45368289947509766,1.2261526927126454e-06
11,2.302670886175973,12,0.4313161373138428,4.705020359585532e-05
12,2.302721212932042,12,0.4533400535583496,-5.032675606875259e-05
13,2.302707087653024,12,0.4315664768218994,1.4125279018006864e-05
14,2.3026951667240687,12,0.431901216506958,1.1920928955078125e-05
15,2.3026956258501325,12,0.4381120204925537,-4.591260638342476e-07
16,2.3026746279852732,12,0.48419690132141113,2.0997864859317872e-05
17,2.3026593215124946,12,0.41749072074890137,1.5306472778586766e-05
18,2.302693723951067,12,0.4470345973968506,-3.440243857255609e-05
19,2.302699340411595,12,0.41559696197509766,-5.616460527768652e-06
20,2.302703996385847,12,0.42184925079345703,-4.655974251921435e-06
21,2.3026878465924945,12,0.41674113273620605,1.614979335240463e-05
22,2.302698909895761,12,0.431917667388916,-1.1063303266389823e-05
23,2.302743754386902,12,0.41669273376464844,-4.484449114094957e-05
24,2.302721757888794,12,0.5332698822021484,2.1996498107856866e-05
25,2.3027018424442836,12,0.6000344753265381,1.991544451040994e-05
26,2.3026945625032695,12,0.42032885551452637,7.279941014015634e-06
27,2.3027080501828876,12,0.43135929107666016,-1.3487679618062742e-05
28,2.3027280691691807,12,0.4160785675048828,-2.0018986293113272e-05
29,2.302688342503139,12,0.4376342296600342,3.9726666041683956e-05
30,2.302719475882394,12,0.44710326194763184,-3.11333792550883e-05
31,2.302703369685582,12,0.4541361331939697,1.6106196812248896e-05
32,2.3027154547827586,12,0.4322948455810547,-1.208509717676165e-05
33,2.302669104848589,12,0.41606593132019043,4.634993416940958e-05
34,2.3026834651402064,12,0.4535672664642334,-1.4360291617165899e-05
35,2.3026938274928503,12,0.4785170555114746,-1.0362352643955575e-05
36,2.302694643565587,12,0.42202162742614746,-8.160727364980858e-07
37,2.302694297518049,12,0.4161999225616455,3.4604753773592734e-07
38,2.302703229359218,12,0.41582226753234863,-8.93184116890211e-06
39,2.3027094302858626,12,0.44659852981567383,-6.200926644606142e-06
40,2.302645196233477,12,0.4227168560028076,6.42340523855367e-05
41,2.302698473930359,12,0.4164772033691406,-5.3277696881792735e-05
42,2.302690531866891,12,0.43157052993774414,7.9420634677696e-06
43,2.3027116891316006,12,0.41547274589538574,-2.1157264709525947e-05
44,2.3027136414391656,12,0.41642212867736816,-1.9523075649452437e-06
45,2.3026548160825455,12,0.4183473587036133,5.8825356620051394e-05
46,2.302709561075483,12,0.4042084217071533,-5.4744992937560966e-05
47,2.30268449306488,12,0.4157295227050781,2.5068010602868895e-05
48,2.302685163361686,12,0.4158203601837158,-6.70296805616033e-07
49,2.302699524334499,12,0.41608166694641113,-1.4360972813154405e-05
50,2.3027179561342512,12,0.41593408584594727,-1.8431799752249844e-05
51,2.3027032586506433,12,0.43129920959472656,1.4697483607939432e-05
52,2.302704334940229,12,0.4069674015045166,-1.0762895858995591e-06
53,2.3026792301450456,12,0.4166219234466553,2.510479518358366e-05
54,2.3027054963793074,12,0.41629624366760254,-2.626623426182917e-05
55,2.302660732269287,12,0.41637134552001953,4.476411002052316e-05
56,2.3026919317245484,12,0.41617321968078613,-3.119945526153245e-05
57,2.3027031551088606,12,0.4164719581604004,-1.1223384312142315e-05
58,2.3026905945369176,12,0.4225187301635742,1.2560571942987764e-05
59,2.3026986231122697,12,0.40070533752441406,-8.02857535209256e-06
60,2.302676714488438,12,0.41642308235168457,2.1908623831556895e-05
61,2.3026795305524552,12,0.41609716415405273,-2.8160640170860063e-06
62,2.302695277759007,12,0.41539525985717773,-1.574720655161954e-05
63,2.3027057722636632,12,0.41561460494995117,-1.0494504656399783e-05
64,2.3026637417929514,12,0.4163346290588379,4.203047071182908e-05
65,2.3026992416381837,12,0.45346951484680176,-3.549984523232297e-05
66,2.302688456944057,12,0.46866416931152344,1.0784694126630967e-05
67,2.302688044820513,12,0.41629528999328613,4.1212354418007635e-07
68,2.3026898874555317,12,0.4158968925476074,-1.8426350187894514e-06
69,2.302673076902117,12,0.4162774085998535,1.6810553414625673e-05
70,2.302672893660409,12,0.4852569103240967,1.8324170802941353e-07
71,2.302716044698443,12,0.4323244094848633,-4.315103803387288e-05
72,2.3027065685817174,12,0.4163360595703125,9.476116725526396e-06
73,2.3026910836356027,12,0.48541855812072754,1.548494611469664e-05
74,2.3026911401748658,12,0.438091516494751,-5.6539263049160127e-08
75,2.3026511233193534,12,0.41618847846984863,4.001685551235923e-05
76,2.302707473891122,12,0.4154081344604492,-5.6350571768781776e-05
77,2.3026462473188127,12,0.4155855178833008,6.122657230944739e-05
78,2.302691800934928,12,0.41629934310913086,-4.555361611524589e-05
79,2.3026850979668754,12,0.41597485542297363,6.702968052607616e-06
80,2.3026884739739555,12,0.4221842288970947,-3.376007080113652e-06
81,2.302697252546038,12,0.49869632720947266,-8.778572082590586e-06
82,2.30269357749394,12,0.43450045585632324,3.6750520981954082e-06
83,2.3026390177862983,12,0.4163198471069336,5.4559707641566035e-05
84,2.302691899708339,12,0.4157438278198242,-5.2881922040892704e-05
85,2.3026874930518013,12,0.4160420894622803,4.406656537891962e-06
86,2.3026590006692067,12,0.43722009658813477,2.849238259461373e-05
87,2.3026951776232036,12,0.44690680503845215,-3.617695399693588e-05
88,2.3026944548743113,12,0.4159989356994629,7.227488922900704e-07
89,2.3026957096372334,12,0.42136192321777344,-1.2547629220094336e-06
90,2.3026789256504605,12,0.4313929080963135,1.6783986772850312e-05
91,2.30265850680215,12,0.4155402183532715,2.0418848310388427e-05
92,2.3026504380362374,12,0.4154820442199707,8.068765912749853e-06
93,2.3026648569107055,12,0.4158012866973877,-1.4418874468180576e-05
94,2.302672392981393,12,0.42218828201293945,-7.536070687486074e-06
95,2.3026722955703733,12,0.4153869152069092,9.741101969495958e-08
96,2.302693248476301,12,0.4633939266204834,-2.0952905927629217e-05
97,2.302664636884417,12,0.4220466613769531,2.861159188416451e-05
98,2.3026590946742465,12,0.4157068729400635,5.542210170350614e-06
99,2.302676751954215,12,0.4165661334991455,-1.7657279968386064e-05
100,2.3026859072276524,12,0.41594767570495605,-9.155273437588818e-06
