1,2.303427845409938,23,1.5643069744110107,Nan
2,2.3029942076546805,23,0.6381881237030029,0.00043363775525762094
3,2.302821353503636,23,0.6007816791534424,0.00017285415104462132
4,2.302748052052089,23,0.5781142711639404,7.330145154682555e-05
5,2.302726300103324,23,0.6015057563781738,2.1751948765302842e-05
6,2.3027068492344447,23,0.5692577362060547,1.9450868879111738e-05
7,2.3026679277420046,23,0.5999922752380371,3.892149244011378e-05
8,2.3026600987570625,23,0.584632158279419,7.828984942115369e-06
9,2.3026840823037285,23,0.585151195526123,-2.3983546665995448e-05
10,2.302697901044573,23,0.5840671062469482,-1.3818740844495636e-05
11,2.302685501234872,23,0.5796585083007812,1.2399809700802678e-05
12,2.302683973312378,23,0.585273027420044,1.5279224943043346e-06
13,2.302671905926296,23,0.585585355758667,1.2067386081948683e-05
14,2.3026839583260674,23,0.5693061351776123,-1.2052399771533828e-05
15,2.302662809235709,23,0.5847408771514893,2.114909035855206e-05
16,2.302661784035819,23,0.5954625606536865,1.0251998898702652e-06
17,2.3026734338487898,23,0.5686390399932861,-1.164981297074874e-05
18,2.3026890999930245,23,0.5851047039031982,-1.5666144234760537e-05
19,2.3026683010373796,23,0.5859248638153076,2.0798955644885098e-05
20,2.302673442704337,23,0.5845339298248291,-5.141666957531044e-06
21,2.3026647411073955,23,0.5844731330871582,8.701596941662615e-06
22,2.3026963560921807,23,0.5796387195587158,-3.1614984785210964e-05
23,2.3026619829450334,23,0.5846173763275146,3.43731471472708e-05
24,2.3026672955921716,23,0.6166043281555176,-5.312647138211446e-06
25,2.30267639705113,23,0.5861010551452637,-9.10145895849368e-06
26,2.3026719542912075,23,0.5848853588104248,4.442759922618222e-06
27,2.3026573017665317,23,0.568889856338501,1.4652524675806688e-05
28,2.302685296194894,23,0.5836923122406006,-2.79944283620992e-05
29,2.3026708521161763,23,0.5793063640594482,1.4444078717534836e-05
30,2.3026794917242865,23,0.584589958190918,-8.639608110261321e-06
31,2.3026778391429357,23,0.5687079429626465,1.652581350874982e-06
32,2.302701288631984,23,0.586301326751709,-2.3449489048310568e-05
33,2.3026726354871476,23,0.5834603309631348,2.8653144836354727e-05
34,2.3026613746370588,23,0.5638813972473145,1.1260850088845586e-05
35,2.3026539155415127,23,0.5857224464416504,7.459095546114014e-06
36,2.30266211441585,23,0.5847415924072266,-8.198874337228546e-06
37,2.3026869331087383,23,0.585576057434082,-2.4818692888395333e-05
38,2.3026865100860596,23,0.5793917179107666,4.23022678663898e-07
39,2.302650210516793,23,0.5685863494873047,3.629956926642919e-05
40,2.3026686682019917,23,0.5844793319702148,-1.845768519848079e-05
41,2.3026800543921335,23,0.5704243183135986,-1.1386190141848829e-05
42,2.302693484170096,23,0.5833349227905273,-1.3429777962592482e-05
43,2.3026733180454797,23,0.5642135143280029,2.0166124616416425e-05
44,2.302688183103289,23,0.5846285820007324,-1.4865057809121396e-05
45,2.3026887219292775,23,0.5692853927612305,-5.388259887162405e-07
46,2.3026722267695834,23,0.5837864875793457,1.649515969415205e-05
47,2.3026571096692767,23,0.5637578964233398,1.5117100306660802e-05
48,2.3026852771214075,23,0.5840513706207275,-2.816745213074512e-05
49,2.302678418159485,23,0.569049596786499,6.858961922429074e-06
50,2.302679293496268,23,0.5842432975769043,-8.75336783057179e-07
51,2.3026905087062293,23,0.5785832405090332,-1.1215209961168426e-05
52,2.302656988416399,23,0.5849201679229736,3.352028983005795e-05
53,2.302656786782401,23,0.5695669651031494,2.0163399838679652e-07
54,2.302668527194432,23,0.5851225852966309,-1.1740412031002734e-05
55,2.3026912696020942,23,0.584632396697998,-2.2742407662423858e-05
56,2.302692403112139,23,0.5794022083282471,-1.1335100449372248e-06
57,2.3026673207964214,23,0.5841050148010254,2.5082315717739334e-05
58,2.302661768368312,23,0.5690832138061523,5.55242810929002e-06
59,2.3026718248639786,23,0.5846731662750244,-1.0056495666432852e-05
60,2.3026524605069842,23,0.7479689121246338,1.936435699434469e-05
61,2.3026495143345422,23,0.6349329948425293,2.9461724420087876e-06
62,2.302647030694144,23,0.5663549900054932,2.483640398232012e-06
63,2.3026546233040945,23,0.5850293636322021,-7.592609950535234e-06
64,2.302654753412519,23,0.5853304862976074,-1.3010842447869209e-07
65,2.302675907271249,23,0.5853996276855469,-2.1153858730027508e-05
66,2.3026652438299995,23,0.584578275680542,1.0663441249558758e-05
67,2.3026522547858104,23,0.563225269317627,1.2989044189115617e-05
68,2.3026856170381818,23,0.5847554206848145,-3.3362252371382795e-05
69,2.3026742117745536,23,0.584561824798584,1.1405263628194717e-05
70,2.302668276514326,23,0.5845634937286377,5.935260227740713e-06
71,2.3026712669645035,23,0.5851953029632568,-2.9904501777089365e-06
72,2.302661322184971,23,0.5784749984741211,9.944779532311543e-06
73,2.3026594080243794,23,0.5845916271209717,1.9141605918093774e-06
74,2.3026714863095963,23,0.5844933986663818,-1.2078285216876594e-05
75,2.302668140956334,23,0.685941219329834,3.345353262407258e-06
76,2.3026490797315327,23,0.685291051864624,1.9061224801220078e-05
77,2.302664656639099,23,0.785287618637085,-1.5576907566483555e-05
78,2.3026378556660245,23,0.7789566516876221,2.6800973074614376e-05
79,2.302657185282026,23,0.8707790374755859,-1.932961600159544e-05
80,2.3026682908194407,23,0.9726779460906982,-1.1105537414568545e-05
81,2.30266010761261,23,0.8507442474365234,8.183206830825185e-06
82,2.302658611706325,23,0.5696213245391846,1.4959062850650184e-06
83,2.3026770659855433,23,0.5847458839416504,-1.845427921853826e-05
84,2.302668276514326,23,0.5786099433898926,8.789471217518496e-06
85,2.302687974657331,23,0.5854251384735107,-1.9698143005175694e-05
86,2.3026486260550363,23,0.5859143733978271,3.934860229470871e-05
87,2.302668570790972,23,0.5691089630126953,-1.9944735935695235e-05
88,2.30266302381243,23,0.5843181610107422,5.546978541826064e-06
89,2.3026872750691005,23,0.5781607627868652,-2.4251256670382304e-05
90,2.302637130192348,23,0.5854535102844238,5.0144876752700185e-05
91,2.302661796297346,23,0.5841257572174072,-2.4666104998072313e-05
92,2.3026686593464443,23,0.5851366519927979,-6.863049098360108e-06
93,2.302658371244158,23,0.5858829021453857,1.0288102286093448e-05
94,2.3026454646246775,23,0.616276741027832,1.2906619480723691e-05
95,2.3026368359157017,23,0.6005430221557617,8.6287089757775e-06
96,2.30265419960022,23,0.6163690090179443,-1.7363684518212352e-05
97,2.3026757431030274,23,0.5852758884429932,-2.154350280747508e-05
98,2.3026610245023456,23,0.5843677520751953,1.4718600681806748e-05
99,2.302652223450797,23,0.5856544971466064,8.801051548434913e-06
100,2.3026631716319494,23,0.5790243148803711,-1.0948181152325986e-05
