1,2.3028994587489535,7,1.3131766319274902,Nan
2,2.3027708891459873,7,0.378129243850708,0.0001285696029662553
3,2.3027402230671474,7,0.35416078567504883,3.0666078839836075e-05
4,2.302698495047433,7,0.43099474906921387,4.172801971424889e-05
5,2.302717570577349,7,0.3845555782318115,-1.9075529915646428e-05
6,2.3027133294514246,7,0.4004342555999756,4.241125924231426e-06
7,2.3026951783043996,7,0.3534398078918457,1.815114702496956e-05
8,2.3026782526288714,7,0.400407075881958,1.692567552824542e-05
9,2.302671946798052,7,0.3790462017059326,6.305830819286484e-06
10,2.302697595187596,7,0.385286808013916,-2.5648389543775352e-05
11,2.302685751914978,7,0.384352445602417,1.184327261771756e-05
12,2.3026687812805178,7,0.3695695400238037,1.6970634460378164e-05
13,2.302673796926226,7,0.3621397018432617,-5.015645708095207e-06
14,2.302702591759818,7,0.41597914695739746,-2.8794833592193925e-05
15,2.3026981060845513,7,0.35337138175964355,4.485675266785449e-06
16,2.3027160767146517,7,0.36957526206970215,-1.797063010045008e-05
17,2.3026914310455324,7,0.38429975509643555,2.4645669119305325e-05
18,2.302656537464687,7,0.36303067207336426,3.489358084562966e-05
19,2.302666620526995,7,0.3690211772918701,-1.0083062308208213e-05
20,2.30269635949816,7,0.36875247955322266,-2.9738971165205186e-05
21,2.302691284588405,7,0.363600492477417,5.074909755098389e-06
22,2.302687986918858,7,0.35409092903137207,3.2976695472086703e-06
23,2.302654186657497,7,0.3623199462890625,3.380026136090564e-05
24,2.302653889656067,7,0.3696162700653076,2.9700143011623936e-07
25,2.302662078993661,7,0.35349059104919434,-8.189337594277646e-06
26,2.3026644522803172,7,0.3630051612854004,-2.373286656087714e-06
27,2.302677709034511,7,0.3698563575744629,-1.3256754193946563e-05
28,2.302702772957938,7,0.34737277030944824,-2.5063923426937862e-05
29,2.3027144854409354,7,0.385225772857666,-1.1712482997250362e-05
30,2.3026698044368197,7,0.3847529888153076,4.468100411569864e-05
31,2.302684542792184,7,0.36868786811828613,-1.4738355364141142e-05
32,2.302711960247585,7,0.38053369522094727,-2.741745540113527e-05
33,2.3026884760175435,7,0.3678929805755615,2.3484230041503906e-05
34,2.302696248463222,7,0.36928486824035645,-7.77244567862212e-06
35,2.3026657772064207,7,0.36922335624694824,3.0471256801334334e-05
36,2.30266480582101,7,0.3624000549316406,9.713854107751274e-07
37,2.3026670953205652,7,0.36925816535949707,-2.2894995552746877e-06
38,2.3026821027483257,7,0.368732213973999,-1.500742776050501e-05
39,2.3027001667022704,7,0.36317920684814453,-1.8063953944658095e-05
40,2.3026885093961442,7,0.3686797618865967,1.1657306126178213e-05
41,2.3026917682375228,7,0.36583614349365234,-3.2588413785283876e-06
42,2.3026944957460675,7,0.3503739833831787,-2.72750854479753e-06
43,2.302699750491551,7,0.3692893981933594,-5.254745483629364e-06
44,2.3026753071376254,7,0.3633236885070801,2.44433539258182e-05
45,2.302672013555254,7,0.368680477142334,3.293582371277637e-06
46,2.3026801640646797,7,0.3691115379333496,-8.150509425597363e-06
47,2.3026906783240184,7,0.3620033264160156,-1.0514259338734178e-05
48,2.302674243790763,7,0.3693203926086426,1.6434533255615946e-05
49,2.3026904460362028,7,0.416168212890625,-1.6202245439966845e-05
50,2.302681453568595,7,0.43874216079711914,8.992467607882304e-06
51,2.3026848806653706,7,0.3784768581390381,-3.427096775698857e-06
52,2.3026702948978968,7,0.3696568012237549,1.4585767473818123e-05
53,2.3026798023496355,7,0.3536672592163086,-9.507451738777206e-06
54,2.3026783684321814,7,0.36319971084594727,1.4339174541078137e-06
55,2.302632073674883,7,0.36904406547546387,4.629475729833743e-05
56,2.3026938261304584,7,0.38424086570739746,-6.17524555752702e-05
57,2.302664054461888,7,0.3625636100769043,2.9771668570433008e-05
58,2.3026625864846366,7,0.3695402145385742,1.4679772513126466e-06
59,2.3026733010155813,7,0.3845217227935791,-1.0714530944699874e-05
60,2.3026877171652655,7,0.3845953941345215,-1.4416149684226554e-05
61,2.3026498453957696,7,0.3629183769226074,3.787176949598958e-05
62,2.302677854129246,7,0.353257417678833,-2.800873347652555e-05
63,2.302667987006051,7,0.4162256717681885,9.867123194950977e-06
64,2.3026555143083844,7,0.3535335063934326,1.2472697666687793e-05
65,2.3026526491982597,7,0.36279797554016113,2.8651101247056943e-06
66,2.302665991783142,7,0.3535754680633545,-1.3342584882281017e-05
67,2.3026693316868374,7,0.38407135009765625,-3.3399036953873917e-06
68,2.3026634788513185,7,0.36338281631469727,5.852835518904698e-06
69,2.3026815611975535,7,0.38460659980773926,-1.808234623501548e-05
70,2.3026673351015363,7,0.5003573894500732,1.4226096017200263e-05
71,2.3026762097222466,7,0.38545727729797363,-8.874620710308534e-06
72,2.302620417049953,7,0.36767125129699707,5.579267229371965e-05
73,2.3026737778527395,7,0.34906792640686035,-5.3360802786617256e-05
74,2.302683140890939,7,0.3690803050994873,-9.363038199428075e-06
75,2.3026729931150163,7,0.3624391555786133,1.014777592267535e-05
76,2.302685672215053,7,0.3689885139465332,-1.267910003655004e-05
77,2.3026568671635217,7,0.3846447467803955,2.880505153113333e-05
78,2.3026678276062014,7,0.36860156059265137,-1.0960442679674998e-05
79,2.302639642442976,7,0.4160025119781494,2.8185163225558085e-05
80,2.30269530909402,7,0.3629422187805176,-5.566665104428381e-05
81,2.302667679786682,7,0.368671178817749,2.7629307338017384e-05
82,2.3026613582883564,7,0.36834239959716797,6.321498325689845e-06
83,2.302655717304775,7,0.4155447483062744,5.640983581578496e-06
84,2.302643688065665,7,0.36872053146362305,1.2029239109700995e-05
85,2.302666358266558,7,0.36272525787353516,-2.2670200892971337e-05
86,2.3026755891527446,7,0.3530385494232178,-9.230886186539777e-06
87,2.3026723200934276,7,0.36229777336120605,3.2690593170237037e-06
88,2.302696360179356,7,0.36930084228515625,-2.404008592860052e-05
89,2.302663130078997,7,0.369049072265625,3.3230100359382675e-05
90,2.3026507588795253,7,0.4005868434906006,1.237119947150589e-05
91,2.302678461756025,7,0.38428735733032227,-2.7702876499891005e-05
92,2.3026681763785226,7,0.36269307136535645,1.0285377502583515e-05
93,2.302662581035069,7,0.3686838150024414,5.595343453457247e-06
94,2.302670285361154,7,0.3694179058074951,-7.704326084656543e-06
95,2.302668248585292,7,0.3780655860900879,2.0367758617467757e-06
96,2.302656467982701,7,0.4232163429260254,1.1780602591215938e-05
97,2.302663619177682,7,0.3625924587249756,-7.151194981069864e-06
98,2.3026691491263254,7,0.353039026260376,-5.529948643445692e-06
99,2.30266019480569,7,0.3635833263397217,8.954320635190527e-06
100,2.3026365641185214,7,0.3690774440765381,2.3630687168818554e-05
