1,2.3034435292652673,21,1.4802818298339844,Nan
2,2.302985439300537,21,0.5538749694824219,0.00045808996473040153
3,2.302832901137216,21,0.5472884178161621,0.00015253816332094772
4,2.302712628500802,21,0.5381522178649902,0.00012027263641378738
5,2.3027043785367693,21,0.5474910736083984,8.24996403281375e-06
6,2.302696358816964,21,0.5366699695587158,8.019719805130165e-06
7,2.302670313290187,21,0.547649621963501,2.6045526777096484e-05
8,2.3026828963415964,21,0.5482962131500244,-1.258305140927618e-05
9,2.3026830434799193,21,0.5368499755859375,-1.4713832285906392e-07
10,2.302681965827942,21,0.5315818786621094,1.077651977432481e-06
11,2.3026767621721542,21,0.5536448955535889,5.20365578760007e-06
12,2.302680299622672,21,0.5327792167663574,-3.5374505178431548e-06
13,2.3026745435169764,21,0.5532681941986084,5.756105695642333e-06
14,2.302686176300049,21,0.5313153266906738,-1.1632783072368369e-05
15,2.302697137423924,21,0.5469338893890381,-1.0961123875219414e-05
16,2.302675051007952,21,0.5380003452301025,2.2086415972122353e-05
17,2.3026805646078925,21,0.5462355613708496,-5.513599940609737e-06
18,2.3026803411756243,21,0.553056001663208,2.234322682426182e-07
19,2.3026804433550154,21,0.5315024852752686,-1.0217939117040942e-07
20,2.3026832246780398,21,0.5535962581634521,-2.781323024336757e-06
21,2.302665296963283,21,0.5310149192810059,1.7927714756726942e-05
22,2.3026719658715384,21,0.5466513633728027,-6.6689082554027834e-06
23,2.302670852797372,21,0.5700695514678955,1.1130741666143251e-06
24,2.3026626219068254,21,0.5534002780914307,8.230890546467862e-06
25,2.302691939217704,21,0.5315287113189697,-2.93173108785183e-05
26,2.3026714536121915,21,0.5474097728729248,2.0485605512376992e-05
27,2.30268725667681,21,0.537712812423706,-1.5803064618680196e-05
28,2.3026923057011195,21,0.547468900680542,-5.049024309311534e-06
29,2.302668389592852,21,0.5385067462921143,2.3916108267574288e-05
30,2.3026218012401034,21,0.5473675727844238,4.658835274851114e-05
31,2.302657038824899,21,0.5322651863098145,-3.523758479540007e-05
32,2.3027004616601126,21,0.553708553314209,-4.342283521374668e-05
33,2.302640711239406,21,0.5313045978546143,5.975042070671677e-05
34,2.302685342516218,21,0.5542874336242676,-4.463127681209045e-05
35,2.302689986910139,21,0.5321807861328125,-4.644393921005019e-06
36,2.3026894194739205,21,0.5514335632324219,5.67436218457118e-07
37,2.3026775687081473,21,0.5336518287658691,1.1850765773147032e-05
38,2.3026708241871425,21,0.5470008850097656,6.744521004797832e-06
39,2.302674676350185,21,0.5372774600982666,-3.8521630423282716e-06
40,2.3026259742464337,21,0.5467936992645264,4.870210375118589e-05
41,2.3026863936015536,21,0.5384225845336914,-6.04193551199117e-05
42,2.3026780578068324,21,0.5475807189941406,8.335794721148204e-06
43,2.30267322744642,21,0.5317249298095703,4.8303604125443655e-06
44,2.3026742008754186,21,0.5374505519866943,-9.734289987406441e-07
45,2.302665100778852,21,0.5476274490356445,9.100096566516669e-06
46,2.3026648582730975,21,0.5534422397613525,2.4250575458850676e-07
47,2.302688452175685,21,0.5315828323364258,-2.35939025876597e-05
48,2.3026861919675556,21,0.5541434288024902,2.2602081295453047e-06
49,2.3026586961746216,21,0.5325725078582764,2.7495792934040253e-05
50,2.3026806695120676,21,0.5475564002990723,-2.1973337446024033e-05
51,2.30265326499939,21,0.5380551815032959,2.7404512677797754e-05
52,2.302649807929993,21,0.5482375621795654,3.4570693969726562e-06
53,2.3026834412983486,21,0.5383720397949219,-3.363336835571218e-05
54,2.3026558801106045,21,0.5320999622344971,2.7561187744051807e-05
55,2.3026702533449446,21,0.5473344326019287,-1.4373234340059327e-05
56,2.302667704309736,21,0.5532300472259521,2.5490352086876555e-06
57,2.302701129232134,21,0.5468785762786865,-3.3424922398328505e-05
58,2.302681732177734,21,0.701716423034668,1.93970544000166e-05
59,2.3026395273208617,21,0.8171510696411133,4.220485687245201e-05
60,2.3026677853720527,21,0.5533990859985352,-2.825805119099911e-05
61,2.302672100067139,21,0.5480461120605469,-4.314695086105047e-06
62,2.3026526962007794,21,0.5370550155639648,1.9403866359457567e-05
63,2.3026592527117047,21,0.531975269317627,-6.556510925292969e-06
64,2.3026439114979333,21,0.5529682636260986,1.5341213771336015e-05
65,2.3026704931259157,21,0.53135085105896,-2.658162798230279e-05
66,2.3026439448765346,21,0.5497970581054688,2.6548249381086464e-05
67,2.3026653923307148,21,0.5352616310119629,-2.144745418020122e-05
68,2.30267112663814,21,0.547431468963623,-5.734307425342422e-06
69,2.3026365668433053,21,0.5381951332092285,3.455979483479865e-05
70,2.302655718667167,21,0.5316727161407471,-1.915182386147407e-05
71,2.3026515197753907,21,0.5377957820892334,4.1988917760527045e-06
72,2.3026657247543336,21,0.531947135925293,-1.4204978942888857e-05
73,2.3026350382396155,21,0.5466279983520508,3.0686514718158975e-05
74,2.302668618474688,21,0.5387783050537109,-3.3580235072605547e-05
75,2.3026624298095704,21,0.5318958759307861,6.18866511770122e-06
76,2.3026492520741053,21,0.5506496429443359,1.3177735465053075e-05
77,2.302677926336016,21,0.5351324081420898,-2.8674261910666132e-05
78,2.302654102870396,21,0.5463435649871826,2.3823465619798867e-05
79,2.302678542818342,21,0.5374813079833984,-2.4439947945875673e-05
80,2.302649391719273,21,0.5475242137908936,2.9151099068869257e-05
81,2.3026393815449304,21,0.5374691486358643,1.0010174342767186e-05
82,2.302643395151411,21,0.5318892002105713,-4.013606480501863e-06
83,2.3026674910954066,21,0.5467483997344971,-2.4095943995661173e-05
84,2.3026568923677715,21,0.5370683670043945,1.059872763509162e-05
85,2.3026423713139126,21,0.5468413829803467,1.4521053858906896e-05
86,2.3026501369476318,21,0.5378103256225586,-7.765633719181153e-06
87,2.302652076312474,21,0.5320382118225098,-1.939364842051816e-06
88,2.302626863888332,21,0.5472884178161621,2.5212424141773937e-05
89,2.302683877944946,21,0.5374090671539307,-5.7014056614068664e-05
90,2.302672585759844,21,0.5478420257568359,1.1292185102096397e-05
91,2.3026668085370745,21,0.5373995304107666,5.777222769509649e-06
92,2.3026685353687832,21,0.5474870204925537,-1.7268317087371088e-06
93,2.302669087818691,21,0.5507771968841553,-5.524499075981737e-07
94,2.3026332480566842,21,0.5355138778686523,3.5839762006606435e-05
95,2.302668637548174,21,0.5308287143707275,-3.538949148973458e-05
96,2.3026370443616595,21,0.5538878440856934,3.1593186514466964e-05
97,2.3026561553137643,21,0.531912088394165,-1.911095210482827e-05
98,2.3026170662471226,21,0.5482487678527832,3.9089066641739834e-05
99,2.3026589168821063,21,0.5367164611816406,-4.1850634983742196e-05
100,2.30265467439379,21,0.5318145751953125,4.242488316208437e-06
