1,2.303140162740435,2,0.8767130374908447,Nan
2,2.3029115881238664,2,0.3376142978668213,0.00022857461656844436
3,2.3027715049471174,2,0.33216285705566406,0.0001400831767490729
4,2.3027632549830845,2,0.3312511444091797,8.24996403281375e-06
5,2.3027227449417116,2,0.3381004333496094,4.051004137295422e-05
6,2.3027034759521485,2,0.3315460681915283,1.9268989563059336e-05
7,2.302692072050912,2,0.3315896987915039,1.1403901236661795e-05
8,2.302694888796125,2,0.3381204605102539,-2.816745213074512e-06
9,2.3026843043736047,2,0.33119893074035645,1.0584422520221182e-05
10,2.3026768738882883,2,0.3315563201904297,7.430485316373137e-06
11,2.302692198072161,2,0.33718442916870117,-1.5324183872511554e-05
12,2.302674696104867,2,0.33149051666259766,1.7501967293664933e-05
13,2.30269481250218,2,0.3314356803894043,-2.0116397312808232e-05
14,2.30267632825034,2,0.3368673324584961,1.848425183981206e-05
15,2.30270345551627,2,0.33158016204833984,-2.712726593001591e-05
16,2.302667222704206,2,0.3316211700439453,3.6232812063996533e-05
17,2.3026616655077254,2,0.33765411376953125,5.5571964807654695e-06
18,2.3026888942718506,2,0.3478543758392334,-2.7228764125197813e-05
19,2.3027006592069355,2,0.3161804676055908,-1.1764935084812578e-05
20,2.302701268196106,2,0.3374357223510742,-6.089891706473338e-07
21,2.302703401701791,2,0.33207106590270996,-2.1335056850091405e-06
22,2.302695107460022,2,0.33107566833496094,8.294241768957988e-06
23,2.3026734495162966,2,0.33839917182922363,2.165794372555041e-05
24,2.302676282610212,2,0.3320162296295166,-2.833093915466378e-06
25,2.3026864099502564,2,0.3316023349761963,-1.012734004435245e-05
26,2.3026676205226355,2,0.338289737701416,1.8789427620902188e-05
27,2.3026966714859007,2,0.33161425590515137,-2.9050963265220275e-05
28,2.302679669516427,2,0.33182191848754883,1.7001969473628975e-05
29,2.3026627915246145,2,0.33858728408813477,1.6877991812602744e-05
30,2.302653886931283,2,0.33207178115844727,8.904593331582333e-06
31,2.3026736109597343,2,0.3473973274230957,-1.972402845140664e-05
32,2.302677690642221,2,0.3217480182647705,-4.079682486501923e-06
33,2.30267957006182,2,0.3474750518798828,-1.8794195990601281e-06
34,2.3026988581248693,2,0.33177661895751953,-1.9288063049405224e-05
35,2.3026661709376746,2,0.32265472412109375,3.26871871947354e-05
36,2.302653100831168,2,0.3315408229827881,1.307010650641871e-05
37,2.302663757460458,2,0.34740161895751953,-1.0656629289673702e-05
38,2.302690909930638,2,0.32295775413513184,-2.7152470180258348e-05
39,2.3026655633108954,2,0.33133959770202637,2.5346619742627752e-05
40,2.302674996512277,2,0.33207035064697266,-9.433201381359169e-06
41,2.302676840509687,2,0.3541877269744873,-1.8439974103223733e-06
42,2.302687738963536,2,0.3164381980895996,-1.0898453848717793e-05
43,2.3026743786675588,2,0.3160395622253418,1.3360295977093983e-05
44,2.3026741688592094,2,0.3374929428100586,2.0980834936068504e-07
45,2.3026788909094673,2,0.3317995071411133,-4.722050257921495e-06
46,2.302677685192653,2,0.3313117027282715,1.2057168143897457e-06
47,2.302654913493565,2,0.33788323402404785,2.2771699087709152e-05
48,2.3026736436571396,2,0.3315408229827881,-1.8730163574343095e-05
49,2.3026846715382168,2,0.331451416015625,-1.102788107720798e-05
50,2.302654755456107,2,0.3372468948364258,2.991608210978214e-05
51,2.302670477458409,2,0.33236122131347656,-1.5722002301821192e-05
52,2.3026583051681517,2,0.3317880630493164,1.2172290257073115e-05
53,2.3026825645991735,2,0.33799266815185547,-2.4259431021800282e-05
54,2.302628459249224,2,0.3322184085845947,5.410534994965133e-05
55,2.3026929344449725,2,0.33188438415527344,-6.447519574859228e-05
56,2.3026592670168196,2,0.33766746520996094,3.366742815291701e-05
57,2.3026613460268295,2,0.3313744068145752,-2.079010009925497e-06
58,2.3026602145603725,2,0.3309612274169922,1.1314664569717081e-06
59,2.302677301679339,2,0.3378887176513672,-1.7087118966419013e-05
60,2.3026653916495188,2,0.33150553703308105,1.1910029820150214e-05
61,2.3026564952305386,2,0.33127546310424805,8.896418980164356e-06
62,2.3026485082081387,2,0.33794474601745605,7.987022399902344e-06
63,2.3026799706050327,2,0.33224010467529297,-3.146239689399977e-05
64,2.302648368562971,2,0.31577181816101074,3.160204206187345e-05
65,2.3026684086663383,2,0.35251641273498535,-2.0040103367424678e-05
66,2.3026474959509713,2,0.3174450397491455,2.0912715366971923e-05
67,2.3026637697219847,2,0.3317751884460449,-1.627377101343086e-05
68,2.3026646852493284,2,0.3318135738372803,-9.155273437144729e-07
69,2.3026682690211704,2,0.33799147605895996,-3.5837718419529097e-06
70,2.302690283230373,2,0.33226990699768066,-2.2014209202669832e-05
71,2.3026777063097272,2,0.3312530517578125,1.257692064582372e-05
72,2.3026430123192925,2,0.3378274440765381,3.469399043476429e-05
73,2.3026723439352854,2,0.33129382133483887,-2.933161599294465e-05
74,2.302669029917036,2,0.3316917419433594,3.3140182496005366e-06
75,2.3026314558301655,2,0.3381044864654541,3.7574086870328927e-05
76,2.302655166217259,2,0.33119726181030273,-2.3710387093700547e-05
77,2.3026680510384696,2,0.3318312168121338,-1.288482121042378e-05
78,2.302671528543745,2,0.33792972564697266,-3.477505275295556e-06
79,2.30263639654432,2,0.33213090896606445,3.513199942473122e-05
80,2.3026771892820084,2,0.3301689624786377,-4.079273768820002e-05
81,2.302686486925398,2,0.337902307510376,-9.297643389416521e-06
82,2.302684839112418,2,0.3316371440887451,1.6478129798436214e-06
83,2.3026786143439155,2,0.33158111572265625,6.22476850242748e-06
84,2.30266756602696,2,0.3377063274383545,1.1048316955530879e-05
85,2.302658730234419,2,0.3306446075439453,8.835792541184162e-06
86,2.3026903527123586,2,0.33115267753601074,-3.162247793975226e-05
87,2.3026740053721837,2,0.32131242752075195,1.6347340174860392e-05
88,2.302666632107326,2,0.33176732063293457,7.37326485777956e-06
89,2.3026919978005544,2,0.3470494747161865,-2.536569322852955e-05
90,2.3026579529898505,2,0.32187414169311523,3.404481070390375e-05
91,2.3026778364181517,2,0.3317832946777344,-1.9883428301170625e-05
92,2.3026548535483222,2,0.3316941261291504,2.2982869829490937e-05
93,2.3026574066707064,2,0.3378763198852539,-2.5531223841746e-06
94,2.3026765659877233,2,0.3312547206878662,-1.9159317016903543e-05
95,2.3026469108036585,2,0.33147168159484863,2.965518406483625e-05
96,2.30265871320452,2,0.3374054431915283,-1.180240086151585e-05
97,2.3026641164507184,2,0.33159375190734863,-5.403246198465439e-06
98,2.302663108280727,2,0.33142828941345215,1.0081699914898934e-06
99,2.3026568814686366,2,0.33715009689331055,6.226812090392997e-06
100,2.302668334415981,2,0.3316969871520996,-1.1452947344281483e-05
