1,2.3035064554214477,28,1.8256328105926514,Nan
2,2.3030650438581195,28,0.6784341335296631,0.00044141156332822007
3,2.302887635231018,28,0.6845581531524658,0.00017740862710136085
4,2.302755776132856,28,0.6856987476348877,0.000131859098162046
5,2.302750965527126,28,0.6843833923339844,4.810605730209971e-06
6,2.3027401270185197,28,0.868518590927124,1.0838508606170194e-05
7,2.3027138614654543,28,0.7032442092895508,2.6265553065396574e-05
8,2.3026933091027395,28,0.679485559463501,2.0552362714809647e-05
9,2.302687102045332,28,0.6702029705047607,6.2070574076145135e-06
10,2.3026868404660905,28,0.6693356037139893,2.6157924137848454e-07
11,2.302669837815421,28,0.6840493679046631,1.700265066961748e-05
12,2.3027151162283763,28,0.6639106273651123,-4.527841295542956e-05
13,2.302681131362915,28,0.670799970626831,3.398486546135615e-05
14,2.3026754352024623,28,0.6687555313110352,5.696160452650645e-06
15,2.30267548424857,28,0.6780846118927002,-4.904610761968797e-08
16,2.3026978029523577,28,0.6697726249694824,-2.2318703787771454e-05
17,2.3026881292888097,28,0.6691677570343018,9.673663547982159e-06
18,2.3026921401705063,28,0.6843216419219971,-4.010881696547841e-06
19,2.3027012273243495,28,0.6639487743377686,-9.087153843179152e-06
20,2.302668374606541,28,0.6694555282592773,3.285271780839594e-05
21,2.3026963676725116,28,0.6845321655273438,-2.7993065970566278e-05
22,2.3026800278254917,28,0.6633975505828857,1.633984701987501e-05
23,2.3026929317201885,28,0.6695284843444824,-1.2903894696769669e-05
24,2.3026940747669764,28,0.684638261795044,-1.1430467878881245e-06
25,2.3026700735092165,28,0.6691277027130127,2.4001257759920236e-05
26,2.302685967172895,28,0.6643650531768799,-1.58936636784901e-05
27,2.302668241092137,28,0.6692123413085938,1.7726080757896057e-05
28,2.302704789297921,28,0.6695029735565186,-3.6548205784026067e-05
29,2.3027155181339807,28,0.6792397499084473,-1.0728836059570312e-05
30,2.3026941633224487,28,0.6686019897460938,2.135481153198171e-05
31,2.302679761477879,28,0.6691389083862305,1.4401844569800204e-05
32,2.3027140426635744,28,0.6846189498901367,-3.4281185695483885e-05
33,2.302704427582877,28,0.663388729095459,9.615080697411571e-06
34,2.302647099494934,28,0.6695418357849121,5.7328087943009365e-05
35,2.3026975359235493,28,0.6696088314056396,-5.043642861535247e-05
36,2.3026954787118092,28,0.6785659790039062,2.0572117400696754e-06
37,2.3026862580435616,28,0.6536269187927246,9.220668247600372e-06
38,2.3026884828295024,28,0.6843557357788086,-2.22478594080755e-06
39,2.302689834322248,28,0.6624877452850342,-1.3514927457158876e-06
40,2.3026810428074427,28,0.6695599555969238,8.791514805484013e-06
41,2.30269839491163,28,0.6703860759735107,-1.7352104187295936e-05
42,2.302682923589434,28,0.6849699020385742,1.5471322195814707e-05
43,2.3026988172531127,28,0.6633419990539551,-1.58936636784901e-05
44,2.30266494682857,28,0.6695480346679688,3.387042454283673e-05
45,2.302676260130746,28,0.6701204776763916,-1.1313302176407802e-05
46,2.302699635369437,28,0.6792197227478027,-2.337523869089253e-05
47,2.3026762185777936,28,0.8002386093139648,2.3416791643526835e-05
48,2.302672290802002,28,0.8544466495513916,3.92777579172332e-06
49,2.302660085133144,28,0.8704073429107666,1.2205668857845353e-05
50,2.302696636744908,28,0.9804446697235107,-3.6551611763968594e-05
51,2.3026783990859987,28,1.1042048931121826,1.823765890929252e-05
52,2.302683312552316,28,0.9332225322723389,-4.913466317368886e-06
53,2.302687861578805,28,0.669597864151001,-4.549026488831487e-06
54,2.3026713691438947,28,0.6682205200195312,1.649243491019803e-05
55,2.302694795472281,28,0.6802997589111328,-2.3426328386477735e-05
56,2.302682216508048,28,0.6698923110961914,1.2578964233345147e-05
57,2.302659523827689,28,0.6788501739501953,2.2692680358815664e-05
58,2.3026755728040422,28,0.6688055992126465,-1.604897635321123e-05
59,2.3026808077948435,28,0.6695942878723145,-5.23499080129497e-06
60,2.302700276374817,28,0.685821533203125,-1.9468579973480615e-05
61,2.3026752437864033,28,0.6620559692382812,2.503258841368705e-05
62,2.302663106918335,28,0.7205193042755127,1.213686806833536e-05
63,2.3026951115471976,28,0.7021822929382324,-3.2004628862658535e-05
64,2.30270284312112,28,0.7160623073577881,-7.73157392242041e-06
65,2.3026791776929585,28,0.6785242557525635,2.3665428161567803e-05
66,2.302678484235491,28,0.669421911239624,6.934574674488658e-07
67,2.3026544278008596,28,0.6848533153533936,2.4056434631436474e-05
68,2.302665698868888,28,0.6691088676452637,-1.1271068028229081e-05
69,2.3026804624285018,28,0.6796157360076904,-1.4763559613939492e-05
70,2.3026656641278946,28,0.6698939800262451,1.479830060713283e-05
71,2.3026767219815936,28,0.6690959930419922,-1.1057853698925868e-05
72,2.3026596811839513,28,0.684112548828125,1.7040797642309258e-05
73,2.3026758091790334,28,0.6635909080505371,-1.6127995082104718e-05
74,2.3026826429367064,28,0.6696679592132568,-6.833757673074814e-06
75,2.302694867679051,28,0.6702919006347656,-1.2224742344635331e-05
76,2.302685469218663,28,0.6854500770568848,9.39846038816583e-06
77,2.302691549573626,28,0.6789710521697998,-6.080354963078349e-06
78,2.3026646641322546,28,0.6693053245544434,2.6885441371415908e-05
79,2.3026839794431413,28,0.6682825088500977,-1.9315310886725e-05
80,2.3026674788338797,28,0.684945821762085,1.6500609261616006e-05
81,2.30267162663596,28,0.6787405014038086,-4.1478020804675e-06
82,2.3026617574691772,28,0.6685490608215332,9.869166782916494e-06
83,2.302644453048706,28,0.6695249080657959,1.730442047120917e-05
84,2.3026580551692417,28,0.6846909523010254,-1.3602120535693984e-05
85,2.3026577717917305,28,0.6782059669494629,2.833775112343062e-07
86,2.3026775326047626,28,0.6856131553649902,-1.9760813032121405e-05
87,2.3026919630595617,28,0.6695687770843506,-1.4430454799096992e-05
88,2.302667499269758,28,0.6705710887908936,2.446378980369701e-05
89,2.3026639924730574,28,0.6629247665405273,3.50679670058085e-06
90,2.302685432434082,28,0.6853251457214355,-2.1439961024771748e-05
91,2.3026607717786516,28,0.6705129146575928,2.4660655430608358e-05
92,2.3026937191826957,28,0.6831080913543701,-3.2947404044136874e-05
93,2.302673283304487,28,0.7985951900482178,2.04358782087688e-05
94,2.302687728064401,28,0.7512364387512207,-1.4444759913967431e-05
95,2.302650730269296,28,0.6688907146453857,3.6997795104909414e-05
96,2.3026646471023557,28,0.6837470531463623,-1.3916833059735012e-05
97,2.302661773136684,28,0.6644856929779053,2.8739656716680884e-06
98,2.302650898524693,28,0.6688904762268066,1.0874611990896454e-05
99,2.3026652111325947,28,0.6697914600372314,-1.4312607901523222e-05
100,2.3026793820517404,28,0.6623711585998535,-1.4170919145684024e-05
