1,2.3030895492008754,16,1.4330577850341797,Nan
2,2.3028945255279543,16,0.46935272216796875,0.0001950236729211241
3,2.302774021284921,16,0.46927523612976074,0.00012050424303344798
4,2.3027129970278057,16,0.47861552238464355,6.102425711507209e-05
5,2.3027788502829414,16,0.4690532684326172,-6.585325513563944e-05
6,2.3026946789877756,16,0.4681403636932373,8.417129516580246e-05
7,2.3027040120533533,16,0.46350765228271484,-9.333065577710187e-06
8,2.302684476716178,16,0.4847893714904785,1.953533717546918e-05
9,2.302708292688642,16,0.46999454498291016,-2.3815972464369395e-05
10,2.302718757220677,16,0.4685041904449463,-1.0464532034681895e-05
11,2.302717011315482,16,0.462460994720459,1.7459051950829974e-06
12,2.3026823684147426,16,0.4689338207244873,3.464290073917908e-05
13,2.302702215058463,16,0.4687318801879883,-1.984664372045586e-05
14,2.302721200670515,16,0.4630720615386963,-1.898561205182503e-05
15,2.302675219263349,16,0.4854004383087158,4.5981407165829324e-05
16,2.302711479323251,16,0.46938252449035645,-3.62600599017604e-05
17,2.3027031932558333,16,0.46224498748779297,8.28606741754001e-06
18,2.3027033260890417,16,0.4692957401275635,-1.328332084327144e-07
19,2.302705685751779,16,0.47002100944519043,-2.359662737205781e-06
20,2.3027229935782296,16,0.4630565643310547,-1.730782645070761e-05
21,2.3027066959653584,16,0.4844696521759033,1.62976128712522e-05
22,2.302700416019985,16,0.46924543380737305,6.279945373499629e-06
23,2.3026880952290125,16,0.46923065185546875,1.232079097235328e-05
24,2.3027079473223004,16,0.4627718925476074,-1.9852093287919814e-05
25,2.3027177136284966,16,0.47021985054016113,-9.766306196201668e-06
26,2.3026718950271605,16,0.469191312789917,4.581860133612281e-05
27,2.302686211041042,16,0.5162057876586914,-1.431601388146575e-05
28,2.3027124670573644,16,0.4630615711212158,-2.6256016322445674e-05
29,2.30269821030753,16,0.46965980529785156,1.4256749834462568e-05
30,2.302693782533918,16,0.4702141284942627,4.427773611759278e-06
31,2.3027001878193447,16,0.48146986961364746,-6.405285426502871e-06
32,2.302686776433672,16,0.4664897918701172,1.3411385672679188e-05
33,2.302659218651908,16,0.4689037799835205,2.755778176410928e-05
34,2.302689439909799,16,0.4687490463256836,-3.0221257890872266e-05
35,2.3026742839813235,16,0.4630594253540039,1.5155928475341085e-05
36,2.3027041033336095,16,0.4850442409515381,-2.9819352286075684e-05
37,2.3026916381290983,16,0.46799659729003906,1.2465204511258321e-05
38,2.302695211683001,16,0.4633955955505371,-3.573553902569415e-06
39,2.302708139419556,16,0.4689064025878906,-1.2927736555035096e-05
40,2.302673637526376,16,0.4693572521209717,3.450189317977248e-05
41,2.3027055924279347,16,0.4628753662109375,-3.195490155860625e-05
42,2.3026953860691615,16,0.46936726570129395,1.0206358773245938e-05
43,2.302698084967477,16,0.4692864418029785,-2.6988983155007418e-06
44,2.3026949412482125,16,0.4625566005706787,3.1437192644645506e-06
45,2.3026964378356936,16,0.46901369094848633,-1.496587481053524e-06
46,2.302689411299569,16,0.46860527992248535,7.026536124499216e-06
47,2.302712403024946,16,0.48449110984802246,-2.299172537689742e-05
48,2.302732060977391,16,0.4636359214782715,-1.965795244496249e-05
49,2.3026823663711546,16,0.4695463180541992,4.969460623627242e-05
50,2.3026800652912685,16,0.46895527839660645,2.301079886191104e-06
51,2.3026828507014683,16,0.47820258140563965,-2.7854101998237013e-06
52,2.302692453520639,16,0.46892786026000977,-9.602819170506649e-06
53,2.3027235875810894,16,0.46939992904663086,-3.113406045063272e-05
54,2.3026705830437795,16,0.46303606033325195,5.3004537309941924e-05
55,2.302708524295262,16,0.4698929786682129,-3.794125148237626e-05
56,2.302676547595433,16,0.4694836139678955,3.197669982890616e-05
57,2.302698653084891,16,0.48461365699768066,-2.2105489458024152e-05
58,2.3027050522395545,16,0.4631059169769287,-6.3991546634944996e-06
59,2.302690713065011,16,0.46965980529785156,1.4339174543298583e-05
60,2.302683777809143,16,0.4686710834503174,6.935255868256718e-06
61,2.3027016850880213,16,0.47881197929382324,-1.7907278878404043e-05
62,2.3026898983546666,16,0.469268798828125,1.17867333546684e-05
63,2.30270057950701,16,0.4690062999725342,-1.0681152343483546e-05
64,2.302696134022304,16,0.4828829765319824,4.4454847061281555e-06
65,2.3026956524167743,16,0.4654414653778076,4.816055296785748e-07
66,2.3026742104121616,16,0.46825599670410156,2.1442004612737264e-05
67,2.302693815912519,16,0.46934986114501953,-1.9605500357400274e-05
68,2.30269885131291,16,0.463641881942749,-5.03540039087369e-06
69,2.3026792533057074,16,0.484236478805542,1.959800720241489e-05
70,2.3026911912645613,16,0.4690897464752197,-1.1937958853902586e-05
71,2.3026692472185406,16,0.46255946159362793,2.194404602073874e-05
72,2.302697787284851,16,0.4692554473876953,-2.8540066310256407e-05
73,2.3026250001362394,16,0.46875619888305664,7.278714861147506e-05
74,2.3026995999472484,16,0.463289737701416,-7.459981100899071e-05
75,2.302701623099191,16,0.4692354202270508,-2.0231519424207534e-06
76,2.3026856000082834,16,0.4696826934814453,1.6023090907424375e-05
77,2.3026630197252547,16,0.48467516899108887,2.258028302870585e-05
78,2.3026716198240007,16,0.46239280700683594,-8.600098746036622e-06
79,2.3026773296083722,16,0.4692115783691406,-5.709784371532578e-06
80,2.3026813336781093,16,0.46979856491088867,-4.0040697371068745e-06
81,2.3026680973597937,16,0.47783684730529785,1.3236318315623663e-05
82,2.302680378641401,16,0.47008228302001953,-1.2281281607240402e-05
83,2.3026860182625906,16,0.5011768341064453,-5.639621189601485e-06
84,2.3026879732949395,16,0.4697115421295166,-1.955032348899266e-06
85,2.302671755381993,16,0.46352314949035645,1.6217912946370205e-05
86,2.3026936994280134,16,0.4690127372741699,-2.194404602029465e-05
87,2.3027086319242205,16,0.4694952964782715,-1.4932496207098467e-05
88,2.302679767608643,16,0.4835023880004883,2.8864315577692423e-05
89,2.3026541941506524,16,0.4636721611022949,2.557345799036881e-05
90,2.302690817969186,16,0.46970248222351074,-3.6623818533421115e-05
91,2.3027134466171266,16,0.46883273124694824,-2.262864794078112e-05
92,2.3026924984795705,16,0.4630279541015625,2.0948137556153767e-05
93,2.30267438684191,16,0.48441505432128906,1.8111637660300772e-05
94,2.302685672215053,16,0.4529104232788086,-1.128537314265543e-05
95,2.3026806661060877,16,0.4790763854980469,5.006108965144307e-06
96,2.3027053921563283,16,0.4690713882446289,-2.4726050240619912e-05
97,2.3026643569128855,16,0.4700276851654053,4.103524344278853e-05
98,2.302690645626613,16,0.46213436126708984,-2.6288713727673496e-05
99,2.3026765836988177,16,0.4689309597015381,1.4061927795516738e-05
100,2.3026610817228046,16,0.4844088554382324,1.5501976013077012e-05
