1,2.303217887878418,9,1.086052656173706,Nan
2,2.302902965545654,9,0.4161672592163086,0.0003149223327638673
3,2.3027969646453856,9,0.4004061222076416,0.00010600090026846587
4,2.3027783850261145,9,0.4137382507324219,1.8579619271097414e-05
5,2.3027369444710866,9,0.3865361213684082,4.1440555027971726e-05
6,2.3026912798200336,9,0.4160797595977783,4.56646510529346e-05
7,2.3026952464239936,9,0.4173908233642578,-3.966603959959514e-06
8,2.3027162763050626,9,0.38303112983703613,-2.1029881069001277e-05
9,2.3027124629701885,9,0.3850424289703369,3.813334874092078e-06
10,2.3026981333323886,9,0.4003775119781494,1.4329637799903594e-05
11,2.3027043751307894,9,0.38457632064819336,-6.241798400807852e-06
12,2.3027129289082118,9,0.38393378257751465,-8.553777422370956e-06
13,2.30273339680263,9,0.38456296920776367,-2.0467894418008115e-05
14,2.3027007722854616,9,0.38446664810180664,3.262451716823378e-05
15,2.3026864991869247,9,0.3789248466491699,1.4273098536854434e-05
16,2.302697193963187,9,0.3997385501861572,-1.069477626236548e-05
17,2.3026466846466063,9,0.3854711055755615,5.0509316580793495e-05
18,2.3027122143336705,9,0.36962127685546875,-6.552968706419193e-05
19,2.302706170763288,9,0.40065670013427734,6.043570382363583e-06
20,2.302704336302621,9,0.44861578941345215,1.8344606669273844e-06
21,2.302722135952541,9,0.38383007049560547,-1.7799649919769678e-05
22,2.302694712366377,9,0.3843388557434082,2.7423586164143643e-05
23,2.302711845806667,9,0.4376945495605469,-1.7133440290084678e-05
24,2.302689655167716,9,0.4158627986907959,2.219063895081419e-05
25,2.302698377881731,9,0.38410139083862305,-8.722714015085842e-06
26,2.302697740282331,9,0.3786442279815674,6.375993999441221e-07
27,2.30267119203295,9,0.40024900436401367,2.6548249381086464e-05
28,2.3027034970692224,9,0.3997833728790283,-3.230503627227321e-05
29,2.3026810707364764,9,0.38495349884033203,2.242633274596173e-05
30,2.3027194622584752,9,0.3840465545654297,-3.8391521998804023e-05
31,2.3027076271602085,9,0.40074729919433594,1.1835098266743671e-05
32,2.302684283937727,9,0.369243860244751,2.3343222481653214e-05
33,2.3026861844744,9,0.3838794231414795,-1.9005366733715334e-06
34,2.3026963908331735,9,0.39406323432922363,-1.0206358773245938e-05
35,2.302685525757926,9,0.3693249225616455,1.0865075247501466e-05
36,2.3026928200040544,9,0.40079474449157715,-7.2942461284419835e-06
37,2.302682238987514,9,0.4003739356994629,1.0581016540278654e-05
38,2.3027146203177318,9,0.4005918502807617,-3.238133021765677e-05
39,2.302691443988255,9,0.40033483505249023,2.3176329476903845e-05
40,2.302682320731027,9,0.38452863693237305,9.123257227905412e-06
41,2.3026978826522826,9,0.5779948234558105,-1.556192125562461e-05
42,2.302683013507298,9,0.5546653270721436,1.486914498460834e-05
43,2.302709813117981,9,0.5698337554931641,-2.6799610683081454e-05
44,2.3026766933713643,9,0.4694194793701172,3.311974661679429e-05
45,2.3026823357173374,9,0.4732797145843506,-5.642345973111418e-06
46,2.3026845727648055,9,0.5122048854827881,-2.237047468156561e-06
47,2.3026717301777433,9,0.39626407623291016,1.2842587062245059e-05
48,2.302699775014605,9,0.404252290725708,-2.80448368616959e-05
49,2.3026847887039184,9,0.37812352180480957,1.4986310686637694e-05
50,2.3026750455583844,9,0.3849489688873291,9.743145533924746e-06
51,2.3027195923668997,9,0.38510966300964355,-4.4546808515288916e-05
52,2.3027087306976317,9,0.3846883773803711,1.0861669268003027e-05
53,2.302712029048375,9,0.38445186614990234,-3.298350743197176e-06
54,2.3026836115973337,9,0.4315507411956787,2.8417451041207187e-05
55,2.3026678664343696,9,0.3694019317626953,1.5745162964098114e-05
56,2.302720042637416,9,0.4002959728240967,-5.2176203046538916e-05
57,2.302698973928179,9,0.38152456283569336,2.106870923723747e-05
58,2.302677582332066,9,0.3664114475250244,2.1391596112696476e-05
59,2.3026825877598354,9,0.39961957931518555,-5.005427769155801e-06
60,2.3026978710719517,9,0.3852086067199707,-1.5283312116309844e-05
61,2.3027041251318794,9,0.3840935230255127,-6.254059927712774e-06
62,2.302689425604684,9,0.38475942611694336,1.469952719546086e-05
63,2.3027141257694788,9,0.5163147449493408,-2.4700164794833057e-05
64,2.3027139036996025,9,0.48424720764160156,2.2206987626560704e-07
65,2.3026814705984933,9,0.3840618133544922,3.243310110923048e-05
66,2.3027063996451242,9,0.3786649703979492,-2.492904663098372e-05
67,2.3026938377107893,9,0.38463664054870605,1.2561934334964775e-05
68,2.3026766191210064,9,0.368760347366333,1.7218589782874716e-05
69,2.3026915952137537,9,0.3999488353729248,-1.49760927472542e-05
70,2.3026885012217932,9,0.36988091468811035,3.093991960412268e-06
71,2.3026812614713394,9,0.4006021022796631,7.239750453802429e-06
72,2.3026896980830602,9,0.3848850727081299,-8.436611720785692e-06
73,2.302708625112261,9,0.37837767601013184,-1.8927029200810352e-05
74,2.3026867989131383,9,0.38451099395751953,2.182619912272088e-05
75,2.302651927130563,9,0.38442230224609375,3.4871782575329746e-05
76,2.302682920183454,9,0.38470888137817383,-3.0993052891226114e-05
77,2.3026821402141024,9,0.3689610958099365,7.799693517718254e-07
78,2.302689427648272,9,0.3966536521911621,-7.287434169445106e-06
79,2.302680586406163,9,0.36689162254333496,8.841242109092207e-06
80,2.302678370475769,9,0.38464951515197754,2.2159303938451558e-06
81,2.3026507684162687,9,0.38524389266967773,2.7602059500253517e-05
82,2.3026830441611152,9,0.38456058502197266,-3.227574484654383e-05
83,2.3027159663609096,9,0.38497400283813477,-3.2922199794338525e-05
84,2.30268479347229,9,0.37892770767211914,3.117288861975709e-05
85,2.302661517688206,9,0.38537049293518066,2.3275784083676143e-05
86,2.3026736872536797,9,0.384838342666626,-1.2169565473563182e-05
87,2.30270503112248,9,0.3691713809967041,-3.134386880043749e-05
88,2.302680412701198,9,0.38482165336608887,2.4618421281985547e-05
89,2.302652346066066,9,0.3790266513824463,2.806663513199581e-05
90,2.302675960404532,9,0.3853888511657715,-2.36143384659826e-05
91,2.302676703589303,9,0.40024590492248535,-7.431847710570594e-07
92,2.302653910091945,9,0.40108275413513184,2.2793497358009063e-05
93,2.302691535268511,9,0.4003407955169678,-3.762517656591413e-05
94,2.3026695101601735,9,0.3845500946044922,2.2025108337597743e-05
95,2.302669634819031,9,0.38460779190063477,-1.2465885745882588e-07
96,2.3026788078035625,9,0.3849806785583496,-9.172984531513606e-06
97,2.302663618496486,9,0.38365983963012695,1.5189307076557412e-05
98,2.302667901175363,9,0.37935829162597656,-4.282678876865731e-06
99,2.302645218031747,9,0.3847684860229492,2.2683143615864765e-05
100,2.302676141602652,9,0.38518619537353516,-3.0923570905283526e-05
