1,2.312084354536874,361,0.4876737594604492,Nan
2,2.2546531011036466,361,0.06902074813842773,0.057431253433227525
3,2.199732630593436,361,0.08424758911132812,0.05492047051021043
4,2.1455625555855886,361,0.0690164566040039,0.05417007500784754
5,2.093146877833775,361,0.07813191413879395,0.05241567775181366
6,2.041447850091117,361,0.08464336395263672,0.05169902774265811
7,1.99053012745721,361,0.06882739067077637,0.050917722633906815
8,1.9401784817491259,361,0.08426904678344727,0.05035164570808415
9,1.890338029078075,361,0.08464288711547852,0.04984045267105097
10,1.8408933433805192,361,0.07813096046447754,0.04944468569755567
11,1.7920754702431816,361,0.06861519813537598,0.04881787313733765
12,1.7438916951247625,361,0.08464479446411133,0.04818377511841909
13,1.6958156184809547,361,0.0690162181854248,0.04807607664380775
14,1.6483663760934557,361,0.07813096046447754,0.047449242387499035
15,1.6020132290295193,361,0.08464837074279785,0.04635314706393645
16,1.556137434039797,361,0.0845332145690918,0.04587579498972216
17,1.511649559225355,361,0.06902074813842773,0.04448787481444216
18,1.4682557835919516,361,0.08414006233215332,0.0433937756334033
19,1.4261441556044987,361,0.07838082313537598,0.04211162798745294
20,1.385090086391994,361,0.08464455604553223,0.04105406921250476
21,1.345642675263541,361,0.06869316101074219,0.03944741112845285
22,1.3070750861508507,361,0.08464527130126953,0.038567589112690426
23,1.2700069809300558,361,0.08263826370239258,0.037068105220794845
24,1.2339623365402221,361,0.06409001350402832,0.03604464438983368
25,1.1994872340815408,361,0.08464288711547852,0.03447510245868135
26,1.1661990325450897,361,0.08464670181274414,0.03328820153645107
27,1.134300603866577,361,0.0690159797668457,0.03189842867851267
28,1.1039031779084887,361,0.07813143730163574,0.030397425958088364
29,1.074566539491926,361,0.08464407920837402,0.029336638416562755
30,1.0467442420210158,361,0.06853914260864258,0.02782229747091014
31,1.0201068192550113,361,0.08514595031738281,0.026637422766004448
32,0.9947124941519329,361,0.08464169502258301,0.025394325103078486
33,0.9704148332050868,361,0.07813143730163574,0.024297660946846045
34,0.9473921658481871,361,0.068939208984375,0.02302266735689973
35,0.9254667747531619,361,0.08415532112121582,0.021925391095025226
36,0.904358639393534,361,0.06901717185974121,0.021108135359627855
37,0.8845885264703206,361,0.07823491096496582,0.0197701129232134
38,0.8653271359375545,361,0.08464598655700684,0.0192613905327661
39,0.8472892751353127,361,0.08448576927185059,0.01803786080224179
40,0.8299224204506193,361,0.06902050971984863,0.017366854684693456
41,0.8133666090794972,361,0.08464193344116211,0.016555811371122053
42,0.7975146793637957,361,0.07813119888305664,0.015851929715701485
43,0.7823714600120272,361,0.08464646339416504,0.015143219351768544
44,0.7680292845794133,361,0.06862020492553711,0.014342175432613846
45,0.7542560701881136,361,0.08464622497558594,0.013773214391299748
46,0.7409496435778482,361,0.08314037322998047,0.013306426610265376
47,0.7284100120578494,361,0.06361579895019531,0.012539631519998817
48,0.7163662162167685,361,0.08464407920837402,0.01204379584108084
49,0.704652291400092,361,0.08464670181274414,0.011713924816676546
50,0.6934372095380511,361,0.06901669502258301,0.011215081862040899
51,0.6826132786784853,361,0.07813119888305664,0.010823930859565789
52,0.6725585251535688,361,0.08440732955932617,0.010054753524916471
53,0.66236454977308,361,0.06882190704345703,0.010193975380488829
54,0.652930274094854,361,0.08464622497558594,0.009434275678225967
55,0.6437088896376746,361,0.08464384078979492,0.00922138445717946
56,0.6347947098357337,361,0.06250286102294922,0.008914179801940869
57,0.6265747811453684,361,0.08464574813842773,0.008219928690365363
58,0.6182679338114602,361,0.0841820240020752,0.008306847333908185
59,0.6104138794796807,361,0.0690159797668457,0.007854054331779436
60,0.6026092888116836,361,0.07813119888305664,0.007804590667997102
61,0.5953288661752428,361,0.08465218544006348,0.007280422636440798
62,0.588013613649777,361,0.06903553009033203,0.007315252525465832
63,0.5813103930268969,361,0.08465003967285156,0.006703220622880091
64,0.5745830226455416,361,0.08464932441711426,0.006727370381355291
65,0.5679108519554138,361,0.07813167572021484,0.006672170690127821
66,0.5618565372569221,361,0.06866574287414551,0.006054314698491714
67,0.5556639515331814,361,0.08464646339416504,0.006192585723740707
68,0.549920551265989,361,0.06851553916931152,0.005743400267192333
69,0.5441304901327406,361,0.07826972007751465,0.005790061133248425
70,0.5386753015688488,361,0.08425211906433105,0.005455188563891822
71,0.5330943706887109,361,0.08464384078979492,0.005580930880137891
72,0.5277661940029689,361,0.06870079040527344,0.0053281766857420365
73,0.5229491108230182,361,0.08414220809936523,0.004817083179950665
74,0.5180153680273465,361,0.07816219329833984,0.004933742795671714
75,0.5130391654287065,361,0.06911683082580566,0.004976202598639956
76,0.5084290218097823,361,0.08458518981933594,0.004610143618924201
77,0.503803441124303,361,0.08429503440856934,0.004625580685479358
78,0.4993576105066708,361,0.08314085006713867,0.004445830617632152
79,0.49510372244460243,361,0.06355023384094238,0.004253888062068389
80,0.4909809912783759,361,0.08452582359313965,0.004122731166226523
81,0.4868522306425231,361,0.0845651626586914,0.004128760635852824
82,0.4826512627857072,361,0.0690157413482666,0.004200967856815896
83,0.4789044067348753,361,0.09426188468933105,0.003746856050831915
84,0.4748932224256652,361,0.06779599189758301,0.004011184309210103
85,0.4711507996065276,361,0.08464550971984863,0.0037424228191375586
86,0.467699845288481,361,0.068756103515625,0.003450954318046595
87,0.46411678832769393,361,0.08464264869689941,0.00358305696078709
88,0.4607022361755371,361,0.07813143730163574,0.0034145521521568023
89,0.4570090425695692,361,0.08464646339416504,0.003693193605967926
90,0.4538132545948029,361,0.06901884078979492,0.0031957879747663287
91,0.45048470897333964,361,0.08464622497558594,0.0033285456214632303
92,0.4473921302642141,361,0.0826406478881836,0.0030925787091255486
93,0.44421821182114735,361,0.06405258178710938,0.0031739184430667478
94,0.44143320257323126,361,0.08426833152770996,0.0027850092479160815
95,0.43825609213113786,361,0.08444452285766602,0.0031771104420934004
96,0.4353222133432116,361,0.06901836395263672,0.0029338787879262807
97,0.4323771436129297,361,0.07812857627868652,0.0029450697302818574
98,0.42974805864265986,361,0.08463144302368164,0.002629084970269868
99,0.426810471372945,361,0.06902074813842773,0.002937587269714881
100,0.42442200300523214,361,0.08464574813842773,0.002388468367712837
