1,2.313074029854366,471,0.5482509136199951,Nan
2,2.2882921800613403,471,0.06871271133422852,0.024781849793025668
3,2.266045918396541,471,0.08421564102172852,0.02224626166479915
4,2.2448523238727023,471,0.0690159797668457,0.021193594523838843
5,2.223901723384857,471,0.07813119888305664,0.02095060048784525
6,2.2019994701657977,471,0.08420896530151367,0.021902253219059364
7,2.178191373348236,471,0.06894159317016602,0.023808096817561797
8,2.150949660233089,471,0.08464622497558594,0.027241713115147004
9,2.1200657877240863,471,0.06250238418579102,0.030883872509002597
10,2.0873981685638427,471,0.08464741706848145,0.03266761916024352
11,2.0539571384021214,471,0.08464646339416504,0.0334410301617214
12,2.020555988924844,471,0.06878519058227539,0.03340114947727724
13,1.9866135358810424,471,0.0846412181854248,0.033942453043801724
14,1.9526451469830104,471,0.07813143730163574,0.033968388898032
15,1.918350030354091,471,0.06902170181274414,0.034295116628919375
16,1.8838226229803903,471,0.08464622497558594,0.03452740737370075
17,1.849411995955876,471,0.0690164566040039,0.03441062702451436
18,1.8149036725929806,471,0.07813119888305664,0.03450832336289533
19,1.7804877715451377,471,0.06902050971984863,0.03441590104784287
20,1.746412272657667,471,0.08464670181274414,0.034075498887470745
21,1.7121506328242166,471,0.06851601600646973,0.03426163983345032
22,1.6779081265245166,471,0.07820320129394531,0.03424250629970005
23,1.6439118516104563,471,0.08464884757995605,0.03399627491406032
24,1.6102139402117048,471,0.06852555274963379,0.033697911398751446
25,1.5768851385797773,471,0.08481264114379883,0.03332880163192753
26,1.5435582551615579,471,0.08314108848571777,0.03332688341821943
27,1.510626156806946,471,0.06400656700134277,0.03293209835461197
28,1.4781387747696468,471,0.08464527130126953,0.03248738203729906
29,1.4457120806149073,471,0.06902146339416504,0.03242669415473953
30,1.4136515286649975,471,0.08464217185974121,0.032060551949909755
31,1.3823514631135123,471,0.07813143730163574,0.031300065551485234
32,1.351544519356319,471,0.06902098655700684,0.030806943757193395
33,1.3212588817732676,471,0.08464574813842773,0.03028563758305136
34,1.2915703223773412,471,0.0690164566040039,0.029688559395926406
35,1.2626005446910857,471,0.09001970291137695,0.028969777686255416
36,1.2341467231682368,471,0.07252287864685059,0.02845382152284892
37,1.2067477175508228,471,0.06901884078979492,0.02739900561741404
38,1.1802025213241578,471,0.08433365821838379,0.026545196226664958
39,1.1541717208453588,471,0.08163809776306152,0.02603080047879902
40,1.1291152398926871,471,0.06551194190979004,0.025056480952671656
41,1.1047946699006217,471,0.08464598655700684,0.024320569992065444
42,1.0814445519447327,471,0.08464741706848145,0.023350117955889038
43,1.0585939697708402,471,0.08433341979980469,0.022850582173892464
44,1.036571951355253,471,0.08464598655700684,0.022022018415587263
45,1.0155289384126662,471,0.07812857627868652,0.021043012942586703
46,0.9953830440044403,471,0.06902050971984863,0.020145894408225895
47,0.9757379555021014,471,0.08464527130126953,0.019645088502338925
48,0.9568594636917114,471,0.0690162181854248,0.01887849181039003
49,0.9390106645652226,471,0.07813167572021484,0.017848799126488735
50,0.9214092654670988,471,0.06863021850585938,0.01760139909812386
51,0.9046412421805518,471,0.08421516418457031,0.01676802328654703
52,0.8885800460917609,471,0.06901931762695312,0.016061196088790863
53,0.873167506984302,471,0.09375405311584473,0.015412539107458878
54,0.8583609444924764,471,0.06902003288269043,0.014806562491825659
55,0.8438536121334348,471,0.08464622497558594,0.014507332359041558
56,0.83009241940294,471,0.06901979446411133,0.013761192730494809
57,0.8168196986402784,471,0.08464193344116211,0.013272720762661616
58,0.8042123267310006,471,0.06250786781311035,0.012607371909277743
59,0.7917740174361637,471,0.08464288711547852,0.012438309294836913
60,0.7798613249574389,471,0.06902337074279785,0.01191269247872484
61,0.7683089727333614,471,0.08414268493652344,0.011552352224077467
62,0.757388356600489,471,0.07815098762512207,0.01092061613287243
63,0.7468112355300358,471,0.08514952659606934,0.010577121070453166
64,0.7364899087122508,471,0.06869840621948242,0.01032132681778497
65,0.7267366151128496,471,0.08464765548706055,0.009753293599401247
66,0.7171300645896367,471,0.07863187789916992,0.009606550523212909
67,0.7080919579097202,471,0.06756281852722168,0.009038106679916447
68,0.6990315187147685,471,0.06902217864990234,0.009060439194951697
69,0.6903964543853487,471,0.08464574813842773,0.00863506432941985
70,0.6822190401724406,471,0.08414125442504883,0.008177414212908074
71,0.6741238319533212,471,0.06293940544128418,0.008095208219119465
72,0.6664314251116344,471,0.08464479446411133,0.007692406841686705
73,0.6590028145313263,471,0.06901979446411133,0.0074286105803081925
74,0.6517172878469739,471,0.08414125442504883,0.007285526684352339
75,0.6446341894013541,471,0.0782320499420166,0.007083098445619829
76,0.6378288063832692,471,0.06883430480957031,0.006805383018084865
77,0.6310420467172351,471,0.08464574813842773,0.006786759666034148
78,0.6246174016339439,471,0.08436298370361328,0.006424645083291214
79,0.6184790018626621,471,0.0846414566040039,0.006138399771281722
80,0.6123192978671619,471,0.07813096046447754,0.006159703995500254
81,0.6064592157772609,471,0.06864690780639648,0.005860082089900964
82,0.6005681296416692,471,0.08464455604553223,0.00589108613559175
83,0.5950890868731907,471,0.06901836395263672,0.005479042768478437
84,0.5897514165299279,471,0.07812905311584473,0.005337670343262824
85,0.5842537410259246,471,0.06902003288269043,0.005497675504003263
86,0.5790346555880138,471,0.08464574813842773,0.005219085437910831
87,0.5739805583187512,471,0.06851673126220703,0.005054097269262647
88,0.5690300751413618,471,0.07857012748718262,0.004950483177389331
89,0.5642060540573938,471,0.08464598655700684,0.004824021083968066
90,0.5594800844533103,471,0.06890416145324707,0.0047259696040834465
91,0.5550846581799643,471,0.08464550971984863,0.0043954262733459926
92,0.5503914048842021,471,0.08414268493652344,0.004693253295762201
93,0.5459242102248328,471,0.06264615058898926,0.004467194659369289
94,0.541705799639225,471,0.08463621139526367,0.00421841058560779
95,0.5376332872935704,471,0.06889677047729492,0.004072512345654644
96,0.5335471296991621,471,0.08414220809936523,0.004086157594408335
97,0.5294688807470458,471,0.07822155952453613,0.004078248952116281
98,0.5254554232018335,471,0.06891989707946777,0.004013457545212318
99,0.521712822164808,471,0.0846397876739502,0.003742601037025506
100,0.5178514828341347,471,0.0690157413482666,0.00386133933067323
