1,2.2966333411761695,171,0.3667161464691162,Nan
2,2.2232842023032053,171,0.08464288711547852,0.07334913887296413
3,2.1581470454079765,171,0.07813119888305664,0.06513715689522881
4,2.092660348347255,171,0.09983205795288086,0.06548669706072152
5,2.0205510699748994,171,0.08451151847839355,0.07210927837235559
6,1.940964779308864,171,0.10027074813842773,0.0795862906660354
7,1.857401797396796,171,0.08420205116271973,0.08356298191206801
8,1.7652639082159314,171,0.08464550971984863,0.09213788918086463
9,1.6739519723483494,171,0.10027050971984863,0.09131193586758202
10,1.5869060752051216,171,0.08443665504455566,0.08704589714322775
11,1.5032422994886125,171,0.08414149284362793,0.08366377571650907
12,1.4226709273542677,171,0.10079193115234375,0.08057137213434484
13,1.3459600874015263,171,0.09526348114013672,0.07671083995274142
14,1.2735732236249107,171,0.08263826370239258,0.07238686377661563
15,1.2051150150299073,171,0.08464169502258301,0.0684582085950034
16,1.141591783625739,171,0.10027337074279785,0.06352323140416827
17,1.083065186568669,171,0.08464455604553223,0.058526597057070084
18,1.0286730836970466,171,0.10027050971984863,0.05439210287162233
19,0.9789213161468506,171,0.0842735767364502,0.04975176755019595
20,0.9330141674791064,171,0.09996151924133301,0.04590714866774426
21,0.8912630698169981,171,0.08464574813842773,0.04175109766210827
22,0.8525230181728091,171,0.08413958549499512,0.03874005164418903
23,0.817836940067155,171,0.09990906715393066,0.03468607810565405
24,0.7853112207480839,171,0.09987759590148926,0.03252571931907111
25,0.7556096687998091,171,0.07825231552124023,0.02970155194827484
26,0.728039022564888,171,0.10027027130126953,0.027570646234921115
27,0.7027169263362885,171,0.08464622497558594,0.02532209622859949
28,0.6798675217117582,171,0.08431529998779297,0.022849404624530223
29,0.6584532379763467,171,0.10027170181274414,0.021414283735411543
30,0.6390376678364618,171,0.08464598655700684,0.01941557013988493
31,0.620795141339302,171,0.10027122497558594,0.01824252649715974
32,0.604127856527056,171,0.09993314743041992,0.016667284812245997
33,0.588556090423039,171,0.08464431762695312,0.015571766104017004
34,0.5740334461075919,171,0.09981536865234375,0.014522644315447142
35,0.5603061136347907,171,0.08414149284362793,0.013727332472801224
36,0.5474807184423719,171,0.10003328323364258,0.012825395192418765
37,0.5355205897944314,171,0.09406352043151855,0.011960128647940493
38,0.5244852486082485,171,0.08418130874633789,0.011035341186182879
39,0.5132443269150597,171,0.08514618873596191,0.011240921693188799
40,0.5038861427818025,171,0.09990978240966797,0.009358184133257175
41,0.49456343010493686,171,0.08464479446411133,0.009322712676865685
42,0.48564585976941244,171,0.1002805233001709,0.008917570335524427
43,0.47710787180491854,171,0.08456110954284668,0.008537987964493898
44,0.4689222945400647,171,0.10004925727844238,0.00818557726485386
45,0.4610930198431015,171,0.10027432441711426,0.007829274696963151
46,0.45395469358137674,171,0.08464741706848145,0.007138326261724781
47,0.44677146446704863,171,0.10027265548706055,0.007183229114328116
48,0.44026803176743645,171,0.08414173126220703,0.006503432699612177
49,0.43383519414493016,171,0.0993354320526123,0.006432837622506293
50,0.42758645936420986,171,0.07844257354736328,0.0062487347807203
51,0.4219993682673999,171,0.10027408599853516,0.005587091096809937
52,0.4162273426822254,171,0.08464622497558594,0.005772025585174534
53,0.41076157940285546,171,0.08449459075927734,0.0054657632793699285
54,0.4055115602697645,171,0.08464837074279785,0.005250019133090977
55,0.4007818283353533,171,0.1000511646270752,0.004729731934411174
56,0.3957257172124726,171,0.08438491821289062,0.00505611112288068
57,0.3910132825459753,171,0.08464407920837402,0.004712434666497345
58,0.3865664560454232,171,0.09776473045349121,0.004446826500552059
59,0.3823099590625082,171,0.08063745498657227,0.004256496982915026
60,0.3780382871542658,171,0.0843818187713623,0.004271671908242403
61,0.37390306840624127,171,0.08418083190917969,0.004135218748024527
62,0.3699672025186675,171,0.08514618873596191,0.003935865887573775
63,0.36613067081996375,171,0.10002350807189941,0.003836531698703738
64,0.36244285207135335,171,0.08464741706848145,0.0036878187486104053
65,0.3591115040693964,171,0.08464241027832031,0.0033313480019569464
66,0.35532420086860655,171,0.09426498413085938,0.003787303200789849
67,0.35191041868073597,171,0.08390355110168457,0.0034137821878705843
68,0.3486505746245384,171,0.08464622497558594,0.0032598440561975583
69,0.3456331777317183,171,0.08426094055175781,0.003017396892820101
70,0.34253730114017217,171,0.08464717864990234,0.003095876591546143
71,0.33947222417593004,171,0.09991765022277832,0.0030650769642421305
72,0.33632532178504126,171,0.0843510627746582,0.0031469023908887728
73,0.3333153947889805,171,0.08464193344116211,0.0030099269960607855
74,0.3307750031266894,171,0.07813143730163574,0.002540391662291086
75,0.32814572092890737,171,0.10027265548706055,0.0026292821977820235
76,0.32518303079264504,171,0.08464598655700684,0.002962690136262325
77,0.32249798449873923,171,0.08436942100524902,0.002685046293905813
78,0.31990660862411774,171,0.0841825008392334,0.002591375874621493
79,0.3177701786160469,171,0.08445429801940918,0.0021364300080708443
80,0.31509745903100284,171,0.09997940063476562,0.002672719585044059
81,0.3126600763286863,171,0.0841512680053711,0.002437382702316526
82,0.31057078906042235,171,0.07829499244689941,0.002089287268263962
83,0.3079670448558671,171,0.08464479446411133,0.002603744204555225
84,0.3059013136284692,171,0.10027289390563965,0.002065731227397949
85,0.303555688227926,171,0.08464670181274414,0.002345625400543172
86,0.3016439512201718,171,0.08416962623596191,0.0019117370077542106
87,0.29936531642079356,171,0.08494853973388672,0.002278634799378232
88,0.29726584283794677,171,0.08414268493652344,0.002099473582846789
89,0.29573323232786997,171,0.09560823440551758,0.001532610510076804
90,0.2939940747107778,171,0.0830831527709961,0.0017391576170921463
91,0.29156574071730884,171,0.08462858200073242,0.0024283339934689785
92,0.2897499540873936,171,0.08464479446411133,0.001815786629915217
93,0.28773166145597184,171,0.08464384078979492,0.002018292631421781
94,0.2858296544807298,171,0.08464741706848145,0.0019020069752420654
95,0.2841478291026184,171,0.10027170181274414,0.0016818253781114012
96,0.28248005381652286,171,0.08464407920837402,0.0016677752860955186
97,0.2806725205438478,171,0.07812929153442383,0.001807533272675077
98,0.2789143524680819,171,0.0998837947845459,0.001758168075765898
99,0.2771281408752714,171,0.08464550971984863,0.001786211592810505
100,0.275483115115336,171,0.08415675163269043,0.001645025759935359
