1,1.6220024588108062,11,0.6530652046203613,Nan
2,0.7604296044622149,11,0.4655776023864746,0.8615728543485913
3,0.5049078788587025,11,0.43507862091064453,0.2555217256035124
4,0.40679081458279065,11,0.4468703269958496,0.09811706427591182
5,0.3500986815222672,11,0.4535517692565918,0.05669213306052345
6,0.3157219148789133,11,0.446840763092041,0.03437676664335387
7,0.29130894372718674,11,0.4537694454193115,0.02441297115172658
8,0.2689445490001568,11,0.4467496871948242,0.022364394727029946
9,0.2509174969547561,11,0.4532003402709961,0.01802705204540067
10,0.2360790005089449,11,0.4470341205596924,0.014838496445811228
11,0.22258855311200024,11,0.5221545696258545,0.01349044739694466
12,0.20937727278737084,11,0.47768092155456543,0.013211280324629399
13,0.19894115948304533,11,0.43828630447387695,0.010436113304325506
14,0.18797550847993366,11,0.44715166091918945,0.01096565100311167
15,0.17963864976965954,11,0.4537327289581299,0.00833685871027412
16,0.1680486431640706,11,0.4470510482788086,0.011590006605588954
17,0.16218579423613846,11,0.4378550052642822,0.005862848927932124
18,0.1512082364395527,11,0.4469265937805176,0.010977557796585768
19,0.14404881088269342,11,0.4535026550292969,0.007159425556859278
20,0.1380165911271636,11,0.44713306427001953,0.006032219755529811
21,0.13122515872493387,11,0.4531130790710449,0.006791432402229736
22,0.1223647215219015,11,0.4469940662384033,0.008860437203032367
23,0.11702295373366879,11,0.4498019218444824,0.0053417677882327125
24,0.1111588133966018,11,0.5047156810760498,0.005864140337066989
25,0.10674451551539824,11,0.4779660701751709,0.004414297881203566
26,0.10037685815364654,11,0.45284223556518555,0.006367657361751697
27,0.09536104540340602,11,0.4312310218811035,0.005015812750240517
28,0.09076016295964032,11,0.4533412456512451,0.004600882443765705
29,0.0854517830906968,11,0.44711971282958984,0.005308379868943516
30,0.08101622704775738,11,0.4531691074371338,0.004435556042939423
31,0.07752291970766549,11,0.44734835624694824,0.0034933073400918863
32,0.0733995226530325,11,0.43713951110839844,0.0041233970546329934
33,0.06886701996541315,11,0.44727253913879395,0.004532502687619344
34,0.06614705850410142,11,0.4534463882446289,0.0027199614613117318
35,0.06155239106897664,11,0.4476912021636963,0.00459466743512478
36,0.059230800680159255,11,0.4529392719268799,0.0023215903888173864
37,0.05695130920982255,11,0.5318057537078857,0.0022794914703367086
38,0.053680456206335554,11,0.44748449325561523,0.0032708530034869926
39,0.05058732815585765,11,0.4532756805419922,0.003093128050477907
40,0.047802127671394766,11,0.447176456451416,0.002785200484462881
41,0.04511024879785587,11,0.4374544620513916,0.0026918788735388957
42,0.04357930270638982,11,0.44709205627441406,0.0015309460914660483
43,0.04196963102992491,11,0.4840879440307617,0.0016096716764649119
44,0.03971454514117379,11,0.4531071186065674,0.0022550858887511183
45,0.03759108439172685,11,0.4474196434020996,0.0021234607494469426
46,0.03557095743885397,11,0.4527778625488281,0.002020126952872882
47,0.0345767013333056,11,0.4470090866088867,0.0009942561055483676
48,0.03273583654329247,11,0.45093369483947754,0.001840864790013129
49,0.030960962117649614,11,0.48017263412475586,0.001774874425642857
50,0.029648439498784554,11,0.5004115104675293,0.0013125226188650599
51,0.028431163954698215,11,0.45377373695373535,0.0012172755440863388
52,0.02707192313867355,11,0.44675493240356445,0.0013592408160246656
53,0.025815169209082212,11,0.4532506465911865,0.0012567539295913373
54,0.025223161006936737,11,0.43143296241760254,0.0005920082021454755
55,0.02385981926391001,11,0.4530463218688965,0.0013633417430267275
56,0.02282645788141859,11,0.4470527172088623,0.0010333613824914205
57,0.021605238184000234,11,0.4374570846557617,0.0012212196974183548
58,0.02132393970265652,11,0.4474337100982666,0.00028129848134371416
59,0.019974332132459884,11,0.4528806209564209,0.0013496075701966356
60,0.019374136530183023,11,0.5001654624938965,0.0006001956022768616
61,0.018674029416637494,11,0.47882723808288574,0.000700107113545529
62,0.018037573014789293,11,0.4377148151397705,0.0006364564018482011
63,0.017486894871781778,11,0.4464850425720215,0.0005506781430075144
64,0.016606620032348602,11,0.45273923873901367,0.0008802748394331761
65,0.016331355355494973,11,0.4468717575073242,0.00027526467685362946
66,0.01572081826470094,11,0.4382286071777344,0.0006105370907940333
67,0.015149534181892315,11,0.447268009185791,0.0005712840828086246
68,0.014477366652323066,11,0.4535529613494873,0.0006721675295692491
69,0.014084861366859902,11,0.6171081066131592,0.0003925052854631631
70,0.013529047319116735,11,0.46276307106018066,0.000555814047743167
71,0.01328136501368551,11,0.5386950969696045,0.00024768230543122625
72,0.012746780999162833,11,0.4469425678253174,0.0005345840145226759
73,0.012358717912204156,11,0.43726634979248047,0.00038806308695867736
74,0.012056086313108349,11,0.4468216896057129,0.00030263159909580707
75,0.011598917655039778,11,0.45362186431884766,0.000457168658068571
76,0.011359440137964806,11,0.4465320110321045,0.00023947751707497147
77,0.011025689220474826,11,0.4529683589935303,0.00033375091748998054
78,0.01066759093310767,11,0.4779703617095947,0.0003580982873671555
79,0.010395844273502007,11,0.45372605323791504,0.0002717466596056633
80,0.010133826947089152,11,0.46268463134765625,0.0002620173264128549
81,0.009731578601795523,11,0.5066778659820557,0.00040224834529362964
82,0.009916340827110357,11,0.5163006782531738,-0.00018476222531483427
83,0.009355478415116003,11,0.46289873123168945,0.0005608624119943541
84,0.009181292071252496,11,0.4387028217315674,0.0001741863438635069
85,0.008908343285022836,11,0.44683313369750977,0.0002729487862296598
86,0.008718892276794317,11,0.5003840923309326,0.00018945100822851876
87,0.00843351167813775,11,0.45284557342529297,0.00028538059865656704
88,0.008206905685951435,11,0.4652576446533203,0.00022660599218631526
89,0.008103557397120832,11,0.4673800468444824,0.00010334828883060317
90,0.007901977201857206,11,0.4373784065246582,0.00020158019526362626
91,0.0077006049284620015,11,0.4627113342285156,0.00020137227339520405
92,0.007604450925860354,11,0.5159401893615723,9.61540026016474e-05
93,0.0074096726734382435,11,0.4534492492675781,0.0001947782524221106
94,0.007212021684086981,11,0.4689826965332031,0.0001976509893512621
95,0.007109423615541995,11,0.4628181457519531,0.00010259806854498628
96,0.006951039712450958,11,0.46845197677612305,0.0001583839030910375
97,0.006761488405472067,11,0.4463930130004883,0.0001895513069788907
98,0.00664963014321568,11,0.469113826751709,0.00011185826225638702
99,0.006503615535346658,11,0.4533674716949463,0.00014601460786902148
100,0.0064387158163730675,11,0.44747447967529297,6.489971897359094e-05
