1,2.2883146030562265,391,0.4857451915740967,Nan
2,2.250733690874917,391,0.0845184326171875,0.03758091218130932
3,2.2147552242279054,391,0.08414196968078613,0.035978466647011764
4,2.178703378200531,391,0.07863092422485352,0.036051846027374435
5,2.142228143487658,391,0.06901931762695312,0.03647523471287295
6,2.1050425055367605,391,0.08464646339416504,0.037185637950897465
7,2.0670261205945697,391,0.08441972732543945,0.03801638494219084
8,2.0282662878036497,391,0.08414173126220703,0.03875983279091999
9,1.988391527891159,391,0.07842683792114258,0.039874759912490676
10,1.947185244151524,391,0.08464694023132324,0.041206283739634975
11,1.904489628314972,391,0.06902742385864258,0.042695615836552125
12,1.8601591194697789,391,0.0846567153930664,0.04433050884519307
13,1.8145841344765254,391,0.08464741706848145,0.04557498499325341
14,1.7682801831109183,391,0.07813167572021484,0.046303951365607166
15,1.7214189096518926,391,0.08429598808288574,0.04686127345902569
16,1.6749952930722918,391,0.06883645057678223,0.04642361657960081
17,1.6288697441305433,391,0.08464360237121582,0.04612554894174847
18,1.5834544434206825,391,0.08464169502258301,0.04541530070986077
19,1.5391181497573851,391,0.07813119888305664,0.04433629366329739
20,1.4955940412453244,391,0.08449149131774902,0.04352410851206079
21,1.4531852152688163,391,0.06901836395263672,0.04240882597650808
22,1.4118678857258389,391,0.06901931762695312,0.0413173295429774
23,1.3716168722765787,391,0.08414101600646973,0.04025101344926019
24,1.3325826677254269,391,0.0782785415649414,0.03903420455115181
25,1.2948200701304844,391,0.08464550971984863,0.03776259759494249
26,1.2583547198431833,391,0.08440756797790527,0.036465350287301135
27,1.2232419684273856,391,0.06855010986328125,0.035112751415797616
28,1.1893445818083628,391,0.0851449966430664,0.03389738661902286
29,1.1569107660566058,391,0.07813119888305664,0.03243381575175697
30,1.1258952324049813,391,0.08464503288269043,0.03101553365162446
31,1.0961224906785147,391,0.08464479446411133,0.0297727417264666
32,1.0676093816076007,391,0.08439755439758301,0.02851310907091409
33,1.0403519659893854,391,0.06851339340209961,0.027257415618215264
34,1.014162530013493,391,0.09385085105895996,0.026189435975892295
35,0.9892739781822477,391,0.06856465339660645,0.024888551831245387
36,0.9655770464624678,391,0.08464646339416504,0.023696931719779935
37,0.942807095527649,391,0.08464574813842773,0.022769950934818817
38,0.920983604652541,391,0.08415555953979492,0.02182349087510793
39,0.9003385436194283,391,0.08314013481140137,0.0206450610331127
40,0.880669028707913,391,0.06450963020324707,0.019669514911515362
41,0.8617200339010783,391,0.08464550971984863,0.01894899480683465
42,0.8437929127727236,391,0.08464550971984863,0.017927121128354706
43,0.8266778013706207,391,0.08464407920837402,0.017115111402102867
44,0.8101459706510816,391,0.08314108848571777,0.01653183071953912
45,0.7943230344397681,391,0.07925128936767578,0.015822936211313476
46,0.7793283007485526,391,0.06902098655700684,0.014994733691215512
47,0.7648858398028783,391,0.08464622497558594,0.014442460945674362
48,0.751087360228811,391,0.08464550971984863,0.013798479574067324
49,0.7377856599773679,391,0.08464193344116211,0.01330170025144306
50,0.7251576378856387,391,0.07813215255737305,0.012628022091729196
51,0.7130808462074825,391,0.08464503288269043,0.012076791678156229
52,0.7016437785966055,391,0.06902050971984863,0.011437067610876928
53,0.6902315743139812,391,0.08464622497558594,0.01141220428262435
54,0.6795428337199347,391,0.08414149284362793,0.010688740594046453
55,0.6693299734592437,391,0.0783851146697998,0.010212860260691015
56,0.659150223987443,391,0.08464527130126953,0.01017974947180067
57,0.6496742393118995,391,0.06902122497558594,0.009475984675543558
58,0.6405675008467265,391,0.08464503288269043,0.009106738465172959
59,0.6316536824532918,391,0.08464264869689941,0.008913818393434747
60,0.6231379922969,391,0.07813191413879395,0.008515690156391753
61,0.6149855628013611,391,0.08461117744445801,0.00815242949553896
62,0.6069402483361108,391,0.08428335189819336,0.008045314465250253
63,0.5993418798276356,391,0.06889533996582031,0.007598368508475173
64,0.591813825232642,391,0.08464360237121582,0.007528054594993616
65,0.5845762888022832,391,0.07813286781311035,0.0072375364303588485
66,0.5778518102509634,391,0.0842733383178711,0.006724478551319746
67,0.5710514357089996,391,0.08464550971984863,0.006800374541963805
68,0.5644945496661322,391,0.06872844696044922,0.006556886042867416
69,0.5583515549216952,391,0.08464336395263672,0.006142994744437025
70,0.5521566192081996,391,0.07813143730163574,0.0061949357134956085
71,0.5462701225025314,391,0.08434700965881348,0.005886496705668209
72,0.5404202088117599,391,0.08430743217468262,0.00584991369077148
73,0.5349693401711327,391,0.08464550971984863,0.00545086864062716
74,0.5295484285354615,391,0.06851553916931152,0.005420911635671266
75,0.524374893282141,391,0.07827591896057129,0.005173535253320427
76,0.5191954992158072,391,0.0894472599029541,0.005179394066333831
77,0.514344881262098,391,0.0796360969543457,0.004850617953709224
78,0.5093955152034759,391,0.08464479446411133,0.004949366058622062
79,0.5048981068134308,391,0.06851744651794434,0.004497408390045088
80,0.5002043462991714,391,0.09643912315368652,0.004693760514259404
81,0.4957911673613957,391,0.0821382999420166,0.004413178937775708
82,0.491764868421214,391,0.06891608238220215,0.0040262989401817495
83,0.487216996882643,391,0.08443784713745117,0.004547871538570947
84,0.48339488989966256,391,0.0846562385559082,0.0038221069829804666
85,0.4791462906088148,391,0.08464217185974121,0.004248599290847754
86,0.4753110688924789,391,0.07813239097595215,0.0038352217163358793
87,0.4715792649643762,391,0.08453869819641113,0.0037318039281027393
88,0.4677413957800184,391,0.06902003288269043,0.0038378691843578006
89,0.46416753272499356,391,0.08464550971984863,0.0035738630550248285
90,0.4606595012886184,391,0.08414125442504883,0.0035080314363751808
91,0.45713431820699146,391,0.07833003997802734,0.0035251830816269147
92,0.45379942532948087,391,0.08430814743041992,0.003334892877510598
93,0.45053035645825523,391,0.06874608993530273,0.0032690688712256333
94,0.44723629846743174,391,0.08464527130126953,0.0032940579908234957
95,0.4440280453136989,391,0.08414220809936523,0.003208253153732854
96,0.4411435486674309,391,0.07848143577575684,0.0028844966462679977
97,0.438002311365945,391,0.06902194023132324,0.0031412373014859107
98,0.43504376531498773,391,0.08435225486755371,0.0029585460509572448
99,0.4321100353087698,391,0.08446359634399414,0.0029337300062179383
100,0.42919161252464566,391,0.08464360237121582,0.0029184227841241306
