1,2.309982341153281,451,0.5201733112335205,Nan
2,2.2731024551391603,451,0.08464455604553223,0.03687988601412062
3,2.24158237355096,451,0.06250858306884766,0.03152008158820019
4,2.21231787109375,451,0.08464550971984863,0.029264502457210018
5,2.1829214619909014,451,0.06901931762695312,0.029396409102848686
6,2.152686482838222,451,0.0846409797668457,0.030234979152679475
7,2.1218876109804428,451,0.07813143730163574,0.030798871857779186
8,2.0907989678382872,451,0.06892156600952148,0.031088643142155536
9,2.059667276041848,451,0.08464455604553223,0.031131691796439043
10,2.028556674003601,451,0.06901693344116211,0.031110602038247226
11,1.997310347557068,451,0.07813096046447754,0.031246326446533024
12,1.9661782203401839,451,0.08464837074279785,0.031132127216884076
13,1.9350395887919836,451,0.0690155029296875,0.03113863154820029
14,1.9040483968257904,451,0.0690162181854248,0.030991191966193155
15,1.8727101163523538,451,0.07813119888305664,0.031338280473436564
16,1.841331818819046,451,0.08464622497558594,0.0313782975333079
17,1.8099113781452179,451,0.06902146339416504,0.0314204406738281
18,1.7783567093440464,451,0.08464503288269043,0.031554668801171415
19,1.746629546880722,451,0.08364057540893555,0.03172716246332441
20,1.7145758930615016,451,0.06308197975158691,0.03205365381922043
21,1.6825239076954979,451,0.08464550971984863,0.03205198536600373
22,1.6505736192635128,451,0.06902003288269043,0.03195028843198511
23,1.6186321759564537,451,0.08414220809936523,0.03194144330705906
24,1.5867094342027392,451,0.07813644409179688,0.031922741753714456
25,1.5548221893991743,451,0.06952142715454102,0.031887244803564974
26,1.5228927929401397,451,0.08420133590698242,0.03192939645903459
27,1.4910611921719141,451,0.06851553916931152,0.031831600768225554
28,1.459595235824585,451,0.07859086990356445,0.03146595634732918
29,1.4283763740743909,451,0.06901931762695312,0.03121886175019406
30,1.3971069370678493,451,0.08464670181274414,0.03126943700654161
31,1.3665604165962764,451,0.06901812553405762,0.030546520471572913
32,1.3362156269209726,451,0.07812905311584473,0.03034478967530374
33,1.3062081431320736,451,0.08465003967285156,0.03000748378889906
34,1.2766616386345455,451,0.06892967224121094,0.029546504497528048
35,1.2479533957753863,451,0.08464550971984863,0.028708242859159183
36,1.2196479926449912,451,0.07963418960571289,0.02830540313039509
37,1.1918924936226436,451,0.06708312034606934,0.02775549902234764
38,1.165045825140817,451,0.06855177879333496,0.026846668481826708
39,1.1387240959916796,451,0.08514618873596191,0.02632172914913733
40,1.1132041658673968,451,0.08113646507263184,0.025519930124282775
41,1.0884066757474626,451,0.06601262092590332,0.02479749011993415
42,1.064363956451416,451,0.08464407920837402,0.024042719296046622
43,1.0410316457407816,451,0.06868124008178711,0.023332310710634463
44,1.018879083786692,451,0.08414173126220703,0.022152561954089656
45,0.9970613448279244,451,0.06300544738769531,0.021817738958767485
46,0.9759459772791181,451,0.08464574813842773,0.021115367548806274
47,0.9559444172212056,451,0.06901931762695312,0.020001560057912537
48,0.9364451664345605,451,0.08414101600646973,0.01949925078664505
49,0.9177983498403004,451,0.07840919494628906,0.01864681659426015
50,0.8997497868197305,451,0.06892800331115723,0.018048563020569897
51,0.8824258252552577,451,0.08464622497558594,0.0173239615644728
52,0.8658173272439412,451,0.06901693344116211,0.016608498011316475
53,0.8497007558345795,451,0.07813119888305664,0.016116571409361735
54,0.8342500629935946,451,0.06871938705444336,0.015450692840984881
55,0.8193723728145872,451,0.08435726165771484,0.014877690179007419
56,0.8049919229745864,451,0.08464479446411133,0.014380449840000753
57,0.7914516798768725,451,0.06250286102294922,0.013540243097713955
58,0.7782383068118777,451,0.08464574813842773,0.013213373064994816
59,0.765539088845253,451,0.06857514381408691,0.012699217966624654
60,0.7531679779120855,451,0.08434057235717773,0.012371110933167562
61,0.7413896235738482,451,0.08113670349121094,0.011778354338237262
62,0.729971594452858,451,0.06601190567016602,0.011418029120990214
63,0.7190380229439054,451,0.08464717864990234,0.010933571508952578
64,0.7084825889042445,451,0.06901931762695312,0.01055543403966086
65,0.6983716358457293,451,0.08414125442504883,0.010110953058515282
66,0.6885032776253563,451,0.07819509506225586,0.009868358220372908
67,0.679011174593653,451,0.06901955604553223,0.009492103031703336
68,0.6700187987940652,451,0.0686655044555664,0.008992375799587782
69,0.6609059285776956,451,0.0846414566040039,0.00911287021636964
70,0.6523895455087935,451,0.07813286781311035,0.008516383068902122
71,0.6442399355002812,451,0.0685567855834961,0.00814961000851222
72,0.6361977795362472,451,0.08444929122924805,0.008042155964034015
73,0.6284338702644621,451,0.0690162181854248,0.007763909271785163
74,0.6209336503914424,451,0.07813191413879395,0.007500219873019631
75,0.6137944656610489,451,0.08452534675598145,0.007139184730393544
76,0.6066730705840248,451,0.06862473487854004,0.00712139507702414
77,0.5998837535211018,451,0.08437967300415039,0.0067893170629229616
78,0.5933096342257091,451,0.07963395118713379,0.006574119295392644
79,0.5869625411544527,451,0.06726503372192383,0.006347093071256471
80,0.5807257769959313,451,0.08431744575500488,0.0062367641585213685
81,0.5747653577838625,451,0.06901836395263672,0.0059604192120688015
82,0.5687587998764856,451,0.08364129066467285,0.006006557907376919
83,0.5630888569780759,451,0.06350970268249512,0.005669942898409719
84,0.5576171356269292,451,0.08436012268066406,0.005471721351146708
85,0.5521307758944375,451,0.06901884078979492,0.005486359732491675
86,0.5467991362384388,451,0.08464193344116211,0.005331639655998699
87,0.5417201878087862,451,0.07813143730163574,0.005078948429652619
88,0.536706137239933,451,0.06902074813842773,0.005014050568853179
89,0.531917216198785,451,0.0843815803527832,0.004788921041148031
90,0.5270882494109017,451,0.06901717185974121,0.004828966787883249
91,0.5226253220268658,451,0.07813048362731934,0.004462927384035864
92,0.5180173972674779,451,0.08464622497558594,0.004607924759387982
93,0.5137197689584323,451,0.06868267059326172,0.004297628309045565
94,0.5093501221196992,451,0.06901431083679199,0.004369646838733088
95,0.5052065833125796,451,0.07813191413879395,0.0041435388071195955
96,0.5011090244991439,451,0.08464550971984863,0.004097558813435764
97,0.49700331753492355,451,0.06901979446411133,0.0041057069642203015
98,0.493101209964071,451,0.08464789390563965,0.0039021075708525754
99,0.489384497489248,451,0.08013486862182617,0.0037167124748229696
100,0.48578667191096714,451,0.06694269180297852,0.0035978255782808666
