1,2.2942419118881228,441,0.5325429439544678,Nan
2,2.2606415028572084,441,0.06891918182373047,0.033600409030914324
3,2.2309070844650267,441,0.08414220809936523,0.029734418392181716
4,2.2037160778045655,441,0.07832121849060059,0.02719100666046126
5,2.1776216197013856,441,0.06901764869689941,0.026094458103179896
6,2.1518908128738405,441,0.08464550971984863,0.025730806827545027
7,2.1260813989639282,441,0.08464646339416504,0.025809413909912315
8,2.0999794363975526,441,0.08414316177368164,0.026101962566375647
9,2.0730309510231018,441,0.07820820808410645,0.026948485374450826
10,2.0449654269218445,441,0.06901979446411133,0.02806552410125729
11,2.015452244758606,441,0.08464813232421875,0.029513182163238394
12,1.984385697364807,441,0.08464741706848145,0.031066547393798993
13,1.9525756678581239,441,0.08414053916931152,0.03181002950668321
14,1.9203489465713501,441,0.07831287384033203,0.03222672128677373
15,1.8878826415538787,441,0.06902098655700684,0.032466305017471386
16,1.8553902306556702,441,0.08464646339416504,0.032492410898208535
17,1.8228915693759917,441,0.06851744651794434,0.03249866127967849
18,1.790411607027054,441,0.07814836502075195,0.032479962348937796
19,1.7579811549186706,441,0.0847923755645752,0.032430452108383356
20,1.725415537595749,441,0.06901979446411133,0.032565617322921625
21,1.6928886740207671,441,0.08464694023132324,0.0325268635749818
22,1.660408891916275,441,0.08063793182373047,0.032479782104492205
23,1.6279949126243591,441,0.06652450561523438,0.032413979291915807
24,1.5956630277633668,441,0.0842282772064209,0.032331884860992366
25,1.5631306045055389,441,0.06902027130126953,0.0325324232578279
26,1.5308862240314485,441,0.08414268493652344,0.032244380474090395
27,1.4988358736038208,441,0.07827472686767578,0.032050350427627716
28,1.4670440456867218,441,0.06902050971984863,0.031791827917099
29,1.4357687909603118,441,0.08464622497558594,0.03127525472640991
30,1.4047967858314514,441,0.06851553916931152,0.030972005128860447
31,1.374556202173233,441,0.07837939262390137,0.030240583658218467
32,1.344847444295883,441,0.08464550971984863,0.029708757877349834
33,1.3157921640872956,441,0.0686039924621582,0.029055280208587497
34,1.287524019241333,441,0.08464503288269043,0.028268144845962517
35,1.2597875027656555,441,0.07812786102294922,0.027736516475677542
36,1.2330495252609253,441,0.06872820854187012,0.02673797750473028
37,1.2066065440177918,441,0.06865215301513672,0.02644298124313349
38,1.181005995988846,441,0.06869196891784668,0.025600548028945846
39,1.1563011174201965,441,0.08464598655700684,0.024704878568649447
40,1.1321149563789368,441,0.07812881469726562,0.0241861610412597
41,1.108550840616226,441,0.06869173049926758,0.02356411576271067
42,1.0859605779647827,441,0.08436918258666992,0.02259026265144337
43,1.0640103899240494,441,0.06851744651794434,0.021950188040733343
44,1.0429769823551178,441,0.07855463027954102,0.021033407568931572
45,1.022404932141304,441,0.08464622497558594,0.02057205021381381
46,1.002804577589035,441,0.0685579776763916,0.01960035455226894
47,0.9837096945047379,441,0.08417034149169922,0.019094883084297187
48,0.965399059176445,441,0.0796360969543457,0.018310635328292912
49,0.9478245660066604,441,0.06757616996765137,0.017574493169784544
50,0.9306727460622788,441,0.08465194702148438,0.01715181994438164
51,0.9140583280324935,441,0.06901931762695312,0.01661441802978525
52,0.8981579687595368,441,0.08464288711547852,0.015900359272956743
53,0.8830846343040466,441,0.06250572204589844,0.015073334455490195
54,0.8682274335622787,441,0.08417534828186035,0.014857200741767884
55,0.8538672140836716,441,0.08514595031738281,0.014360219478607106
56,0.8402172932624817,441,0.06901955604553223,0.013649920821189876
57,0.826888529419899,441,0.07812952995300293,0.013328763842582747
58,0.8142428631782532,441,0.08464622497558594,0.012645666241645759
59,0.8017464545965195,441,0.06870222091674805,0.012496408581733731
60,0.7899845391511917,441,0.08430719375610352,0.011761915445327786
61,0.7784076409339905,441,0.07964754104614258,0.011576898217201204
62,0.7670848067998887,441,0.06668210029602051,0.011322834134101845
63,0.756450798869133,441,0.0846560001373291,0.01063400793075564
64,0.745865748167038,441,0.06897854804992676,0.010585050702095034
65,0.736104866027832,441,0.08414220809936523,0.009760882139206006
66,0.72626646566391,441,0.07854962348937988,0.009838400363922029
67,0.7167635889053344,441,0.06902098655700684,0.00950287675857553
68,0.7075729166269302,441,0.08460164070129395,0.0091906722784042
69,0.6986676878929138,441,0.06851553916931152,0.008905228734016446
70,0.6903239977359772,441,0.07829165458679199,0.00834369015693659
71,0.6817814539670944,441,0.06901979446411133,0.008542543768882749
72,0.6738411608934403,441,0.08464574813842773,0.007940293073654181
73,0.6659059163331985,441,0.06851768493652344,0.00793524456024175
74,0.6584001642465591,441,0.07855224609375,0.0075057520866393945
75,0.6509715504646302,441,0.08464646339416504,0.007428613781928939
76,0.6438710304498673,441,0.0689396858215332,0.007100520014762912
77,0.6367262893915177,441,0.08463835716247559,0.007144741058349613
78,0.6299133880138397,441,0.08414125442504883,0.006812901377677982
79,0.6237263764142991,441,0.06259942054748535,0.006187011599540604
80,0.6168730964660645,441,0.08464646339416504,0.006853279948234592
81,0.6107809439897537,441,0.06902170181274414,0.006092152476310786
82,0.6046465450525284,441,0.08464193344116211,0.006134398937225338
83,0.5986860253810883,441,0.07813096046447754,0.005960519671440068
84,0.592996764421463,441,0.06893348693847656,0.005689260959625297
85,0.5875048882961273,441,0.08465051651000977,0.005491876125335637
86,0.5819794485569,441,0.06901288032531738,0.005525439739227367
87,0.5765480268001556,441,0.07813167572021484,0.005431421756744381
88,0.5714116427898407,441,0.08464765548706055,0.005136384010314909
89,0.5660530393123626,441,0.06901979446411133,0.005358603477478074
90,0.5613388861417771,441,0.08447957038879395,0.004714153170585544
91,0.556397296667099,441,0.08414244651794434,0.004941589474678043
92,0.5515162179470062,441,0.06300520896911621,0.004881078720092802
93,0.5470210230350494,441,0.08464455604553223,0.0044951949119568235
94,0.5426359379291534,441,0.06902098655700684,0.0043850851058959694
95,0.5381036824584007,441,0.08414459228515625,0.004532255470752755
96,0.5338156669139862,441,0.07816243171691895,0.004288015544414492
97,0.5296835849881172,441,0.06905436515808105,0.004132081925869002
98,0.5253729769587516,441,0.08514833450317383,0.004310608029365559
99,0.5214235172867775,441,0.06901836395263672,0.0039494596719741315
100,0.5175895960927009,441,0.07813215255737305,0.0038339211940765505
