1,2.3066306931631906,251,0.4005906581878662,Nan
2,2.2320675736836026,251,0.08464169502258301,0.07456311947958794
3,2.170026105267661,251,0.06250739097595215,0.062041468415941825
4,2.112039814063481,251,0.08464527130126953,0.057986291204179974
5,2.0549468449865067,251,0.08431053161621094,0.05709296907697414
6,1.9984844562326158,251,0.06851530075073242,0.05646238875389087
7,1.9428021956171309,251,0.07837533950805664,0.05568226061548498
8,1.8878657133238657,251,0.08420705795288086,0.0549364822932652
9,1.8334812674181802,251,0.08422327041625977,0.054384445905685475
10,1.779661120721272,251,0.08464670181274414,0.053820146696908155
11,1.7260479055472782,251,0.06851649284362793,0.05361321517399387
12,1.672695839847837,251,0.07860851287841797,0.053352065699441065
13,1.619508270229612,251,0.08415865898132324,0.05318756961822513
14,1.5668235541411808,251,0.08475327491760254,0.05268471608843117
15,1.5147978098051889,251,0.06902217864990234,0.05202574433599194
16,1.4637528977053507,251,0.08414077758789062,0.05104491209983819
17,1.4139208183629173,251,0.07816576957702637,0.04983207934243339
18,1.3652862310068947,251,0.08464646339416504,0.04863458735602255
19,1.3181483488423484,251,0.06871581077575684,0.047137882164546285
20,1.2725356861182622,251,0.08435201644897461,0.04561266272408626
21,1.2285020213127136,251,0.08414340019226074,0.0440336648055486
22,1.1865116565568106,251,0.07847380638122559,0.04199036475590301
23,1.1461056875841957,251,0.08464598655700684,0.040405968972614836
24,1.1075531611101967,251,0.06901955604553223,0.03855252647399898
25,1.0709707168510982,251,0.0843815803527832,0.03658244425909851
26,1.0361880498954228,251,0.08263945579528809,0.034782666955675445
27,1.0036082889693123,251,0.06450986862182617,0.03257976092611048
28,0.9724130578211375,251,0.08464527130126953,0.031195231148174796
29,0.9433153814758574,251,0.08446764945983887,0.029097676345280155
30,0.9158004611560276,251,0.06901741027832031,0.027514920319829717
31,0.8898139670065471,251,0.07813167572021484,0.02598649414948051
32,0.865032481108393,251,0.08464598655700684,0.0247814858981541
33,0.8418798539127622,251,0.06880879402160645,0.023152627195630826
34,0.8198356619392122,251,0.08444046974182129,0.02204419197355001
35,0.7991436864989144,251,0.08465147018432617,0.020691975440297772
36,0.7792070810965129,251,0.07813167572021484,0.019936605402401497
37,0.7603183832679477,251,0.06886482238769531,0.018888697828565282
38,0.7426917860167367,251,0.08464598655700684,0.017626597251210963
39,0.7256759692941394,251,0.06851553916931152,0.017015816722597332
40,0.7096739640065602,251,0.07862424850463867,0.016002005287579113
41,0.6943891808816365,251,0.0845634937286377,0.015284783124923762
42,0.6799199126618249,251,0.06901931762695312,0.014469268219811537
43,0.6661776673964092,251,0.08464479446411133,0.013742245265415787
44,0.6527412197589875,251,0.08414196968078613,0.013436447637421689
45,0.6404395491395678,251,0.0783548355102539,0.012301670619419669
46,0.6286883846861976,251,0.06873083114624023,0.011751164453370211
47,0.6173733536175319,251,0.08415889739990234,0.011315031068665715
48,0.6067441861970084,251,0.0690162181854248,0.010629167420523444
49,0.5961693001304355,251,0.07819104194641113,0.010574886066572975
50,0.5864759115661894,251,0.08435559272766113,0.009693388564246064
51,0.5772944037062782,251,0.08464598655700684,0.009181507859911231
52,0.568268998673984,251,0.06902098655700684,0.00902540503229421
53,0.5593254930547306,251,0.08464288711547852,0.008943505619253389
54,0.5513428509065084,251,0.07813096046447754,0.007982642148222197
55,0.543456377012389,251,0.08464908599853516,0.007886473894119339
56,0.5360538561344147,251,0.08424258232116699,0.007402520877974328
57,0.5288607971838543,251,0.08434748649597168,0.007193058950560438
58,0.5216402291229792,251,0.08464503288269043,0.00722056806087501
59,0.5151053445254054,251,0.08464527130126953,0.006534884597573898
60,0.5086877643551145,251,0.07812833786010742,0.006417580170290815
61,0.5025422867366246,251,0.08461666107177734,0.006145477618489936
62,0.49686971417495185,251,0.08464527130126953,0.005672572561672751
63,0.49105863503898894,251,0.08458590507507324,0.005811079135962904
64,0.4853063500182969,251,0.08465170860290527,0.005752285020692027
65,0.48007841101714543,251,0.08465194702148438,0.005227939001151483
66,0.4749795919060707,251,0.0781242847442627,0.005098819111074737
67,0.4699062733394759,251,0.08424901962280273,0.00507331856659482
68,0.46528134872232163,251,0.06902217864990234,0.004624924617154247
69,0.4605843556097576,251,0.08464527130126953,0.004696993112564052
70,0.45596294351986477,251,0.08063507080078125,0.004621412089892807
71,0.4516014522824969,251,0.0664365291595459,0.004361491237367898
72,0.44749607591969626,251,0.08428764343261719,0.004105376362800617
73,0.4431731433953558,251,0.06899285316467285,0.0043229325243404615
74,0.4394634007556098,251,0.08414220809936523,0.0037097426397459943
75,0.4355133436322212,251,0.07859992980957031,0.003950057123388584
76,0.43198264184168406,251,0.08454585075378418,0.0035307017905371607
77,0.4280212978294918,251,0.06891560554504395,0.0039613440121922805
78,0.4245406755208969,251,0.0845346450805664,0.0034806223085948607
79,0.4208707864965711,251,0.08263969421386719,0.003669889024325801
80,0.41771319580078126,251,0.06451082229614258,0.003157590695789858
81,0.41426474355799814,251,0.08448910713195801,0.0034484522427831177
82,0.4110937679069383,251,0.08464670181274414,0.0031709756510598375
83,0.40802557976756776,251,0.06851696968078613,0.0030681881393705424
84,0.4050985268184117,251,0.0781548023223877,0.0029270529491560726
85,0.40207286046232493,251,0.08504319190979004,0.0030256663560867536
86,0.3994029039655413,251,0.06902217864990234,0.002669956496783643
87,0.39634443908929823,251,0.08464598655700684,0.003058464876243061
88,0.3936967455829893,251,0.08414125442504883,0.0026476935063089457
89,0.3908698494178908,251,0.06278586387634277,0.002826896165098458
90,0.3883764152952603,251,0.08464598655700684,0.0024934341226305334
91,0.38572132378816604,251,0.0844569206237793,0.002655091507094254
92,0.38317841546024595,251,0.06901931762695312,0.0025429083279200904
93,0.38077787496362414,251,0.07812857627868652,0.002400540496621806
94,0.3784324764779636,251,0.08464765548706055,0.002345398485660566
95,0.3761965015189988,251,0.06902003288269043,0.0022359749589647704
96,0.373772973213877,251,0.08464503288269043,0.002423528305121825
97,0.37161968891109737,251,0.08414125442504883,0.0021532843027796122
98,0.36941755839756557,251,0.07828426361083984,0.002202130513531797
99,0.3669110238381795,251,0.06867194175720215,0.0025065345593860977
100,0.3650868362784386,251,0.0842440128326416,0.0018241875597408974
