1,2.335317894050053,461,0.5482578277587891,Nan
2,2.2986607097217013,461,0.06887197494506836,0.03665718432835163
3,2.2719282542637416,461,0.08464574813842773,0.02673245545795977
4,2.2491883127348764,461,0.0690164566040039,0.02273994152886516
5,2.2270530557632444,461,0.07813119888305664,0.02213525697163199
6,2.204665787083762,461,0.08464598655700684,0.022387268679482375
7,2.181579950264522,461,0.06901955604553223,0.023085836819240146
8,2.1577662765639167,461,0.08464741706848145,0.023813673700605165
9,2.1336957016672407,461,0.08063602447509766,0.024070574896676078
10,2.1088470894949776,461,0.0665128231048584,0.024848612172263085
11,2.0836090551103865,461,0.0844721794128418,0.025238034384591046
12,2.057863842555455,461,0.06880378723144531,0.025745212554931562
13,2.0316406284400395,461,0.08414173126220703,0.026223214115415505
14,2.0047354588508606,461,0.07821202278137207,0.02690516958917888
15,1.9770818061488016,461,0.06902170181274414,0.027653652702058995
16,1.9484642254625049,461,0.08444476127624512,0.028617580686296717
17,1.9185038041046687,461,0.06851720809936523,0.029960421357836164
18,1.887346297604697,461,0.07839298248291016,0.03115750649997162
19,1.8549847301074436,461,0.08416104316711426,0.032361567497253496
20,1.821703882592065,461,0.06952333450317383,0.03328084751537852
21,1.7879467842919485,461,0.08420062065124512,0.03375709830011653
22,1.7538069266251155,461,0.07812929153442383,0.03413985766683303
23,1.7192438399110521,461,0.06866955757141113,0.034563086714063385
24,1.6845977824756078,461,0.06867218017578125,0.034646057435444355
25,1.6497901287078858,461,0.08464479446411133,0.03480765376772199
26,1.6146486609663282,461,0.08464503288269043,0.035141467741557575
27,1.579776252405984,461,0.06250429153442383,0.03487240856034424
28,1.5446299193586621,461,0.08464527130126953,0.03514633304732184
29,1.5098260249410356,461,0.08464550971984863,0.034803894417626546
30,1.475114460672651,461,0.06901693344116211,0.03471156426838462
31,1.4407233453137533,461,0.07813143730163574,0.034391115358897606
32,1.4070460648536682,461,0.08438539505004883,0.03367728046008511
33,1.3736586756025042,461,0.06873774528503418,0.033387389251164024
34,1.341148302895682,461,0.08439159393310547,0.03251037270682211
35,1.3091974882398334,461,0.06250286102294922,0.0319508146558487
36,1.2779166315283095,461,0.08449482917785645,0.03128085671152392
37,1.2475299772535051,461,0.06901812553405762,0.03038665427480436
38,1.2177376014164516,461,0.08464550971984863,0.02979237583705352
39,1.1889735667705537,461,0.08263993263244629,0.02876403464589794
40,1.160879447732653,461,0.06450843811035156,0.02809411903790071
41,1.1337524594920023,461,0.08462309837341309,0.02712698824065063
42,1.107618571656091,461,0.06902003288269043,0.026133887835911418
43,1.0823030375071934,461,0.08464264869689941,0.025315534148897534
44,1.0581147505215236,461,0.07813143730163574,0.02418828698566977
45,1.0343969363825662,461,0.06902050971984863,0.02371781413895735
46,1.0117559132916587,461,0.08464503288269043,0.02264102309090754
47,0.9899945849180222,461,0.06851649284362793,0.021761328373636535
48,0.9690230976343155,461,0.07854557037353516,0.02097148728370668
49,0.9490210046257291,461,0.06901955604553223,0.020002093008586352
50,0.9296839095013483,461,0.08464527130126953,0.019337095124380865
51,0.9109863902500698,461,0.06901669502258301,0.018697519251278494
52,0.8931081813233239,461,0.07813119888305664,0.017878208926745853
53,0.8760064639023372,461,0.08464765548706055,0.01710171742098676
54,0.8595677948508944,461,0.06901955604553223,0.016438669051442756
55,0.8436059628725052,461,0.08459186553955078,0.015961831978389185
56,0.8284474695410047,461,0.08364129066467285,0.015158493331500544
57,0.8138270709514618,461,0.06339550018310547,0.014620398589542893
58,0.799785780787468,461,0.08464646339416504,0.014041290163993803
59,0.7863667221239635,461,0.06902050971984863,0.013419058663504457
60,0.7734453775371825,461,0.08464264869689941,0.01292134458678107
61,0.7608822900397437,461,0.07813143730163574,0.01256308749743873
62,0.7488875824723925,461,0.06902098655700684,0.011994707567351215
63,0.7374536809069769,461,0.08439493179321289,0.011433901565415572
64,0.7260639889921461,461,0.06851696968078613,0.011389691914830857
65,0.7153829859665461,461,0.07823634147644043,0.010681003025599933
66,0.7050172330481665,461,0.08448028564453125,0.0103657529183796
67,0.6951497511012213,461,0.06859326362609863,0.0098674819469452
68,0.6852968970366887,461,0.08464717864990234,0.009852854064532623
69,0.6760264568328858,461,0.07963442802429199,0.009270440203802965
70,0.6673256172112056,461,0.06683063507080078,0.008700839621680112
71,0.6584915551968983,461,0.08464622497558594,0.008834062014307364
72,0.6501949727024351,461,0.06863188743591309,0.00829658249446319
73,0.641918052996908,461,0.08414220809936523,0.00827691970552713
74,0.6341444216115134,461,0.0783393383026123,0.007773631385394553
75,0.6264310266971588,461,0.06902217864990234,0.007713394914354632
76,0.6190740896293095,461,0.08464622497558594,0.007356937067849234
77,0.6119861704962594,461,0.0690159797668457,0.00708791913305018
78,0.6049915474653244,461,0.09726786613464355,0.00699462303093501
79,0.5983206215245384,461,0.08113527297973633,0.006670925940785999
80,0.5918685445444924,461,0.08464479446411133,0.006452076980045907
81,0.5854841604913984,461,0.08417558670043945,0.00638438405309405
82,0.5794949964966093,461,0.06952118873596191,0.005989163994789104
83,0.5736316445044108,461,0.0846412181854248,0.005863351992198451
84,0.5677297461884362,461,0.07813119888305664,0.005901898315974652
85,0.561911262852805,461,0.06902098655700684,0.005818483335631175
86,0.5565508011068616,461,0.08464455604553223,0.005360461745943401
87,0.5512182541489601,461,0.06851696968078613,0.0053325469579015294
88,0.5462788048642022,461,0.07819485664367676,0.004939449284757869
89,0.5411590212242944,461,0.08464550971984863,0.005119783639907838
90,0.5361607256957462,461,0.06902050971984863,0.004998295528548136
91,0.5314094495262418,461,0.08416104316711426,0.004751276169504437
92,0.5269214142816407,461,0.07963418960571289,0.004488035244601063
93,0.5220635833995683,461,0.06795620918273926,0.004857830882072478
94,0.5179065507905823,461,0.08464598655700684,0.004157032608985922
95,0.5134272771647999,461,0.06902170181274414,0.004479273625782487
96,0.5091871193306786,461,0.08414268493652344,0.004240157834121239
97,0.5050819519758224,461,0.06299757957458496,0.004105167354856221
98,0.5011053469777107,461,0.08464550971984863,0.003976604998111699
99,0.4972058855380331,461,0.06900215148925781,0.0038994614396776206
100,0.49335941126516886,461,0.08464169502258301,0.00384647427286422
