1,2.220171928882599,81,0.3229358196258545,Nan
2,2.030452873127801,81,0.13152289390563965,0.18971905575479786
3,1.828495987517493,81,0.1157679557800293,0.201956885610308
4,1.6260657703876495,81,0.13152360916137695,0.20243021712984355
5,1.4344194853646415,81,0.12158370018005371,0.19164628502300807
6,1.2619858444758825,81,0.13138461112976074,0.172433640888759
7,1.1147530839954103,81,0.14715051651000977,0.14723276048047218
8,0.9915807800463268,81,0.1377410888671875,0.12317230394908352
9,0.8910716574362346,81,0.13106942176818848,0.10050912261009215
10,0.8104780249425343,81,0.13152337074279785,0.08059363249370033
11,0.7447913335902351,81,0.12191462516784668,0.06568669135229921
12,0.6925573319196701,81,0.1316056251525879,0.05223400167056502
13,0.6487412613800594,81,0.14714884757995605,0.043816070539610674
14,0.6115120623282024,81,0.13737797737121582,0.037229199051856954
15,0.5796169984851565,81,0.13109946250915527,0.03189506384304597
16,0.5524688414590699,81,0.13152360916137695,0.027148157026086528
17,0.5294165818350656,81,0.12147378921508789,0.023052259624004368
18,0.5084522676042148,81,0.14726662635803223,0.020964314230850767
19,0.4890153333544731,81,0.13103961944580078,0.01943693424974169
20,0.47376462060213087,81,0.1377561092376709,0.015250712752342244
21,0.457012829048293,81,0.13177800178527832,0.01675179155383788
22,0.4437149792398725,81,0.13152408599853516,0.01329784980842047
23,0.43007351142168043,81,0.1377708911895752,0.013641467818192088
24,0.4190401585442679,81,0.11583113670349121,0.011033352877412528
25,0.40776397255488805,81,0.14714932441711426,0.01127618598937985
26,0.39775225900752204,81,0.12201428413391113,0.010011713547366019
27,0.38815987402200697,81,0.13114571571350098,0.009592384985515068
28,0.3797420847245625,81,0.13133931159973145,0.008417789297444467
29,0.3707606123302664,81,0.13252949714660645,0.008981472394296086
30,0.3635815938753741,81,0.12075662612915039,0.0071790184548923275
31,0.3562450878024101,81,0.13152313232421875,0.007336506072963989
32,0.34930430105754307,81,0.13103342056274414,0.0069407867448670335
33,0.3428151843036924,81,0.13814115524291992,0.0064891167538506656
34,0.33646284514239855,81,0.11589694023132324,0.006352339161293852
35,0.3310658304180418,81,0.13096380233764648,0.0053970147243567745
36,0.32461045588340076,81,0.13735580444335938,0.006455374534641012
37,0.3206104995948928,81,0.13160014152526855,0.0039999562885079665
38,0.31466037411774905,81,0.14714860916137695,0.005950125477143742
39,0.3090097063779831,81,0.15366888046264648,0.005650667739765969
40,0.3048690109848976,81,0.14714670181274414,0.004140695393085481
41,0.30157653604660717,81,0.1604750156402588,0.003292474938290435
42,0.2958468163737229,81,0.16226506233215332,0.00572971967288427
43,0.29236313322399343,81,0.15775847434997559,0.0034836831497294662
44,0.2884653364675386,81,0.13392305374145508,0.003897796756454852
45,0.2843328627901418,81,0.16579270362854004,0.004132473677396775
46,0.2808903319665364,81,0.13503146171569824,0.0034425308236054053
47,0.27743433616416796,81,0.16929292678833008,0.003455995802368439
48,0.27445055487326214,81,0.14263701438903809,0.002983781290905818
49,0.2705786132684776,81,0.13803744316101074,0.0038719416047845456
50,0.2671901486473424,81,0.1471097469329834,0.0033884646211351788
51,0.2641014398549284,81,0.1636803150177002,0.003088708792414019
52,0.2615601490948881,81,0.14263558387756348,0.0025412907600402823
53,0.2578385553913457,81,0.15366768836975098,0.003721593703542414
54,0.25442929078212806,81,0.14714908599853516,0.0034092646092176437
55,0.2520885321774653,81,0.13803648948669434,0.0023407586046627626
56,0.24964699866196938,81,0.14715194702148438,0.0024415335154959195
57,0.2462282180232661,81,0.15916728973388672,0.003418780638703267
58,0.2439489614878382,81,0.14714932441711426,0.0022792565354279037
59,0.24154669186047145,81,0.1536705493927002,0.0024022696273667543
60,0.24006790337605136,81,0.14714980125427246,0.001478788484420096
61,0.23662748658657073,81,0.15366697311401367,0.0034404167894806215
62,0.23450783743602888,81,0.14714813232421875,0.002119649150541858
63,0.23176799808016846,81,0.15857219696044922,0.0027398393558604184
64,0.2293001069171088,81,0.15575504302978516,0.002467891163059649
65,0.22772816117959363,81,0.1405348777770996,0.001571945737515179
66,0.2258107720975365,81,0.15366196632385254,0.0019173890820571304
67,0.22346670704228538,81,0.16277718544006348,0.0023440650552511155
68,0.22128801725166183,81,0.14795327186584473,0.0021786897906235503
69,0.21925342026352881,81,0.15015912055969238,0.0020345969881330195
70,0.21626850119233132,81,0.14715242385864258,0.002984919071197495
71,0.21468975089064665,81,0.15366840362548828,0.0015787503016846671
72,0.21324781399326664,81,0.1471555233001709,0.0014419368973800084
73,0.21152153530716897,81,0.15111660957336426,0.0017262786860976764
74,0.20877373751997946,81,0.15366339683532715,0.0027477977871895043
75,0.20761362012156417,81,0.14714717864990234,0.001160117398415289
76,0.2050711759094681,81,0.153517484664917,0.0025424442120960677
77,0.2036657246697162,81,0.14714932441711426,0.0014054512397519148
78,0.20152722768911294,81,0.15367770195007324,0.002138496980603255
79,0.20031366382752147,81,0.14714860916137695,0.0012135638615914657
80,0.19848289183420795,81,0.15366864204406738,0.0018307719933135236
81,0.1965230683386326,81,0.16427969932556152,0.001959823495575358
82,0.19529561400413514,81,0.15636301040649414,0.0012274543344974465
83,0.19291778467382703,81,0.14495396614074707,0.002377829330308112
84,0.1910778872264283,81,0.14714837074279785,0.0018398974473987362
85,0.19029005821049214,81,0.14794707298278809,0.000787829015936159
86,0.188247883106981,81,0.1456897258758545,0.0020421751035111235
87,0.18637549065692083,81,0.1469283103942871,0.001872392450060184
88,0.18487992862505573,81,0.1645803451538086,0.0014955620318650997
89,0.18372161860764027,81,0.15575456619262695,0.0011583100174154537
90,0.18144533900703702,81,0.15436124801635742,0.0022762796006032537
91,0.18076122864016464,81,0.13432860374450684,0.0006841103668723814
92,0.17926634137971062,81,0.14715170860290527,0.0014948872604540198
93,0.17780639167129994,81,0.15360689163208008,0.0014599497084106794
94,0.17642163341811726,81,0.1471545696258545,0.001384758253182683
95,0.1740697724052838,81,0.15366578102111816,0.002351861012833467
96,0.17327257199798313,81,0.14715027809143066,0.0007972004073006633
97,0.1723508334713323,81,0.15366601943969727,0.0009217385266508393
98,0.17043029194218773,81,0.1471538543701172,0.0019205415291445593
99,0.16893293008634022,81,0.1532449722290039,0.0014973618558475066
100,0.16761823106876442,81,0.16231346130371094,0.0013146990175758044
