1,2.306606010028294,261,0.4006965160369873,Nan
2,2.2484956543786185,261,0.06902003288269043,0.058110355649675594
3,2.1998370043209623,261,0.08450198173522949,0.04865865005765624
4,2.154892424106598,261,0.08464717864990234,0.044944580214364205
5,2.111330822944641,261,0.07812762260437012,0.043561601161957064
6,2.0672655969347273,261,0.08452725410461426,0.044065226009913694
7,2.021369516168322,261,0.08437299728393555,0.0458960807664055
8,1.9732419855935233,261,0.08448219299316406,0.04812753057479857
9,1.923382813692093,261,0.08452844619750977,0.0498591719014303
10,1.872246627160481,261,0.08414006233215332,0.051136186531612005
11,1.8215342888150896,261,0.07846498489379883,0.05071233834539135
12,1.7714077041489737,261,0.08419299125671387,0.05012658466611586
13,1.7220603979655675,261,0.06871771812438965,0.049347306183406214
14,1.6728905589580536,261,0.08464455604553223,0.04916983900751393
15,1.624256405523845,261,0.08414459228515625,0.048634153434208516
16,1.576003053358623,261,0.07821941375732422,0.048253352165222196
17,1.528345171894346,261,0.08464646339416504,0.04765788146427696
18,1.480601311138698,261,0.08464646339416504,0.04774386075564796
19,1.4335055118288313,261,0.08418011665344238,0.047095799309866626
20,1.3870074791908265,261,0.08424139022827148,0.046498032638004894
21,1.3416093989440372,261,0.08414244651794434,0.04539808024678926
22,1.296714100599289,261,0.07849979400634766,0.04489529834474815
23,1.2528447519370487,261,0.08440518379211426,0.04386934866224035
24,1.2099077730860028,261,0.06902384757995605,0.04293697885104586
25,1.1686110281944275,261,0.06901907920837402,0.04129674489157531
26,1.1289259505953106,261,0.08414316177368164,0.03968507759911688
27,1.0910483537060873,261,0.07833552360534668,0.03787759688922332
28,1.055095793059894,261,0.08464765548706055,0.03595256064619323
29,1.0206449655805316,261,0.08417391777038574,0.034450827479362456
30,0.9880178599868502,261,0.08495306968688965,0.03262710559368143
31,0.9570987979173661,261,0.08436822891235352,0.030919062069484138
32,0.9277912088462285,261,0.08414196968078613,0.02930758907113762
33,0.9000367839847292,261,0.0783987045288086,0.02775442486149926
34,0.8736831580230168,261,0.08456540107727051,0.026353625961712424
35,0.8487946235111782,261,0.08464550971984863,0.02488853451183859
36,0.8254110016822815,261,0.08464527130126953,0.02338362182889664
37,0.803198681133134,261,0.06901741027832031,0.02221232054914757
38,0.7820489367076329,261,0.09476375579833984,0.021149744425501105
39,0.7624138729231699,261,0.06799125671386719,0.019635063784463003
40,0.7437422024181911,261,0.08462905883789062,0.018671670504978755
41,0.7259553899765014,261,0.08464932441711426,0.01778681244168967
42,0.7091023261547089,261,0.08464503288269043,0.016853063821792524
43,0.6934498792716435,261,0.08414292335510254,0.01565244688306544
44,0.6785463547706604,261,0.07820510864257812,0.01490352450098309
45,0.6642626283849988,261,0.08417701721191406,0.014283726385661555
46,0.6509483024733407,261,0.06952285766601562,0.013314325911658154
47,0.6381241923230035,261,0.08434700965881348,0.012824110150337131
48,0.6260092935051237,261,0.08414173126220703,0.01211489881787986
49,0.6144525933946882,261,0.07841992378234863,0.011556700110435525
50,0.603409714273044,261,0.08416748046875,0.011042879121644145
51,0.5928379692179816,261,0.08475017547607422,0.01057174505506242
52,0.5832434631415776,261,0.08451151847839355,0.009594506076403997
53,0.5731366814119475,261,0.08435487747192383,0.010106781729630088
54,0.5640381474750382,261,0.08313989639282227,0.009098533936909292
55,0.5554801466975894,261,0.07963418960571289,0.008558000777448838
56,0.5468684740236828,261,0.08464694023132324,0.008611672673906612
57,0.5388427444355829,261,0.06902074813842773,0.008025729588099884
58,0.5316525211589677,261,0.08464598655700684,0.007190223276615226
59,0.5239151405947549,261,0.08414101600646973,0.0077373805642128035
60,0.5169746096900532,261,0.07827329635620117,0.006940530904701703
61,0.510049021269594,261,0.08420753479003906,0.0069255884204592055
62,0.5037610484531948,261,0.08451986312866211,0.0062879728163991455
63,0.4972747582793236,261,0.08440804481506348,0.006486290173871201
64,0.4913156744667462,261,0.08464598655700684,0.005959083812577426
65,0.48554320071424756,261,0.08414173126220703,0.005772473752498619
66,0.47997736035074506,261,0.07839488983154297,0.0055658403635024944
67,0.4746087488702365,261,0.08440732955932617,0.005368611480508545
68,0.469189687362739,261,0.06894540786743164,0.005419061507497491
69,0.4638449282731329,261,0.08464670181274414,0.0053447590896061326
70,0.45893074355806623,261,0.08464264869689941,0.004914184715066661
71,0.45441111603804996,261,0.07813096046447754,0.004519627520016278
72,0.4495814057418278,261,0.0846548080444336,0.004829710296222145
73,0.4454002224462373,261,0.08463883399963379,0.004181183295590529
74,0.4408841636691775,261,0.08464384078979492,0.004516058777059795
75,0.43658982990469253,261,0.08432316780090332,0.004294333764484959
76,0.4325439010943685,261,0.08414101600646973,0.0040459288103240065
77,0.42849049218211854,261,0.07831192016601562,0.004053408912249978
78,0.4247011838385037,261,0.08455228805541992,0.00378930834361485
79,0.4209852873853275,261,0.08440017700195312,0.003715896453176215
80,0.41727152333940776,261,0.06862306594848633,0.0037137640459197208
81,0.41358673853533606,261,0.08414196968078613,0.0036847848040716946
82,0.410222049840859,261,0.09503531455993652,0.003364688694477036
83,0.40708958189828054,261,0.06801414489746094,0.0031324679425784874
84,0.4037021042704582,261,0.08464741706848145,0.0033874776278223218
85,0.40046182256085533,261,0.08464622497558594,0.003240281709602888
86,0.3972416898352759,261,0.08464622497558594,0.0032201327255794165
87,0.39429610011407307,261,0.08464169502258301,0.002945589721202846
88,0.3912408228601728,261,0.07813143730163574,0.003055277253900257
89,0.38859139603376386,261,0.0842580795288086,0.0026494268264089516
90,0.38554654379401887,261,0.08464646339416504,0.0030448522397449884
91,0.3825432772040367,261,0.08464646339416504,0.0030032665899821787
92,0.37985982939175195,261,0.06901741027832031,0.002683447812284745
93,0.37729433914593286,261,0.09425997734069824,0.002565490245819091
94,0.3747196254559926,261,0.06850409507751465,0.002574713689940278
95,0.3720790446656091,261,0.08454561233520508,0.0026405807903834844
96,0.36977753913402556,261,0.08464431762695312,0.0023015055315835364
97,0.36740898935283933,261,0.10027337074279785,0.0023685497811862244
98,0.36481047913006376,261,0.06851553916931152,0.002598510222775574
99,0.3624668752125331,261,0.09680700302124023,0.0023436039175306345
100,0.3601521303568568,261,0.08113646507263184,0.002314744855676343
