1,2.3023595194135393,351,0.4476356506347656,Nan
2,2.2620019204275947,351,0.08464646339416504,0.0403575989859446
3,2.2262522495133537,351,0.0690152645111084,0.03574967091424108
4,2.192036767278399,351,0.07813501358032227,0.03421548223495474
5,2.1578959693227495,351,0.0845484733581543,0.03414079795564939
6,2.1237266278266906,351,0.06902074813842773,0.03416934149605888
7,2.0890348916053774,351,0.08464384078979492,0.034691736221313274
8,2.0536331319127763,351,0.07812762260437012,0.035401759692601065
9,2.0171861945220404,351,0.06901907920837402,0.0364469373907359
10,1.9787571843011038,351,0.08424568176269531,0.03842901022093659
11,1.9374674713611604,351,0.06869053840637207,0.041289712939943435
12,1.8952365063939776,351,0.08414101600646973,0.042230964967182816
13,1.853402822153909,351,0.07819533348083496,0.041833684240068614
14,1.812122327532087,351,0.06894636154174805,0.04128049462182193
15,1.77119805928639,351,0.08419156074523926,0.04092426824569695
16,1.7307657764979771,351,0.0685126781463623,0.04043228278841293
17,1.6902536373819623,351,0.07851672172546387,0.04051213911601481
18,1.6503912283011846,351,0.08464574813842773,0.03986240908077776
19,1.6106854518141065,351,0.06902027130126953,0.03970577648707807
20,1.5710921704428538,351,0.08464598655700684,0.03959328137125273
21,1.5319725016866412,351,0.08063578605651855,0.03911966875621253
22,1.4931234067167554,351,0.0665135383605957,0.03884909496988587
23,1.4548876306670053,351,0.08424615859985352,0.038235776049750037
24,1.4172079637731825,351,0.06902098655700684,0.03767966689382285
25,1.3800309649535587,351,0.08414316177368164,0.037176998819623774
26,1.3435827435765948,351,0.07862281799316406,0.03644822137696391
27,1.3079719527789524,351,0.06898021697998047,0.0356107907976424
28,1.273387992654528,351,0.08464550971984863,0.03458396012442444
29,1.2395043395246779,351,0.0690155029296875,0.03388365312985009
30,1.2067046355860573,351,0.07813119888305664,0.03279970393862053
31,1.1749432136671885,351,0.08464574813842773,0.03176142191886888
32,1.1443684311253683,351,0.06865525245666504,0.03057478254182011
33,1.1149111440181732,351,0.10027408599853516,0.029457287107195196
34,1.0866531861850193,351,0.10027122497558594,0.02825795783315388
35,1.0595800616400581,351,0.08464622497558594,0.027073124544961136
36,1.033521599292755,351,0.10027265548706055,0.026058462347303024
37,1.008605260184833,351,0.0846409797668457,0.024916339107922125
38,0.9850792005573,351,0.08464241027832031,0.023526059627532958
39,0.9621723784208298,351,0.10027289390563965,0.022906822136470217
40,0.9407422827482224,351,0.10027360916137695,0.021430095672607452
41,0.9200613067490714,351,0.09676766395568848,0.020680975999150975
42,0.9005558066879,351,0.08163690567016602,0.019505500061171355
43,0.8817492921863284,351,0.08464622497558594,0.01880651450157167
44,0.8638844453607287,351,0.06901884078979492,0.017864846825599634
45,0.8468414867605482,351,0.08464717864990234,0.01704295860018057
46,0.830706884094647,351,0.08013582229614258,0.016134602665901165
47,0.8152649510758264,351,0.06701254844665527,0.015441933018820575
48,0.8003282852683749,351,0.08464503288269043,0.014936665807451566
49,0.7863136285713741,351,0.06902003288269043,0.014014656697000749
50,0.7727030952147075,351,0.08464360237121582,0.013610533356666621
51,0.7597181110552379,351,0.07812905311584473,0.012984984159469581
52,0.7473206474781037,351,0.06871390342712402,0.012397463577134227
53,0.735605429989951,351,0.08430981636047363,0.01171521748815263
54,0.7241381673642567,351,0.06851506233215332,0.011467262625694308
55,0.7130434234482902,351,0.07833480834960938,0.011094743915966543
56,0.7025968767234257,351,0.08464574813842773,0.010446546724864447
57,0.692550773041589,351,0.06902074813842773,0.010046103681836782
58,0.682645857674735,351,0.08419179916381836,0.009904915366854006
59,0.6732002775158201,351,0.08163833618164062,0.009445580158914835
60,0.6641613526344299,351,0.06550884246826172,0.009038924881390242
61,0.6553786674567631,351,0.08427882194519043,0.008782685177666782
62,0.6467449858699527,351,0.06873512268066406,0.008633681586810438
63,0.6386720010382788,351,0.08414125442504883,0.008072984831673846
64,0.6307495451995304,351,0.0783686637878418,0.007922455838748399
65,0.6230383518253054,351,0.06902074813842773,0.007711193374224989
66,0.6155566103458404,351,0.08464527130126953,0.0074817414794650094
67,0.6086379577262061,351,0.06851649284362793,0.0069186526196343134
68,0.601368331517492,351,0.07822155952453613,0.007269626208714075
69,0.5949427256754466,351,0.08464550971984863,0.006425605842045434
70,0.5883198827675411,351,0.06876945495605469,0.006622842907905491
71,0.5821224749769484,351,0.08451437950134277,0.006197407790592746
72,0.5759536194631032,351,0.0816507339477539,0.006168855513845162
73,0.5698828683921269,351,0.06550908088684082,0.006070751070976321
74,0.5642673632417406,351,0.08464908599853516,0.005615505150386224
75,0.558699340735163,351,0.06902122497558594,0.005568022506577619
76,0.5530681478381156,351,0.08414173126220703,0.005631192897047388
77,0.5476956944635937,351,0.07851886749267578,0.005372453374521968
78,0.5423465720926012,351,0.06878089904785156,0.005349122370992498
79,0.5375999260544777,351,0.08464622497558594,0.00474664603812347
80,0.5327205659661974,351,0.06851625442504883,0.004879360088280271
81,0.5277422217641558,351,0.07838940620422363,0.004978344202041685
82,0.5231775537303516,351,0.08464932441711426,0.004564668033804176
83,0.518645653298923,351,0.06872177124023438,0.004531900431428593
84,0.5143192498939378,351,0.08448338508605957,0.004326403404985135
85,0.5099402588946479,351,0.0796346664428711,0.004378990999289956
86,0.5056654435396194,351,0.06725478172302246,0.004274815355028494
87,0.5019657544408526,351,0.08418536186218262,0.003699689098766834
88,0.497375232057912,351,0.06876134872436523,0.004590522382940554
89,0.49366750767401285,351,0.08464312553405762,0.003707724383899158
90,0.4896377424938338,351,0.07813119888305664,0.004029765180179057
91,0.485975203531129,351,0.06902289390563965,0.0036625389627047977
92,0.4822569595064436,351,0.08464527130126953,0.003718244024685402
93,0.4786457495178495,351,0.06901741027832031,0.0036112099885940996
94,0.4752974716084344,351,0.09157228469848633,0.0033482779094151094
95,0.4717442394835608,351,0.07017827033996582,0.003553232124873573
96,0.46824201152154377,351,0.08416628837585449,0.003502227962017046
97,0.46510197821685245,351,0.0695199966430664,0.0031400333046913143
98,0.46165215557813644,351,0.08464336395263672,0.003449822638716016
99,0.458392820085798,351,0.07813215255737305,0.003259335492338422
100,0.45539078080654144,351,0.06901931762695312,0.003002039279256574
