1,2.308311071395874,301,0.4054563045501709,Nan
2,2.2506921157836914,301,0.07853269577026367,0.05761895561218244
3,2.198765550613403,301,0.06901931762695312,0.051926565170288264
4,2.1487847542762757,301,0.08435392379760742,0.04998079633712749
5,2.099794219493866,301,0.06901812553405762,0.04899053478240978
6,2.0518467388153074,301,0.07813096046447754,0.047947480678558474
7,2.004960999727249,301,0.06901907920837402,0.046885739088058376
8,1.9585523421764375,301,0.08464598655700684,0.04640865755081158
9,1.912456336259842,301,0.06851577758789062,0.04609600591659557
10,1.8667882227897643,301,0.07816934585571289,0.0456681134700776
11,1.8215068078041077,301,0.06855511665344238,0.04528141498565663
12,1.7765348381996156,301,0.06859827041625977,0.044971969604492124
13,1.7317792015075684,301,0.08414173126220703,0.044755636692047185
14,1.6876856892108918,301,0.06252026557922363,0.044093512296676574
15,1.6438525953292846,301,0.0695197582244873,0.043833093881607166
16,1.600032062292099,301,0.0844430923461914,0.043820533037185694
17,1.5567927899360656,301,0.06250262260437012,0.04323927235603331
18,1.5136564402580261,301,0.08434891700744629,0.043136349678039476
19,1.4710403454303742,301,0.06902265548706055,0.04261609482765194
20,1.4288807888031005,301,0.06851387023925781,0.042159556627273664
21,1.3874842183589935,301,0.07820296287536621,0.04139657044410705
22,1.3466356337070464,301,0.06875085830688477,0.04084858465194707
23,1.306465269088745,301,0.08464741706848145,0.04017036461830137
24,1.2670783033370971,301,0.06901717185974121,0.03938696575164791
25,1.2283777017593385,301,0.07813167572021484,0.038700601577758675
26,1.190818958044052,301,0.06895303726196289,0.03755874371528645
27,1.154341337442398,301,0.06901979446411133,0.03647762060165394
28,1.1190831401348114,301,0.08414244651794434,0.035258197307586725
29,1.0849986977577208,301,0.0625603199005127,0.03408444237709052
30,1.0523684493303298,301,0.08464598655700684,0.03263024842739104
31,1.0211926946640015,301,0.06902122497558594,0.03117575466632827
32,0.9912000319957733,301,0.08063530921936035,0.029992662668228198
33,0.9626854367256165,301,0.0665125846862793,0.028514595270156873
34,0.9354684504270554,301,0.06866741180419922,0.027216986298561063
35,0.90976120698452,301,0.08464455604553223,0.025707243442535388
36,0.8849539675712585,301,0.06250214576721191,0.02480723941326146
37,0.8618806074857712,301,0.08427858352661133,0.023073360085487327
38,0.839997064948082,301,0.06901979446411133,0.021883542537689205
39,0.8187411707639695,301,0.06851530075073242,0.021255894184112556
40,0.798804141163826,301,0.07856178283691406,0.01993702960014343
41,0.7799406039714813,301,0.06902003288269043,0.01886353719234468
42,0.7619106029272079,301,0.08427166938781738,0.018030001044273436
43,0.7450262694358826,301,0.06851601600646973,0.016884333491325343
44,0.7289197231531144,301,0.07845497131347656,0.016106546282768197
45,0.7135418684482574,301,0.06902146339416504,0.015377854704856975
46,0.6988510105609894,301,0.06892704963684082,0.014690857887267983
47,0.6847505048513413,301,0.08364081382751465,0.014100505709648159
48,0.6714661676883698,301,0.06313061714172363,0.013284337162971505
49,0.6585186498165131,301,0.06902074813842773,0.012947517871856662
50,0.6465855395793915,301,0.08464503288269043,0.011933110237121625
51,0.6350723016262054,301,0.06250286102294922,0.01151323795318604
52,0.6238133313655854,301,0.08464670181274414,0.01125897026062006
53,0.6132713922262192,301,0.08464550971984863,0.010541939139366185
54,0.6030264594554902,301,0.0842580795288086,0.01024493277072902
55,0.593283811211586,301,0.06901741027832031,0.00974264824390414
56,0.5838348175287247,301,0.09826874732971191,0.00944899368286134
57,0.5749066462516784,301,0.0797724723815918,0.00892817127704626
58,0.5659987918138504,301,0.08464598655700684,0.008907854437828044
59,0.5577572041749954,301,0.08464550971984863,0.008241587638854964
60,0.5495782825350761,301,0.08464765548706055,0.00817892163991929
61,0.5421298342943192,301,0.0690157413482666,0.007448448240756966
62,0.5346768461465835,301,0.09426069259643555,0.007452988147735651
63,0.5274924862980842,301,0.08363890647888184,0.0071843598484993
64,0.5203909813165665,301,0.06864690780639648,0.007101504981517737
65,0.5138706686496735,301,0.08464360237121582,0.006520312666893013
66,0.5076533136963844,301,0.08464670181274414,0.0062173549532890116
67,0.5011498576402664,301,0.0846409797668457,0.006503456056118018
68,0.49518539470434186,301,0.07813239097595215,0.005964462935924564
69,0.4893698709011078,301,0.06902074813842773,0.0058155238032340795
70,0.48378504186868665,301,0.08464527130126953,0.005584829032421135
71,0.4782968465089798,301,0.06851458549499512,0.005488195359706849
72,0.47308704954385755,301,0.07863259315490723,0.005209796965122249
73,0.46806336170434953,301,0.06851577758789062,0.0050236878395080176
74,0.46291126960515977,301,0.08464908599853516,0.0051520920991897645
75,0.4584085696339607,301,0.08464717864990234,0.0045026999711990645
76,0.4534205955862999,301,0.06852149963378906,0.004987974047660826
77,0.4488318437933922,301,0.07817387580871582,0.004588751792907686
78,0.44460621190071103,301,0.08464622497558594,0.004225631892681159
79,0.4403062680363655,301,0.08436989784240723,0.004299943864345512
80,0.4359241160750389,301,0.08464646339416504,0.00438215196132663
81,0.4319517335891724,301,0.08464694023132324,0.00397238248586651
82,0.42808549547195435,301,0.08414125442504883,0.003866238117218035
83,0.42428594756126403,301,0.07818317413330078,0.003799547910690315
84,0.42081176406145093,301,0.06865191459655762,0.0034741834998130994
85,0.4170059641599655,301,0.06888461112976074,0.0038057999014854405
86,0.41323545038700105,301,0.08414196968078613,0.0037705137729644456
87,0.40979875189065934,301,0.06275010108947754,0.0034366984963417058
88,0.406713164627552,301,0.08464550971984863,0.0030855872631073145
89,0.4033355402350426,301,0.06869220733642578,0.0033776243925094374
90,0.4000829423666,301,0.08364009857177734,0.003252597868442564
91,0.39685335153341295,301,0.06308817863464355,0.0032295908331870793
92,0.39376763087511063,301,0.08417534828186035,0.0030857206583023156
93,0.39103044152259825,301,0.06904911994934082,0.0027371893525123814
94,0.3878636457324028,301,0.07863283157348633,0.0031667957901954646
95,0.385121435880661,301,0.06868267059326172,0.0027422098517417837
96,0.3825690264701843,301,0.06901907920837402,0.002552409410476686
97,0.3797490900158882,301,0.06901717185974121,0.0028199364542961236
98,0.3770572363138199,301,0.07813167572021484,0.002691853702068314
99,0.3744208686351776,301,0.06902074813842773,0.002636367678642282
100,0.37197797214984896,301,0.08464527130126953,0.0024428964853286383
