1,2.323366357258388,271,0.4009370803833008,Nan
2,2.2468107733045306,271,0.08414077758789062,0.0765555839538572
3,2.1755891454560414,271,0.07860255241394043,0.07122162784848918
4,2.1088523117474147,271,0.08464550971984863,0.06673683370862671
5,2.045073435987745,271,0.06853961944580078,0.06377887575966978
6,1.9835038774694715,271,0.08514571189880371,0.06156955851827339
7,1.92348345882552,271,0.0821387767791748,0.06002041864395147
8,1.8650438111850194,271,0.06500983238220215,0.05843964764050069
9,1.8075960478782653,271,0.08464622497558594,0.05744776330675405
10,1.7509937330314091,271,0.08464479446411133,0.05660231484685618
11,1.6953396769932338,271,0.06901669502258301,0.055654056038175304
12,1.6405132298469542,271,0.07813143730163574,0.0548264471462796
13,1.5865322790486471,271,0.08421111106872559,0.053980950798307115
14,1.5332543652398245,271,0.06892800331115723,0.05327791380882263
15,1.4809492827142987,271,0.08445239067077637,0.05230508252552579
16,1.4295801880359649,271,0.08414173126220703,0.05136909467833384
17,1.3792925079550062,271,0.07819747924804688,0.05028768008095863
18,1.3304693178789957,271,0.06885409355163574,0.04882319007601055
19,1.2834667773246766,271,0.08464574813842773,0.04700254055431907
20,1.2379823635646274,271,0.06851553916931152,0.04548441376004919
21,1.1946173664501736,271,0.07837057113647461,0.04336499711445385
22,1.1534957556724548,271,0.09979486465454102,0.04112161077771881
23,1.114194319690977,271,0.08493494987487793,0.03930143598147784
24,1.0772410313061305,271,0.1002805233001709,0.03695328838484646
25,1.0424069581883295,271,0.06862044334411621,0.03483407311780096
26,1.0095850341490338,271,0.08464646339416504,0.032821924039295736
27,0.9784907544681004,271,0.08013415336608887,0.031094279680933368
28,0.9493255484615053,271,0.06660199165344238,0.029165206006595112
29,0.9222192054986954,271,0.0843818187713623,0.027106342962809893
30,0.8968081918273654,271,0.08464598655700684,0.02541101367133003
31,0.8728289420775005,271,0.0690164566040039,0.023979249749864873
32,0.8503083736215319,271,0.07813143730163574,0.022520568455968615
33,0.8288364205871309,271,0.08464694023132324,0.02147195303440097
34,0.8088729065316064,271,0.06902027130126953,0.019963514055524545
35,0.7900759784153529,271,0.08432745933532715,0.018796928116253442
36,0.7724120535339628,271,0.08414363861083984,0.017663924881390125
37,0.755542055112975,271,0.07817196846008301,0.016869998420987797
38,0.7395236527579171,271,0.06886792182922363,0.016018402355057915
39,0.724596448813166,271,0.08420133590698242,0.01492720394475111
40,0.7101044734546117,271,0.06901311874389648,0.014491975358554288
41,0.6966571501323156,271,0.09626603126525879,0.013447323322296145
42,0.6835663307053702,271,0.06613278388977051,0.013090819426945344
43,0.6713341611112867,271,0.08418869972229004,0.012232169594083464
44,0.6595093952417374,271,0.06880760192871094,0.011824765869549392
45,0.648223019855363,271,0.08464264869689941,0.011286375386374337
46,0.6375001839739936,271,0.07813072204589844,0.010722835881369464
47,0.627202819125993,271,0.08456993103027344,0.01029736484800059
48,0.6173241919619696,271,0.06869983673095703,0.009878627164023324
49,0.6078192175797054,271,0.08429884910583496,0.009504974382264275
50,0.59886540385655,271,0.08464193344116211,0.008953813723155402
51,0.5900712563991547,271,0.07813215255737305,0.008794147457395263
52,0.581947312440191,271,0.06902146339416504,0.008123943958963653
53,0.5738264325005668,271,0.08464598655700684,0.008120879939624293
54,0.565859839286123,271,0.06901693344116211,0.007966593214443707
55,0.5586873730421066,271,0.07813119888305664,0.007172466244016462
56,0.5513023733411516,271,0.08464622497558594,0.007384999700954964
57,0.5443047416380473,271,0.08464574813842773,0.006997631703104301
58,0.5377793768303735,271,0.06902194023132324,0.00652536480767385
59,0.5309599124874388,271,0.08414363861083984,0.006819464342934678
60,0.5248438076887811,271,0.0784144401550293,0.006116104798657651
61,0.5185425716383116,271,0.06870722770690918,0.006301236050469505
62,0.5127722090653011,271,0.08465099334716797,0.005770362573010557
63,0.506877227289336,271,0.08446669578552246,0.005894981775965036
64,0.5014825597064836,271,0.08163809776306152,0.005394667582852453
65,0.49603512017216,271,0.06501054763793945,0.005447439534323584
66,0.490863181241921,271,0.08464646339416504,0.005171938930238984
67,0.4855592163545745,271,0.08444070816040039,0.005303964887346524
68,0.4808436448914664,271,0.06901693344116211,0.004715571463108081
69,0.47577102041244507,271,0.07813143730163574,0.005072624479021348
70,0.4714029079079628,271,0.08464670181274414,0.004368112504482269
71,0.4666917041795594,271,0.08464694023132324,0.00471120372840339
72,0.462316341144698,271,0.06902027130126953,0.0043753630348614125
73,0.45773954243319376,271,0.08414173126220703,0.0045767987115042374
74,0.4537095001595361,271,0.07816672325134277,0.0040300422736576635
75,0.449538950749806,271,0.06942868232727051,0.004170549409730107
76,0.44552813397135055,271,0.08423995971679688,0.004010816778455439
77,0.44150583750861033,271,0.08438277244567871,0.004022296462740216
78,0.43785144337585996,271,0.07812905311584473,0.0036543941327503715
79,0.4339829592193876,271,0.06851530075073242,0.0038684841564723405
80,0.4305254088129316,271,0.0844573974609375,0.0034575504064560114
81,0.42705705159051077,271,0.06854701042175293,0.003468357222420837
82,0.4234793958578791,271,0.08464288711547852,0.0035776557326316905
83,0.41996254458597726,271,0.07817578315734863,0.003516851271901822
84,0.4165803491388048,271,0.08464455604553223,0.0033821954471724425
85,0.41338540760959896,271,0.06902027130126953,0.0031949415292058525
86,0.4103218920997211,271,0.08464598655700684,0.003063515509877879
87,0.4073145513193948,271,0.08414125442504883,0.003007340780326273
88,0.40399349001475743,271,0.07822537422180176,0.003321061304637385
89,0.40082751222167695,271,0.06902122497558594,0.0031659777930804767
90,0.3982227130191667,271,0.08439779281616211,0.0026047992025102773
91,0.39515160561459406,271,0.06852221488952637,0.003071107404572615
92,0.392314584510667,271,0.07816195487976074,0.0028370211039270843
93,0.3894035239645413,271,0.08514714241027832,0.0029110605461256656
94,0.38682436542000087,271,0.08464717864990234,0.0025791585445404386
95,0.38433545001915526,271,0.06863951683044434,0.002488915400845615
96,0.38161749941962103,271,0.08464241027832031,0.0027179505995342246
97,0.3788436585153852,271,0.07813119888305664,0.0027738409042358247
98,0.37637786786896843,271,0.08426427841186523,0.0024657906464167767
99,0.37414228733096805,271,0.06862306594848633,0.0022355805380003813
100,0.3715089791076524,271,0.08464670181274414,0.0026333082233156446
