1,2.3266632584844316,481,0.5547704696655273,Nan
2,2.2791892354147776,481,0.07813119888305664,0.04747402306965398
3,2.236856900896345,481,0.06880831718444824,0.042332334518432546
4,2.196273829936981,481,0.06902122497558594,0.040583070959363976
5,2.1561234204428534,481,0.08414077758789062,0.040150409494127626
6,2.1161728545597622,481,0.07837820053100586,0.039950565883091205
7,2.076998119694846,481,0.08464622497558594,0.03917473486491607
8,2.0375079859324865,481,0.06902122497558594,0.03949013376235966
9,1.99767124073846,481,0.06851506233215332,0.03983674519402647
10,1.9582399486814226,481,0.07839775085449219,0.03943129205703744
11,1.9188143856525421,481,0.06902146339416504,0.03942556302888045
12,1.8797596489361355,481,0.08464527130126953,0.03905473671640669
13,1.840680588381631,481,0.06851696968078613,0.039079060554504386
14,1.801955359867641,481,0.07847356796264648,0.03872522851399007
15,1.7633174603666577,481,0.08464598655700684,0.038637899500983286
16,1.725116070508957,481,0.06902027130126953,0.03820138985770072
17,1.6871786857332502,481,0.08438539505004883,0.03793738477570674
18,1.649540373461587,481,0.08013558387756348,0.037638312271663255
19,1.612419456584113,481,0.06701374053955078,0.037120916877473986
20,1.5759293459483554,481,0.08464550971984863,0.03649011063575758
21,1.54012198475429,481,0.06902074813842773,0.03580736119406547
22,1.5050851675782886,481,0.08464336395263672,0.03503681717600138
23,1.470439274072647,481,0.07813119888305664,0.03464589350564151
24,1.4366682275363376,481,0.06901979446411133,0.03377104653630947
25,1.403651093346732,481,0.08464694023132324,0.0330171341896055
26,1.3711521406854903,481,0.06901717185974121,0.03249895266124181
27,1.339558834552765,481,0.07813096046447754,0.031593306132725374
28,1.3085900697367532,481,0.06864213943481445,0.03096876481601174
29,1.2783702805723463,481,0.08464455604553223,0.03021978916440693
30,1.2488539017609188,481,0.06851673126220703,0.029516378811427435
31,1.219613092831203,481,0.07840847969055176,0.02924080892971581
32,1.191578866141183,481,0.06863832473754883,0.02803422669001998
33,1.1637997441973005,481,0.08464574813842773,0.027779121943882545
34,1.1363859151090894,481,0.0690164566040039,0.027413829088211106
35,1.1099871533938817,481,0.07813167572021484,0.02639876171520772
36,1.0843962891101837,481,0.08421516418457031,0.025590864283697945
37,1.0597836088112422,481,0.10027241706848145,0.02461268029894148
38,1.0358384485244752,481,0.08464622497558594,0.023945160286767075
39,1.0125668212345669,481,0.0908200740814209,0.02327162728990828
40,0.9902036768198014,481,0.09366035461425781,0.0223631444147655
41,0.9683352058785303,481,0.10027432441711426,0.02186847094127109
42,0.9473212679794857,481,0.08452582359313965,0.0210139378990446
43,0.9274786620310375,481,0.10027241706848145,0.019842605948448222
44,0.9082261025565012,481,0.08464312553405762,0.0192525594745363
45,0.8897426851987839,481,0.10027122497558594,0.018483417357717302
46,0.8719571288142886,481,0.07813191413879395,0.017785556384495305
47,0.8549221300057003,481,0.08464479446411133,0.017034998808588275
48,0.8385074637447084,481,0.06902050971984863,0.01641466626099186
49,0.8228864362069539,481,0.08464789390563965,0.015621027537754517
50,0.807447449190276,481,0.07812762260437012,0.015438987016677896
51,0.793118616768292,481,0.06853628158569336,0.014328832421984017
52,0.7792755365201405,481,0.06909751892089844,0.013843080248151507
53,0.7656752012286867,481,0.08464503288269043,0.013600335291453769
54,0.7528724149976458,481,0.08163881301879883,0.012802786231040919
55,0.7405356041703905,481,0.06551408767700195,0.01233681082725524
56,0.7284468989372254,481,0.08416104316711426,0.012088705233165187
57,0.7170164919240134,481,0.06936764717102051,0.011430407013211963
58,0.7059684748819897,481,0.08414196968078613,0.011048017042023739
59,0.695390362909862,481,0.06254887580871582,0.010578111972127657
60,0.6852155497755323,481,0.08431553840637207,0.010174813134329663
61,0.6754404292958124,481,0.06866121292114258,0.009775120479719956
62,0.6660149048737117,481,0.08464384078979492,0.00942552442210065
63,0.6568936076334545,481,0.07813072204589844,0.009121297240257231
64,0.648151561498642,481,0.06902241706848145,0.008742046134812553
65,0.6395445881060191,481,0.08464550971984863,0.008606973392622841
66,0.6315392325946263,481,0.06851553916931152,0.008005355511392809
67,0.6234331414529255,481,0.07851266860961914,0.0081060911417008
68,0.6158977796520506,481,0.06902050971984863,0.007535361800874885
69,0.6083960831335613,481,0.0841970443725586,0.007501696518489309
70,0.6014983771187918,481,0.06851649284362793,0.006897706014769467
71,0.5945467469862529,481,0.07853984832763672,0.006951630132538966
72,0.5877504317419869,481,0.0685586929321289,0.006796315244265938
73,0.5812453232748168,481,0.08464574813842773,0.006505108467170118
74,0.5748765413931438,481,0.06851482391357422,0.006368781881673002
75,0.5686325681209564,481,0.07817292213439941,0.0062439732721873975
76,0.562749309028898,481,0.06876516342163086,0.005883259092058446
77,0.5569281576616424,481,0.08431649208068848,0.005821151367255584
78,0.5513838569777353,481,0.06902074813842773,0.0055443006839071
79,0.545660727586065,481,0.07812786102294922,0.005723129391670301
80,0.5405430110522679,481,0.08464765548706055,0.005117716533797112
81,0.535396656206676,481,0.06901955604553223,0.005146354845591894
82,0.5305724023835999,481,0.0841670036315918,0.004824253823076052
83,0.5254816866687366,481,0.08063673973083496,0.005090715714863303
84,0.5206977881278311,481,0.06701254844665527,0.004783898540905551
85,0.5160925020575523,481,0.06902122497558594,0.004605286070278769
86,0.5115758850319045,481,0.08463048934936523,0.004516617025647762
87,0.5072036222645214,481,0.08113670349121094,0.004372262767383117
88,0.5032303384031568,481,0.06601095199584961,0.00397328386136464
89,0.49870276319129125,481,0.06902027130126953,0.004527575211865531
90,0.4948448953287942,481,0.08459591865539551,0.003857867862497033
91,0.4908356391787529,481,0.08414244651794434,0.004009256150041329
92,0.4869031783257212,481,0.06286048889160156,0.003932460853031672
93,0.48311411903585705,481,0.08464574813842773,0.0037890592898641717
94,0.4793768514820508,481,0.06898784637451172,0.003737267553806267
95,0.4756328968831471,481,0.08414101600646973,0.003743954598903698
96,0.472314265702452,481,0.07822871208190918,0.0033186311806950863
97,0.4687230500408581,481,0.06902074813842773,0.0035912156615938717
98,0.4654478556343487,481,0.06902003288269043,0.0032751944065094185
99,0.46222659573384695,481,0.0846412181854248,0.0032212599005017606
100,0.45893746605941227,481,0.07813239097595215,0.0032891296744346765
