1,2.257116931915283,161,0.4342951774597168,Nan
2,2.166277961730957,161,0.11589765548706055,0.09083897018432596
3,2.085852925777435,161,0.11589837074279785,0.0804250359535219
4,2.004000060796738,161,0.1335289478302002,0.08185286498069733
5,1.9168456542491912,161,0.10402917861938477,0.08715440654754669
6,1.8241222031116486,161,0.10044527053833008,0.09272345113754255
7,1.7246930634975433,161,0.09626555442810059,0.09942913961410538
8,1.6211509296894073,161,0.08163809776306152,0.10354213380813593
9,1.5187084820270538,161,0.10027098655700684,0.10244244766235355
10,1.4179057719707489,161,0.10027027130126953,0.10080271005630492
11,1.319814216852188,161,0.08425474166870117,0.09809155511856082
12,1.226735752105713,161,0.10014128684997559,0.09307846474647508
13,1.1406781449317933,161,0.0841526985168457,0.08605760717391964
14,1.0625875523090362,161,0.10077118873596191,0.07809059262275708
15,0.9926586509943008,161,0.08431768417358398,0.06992890131473539
16,0.9305795452594757,161,0.10027050971984863,0.06207910573482511
17,0.8749620232582093,161,0.10016059875488281,0.05561752200126646
18,0.8261764798164367,161,0.08464646339416504,0.04878554344177255
19,0.7834758431911468,161,0.10027217864990234,0.04270063662528989
20,0.7452667465209961,161,0.10026383399963379,0.03820909667015071
21,0.7113044480085373,161,0.10027289390563965,0.0339622985124588
22,0.6811988017559052,161,0.08414220809936523,0.030105646252632123
23,0.6543661165237427,161,0.10037946701049805,0.026832685232162534
24,0.6300418218374252,161,0.10027241706848145,0.02432429468631747
25,0.6082058218717575,161,0.09976983070373535,0.021835999965667652
26,0.5880704007744789,161,0.0964517593383789,0.020135421097278616
27,0.5702651730179786,161,0.0816640853881836,0.017805227756500286
28,0.5528192857503891,161,0.1005852222442627,0.017445887267589555
29,0.5382046442627907,161,0.08418583869934082,0.01461464148759839
30,0.5238647555708885,161,0.10027098655700684,0.01433988869190217
31,0.511026496052742,161,0.09990048408508301,0.012838259518146544
32,0.4989492175579071,161,0.08464622497558594,0.012077278494834864
33,0.48759972167015075,161,0.10026979446411133,0.011349495887756356
34,0.4772573407292366,161,0.09983444213867188,0.010342380940914164
35,0.46726596373319623,161,0.0845339298248291,0.009991376996040358
36,0.45826366716623307,161,0.09993410110473633,0.009002296566963164
37,0.4495532968044281,161,0.09991979598999023,0.008710370361804942
38,0.4410293971300125,161,0.08424043655395508,0.008523899674415636
39,0.43341690999269483,161,0.09979486465454102,0.007612487137317658
40,0.42621020591259,161,0.0851430892944336,0.00720670408010482
41,0.41941902941465375,161,0.08414220809936523,0.006791176497936258
42,0.41289658266305923,161,0.10014224052429199,0.006522446751594524
43,0.4064867469072342,161,0.09782147407531738,0.006409835755825044
44,0.4004866480231285,161,0.08063530921936035,0.006000098884105687
45,0.3950438677668571,161,0.10027098655700684,0.005442780256271373
46,0.3898806592822075,161,0.08464574813842773,0.0051632084846496284
47,0.384357540845871,161,0.09990167617797852,0.005523118436336516
48,0.37960753905773165,161,0.0997779369354248,0.004750001788139335
49,0.37496327844262123,161,0.08514666557312012,0.004644260615110418
50,0.36980919003486634,161,0.10008382797241211,0.0051540884077548865
51,0.36573379242420195,161,0.08464789390563965,0.0040753976106643885
52,0.3615329896807671,161,0.09988903999328613,0.004200802743434873
53,0.3574624569416046,161,0.10007643699645996,0.004070532739162469
54,0.35342370557785036,161,0.08453965187072754,0.004038751363754256
55,0.34942626920342446,161,0.10027289390563965,0.0039974363744259
56,0.34564451411366465,161,0.08414149284362793,0.0037817550897598085
57,0.34241220116615295,161,0.10019063949584961,0.003232312947511695
58,0.33915186786651613,161,0.1008002758026123,0.0032603332996368195
59,0.3355651304721832,161,0.10027194023132324,0.003586737394332906
60,0.33221874207258223,161,0.09727334976196289,0.003346388399600997
61,0.32922842690348625,161,0.08113479614257812,0.0029903151690959806
62,0.32607655504345895,161,0.10027790069580078,0.0031518718600273
63,0.3231411921083927,161,0.10013175010681152,0.0029353629350662436
64,0.32054276728630066,161,0.0844275951385498,0.002598424822092049
65,0.3173472934961319,161,0.10014796257019043,0.003195473790168768
66,0.3147896544039249,161,0.08464574813842773,0.0025576390922069647
67,0.3120762104988098,161,0.09980463981628418,0.0027134439051151316
68,0.30902911189198495,161,0.08464717864990234,0.0030470986068248385
69,0.30676212966442107,161,0.10027122497558594,0.002266982227563885
70,0.3045039979815483,161,0.08464646339416504,0.002258131682872755
71,0.3015625335276127,161,0.10011172294616699,0.002941464453935616
72,0.2992794839143753,161,0.08414077758789062,0.0022830496132373868
73,0.29713939210772516,161,0.10040569305419922,0.002140091806650146
74,0.2951852650344372,161,0.10027170181274414,0.001954127073287959
75,0.29284249517321587,161,0.09476304054260254,0.002342769861221339
76,0.29042182642221454,161,0.08363986015319824,0.0024206687510013314
77,0.28814837619662287,161,0.10027265548706055,0.0022734502255916667
78,0.28632241931557656,161,0.08456039428710938,0.001825956881046309
79,0.2843916921615601,161,0.09980320930480957,0.0019307271540164872
80,0.28241946202516555,161,0.08514642715454102,0.001972230136394526
81,0.2804854253530502,161,0.0997762680053711,0.0019340366721153357
82,0.2782209905087948,161,0.10034847259521484,0.002264434844255425
83,0.2764735243022442,161,0.08454227447509766,0.0017474662065505853
84,0.27434149059653284,161,0.10007214546203613,0.002132033705711356
85,0.27298805767297746,161,0.08464574813842773,0.0013534329235553866
86,0.27126018661260604,161,0.10027146339416504,0.001727871060371422
87,0.2694479745030403,161,0.10027337074279785,0.001812212109565725
88,0.2677791303396225,161,0.0846405029296875,0.0016688441634178375
89,0.26581612756848333,161,0.10027217864990234,0.001963002771139144
90,0.2645296654999256,161,0.10027122497558594,0.0012864620685577033
91,0.26268803611397745,161,0.10027694702148438,0.0018416293859481736
92,0.26106884369254113,161,0.09626531600952148,0.0016191924214363218
93,0.25955774170160295,161,0.08214282989501953,0.0015111019909381795
94,0.2578474327325821,161,0.10027050971984863,0.0017103089690208573
95,0.25666439735889435,161,0.09989547729492188,0.0011830353736877464
96,0.25533395689725874,161,0.08426833152770996,0.001330440461635607
97,0.25334147819876673,161,0.10027241706848145,0.001992478698492006
98,0.25193202248215674,161,0.08994340896606445,0.0014094557166099975
99,0.25030888214707375,161,0.09436249732971191,0.0016231403350829843
100,0.24879720175266265,161,0.09994196891784668,0.0015116803944111024
