1,2.316086961746216,191,0.35408782958984375,Nan
2,2.250002748625619,191,0.08414196968078613,0.06608421312059676
3,2.1989039949008395,191,0.0952296257019043,0.051098753724779566
4,2.1515099466187615,191,0.08363890647888184,0.04739404828207805
5,2.101621887070792,191,0.08464598655700684,0.04988805954796938
6,2.0468576369966778,191,0.08461713790893555,0.05476425007411434
7,1.9877579945155552,191,0.08420729637145996,0.05909964248112254
8,1.9238608399118695,191,0.08464527130126953,0.06389715460368572
9,1.853170696054186,191,0.08464336395263672,0.07069014385768346
10,1.7788954052243915,191,0.07813167572021484,0.07427529082979456
11,1.701859286240169,191,0.08432769775390625,0.07703611898422258
12,1.6225094330992018,191,0.08415079116821289,0.0793498531409671
13,1.5420409317697799,191,0.08477616310119629,0.08046850132942196
14,1.460971662214824,191,0.08449172973632812,0.08106926955495575
15,1.3813574933324542,191,0.08414196968078613,0.07961416888236994
16,1.3046134102344513,191,0.10020279884338379,0.07674408309800285
17,1.230452605349677,191,0.07816362380981445,0.07416080488477439
18,1.1605722158636365,191,0.08514857292175293,0.06988038948604047
19,1.0960281373432705,191,0.08464503288269043,0.06454407852036592
20,1.036417793410165,191,0.08464574813842773,0.05961034393310549
21,0.9814073981898171,191,0.08464527130126953,0.055010395220347896
22,0.9312851006814412,191,0.08414363861083984,0.050122297508375935
23,0.8863455486638205,191,0.07844877243041992,0.044939552017620676
24,0.8450363259315491,191,0.08464717864990234,0.041309222732271444
25,0.8078049114091056,191,0.09986233711242676,0.037231414522443496
26,0.7739966983965465,191,0.08465409278869629,0.033808213012559096
27,0.7434599816288266,191,0.08446550369262695,0.03053671676771985
28,0.7153772342545646,191,0.0844583511352539,0.028082747374262085
29,0.6901226012536458,191,0.08414411544799805,0.02525463300091879
30,0.6667143955911908,191,0.07819032669067383,0.02340820566245494
31,0.6453752808400562,191,0.0845186710357666,0.02133911475113459
32,0.626016903758049,191,0.08464503288269043,0.019358377082007272
33,0.6080378501755851,191,0.08464598655700684,0.017979053582463878
34,0.5911428872687476,191,0.08424186706542969,0.016894962906837452
35,0.5756465213298798,191,0.08464241027832031,0.015496365938867829
36,0.5613086788143431,191,0.09375858306884766,0.014337842515536714
37,0.5481428949577468,191,0.08464646339416504,0.01316578385659628
38,0.5359556260279247,191,0.08418965339660645,0.012187268929822137
39,0.5239729823725564,191,0.08451104164123535,0.011982643655368275
40,0.5136882559571947,191,0.08437919616699219,0.010284726415361711
41,0.5030870770130839,191,0.08464574813842773,0.010601178944110834
42,0.49356817445584705,191,0.08464431762695312,0.009518902557236808
43,0.48447588917187284,191,0.07812833786010742,0.00909228528397421
44,0.47595412241561075,191,0.08464574813842773,0.008521766756262095
45,0.46782174664735793,191,0.08464670181274414,0.00813237576825282
46,0.46067721271514894,191,0.09980511665344238,0.007144533932208985
47,0.4529022881303515,191,0.0845785140991211,0.007774924584797449
48,0.44584947774239947,191,0.08464622497558594,0.007052810387952024
49,0.43930593796287265,191,0.08415079116821289,0.006543539779526819
50,0.43318453543526786,191,0.07828760147094727,0.006121402527604791
51,0.42734895082882474,191,0.08463621139526367,0.005835584606443123
52,0.42123367686782565,191,0.08464550971984863,0.00611527396099909
53,0.41601796244723455,191,0.08464455604553223,0.0052157144205911
54,0.4109141505190304,191,0.08424592018127441,0.005103811928204138
55,0.4053079151681491,191,0.08414220809936523,0.0056062353508812834
56,0.40072517379692624,191,0.0966031551361084,0.004582741371222887
57,0.3962576177120209,191,0.08213615417480469,0.004467556084905344
58,0.3915911027278219,191,0.08418846130371094,0.0046665149841990106
59,0.38746017571858,191,0.08464932441711426,0.0041309270092418915
60,0.3832622374892235,191,0.10026955604553223,0.00419793822935649
61,0.37906593487943924,191,0.08464312553405762,0.004196302609784264
62,0.3751851390344756,191,0.08443784713745117,0.003880795844963647
63,0.37124984581981385,191,0.08464455604553223,0.003935293214661739
64,0.36762185009036746,191,0.07812786102294922,0.003627995729446387
65,0.36450476832049233,191,0.08415532112121582,0.0031170817698751296
66,0.36094480372326715,191,0.08512043952941895,0.0035599645972251848
67,0.3571222037417548,191,0.08433175086975098,0.0038225999815123535
68,0.35411096587777136,191,0.09978890419006348,0.0030112378639834403
69,0.3509850910944598,191,0.06951761245727539,0.003125874783311555
70,0.3479061443720545,191,0.09726762771606445,0.0030789467224052736
71,0.3448455408470971,191,0.08113455772399902,0.003060603524957406
72,0.3418846557778972,191,0.08464694023132324,0.0029608850691999478
73,0.3394674965143204,191,0.08429074287414551,0.0024171592635767736
74,0.3362457163674491,191,0.0845346450805664,0.0032217801468713003
75,0.3338360655094896,191,0.08425092697143555,0.002409650857959522
76,0.33102122861146926,191,0.08414220809936523,0.002814836898020312
77,0.3284183022081852,191,0.09477043151855469,0.002602926403284078
78,0.32641799371157376,191,0.06821799278259277,0.002000308496611425
79,0.3236646234605994,191,0.08464670181274414,0.002753370250974385
80,0.3212243657750743,191,0.08447480201721191,0.0024402576855250824
81,0.31893950148991174,191,0.08464550971984863,0.002284864285162558
82,0.31672161981037683,191,0.08414244651794434,0.0022178816795349054
83,0.3143877529970237,191,0.09827518463134766,0.002333866813353125
84,0.3122526396214962,191,0.08063602447509766,0.00213511337552752
85,0.31015092845899717,191,0.08464527130126953,0.0021017111624990203
86,0.3079901353248528,191,0.08464574813842773,0.0021607931341443565
87,0.30582966391529354,191,0.08428025245666504,0.0021604714095592725
88,0.303754306605884,191,0.08436465263366699,0.0020753573094095534
89,0.3018604876611914,191,0.08464360237121582,0.0018938189446925935
90,0.30044895396062304,191,0.07813167572021484,0.001411533700568346
91,0.29799924667818206,191,0.08464503288269043,0.0024497072824409827
92,0.29609168325151713,191,0.08459162712097168,0.0019075634266649266
93,0.2946912984635149,191,0.09383296966552734,0.0014003847880022513
94,0.292485626918929,191,0.07503032684326172,0.0022056715445858965
95,0.291090147452695,191,0.08414196968078613,0.0013954794662339731
96,0.2889500957770007,191,0.09786033630371094,0.00214005167569431
97,0.28721450768624035,191,0.08063578605651855,0.0017355880907603538
98,0.2853066120445728,191,0.0843207836151123,0.0019078956416675452
99,0.2837169671782426,191,0.08422398567199707,0.001589644866330231
100,0.2824900436656816,191,0.08464670181274414,0.0012269235125609845
