1,2.328447660446167,491,0.5638699531555176,Nan
2,2.2995205214364187,491,0.06902003288269043,0.028927139009748082
3,2.2755523891448974,491,0.0690150260925293,0.023968132291521282
4,2.2546150273595535,491,0.07813143730163574,0.02093736178534389
5,2.2346661845615934,491,0.08464479446411133,0.019948842797960165
6,2.213267677579607,491,0.06902122497558594,0.0213985069819862
7,2.1905061019488743,491,0.06902217864990234,0.02276157563073289
8,2.164517104557582,491,0.07813096046447754,0.025988997391292123
9,2.135560931478228,491,0.08464646339416504,0.028956173079354386
10,2.103746599946703,491,0.06901979446411133,0.03181433153152469
11,2.070425755364554,491,0.08464694023132324,0.0333208445821489
12,2.0360548973083494,491,0.06250262260437012,0.03437085805620477
13,2.001894347531455,491,0.08464384078979492,0.034160549776894644
14,1.9682183470044816,491,0.06853318214416504,0.03367600052697317
15,1.9334631047930035,491,0.06951689720153809,0.03475524221147808
16,1.8992648010253905,491,0.07813262939453125,0.034198303767613014
17,1.8652164902687072,491,0.08464384078979492,0.03404831075668335
18,1.8311390657424926,491,0.06902050971984863,0.03407742452621454
19,1.796842585189002,491,0.08417630195617676,0.03429648055349066
20,1.7627398816176822,491,0.06250119209289551,0.034102703571319726
21,1.7285515348570688,491,0.08478951454162598,0.03418834676061344
22,1.694101004907063,491,0.0690155029296875,0.03445052995000575
23,1.6585485357557024,491,0.08464527130126953,0.03555246915136068
24,1.6239606570175715,491,0.07963395118713379,0.03458787873813085
25,1.5882033966950009,491,0.06751251220703125,0.03575726032257065
26,1.5520824550560544,491,0.06901955604553223,0.036120941638946524
27,1.5167736782005854,491,0.08464598655700684,0.03530877685546896
28,1.4806632770129613,491,0.08414101600646973,0.0361104011876241
29,1.4452991487298692,491,0.06280732154846191,0.0353641282830921
30,1.4114608322552271,491,0.08464360237121582,0.03383831647464208
31,1.3779209118230002,491,0.06902122497558594,0.033539920432226866
32,1.344667833021709,491,0.08414149284362793,0.03325307880129125
33,1.3119707362992423,491,0.0625143051147461,0.03269709672246668
34,1.2802502274172647,491,0.08514618873596191,0.03172050888197764
35,1.2489788349015372,491,0.08464837074279785,0.031271392515727525
36,1.2190633554799215,491,0.08464217185974121,0.029915479421615654
37,1.1900338565622057,491,0.07963418960571289,0.02902949891771578
38,1.1618390477725438,491,0.06723546981811523,0.028194808789661963
39,1.1352429000309536,491,0.06902122497558594,0.026596147741590137
40,1.109538866860526,491,0.08464288711547852,0.025704033170427687
41,1.0844467890943799,491,0.08063578605651855,0.02509207776614608
42,1.0603391128778457,491,0.06651163101196289,0.024107676216534202
43,1.0372629634823118,491,0.06901931762695312,0.023076149395533818
44,1.0150932211365018,491,0.08464455604553223,0.02216974234581004
45,0.9933722191708428,491,0.08063530921936035,0.02172100196565896
46,0.9729268215213503,491,0.06651163101196289,0.02044539764949249
47,0.9530481393166951,491,0.07263708114624023,0.019878682204655274
48,0.9339364968197686,491,0.0806436538696289,0.01911164249692643
49,0.9154116767644882,491,0.0826408863067627,0.018524820055280444
50,0.8979239958184106,491,0.06403803825378418,0.017487680946077555
51,0.8814261891330991,491,0.08466911315917969,0.016497806685311533
52,0.8650799169199808,491,0.06952190399169922,0.01634627221311835
53,0.8494319674798421,491,0.08414077758789062,0.015647949440138698
54,0.8345658506325313,491,0.06272482872009277,0.014866116847310762
55,0.8201167914526803,491,0.08417987823486328,0.014449059179850954
56,0.806461464864867,491,0.06880378723144531,0.013655326587813321
57,0.7934383729696274,491,0.08464217185974121,0.013023091895239647
58,0.7805641069752829,491,0.07813096046447754,0.012874265994344491
59,0.7684888143880027,491,0.06899809837341309,0.01207529258728024
60,0.7565524568046842,491,0.06902170181274414,0.011936357583318458
61,0.7454119331325804,491,0.08414268493652344,0.01114052367210383
62,0.7343819711378643,491,0.07819843292236328,0.011029961994716064
63,0.7239898124252047,491,0.06902194023132324,0.010392158712659638
64,0.7139519394976752,491,0.08464598655700684,0.010037872927529445
65,0.7040112307923181,491,0.06851720809936523,0.009940708705357126
66,0.6945036174229213,491,0.07837748527526855,0.009507613369396761
67,0.685770623752049,491,0.06865835189819336,0.008732993670872324
68,0.6768789351327079,491,0.08464622497558594,0.008891688619341087
69,0.668306484903608,491,0.06851625442504883,0.008572450229099915
70,0.6602469054630824,491,0.0782020092010498,0.0080595794405256
71,0.6525427382843835,491,0.06902098655700684,0.0077041671786989285
72,0.6448857913187572,491,0.08464431762695312,0.0076569469656262434
73,0.6375000059604645,491,0.06901812553405762,0.007385785358292707
74,0.6299699928249631,491,0.07813286781311035,0.00753001313550139
75,0.6228899242537362,491,0.06865477561950684,0.007080068571226894
76,0.6163389347280774,491,0.08464574813842773,0.006550989525658801
77,0.6098657551833562,491,0.06901836395263672,0.006473179544721264
78,0.603161855169705,491,0.07813191413879395,0.006703900013651176
79,0.5971403951815196,491,0.06873035430908203,0.006021459988185374
80,0.5908968150104795,491,0.08464550971984863,0.006243580171040097
81,0.5851740766423089,491,0.0690162181854248,0.00572273836817061
82,0.57938699562209,491,0.07813143730163574,0.005787081020218965
83,0.5740357528584344,491,0.06901907920837402,0.005351242763655506
84,0.5685301417878695,491,0.08464598655700684,0.005505611070564909
85,0.5632948605843953,491,0.06851553916931152,0.0052352812034742735
86,0.5582786652530942,491,0.07843160629272461,0.005016195331301043
87,0.5534903989349093,491,0.06900906562805176,0.004788266318184964
88,0.5487031537294388,491,0.08464527130126953,0.0047872452054704695
89,0.5441612435749599,491,0.06901764869689941,0.004541910154478912
90,0.5395846314685685,491,0.07813191413879395,0.004576612106391376
91,0.5346720419355802,491,0.06888866424560547,0.004912589532988343
92,0.5304206099425043,491,0.08421850204467773,0.0042514319930758715
93,0.526232096357005,491,0.06902003288269043,0.0041885135854993205
94,0.5219044335995402,491,0.07813787460327148,0.0043276627574647675
95,0.5182530007702963,491,0.06902694702148438,0.0036514328292438503
96,0.5140268726263727,491,0.08464670181274414,0.0042261281439236464
97,0.5102967190231595,491,0.06851696968078613,0.00373015360321316
98,0.506475341285978,491,0.07817578315734863,0.003821377737181497
99,0.5024152696984154,491,0.08464479446411133,0.004060071587562608
100,0.4991063520056861,491,0.06902265548706055,0.0033089176927293407
