1,2.292645399229867,281,0.4007456302642822,Nan
2,2.2261430790764947,281,0.07812809944152832,0.06650232015337254
3,2.168118296078273,281,0.06902265548706055,0.05802478299822145
4,2.1130763692855834,281,0.06902360916137695,0.05504192679268982
5,2.058092913355146,281,0.08464717864990234,0.05498345593043741
6,2.001083735397884,281,0.06250715255737305,0.057009177957262125
7,1.9414204414231437,281,0.08453249931335449,0.05966329397474013
8,1.8804126261983598,281,0.06902098655700684,0.061007815224783934
9,1.8187117851802281,281,0.08385848999023438,0.06170084101813167
10,1.7570350675923483,281,0.06301093101501465,0.06167671758787985
11,1.695790377821241,281,0.08464908599853516,0.0612446897711072
12,1.634830901316234,281,0.06901836395263672,0.06095947650500699
13,1.574789630140577,281,0.07863497734069824,0.06004127117565705
14,1.5162320475578308,281,0.06851458549499512,0.05855758258274624
15,1.4588521586486272,281,0.06873250007629395,0.05737988890920365
16,1.4033334511348179,281,0.08417868614196777,0.05551870751380927
17,1.3495447376114982,281,0.07863187789916992,0.05378871352331971
18,1.2982362588473728,281,0.06901669502258301,0.051308478764125365
19,1.2491142483098165,281,0.0686192512512207,0.04912201053755627
20,1.2023723902361734,281,0.0690162181854248,0.04674185807364317
21,1.1575861959457396,281,0.07813191413879395,0.044786194290433734
22,1.115386709008898,281,0.08458948135375977,0.04219948693684161
23,1.0756773051874977,281,0.06902170181274414,0.03970940382140031
24,1.0381531768356052,281,0.06851577758789062,0.03752412835189256
25,1.0033910954509462,281,0.07821393013000488,0.03476208138465897
26,0.9703361057383674,281,0.08418655395507812,0.03305498971257881
27,0.9393636467797416,281,0.0687861442565918,0.03097245895862577
28,0.9105157897131784,281,0.06851530075073242,0.02884785706656323
29,0.8834462804624013,281,0.0781707763671875,0.027069509250777113
30,0.8578100320611681,281,0.06875467300415039,0.02563624840123313
31,0.833904569387436,281,0.08433699607849121,0.02390546267373217
32,0.8112418965271541,281,0.06851625442504883,0.022662672860281896
33,0.7899821435723986,281,0.07835197448730469,0.021259752954755462
34,0.7701826311349869,281,0.06902170181274414,0.019799512437411737
35,0.751543478182384,281,0.06901955604553223,0.018639152952602878
36,0.7340150820698057,281,0.08414292335510254,0.01752839611257828
37,0.7173680022614343,281,0.0625762939453125,0.016647079808371434
38,0.7016446538993291,281,0.08443880081176758,0.015723348362105205
39,0.6867661671979087,281,0.06902074813842773,0.014878486701420335
40,0.672605702315058,281,0.08263850212097168,0.01416046488285072
41,0.6595926281043462,281,0.0640251636505127,0.01301307421071185
42,0.6468779485225677,281,0.0695199966430664,0.01271467958177841
43,0.6348435274532863,281,0.08415532112121582,0.012034421069281431
44,0.6233796837329865,281,0.06250381469726562,0.011463843720299849
45,0.6127179331268583,281,0.0849909782409668,0.010661750606128173
46,0.6022950954437256,281,0.06902098655700684,0.01042283768313268
47,0.5921296920606068,281,0.08464527130126953,0.010165403383118776
48,0.5828061364548547,281,0.06250190734863281,0.009323555605752154
49,0.5734275984423501,281,0.08464598655700684,0.009378538012504545
50,0.5648253129890987,281,0.06902074813842773,0.00860228545325148
51,0.5566643391166415,281,0.06851601600646973,0.008160973872457178
52,0.5485884739501136,281,0.0781712532043457,0.008075865166527918
53,0.5411141289217132,281,0.06902885437011719,0.0074743450284003865
54,0.5334629190564155,281,0.08464550971984863,0.007651209865297659
55,0.5262380680101258,281,0.06851649284362793,0.007224851046289671
56,0.5193689350060054,281,0.0785830020904541,0.006869133004120398
57,0.512672301522323,281,0.06902074813842773,0.006696633483682435
58,0.5064279503907476,281,0.06901884078979492,0.0062443511315753986
59,0.5000691937974521,281,0.08414244651794434,0.006358756593295545
60,0.4941102786745344,281,0.06270289421081543,0.005958915122917685
61,0.48861806054626195,281,0.0844717025756836,0.005492218128272441
62,0.48316631153651646,281,0.06897783279418945,0.005451749009745488
63,0.47786863805566515,281,0.08013463020324707,0.005297673480851306
64,0.4724124654190881,281,0.06663632392883301,0.00545617263657705
65,0.4674311796597072,281,0.06902050971984863,0.0049812857593808935
66,0.4624902784909521,281,0.08464503288269043,0.0049409011687551185
67,0.457911014011928,281,0.07812809944152832,0.00457926447902407
68,0.4531840429561479,281,0.06862497329711914,0.004726971055780127
69,0.4487491885338511,281,0.06876659393310547,0.004434854422296797
70,0.4443360433067594,281,0.06901860237121582,0.004413145227091686
71,0.4403129926919937,281,0.07812881469726562,0.004023050614765711
72,0.43619582083395547,281,0.06902265548706055,0.004117171858038227
73,0.4321309705887522,281,0.08421444892883301,0.004064850245203255
74,0.42824165145839965,281,0.06902027130126953,0.0038893191303525643
75,0.424661762714386,281,0.07813167572021484,0.0035798887440136595
76,0.42091845586470195,281,0.06862497329711914,0.003743306849684047
77,0.41724080506392885,281,0.08438706398010254,0.0036776508007730913
78,0.4138553036195891,281,0.06901812553405762,0.0033855014443397446
79,0.4105082324402673,281,0.07813286781311035,0.0033470711793218144
80,0.40700198388951164,281,0.06880974769592285,0.003506248550755653
81,0.4040040869968278,281,0.06869006156921387,0.0029978968926838157
82,0.4005843282682555,281,0.10000181198120117,0.0034197587285723086
83,0.39750954745497025,281,0.08464312553405762,0.0030747808132852716
84,0.39482347943953106,281,0.10027194023132324,0.0026860680154391914
85,0.3917622200165476,281,0.09726619720458984,0.0030612594229834644
86,0.3889673706463405,281,0.08063673973083496,0.0027948493702070754
87,0.38605577793291634,281,0.10027122497558594,0.0029115927134241715
88,0.38334811007125036,281,0.08420658111572266,0.0027076678616659855
89,0.3806549515213285,281,0.10027217864990234,0.002693158549921859
90,0.3778917356984956,281,0.08464789390563965,0.0027632158228328985
91,0.37542714737142835,281,0.08432555198669434,0.002464588327067252
92,0.3728249617218971,281,0.10027194023132324,0.002602185649531241
93,0.3704277691585677,281,0.08464646339416504,0.002397192563329431
94,0.3680359986935343,281,0.10027337074279785,0.0023917704650333604
95,0.3655757747462818,281,0.08464384078979492,0.002460223947252538
96,0.36338031086751393,281,0.07813096046447754,0.002195463878767845
97,0.36096656996011733,281,0.10027456283569336,0.0024137409073966
98,0.35871909994738443,281,0.08431649208068848,0.0022474700127328995
99,0.356547561279365,281,0.10137128829956055,0.002171538668019446
100,0.35430260570560185,281,0.08614110946655273,0.002244955573763141
