1,2.297759747709547,201,0.3696591854095459,Nan
2,2.227026360648019,201,0.08464527130126953,0.07073338706152787
3,2.1657911534990584,201,0.08414173126220703,0.06123520714896058
4,2.1061644981248038,201,0.07815766334533691,0.0596266553742546
5,2.0431187356540135,201,0.08486342430114746,0.0630457624707903
6,1.9746105934211187,201,0.08428955078125,0.06850814223289481
7,1.901711256674358,201,0.08464670181274414,0.07289933674676075
8,1.8254611867155348,201,0.0843820571899414,0.07625006995882311
9,1.7458805777004787,201,0.08464336395263672,0.07958060901505615
10,1.665097227369036,201,0.07812857627868652,0.08078335033144257
11,1.5854018794127873,201,0.08465123176574707,0.07969534795624877
12,1.5076221415996551,201,0.0846412181854248,0.07777973781313219
13,1.432781022310257,201,0.08451962471008301,0.07484111928939807
14,1.36071688246727,201,0.08423113822937012,0.0720641398429871
15,1.2915118419442857,201,0.08464455604553223,0.06920504052298426
16,1.2270311871256148,201,0.07812857627868652,0.06448065481867093
17,1.1665843139035361,201,0.08436465263366699,0.060446873222078645
18,1.1105248009136746,201,0.08444976806640625,0.05605951298986156
19,1.0589523542097636,201,0.0845036506652832,0.051572446703910924
20,1.0116850333895002,201,0.08464670181274414,0.047267320820263414
21,0.9680479658671788,201,0.08464193344116211,0.04363706752232144
22,0.9280766944033759,201,0.07813310623168945,0.03997127146380286
23,0.8910327788761684,201,0.0843815803527832,0.03704391552720754
24,0.8572346046311514,201,0.08425664901733398,0.033798174245016965
25,0.8261174873794828,201,0.08427810668945312,0.031117117251668658
26,0.7975512993846621,201,0.08435916900634766,0.02856618799482069
27,0.7714907211065293,201,0.08414316177368164,0.026060578278132795
28,0.7463179473536355,201,0.07860064506530762,0.02517277375289373
29,0.723804060782705,201,0.08464670181274414,0.022513886570930564
30,0.7024446810483933,201,0.08456921577453613,0.02135937973431168
31,0.6831004297563008,201,0.08421587944030762,0.019344251292092496
32,0.6643019686256136,201,0.08439469337463379,0.018798461130687172
33,0.6473708705902099,201,0.08414101600646973,0.016931098035403713
34,0.6312984941005707,201,0.09450221061706543,0.016072376489639217
35,0.6162113888093403,201,0.0680692195892334,0.015087105291230363
36,0.6022560660328183,201,0.08464503288269043,0.013955322776522006
37,0.5890541195869445,201,0.08464550971984863,0.013201946445873802
38,0.5765728409290314,201,0.08464479446411133,0.012481278657913153
39,0.565052900825228,201,0.08414101600646973,0.011519940103803417
40,0.55366453734466,201,0.09415674209594727,0.011388363480567931
41,0.5428818987352507,201,0.06901955604553223,0.010782638609409312
42,0.5330629759516035,201,0.08464503288269043,0.009818922783647266
43,0.5232746011189052,201,0.08464407920837402,0.009788374832698232
44,0.5144813619426318,201,0.08455038070678711,0.008793239176273393
45,0.505748074718884,201,0.08464193344116211,0.008733287223747777
46,0.49736443334817887,201,0.09776687622070312,0.008383641370705186
47,0.48961827697072713,201,0.08063745498657227,0.007746156377451741
48,0.48225694870948793,201,0.0843040943145752,0.007361328261239197
49,0.47499616468804223,201,0.08464527130126953,0.007260784021445699
50,0.46788954397610255,201,0.06901979446411133,0.007106620711939682
51,0.4617382060970579,201,0.08464288711547852,0.006151337879044649
52,0.45522725828204835,201,0.09776759147644043,0.006510947815009549
53,0.4493188116294997,201,0.08063483238220215,0.005908446652548638
54,0.4433067511660712,201,0.08464717864990234,0.0060120604634285035
55,0.43800115109341486,201,0.08464407920837402,0.005305600072656347
56,0.43238330720152174,201,0.08460140228271484,0.005617843891893126
57,0.42751979465995515,201,0.08459830284118652,0.004863512541566584
58,0.42224664412226,201,0.08414125442504883,0.00527315053769517
59,0.4174126135621752,201,0.07822513580322266,0.004834030560084801
60,0.41264946353435517,201,0.08415341377258301,0.004763150027820018
61,0.4082348185096468,201,0.0783376693725586,0.004414645024708341
62,0.4038042789442199,201,0.09084033966064453,0.004430539565426939
63,0.399685456931591,201,0.08435487747192383,0.004118822012628864
64,0.3952975913626807,201,0.08414196968078613,0.0043878655689102986
65,0.3913107636485781,201,0.07824420928955078,0.0039868277141026365
66,0.3877367853777749,201,0.08464622497558594,0.003573978270803191
67,0.38377062386274335,201,0.08437991142272949,0.003966161515031541
68,0.3801503857799939,201,0.08438873291015625,0.003620238082749472
69,0.37683115978751863,201,0.08460068702697754,0.00331922599247525
70,0.3732911021028246,201,0.08464264869689941,0.003540057684694009
71,0.3700128016642162,201,0.07813191413879395,0.003278300438608439
72,0.36657781018529617,201,0.08464741706848145,0.003434991478920013
73,0.36376335199390136,201,0.08446717262268066,0.0028144581913948086
74,0.3604359640989985,201,0.08464646339416504,0.003327387894902889
75,0.3572787583555494,201,0.08445191383361816,0.0031572057434490763
76,0.3543341309257916,201,0.08414244651794434,0.002944627429757818
77,0.35163041818993435,201,0.09830999374389648,0.0027037127358572333
78,0.34858145891768594,201,0.08013606071472168,0.0030489592722484082
79,0.34580540103571755,201,0.08464694023132324,0.0027760578819683857
80,0.3430948192817824,201,0.08420658111572266,0.0027105817539351262
81,0.3406719470364707,201,0.08418083190917969,0.0024228722453117357
82,0.3380433212816715,201,0.06851863861083984,0.002628625754799163
83,0.3357040481907981,201,0.09967899322509766,0.0023392730908734505
84,0.33321864885517527,201,0.07875251770019531,0.0024853993356228066
85,0.33076502592223034,201,0.08415675163269043,0.002453622932944932
86,0.3284500091118472,201,0.08515310287475586,0.0023150168103831525
87,0.3262569484795843,201,0.08464574813842773,0.0021930606322628776
88,0.32368173098989894,201,0.06851625442504883,0.0025752174896853663
89,0.3215771156549454,201,0.09810233116149902,0.0021046153349535413
90,0.3195642081073352,201,0.08063650131225586,0.0020129075476101876
91,0.3174214243377958,201,0.08464622497558594,0.0021427837695394136
92,0.31516635049666675,201,0.08446049690246582,0.0022550738411290516
93,0.3132881834592138,201,0.06901955604553223,0.0018781670374529713
94,0.31125029269286564,201,0.10027408599853516,0.0020378907663481383
95,0.3093837264563356,201,0.08464407920837402,0.0018665662365300317
96,0.30722969919017384,201,0.09977173805236816,0.002154027266161762
97,0.3052510531800134,201,0.09513378143310547,0.0019786460101604564
98,0.30338382678798265,201,0.06801223754882812,0.0018672263920307408
99,0.3017869245665414,201,0.08464789390563965,0.0015969022214412654
100,0.29981625682115554,201,0.08437752723693848,0.0019706677453858457
