1,2.236942484855652,131,0.36960411071777344,Nan
2,2.1029864289419993,131,0.09991908073425293,0.13395605591365278
3,1.9764673452717918,131,0.11590433120727539,0.12651908367020748
4,1.8536358921527862,131,0.10026979446411133,0.12283145311900556
5,1.7342181710856301,131,0.11590695381164551,0.11941772106715609
6,1.6156067020893097,131,0.09981560707092285,0.11861146899632047
7,1.497794236796243,131,0.0998835563659668,0.11781246529306677
8,1.3833599192074366,131,0.10027170181274414,0.11443431758880629
9,1.2756072311741966,131,0.11541557312011719,0.10775268803324001
10,1.1776749946730478,131,0.100341796875,0.0979322365011488
11,1.0896780330794198,131,0.11855602264404297,0.08799696159362802
12,1.0123656330789839,131,0.10277509689331055,0.07731240000043593
13,0.9437379025902067,131,0.11625146865844727,0.06862773048877713
14,0.8851345935889653,131,0.10027217864990234,0.058603309001241444
15,0.8337010636670249,131,0.11589932441711426,0.05143352992194039
16,0.7879258418764387,131,0.10026979446411133,0.04577522179058624
17,0.7480200374126434,131,0.1155240535736084,0.039905804463795214
18,0.7121723045110703,131,0.11550378799438477,0.03584773290157317
19,0.6807857412099838,131,0.09989047050476074,0.03138656330108647
20,0.6525318432705743,131,0.11582565307617188,0.028253897939409467
21,0.6274433099712644,131,0.10016584396362305,0.025088533299309934
22,0.6041578925166812,131,0.12224006652832031,0.023285417454583235
23,0.5836777327741896,131,0.10027146339416504,0.02048015974249162
24,0.5650825939519065,131,0.1155252456665039,0.01859513882228303
25,0.5481445118870054,131,0.10027074813842773,0.016938082064901105
26,0.5321774128164564,131,0.11589598655700684,0.01596709907054905
27,0.5175597597956657,131,0.09991836547851562,0.014617653020790655
28,0.5047919260944639,131,0.11589694023132324,0.012767833701201825
29,0.49226102708067215,131,0.09995150566101074,0.01253089901379173
30,0.48061454884495053,131,0.11555337905883789,0.011646478235721625
31,0.4703385211655072,131,0.09983658790588379,0.010276027679443356
32,0.46026255347047534,131,0.11551165580749512,0.010075967695031829
33,0.45105825959784646,131,0.0998075008392334,0.009204293872628888
34,0.442669521016734,131,0.11690211296081543,0.008388738581112443
35,0.43427994217191423,131,0.10477709770202637,0.008389578844819778
36,0.42705900589908874,131,0.10005760192871094,0.0072209362728254955
37,0.4195063191992896,131,0.11605429649353027,0.007552686699799138
38,0.412391851569925,131,0.1002044677734375,0.007114467629364574
39,0.40599739877666746,131,0.11589860916137695,0.006394452793257566
40,0.3998459942936897,131,0.11589574813842773,0.00615140448297774
41,0.3940136052966118,131,0.10012531280517578,0.005832388997077942
42,0.3886370003564017,131,0.11589741706848145,0.0053766049402100835
43,0.3835067394375801,131,0.10001564025878906,0.005130260918821572
44,0.3779910676947662,131,0.11589908599853516,0.005515671742813921
45,0.37328083880458557,131,0.10027074813842773,0.004710228890180634
46,0.3682559040699686,131,0.11690378189086914,0.005024934734616959
47,0.3638300380706787,131,0.10577869415283203,0.004425865999289902
48,0.35972722919498173,131,0.10027027130126953,0.004102808875696973
49,0.3551434902719089,131,0.10027241706848145,0.004583738923072844
50,0.35151692492195535,131,0.11590099334716797,0.0036265653499535366
51,0.3477128155614648,131,0.1000831127166748,0.0038041093604905263
52,0.3441213246371065,131,0.11560797691345215,0.0035914909243583426
53,0.33991577436242787,131,0.0997779369354248,0.0042055502746786155
54,0.33637691566348077,131,0.11606144905090332,0.0035388586989471005
55,0.3335618312103408,131,0.11589598655700684,0.0028150844531399932
56,0.3302598875761032,131,0.09997344017028809,0.0033019436342375807
57,0.3268178268969059,131,0.10027194023132324,0.0034420606791972785
58,0.3239106206681047,131,0.1155552864074707,0.0029072062288011957
59,0.32103486112185886,131,0.10027217864990234,0.0028757595462458596
60,0.3179967982470989,131,0.12191152572631836,0.003038062874759939
61,0.31528184337275367,131,0.10041999816894531,0.0027149548743452545
62,0.3124495037112917,131,0.10027313232421875,0.002832339661461958
63,0.30973292627079146,131,0.12588214874267578,0.002716577440500245
64,0.3072629172376224,131,0.10571002960205078,0.002470009033169074
65,0.30467664026788305,131,0.1001441478729248,0.002586276969739343
66,0.30177249541452955,131,0.11553573608398438,0.0029041448533534964
67,0.29925427662900517,131,0.11554217338562012,0.0025182187855243843
68,0.2969898416314806,131,0.09985637664794922,0.002264434997524545
69,0.2947389743455819,131,0.11542487144470215,0.002250867285898739
70,0.2921189172906535,131,0.10071992874145508,0.002620057054928404
71,0.290195681567703,131,0.11935830116271973,0.0019232357229505004
72,0.28793467524647715,131,0.10182070732116699,0.0022610063212258336
73,0.28549932701247077,131,0.11640548706054688,0.0024353482340063737
74,0.2833750665656158,131,0.10004496574401855,0.0021242604468549864
75,0.2817346893463816,131,0.1154019832611084,0.0016403772192342125
76,0.2792879346864564,131,0.1003580093383789,0.0024467546599251655
77,0.27737888501797403,131,0.11553311347961426,0.0019090496684823766
78,0.2753883620245116,131,0.1154334545135498,0.001990522993462418
79,0.2733331667780876,131,0.09994029998779297,0.002055195246424002
80,0.27116906284008707,131,0.11557817459106445,0.002164103938000539
81,0.2697637595449175,131,0.12149238586425781,0.0014053032951695799
82,0.26720514963354386,131,0.10044097900390625,0.0025586099113736327
83,0.2656986340922969,131,0.11551356315612793,0.0015065155412469777
84,0.2642826434331281,131,0.09997057914733887,0.0014159906591688087
85,0.2623517246672085,131,0.10027194023132324,0.0019309187659195537
86,0.2604729073047638,131,0.11554694175720215,0.001878817362444718
87,0.2583012604543141,131,0.09997415542602539,0.002171646850449682
88,0.25717133512667245,131,0.10015010833740234,0.0011299253276416676
89,0.2553950364589691,131,0.1158294677734375,0.0017762986677033465
90,0.25382543333513397,131,0.10027194023132324,0.0015696031238351393
91,0.25205680543610026,131,0.11582422256469727,0.0017686278990337034
92,0.2506964526091303,131,0.10027241706848145,0.001360352826969946
93,0.24898238067541803,131,0.09990525245666504,0.0017140719337122856
94,0.24755262896418573,131,0.11589574813842773,0.0014297517112323022
95,0.24598456098777907,131,0.11683797836303711,0.0015680679764066563
96,0.24433848205634526,131,0.10528087615966797,0.0016460789314338142
97,0.24257482779877526,131,0.10027122497558594,0.0017636542575699965
98,0.24147499112146242,131,0.11543798446655273,0.0010998366773128376
99,0.23978785621694157,131,0.11556005477905273,0.001687134904520854
100,0.23860416775516102,131,0.10027313232421875,0.0011836884617805465
