1,2.269418832710811,181,0.3541245460510254,Nan
2,2.165347203527178,181,0.08464550971984863,0.104071629183633
3,2.0692284112998416,181,0.07813715934753418,0.09611879222733632
4,1.9654650128909519,181,0.08433341979980469,0.1037633984088897
5,1.8608667587212153,181,0.09996676445007324,0.10459825416973656
6,1.754988522529602,181,0.08464550971984863,0.1058782361916133
7,1.648591515166419,181,0.08449411392211914,0.10639700736318303
8,1.545640761750085,181,0.08464550971984863,0.10295075341633408
9,1.448027645962579,181,0.08414125442504883,0.09761311578750598
10,1.3570561562946863,181,0.09685611724853516,0.09097148966789259
11,1.2726770379543304,181,0.08163928985595703,0.08437911834035594
12,1.1959348391805376,181,0.0845639705657959,0.07674219877379285
13,1.126290402821132,181,0.08464407920837402,0.06964443635940554
14,1.063078902908734,181,0.08464574813842773,0.06321149991239805
15,1.0067861085278647,181,0.08443832397460938,0.056292794380869315
16,0.9553429538522448,181,0.08414053916931152,0.051443154675619884
17,0.9094601532561438,181,0.10035014152526855,0.04588280059610095
18,0.867916926077434,181,0.07812809944152832,0.04154322717870984
19,0.8304020396471024,181,0.08465337753295898,0.03751488643033163
20,0.7962088872023991,181,0.08464741706848145,0.03419315244470322
21,0.7655882461241313,181,0.08464789390563965,0.030620641078267785
22,0.7376521138463702,181,0.09996604919433594,0.02793613227776115
23,0.7118969328233173,181,0.08464717864990234,0.025755181023052853
24,0.6880520582199097,181,0.08464241027832031,0.023844874603407673
25,0.6664178520100458,181,0.07813215255737305,0.021634206209863893
26,0.6464087743929454,181,0.10027313232421875,0.020009077617100357
27,0.6283522221871785,181,0.08464431762695312,0.018056552205766963
28,0.6108490333727428,181,0.08423876762390137,0.01750318881443569
29,0.5948916915314538,181,0.08464670181274414,0.01595734184128894
30,0.5802572060312544,181,0.08464598655700684,0.014634485500199412
31,0.5663228514790535,181,0.08464241027832031,0.013934354552200934
32,0.5533438828587532,181,0.09977102279663086,0.012978968620300235
33,0.5410770436610495,181,0.07817578315734863,0.012266839197703772
34,0.5296226827331951,181,0.0842437744140625,0.011454360927854346
35,0.5188208375743457,181,0.08464288711547852,0.01080184515884941
36,0.5086005338089806,181,0.08426809310913086,0.01022030376536509
37,0.4989098231281553,181,0.10027027130126953,0.009690710680825332
38,0.489941391817161,181,0.08422636985778809,0.008968431310994285
39,0.4811929448332105,181,0.08414220809936523,0.008748446983950497
40,0.4730045874459403,181,0.07849693298339844,0.008188357387270195
41,0.4655639851604189,181,0.08464789390563965,0.007440602285521403
42,0.45794444930553435,181,0.10027098655700684,0.007619535854884563
43,0.45040542353902546,181,0.08464503288269043,0.007539025766508889
44,0.4437864473717553,181,0.0845797061920166,0.006618976167270141
45,0.43758441804988046,181,0.0844721794128418,0.006202029321874858
46,0.4315545526061739,181,0.08464241027832031,0.006029865443706539
47,0.4254412706324032,181,0.09676718711853027,0.006113281973770701
48,0.41988104806627546,181,0.08132672309875488,0.005560222566127759
49,0.4141917752964156,181,0.08465218544006348,0.0056892727698598655
50,0.4089266872831753,181,0.08420634269714355,0.005265088013240271
51,0.403822439960071,181,0.08427286148071289,0.005104247323104327
52,0.3991573873417718,181,0.09983134269714355,0.0046650526182991925
53,0.394206561761243,181,0.084228515625,0.004950825580528784
54,0.38973978461538045,181,0.08414173126220703,0.004466777145862577
55,0.38522345845188416,181,0.078155517578125,0.004516326163496287
56,0.3812708352463586,181,0.08514714241027832,0.003952623205525585
57,0.3768124542066029,181,0.08464527130126953,0.0044583810397556545
58,0.3733205082501684,181,0.10004568099975586,0.003491945956434539
59,0.3693083260996001,181,0.08432602882385254,0.004012182150568255
60,0.3652503393973623,181,0.08443808555603027,0.004057986702237837
61,0.3617110003020082,181,0.08414363861083984,0.003539339095354088
62,0.3583709673030036,181,0.0998075008392334,0.003340032999004594
63,0.3548738690061229,181,0.10034656524658203,0.0034970982968807185
64,0.3515372289930071,181,0.10027241706848145,0.003336640013115788
65,0.3484258764556476,181,0.09977173805236816,0.003111352537359502
66,0.34493823885491914,181,0.10045433044433594,0.003487637600728455
67,0.34242194611685617,181,0.09977197647094727,0.002516292738062975
68,0.33948877725856647,181,0.0785684585571289,0.002933168858289703
69,0.33668225902318955,181,0.08464503288269043,0.0028065182353769202
70,0.3334801825029509,181,0.08464646339416504,0.003202076520238628
71,0.3306244267565863,181,0.1001126766204834,0.0028557557463645966
72,0.32805556812456677,181,0.08464741706848145,0.002568858632019555
73,0.3254757861665317,181,0.08464646339416504,0.0025797819580350434
74,0.32298698563660894,181,0.08414530754089355,0.0024888005299227856
75,0.3206242025068828,181,0.07822608947753906,0.0023627831297261537
76,0.3178227534208979,181,0.10027265548706055,0.0028014490859848973
77,0.31558812138863973,181,0.08419299125671387,0.0022346320322581548
78,0.3136216714254447,181,0.08464670181274414,0.001966449963195005
79,0.3109917972556182,181,0.08420443534851074,0.0026298741698265182
80,0.308768058512892,181,0.08427095413208008,0.002223738742726189
81,0.3065180638900825,181,0.08414173126220703,0.0022499946228095036
82,0.30440439636792455,181,0.09832382202148438,0.0021136675221579693
83,0.3023319852437292,181,0.08013534545898438,0.0020724111241953724
84,0.3003898114178862,181,0.08426380157470703,0.0019421738258429966
85,0.2982357304096222,181,0.08450889587402344,0.002154081008263975
86,0.2961433433975492,181,0.08437323570251465,0.0020923870120729826
87,0.2940399323829583,181,0.08464312553405762,0.002103411014590939
88,0.29244233021565846,181,0.08464431762695312,0.0015976021672998164
89,0.29055579176545143,181,0.0987691879272461,0.0018865384502070315
90,0.2889639860008444,181,0.07905721664428711,0.001591805764607046
91,0.2871892697598253,181,0.08464646339416504,0.001774716241019103
92,0.285276614010334,181,0.08417844772338867,0.0019126557494912877
93,0.28363647278291837,181,0.08494687080383301,0.0016401412274156257
94,0.28172925023095946,181,0.08423113822937012,0.0019072225519589092
95,0.2801476994412286,181,0.10027146339416504,0.001581550789730879
96,0.27813903886931285,181,0.08414173126220703,0.0020086605719157324
97,0.2768498033625739,181,0.07827043533325195,0.0012892355067389283
98,0.2752119605285781,181,0.08464789390563965,0.0016378428339958173
99,0.27381250510471206,181,0.08464694023132324,0.0013994554238660473
100,0.2719715221311365,181,0.09995126724243164,0.0018409829735755445
