1,2.0758412791660854,31,0.4164893627166748,Nan
2,1.5280011811256409,31,0.2221837043762207,0.5478400980404445
3,1.1225165816375187,31,0.24730229377746582,0.4054845994881222
4,0.864521598645619,31,0.23151755332946777,0.2579949829918997
5,0.7089500091416495,31,0.23791122436523438,0.15557158950396943
6,0.6087656164765358,31,0.231034517288208,0.1001843926651137
7,0.5387781525935446,31,0.26894521713256836,0.06998746388299126
8,0.48662683036071913,31,0.23176836967468262,0.052151322232825426
9,0.4467180231852191,31,0.23167848587036133,0.03990880717550005
10,0.4157940601323332,31,0.23746228218078613,0.03092396305288586
11,0.39090616427149094,31,0.23163771629333496,0.02488789586084228
12,0.3693719085071768,31,0.23129558563232422,0.021534255764314114
13,0.3501190519971507,31,0.23834609985351562,0.019252856510026117
14,0.335140136588897,31,0.24703645706176758,0.01497891540825369
15,0.32135119321303707,31,0.23790812492370605,0.013788943375859952
16,0.30926295084399835,31,0.23137331008911133,0.012088242369038715
17,0.2977962489809309,31,0.2315361499786377,0.011466701863067474
18,0.28821953454613686,31,0.23819637298583984,0.00957671443479402
19,0.27889692503001007,31,0.23163676261901855,0.00932260951612679
20,0.270409458560603,31,0.23143434524536133,0.008487466469407068
21,0.263106486131038,31,0.2383115291595459,0.007302972429565013
22,0.2554049334632499,31,0.23149681091308594,0.007701552667788103
23,0.24942102104425432,31,0.23160386085510254,0.005983912418995568
24,0.24320809052671705,31,0.2383277416229248,0.0062129305175372684
25,0.23675437058934143,31,0.23137259483337402,0.006453719937375618
26,0.23172055335555758,31,0.2316603660583496,0.005033817233783849
27,0.2259519168308803,31,0.23560643196105957,0.0057686365246772675
28,0.2203643197800432,31,0.23354220390319824,0.005587597050837112
29,0.21627305603985275,31,0.23136687278747559,0.004091263740190448
30,0.21135861636485373,31,0.21605587005615234,0.004914439674999022
31,0.20667806382796594,31,0.1999955177307129,0.004680552536887789
32,0.20145012029899018,31,0.23720908164978027,0.005227943528975765
33,0.19745697375706264,31,0.23116683959960938,0.003993146541927534
34,0.19312997706766638,31,0.2543642520904541,0.004326996689396262
35,0.1894365350880793,31,0.2628509998321533,0.00369344197958707
36,0.18601973622505155,31,0.2381439208984375,0.003416798863027759
37,0.1816225800248129,31,0.2317976951599121,0.004397156200238644
38,0.17721674472040364,31,0.23172354698181152,0.004405835304409272
39,0.17459518183448486,31,0.23709893226623535,0.0026215628859187767
40,0.17157933375452247,31,0.2318124771118164,0.0030158480799623855
41,0.16698256454829657,31,0.23115181922912598,0.004596769206225898
42,0.1663007362516863,31,0.23734521865844727,0.0006818282966102873
43,0.16140196425361292,31,0.2319202423095703,0.00489877199807337
44,0.15755112390379822,31,0.23178386688232422,0.0038508403498146992
45,0.15558727076862539,31,0.23816490173339844,0.0019638531351728328
46,0.15233289479783604,31,0.23179101943969727,0.0032543759707893416
47,0.14903148637499128,31,0.23129582405090332,0.003301408422844765
48,0.1466802546935422,31,0.23881316184997559,0.002351231681449073
49,0.1436055625469557,31,0.24740362167358398,0.0030746921465865107
50,0.14061516455880232,31,0.2317957878112793,0.0029903979881533704
51,0.1382572353115039,31,0.2378547191619873,0.0023579292472984126
52,0.13533156903620278,31,0.23179316520690918,0.0029256662753011364
53,0.1321050951363785,31,0.2313671112060547,0.003226473899824278
54,0.12983789059306894,31,0.23801088333129883,0.002267204543309559
55,0.12752815187349917,31,0.2317945957183838,0.0023097387195697705
56,0.12498182515054941,31,0.2313370704650879,0.002546326722949757
57,0.12229195523474898,31,0.23795247077941895,0.002689869915800433
58,0.12011508535806621,31,0.23107409477233887,0.002176869876682766
59,0.11773487573489547,31,0.2312760353088379,0.0023802096231707454
60,0.11557310476633055,31,0.30081605911254883,0.002161770968564916
61,0.11384097524732352,31,0.30050039291381836,0.0017321295190070307
62,0.11149380278746997,31,0.25379419326782227,0.0023471724598535526
63,0.1102017972224525,31,0.2309272289276123,0.0012920055650174622
64,0.1074268744497427,31,0.23877453804016113,0.002774922772709812
65,0.10527158407866954,31,0.24742746353149414,0.0021552903710731486
66,0.10361425406272923,31,0.21590662002563477,0.001657330015940317
67,0.10043032476625272,31,0.23770642280578613,0.003183929296476512
68,0.0994372547859592,31,0.2472517490386963,0.0009930699802935122
69,0.09767865049360054,31,0.23177528381347656,0.001758604292358662
70,0.09572053605158413,31,0.22193527221679688,0.0019581144420164065
71,0.09329138743824192,31,0.23162055015563965,0.0024291486133422163
72,0.09216066535934805,31,0.24695229530334473,0.0011307220788938643
73,0.09037678097215082,31,0.2218005657196045,0.001783884387197232
74,0.08891329432385309,31,0.23205041885375977,0.001463486648297735
75,0.08681440650299191,31,0.2312006950378418,0.0020988878208611783
76,0.08528481260527458,31,0.2383115291595459,0.0015295938977173268
77,0.0827902766354382,31,0.23179364204406738,0.002494535969836384
78,0.08223695253367935,31,0.23179316520690918,0.0005533241017588453
79,0.08018197313775974,31,0.23750615119934082,0.002054979395919615
80,0.07971179149486124,31,0.23145484924316406,0.0004701816428984984
81,0.0776370128704501,31,0.24709153175354004,0.0020747786244111333
82,0.0765417595963393,31,0.2220618724822998,0.0010952532741108079
83,0.07452481746567147,31,0.23189115524291992,0.0020169421306678315
84,0.0738641277956111,31,0.23176288604736328,0.0006606896700603604
85,0.07177217461488077,31,0.23830795288085938,0.002091953180730341
86,0.07012311229562121,31,0.23172402381896973,0.001649062319259556
87,0.06986536553528692,31,0.24716901779174805,0.0002577467603342848
88,0.06793049609820757,31,0.23759770393371582,0.0019348694370793507
89,0.06697858602872916,31,0.2314774990081787,0.0009519100694784094
90,0.06513776555630778,31,0.2317957878112793,0.0018408204724213867
91,0.06317655098438263,31,0.23807477951049805,0.001961214571925149
92,0.06354204619356564,31,0.23174166679382324,-0.0003654952091830116
93,0.06199466455781034,31,0.23179388046264648,0.001547381635755303
94,0.060680134877296434,31,0.2377941608428955,0.001314529680513904
95,0.05983788245756711,31,0.23179364204406738,0.0008422524197293224
96,0.05837648019753396,31,0.23135042190551758,0.0014614022600331483
97,0.057053582082103406,31,0.23776817321777344,0.001322898115430557
98,0.056516114748748285,31,0.23135614395141602,0.0005374673333551211
99,0.05521581984351256,31,0.23121190071105957,0.001300294905235727
100,0.05447982415796391,31,0.23796534538269043,0.0007359956855486488
