1,2.3227690954208375,221,0.3849973678588867,Nan
2,2.255647648334503,221,0.08514785766601562,0.06712144708633438
3,2.1961574689320154,221,0.06902122497558594,0.0594901794024878
4,2.136945239407676,221,0.08464479446411133,0.05921222952433958
5,2.076575419970921,221,0.08414149284362793,0.06036981943675457
6,2.0143648773942675,221,0.07821822166442871,0.062210542576653705
7,1.95093750504085,221,0.08418130874633789,0.06342737235341755
8,1.887052541903087,221,0.08500933647155762,0.06388496313776293
9,1.8232651069164276,221,0.0845499038696289,0.0637874349866594
10,1.7601909829548428,221,0.08464622497558594,0.06307412396158485
11,1.6972666352476393,221,0.08414125442504883,0.06292434770720345
12,1.6348865795476095,221,0.078582763671875,0.0623800557000298
13,1.573059790304729,221,0.08464646339416504,0.06182678924288054
14,1.512240555729185,221,0.08464622497558594,0.06081923457554406
15,1.4524996849468776,221,0.08465051651000977,0.059740870782307276
16,1.393792462655476,221,0.06878113746643066,0.05870722229140157
17,1.3365084654263089,221,0.08414149284362793,0.057283997229167216
18,1.2807740079334804,221,0.10080933570861816,0.05573445749282846
19,1.2269841942446573,221,0.07812809944152832,0.053789813688823074
20,1.1750091427053724,221,0.10027337074279785,0.051975051539284944
21,1.1256843228680746,221,0.11840653419494629,0.04932481983729775
22,1.0792558149610247,221,0.10377883911132812,0.04642850790704989
23,1.0349790297235761,221,0.10075998306274414,0.0442767852374486
24,0.9936018350975854,221,0.10027194023132324,0.041377194625990765
25,0.9546856520516532,221,0.11590290069580078,0.03891618304593214
26,0.9184955654144287,221,0.10027194023132324,0.03619008663722456
27,0.8849898478133338,221,0.10010766983032227,0.033505717601094887
28,0.853600241116115,221,0.08414244651794434,0.0313896066972188
29,0.8244824742078781,221,0.07816100120544434,0.029117766908236864
30,0.7974265247923987,221,0.08490586280822754,0.027055949415479397
31,0.7729185763086591,221,0.09984755516052246,0.024507948483739606
32,0.7495054608924048,221,0.06902170181274414,0.02341311541625435
33,0.7278821202005659,221,0.09984540939331055,0.02162334069183891
34,0.7079553577559334,221,0.08464717864990234,0.01992676244463243
35,0.689183080145291,221,0.08414077758789062,0.018772277610642485
36,0.6717568423748016,221,0.07829880714416504,0.01742623777048935
37,0.6549301018885204,221,0.08423590660095215,0.01682674048628119
38,0.6398549612760543,221,0.08464574813842773,0.015075140612466065
39,0.625154955131667,221,0.08464694023132324,0.014700006144387379
40,0.6115824035746711,221,0.08464694023132324,0.013572551556995882
41,0.5986692661557879,221,0.08414316177368164,0.012913137418883225
42,0.5862623292037419,221,0.07819867134094238,0.012406936952045977
43,0.5748120861904962,221,0.08445334434509277,0.011450243013245709
44,0.5641169964926583,221,0.08464646339416504,0.010695089697837834
45,0.553619302042893,221,0.08464455604553223,0.010497694449765338
46,0.5440804220693451,221,0.08464622497558594,0.009538879973547854
47,0.5347080264432089,221,0.08464336395263672,0.009372395626136232
48,0.5255143287096705,221,0.09776806831359863,0.009193697733538397
49,0.5169741722260203,221,0.08063507080078125,0.008540156483650252
50,0.5092731576647077,221,0.08464860916137695,0.007701014561312558
51,0.5016968239545823,221,0.08447718620300293,0.007576333710125449
52,0.49405452522209714,221,0.08426380157470703,0.00764229873248512
53,0.487155048600265,221,0.06901741027832031,0.006899476621832157
54,0.4801996419770377,221,0.09927964210510254,0.0069554066232273
55,0.4736079695224762,221,0.07869434356689453,0.006591672454561492
56,0.46740372096640725,221,0.08464241027832031,0.0062042485560689364
57,0.46124962288992744,221,0.08443307876586914,0.006154098076479819
58,0.45517568353244237,221,0.08464741706848145,0.00607393935748507
59,0.4498423261131559,221,0.08417463302612305,0.0053333574192864774
60,0.4447744971343449,221,0.0851430892944336,0.005067828978810973
61,0.4393682860306331,221,0.07813096046447754,0.005406211103711811
62,0.4345567836165428,221,0.08455157279968262,0.004811502414090285
63,0.4295173415030752,221,0.08422422409057617,0.005039442113467629
64,0.42476269628320423,221,0.08425021171569824,0.0047546452198709566
65,0.4200225376061031,221,0.08464741706848145,0.004740158677101147
66,0.41590720783812657,221,0.08464241027832031,0.004115329767976517
67,0.41195712910379684,221,0.09726738929748535,0.003950078734329732
68,0.40792205790962494,221,0.08113622665405273,0.004035071194171902
69,0.4036213538646698,221,0.08464550971984863,0.004300704044955139
70,0.3998508117709841,221,0.08464550971984863,0.0037705420936857137
71,0.39618682206528527,221,0.0842750072479248,0.0036639897056988113
72,0.39229189059564046,221,0.08464503288269043,0.0038949314696448134
73,0.38892314875125883,221,0.08464384078979492,0.0033687418443816286
74,0.38534199095623833,221,0.07813119888305664,0.0035811577950204954
75,0.3817664776614734,221,0.08426976203918457,0.0035755132947649093
76,0.3787600031239646,221,0.08464908599853516,0.003006474537508852
77,0.3757904264160565,221,0.08419442176818848,0.002969576707908095
78,0.3724956908311163,221,0.08465003967285156,0.0032947355849402005
79,0.3692768870421818,221,0.08464193344116211,0.0032188037889344656
80,0.36643351127420154,221,0.09476232528686523,0.002843375767980272
81,0.36382845321723395,221,0.08363986015319824,0.0026050580569675907
82,0.36074196947472437,221,0.08464503288269043,0.0030864837425095826
83,0.35803685597862517,221,0.08430123329162598,0.0027051134960991985
84,0.3553117671353476,221,0.08464622497558594,0.0027250888432775455
85,0.3526476269790104,221,0.0842750072479248,0.0026641401563372025
86,0.35010255679062435,221,0.08414149284362793,0.002545070188386067
87,0.3474980276482446,221,0.0781705379486084,0.002604529142379741
88,0.34516943137134826,221,0.08438873291015625,0.0023285962768963553
89,0.34264835739987237,221,0.08464574813842773,0.0025210739714758845
90,0.3402303688526154,221,0.08435678482055664,0.0024179885472569995
91,0.33783624547719954,221,0.08456611633300781,0.0023941233754158353
92,0.33599509549992423,221,0.08414077758789062,0.0018411499772753026
93,0.33349214138303485,221,0.09810709953308105,0.0025029541168893887
94,0.3317062416417258,221,0.08063650131225586,0.0017858997413090494
95,0.3290899161526135,221,0.08464407920837402,0.002616325489112281
96,0.3272478660600526,221,0.08464455604553223,0.0018420500925609429
97,0.32513463448626656,221,0.08464646339416504,0.002113231573786012
98,0.322993010699749,221,0.08418917655944824,0.0021416237865175547
99,0.3213056650034019,221,0.08464288711547852,0.0016873456963470979
100,0.31900805839470453,221,0.07813119888305664,0.002297606608697378
