1,2.359627659184592,431,0.5169620513916016,Nan
2,2.2878762486321587,431,0.08464765548706055,0.07175141055243328
3,2.239495116165706,431,0.08449268341064453,0.04838113246645248
4,2.199255784852164,431,0.07913398742675781,0.04023933131354207
5,2.162576794215611,431,0.06801366806030273,0.036678990636553
6,2.1253568103654046,431,0.08447504043579102,0.03721998385020653
7,2.088328234740666,431,0.06901955604553223,0.03702857562473838
8,2.049944199153355,431,0.08464312553405762,0.03838403558731107
9,2.0106640714917865,431,0.07813167572021484,0.03928012766156863
10,1.9706679427623748,431,0.06902194023132324,0.03999612872941172
11,1.9304442370619093,431,0.08464550971984863,0.04022370570046552
12,1.8896759544781276,431,0.06901669502258301,0.04076828258378162
13,1.8486499859264918,431,0.07813096046447754,0.04102596855163587
14,1.8075433727673123,431,0.0841522216796875,0.04110661315917952
15,1.7660798574515753,431,0.06942009925842285,0.041463515315737
16,1.7237382662636893,431,0.08442950248718262,0.04234159118788594
17,1.6819927217960358,431,0.08414220809936523,0.04174554446765355
18,1.639932567664555,431,0.06255698204040527,0.042060154131480676
19,1.5990124413626534,431,0.08441853523254395,0.04092012630190167
20,1.5583961114202227,431,0.08464598655700684,0.040616329942430696
21,1.5181696936062403,431,0.06851506233215332,0.040226417813982396
22,1.4785359394550324,431,0.07825541496276855,0.039633754151207956
23,1.4404863443034035,431,0.06870889663696289,0.03804959515162887
24,1.4026934950692314,431,0.08464574813842773,0.03779284923417214
25,1.3662902044228145,431,0.08428812026977539,0.0364032906464169
26,1.3308617135116032,431,0.0791325569152832,0.03542849091121125
27,1.2965803096294404,431,0.06779861450195312,0.03428140388216283
28,1.263474180664335,431,0.06901931762695312,0.03310612896510534
29,1.2316404436997004,431,0.08464550971984863,0.03183373696463465
30,1.200551814045225,431,0.08263969421386719,0.031088629654475453
31,1.1703044017042432,431,0.06440877914428711,0.030247412340981716
32,1.141567473956517,431,0.08435869216918945,0.028736927747726293
33,1.1134981264727457,431,0.06859040260314941,0.028069347483771212
34,1.086412623167038,431,0.08414196968078613,0.027085503305707803
35,1.0606763518537794,431,0.07827258110046387,0.025736271313258507
36,1.0358276712042944,431,0.08436989784240723,0.024848680649484978
37,1.0122086723872594,431,0.06901907920837402,0.023618998817034997
38,0.9893658814941134,431,0.06851625442504883,0.022842790893146003
39,0.9673403151035309,431,0.07839369773864746,0.022025566390582507
40,0.9466966935055596,431,0.06853723526000977,0.020643621597971284
41,0.9266403556380953,431,0.08514761924743652,0.020056337867464302
42,0.9075174721309117,431,0.06902003288269043,0.019122883507183608
43,0.8889150701590947,431,0.08414053916931152,0.018602401971817062
44,0.8709542404072625,431,0.07843518257141113,0.017960829751832108
45,0.8539757762636457,431,0.06901955604553223,0.01697846414361681
46,0.8379842093501773,431,0.08464574813842773,0.01599156691346848
47,0.8224014933960778,431,0.06851577758789062,0.015582715954099435
48,0.8076430092709405,431,0.07828903198242188,0.014758484125137361
49,0.7928389839104244,431,0.08454561233520508,0.01480402536051606
50,0.779371835895947,431,0.0686335563659668,0.013467148014477348
51,0.7657039171286991,431,0.08440947532653809,0.013667918767247933
52,0.7528854610579354,431,0.08414435386657715,0.012818456070763706
53,0.7403705294983728,431,0.06291770935058594,0.012514931559562625
54,0.7285286258288792,431,0.08464503288269043,0.011841903669493559
55,0.7171890637023108,431,0.08464574813842773,0.011339562126568392
56,0.7061883086647306,431,0.06851649284362793,0.011000755037580245
57,0.6955629606757845,431,0.07837533950805664,0.010625347988946099
58,0.6849552510295596,431,0.08464455604553223,0.010607709646224928
59,0.6754212809801101,431,0.06279706954956055,0.009533970049449447
60,0.6658220867429461,431,0.09065485000610352,0.009599194237164044
61,0.6564686977522713,431,0.07963371276855469,0.009353388990674727
62,0.6474825656414032,431,0.06746482849121094,0.008986132110868184
63,0.638816931622369,431,0.08459830284118652,0.008665634019034196
64,0.6305144114324025,431,0.06901311874389648,0.008302520189966467
65,0.6226503444058554,431,0.08414030075073242,0.007864067026547072
66,0.6151956613915307,431,0.07824087142944336,0.007454683014324726
67,0.6071829438550131,431,0.06902122497558594,0.008012717536517555
68,0.5997026336533683,431,0.08420205116271973,0.0074803102016448575
69,0.5927121071815491,431,0.06901693344116211,0.006990526471819192
70,0.5862774201972144,431,0.07813310623168945,0.006434686984334692
71,0.5792588171958923,431,0.08464550971984863,0.007018603001322066
72,0.5726482404470443,431,0.06868863105773926,0.006610576748848018
73,0.5662649987425123,431,0.08464622497558594,0.006383241704531972
74,0.5602094138775553,431,0.08414220809936523,0.006055584864957053
75,0.5544802649872643,431,0.06282472610473633,0.005729148890290969
76,0.5488003064904894,431,0.08464574813842773,0.0056799584967749395
77,0.5434881390162877,431,0.06902146339416504,0.005312167474201712
78,0.5379903911181858,431,0.0846409797668457,0.005497747898101868
79,0.5323600246225084,431,0.07813239097595215,0.005630366495677386
80,0.5273719455344337,431,0.06901907920837402,0.004988079088074748
81,0.5223009919098446,431,0.08438396453857422,0.005070953624589092
82,0.517570820587022,431,0.06851553916931152,0.004730171322822607
83,0.5134807612299919,431,0.07825469970703125,0.004090059357030107
84,0.5082870721902166,431,0.08464717864990234,0.00519368903977524
85,0.5038278691938946,431,0.08464622497558594,0.004459202996322076
86,0.4994273696882384,431,0.06874608993530273,0.00440049950565613
87,0.4949160930429186,431,0.08414196968078613,0.004511276645319806
88,0.49055053483588357,431,0.07814931869506836,0.004365558207035047
89,0.4865660822050912,431,0.06952142715454102,0.00398445263079239
90,0.4828927194220679,431,0.08434247970581055,0.0036733627830232707
91,0.4787346857701029,431,0.06901717185974121,0.004158033651964987
92,0.47467273495026996,431,0.07813239097595215,0.00406195081983296
93,0.4711136122686522,431,0.08464527130126953,0.0035591226816177324
94,0.46736152322803226,431,0.08464789390563965,0.003752089040619966
95,0.4637758759175028,431,0.08464717864990234,0.0035856473105294606
96,0.46019229670933315,431,0.06901788711547852,0.0035835792081696516
97,0.4567512178676469,431,0.09626460075378418,0.0034410788416862625
98,0.45349559918471744,431,0.0665123462677002,0.003255618682929451
99,0.45016379583733424,431,0.08422136306762695,0.0033318033473832
100,0.44714700193916046,431,0.08462333679199219,0.003016793898173775
