1,2.3419128322601317,321,0.43863821029663086,Nan
2,2.2891134210995268,321,0.07813167572021484,0.05279941116060494
3,2.2426419331686835,321,0.06887674331665039,0.046471487930843214
4,2.1991555500030517,321,0.08430266380310059,0.0434863831656318
5,2.157506191253662,321,0.06851649284362793,0.0416493587493898
6,2.11634504543032,321,0.07814812660217285,0.04116114582334207
7,2.0744312926019943,321,0.06924176216125488,0.041913752828325546
8,2.0313936980792455,321,0.06902027130126953,0.0430375945227488
9,1.987435495342527,321,0.08464312553405762,0.043958202736718466
10,1.9425250087806156,321,0.07813167572021484,0.044910486561911434
11,1.8974097827843257,321,0.06902050971984863,0.04511522599628992
12,1.8518051443781172,321,0.06902432441711426,0.04560463840620854
13,1.8056187901156289,321,0.08414173126220703,0.046186354262488294
14,1.7590910095487322,321,0.06250977516174316,0.04652778056689666
15,1.7123822207450867,321,0.08514761924743652,0.046708788803645485
16,1.6658212875979288,321,0.0685720443725586,0.046560933147157924
17,1.61931697004182,321,0.08464336395263672,0.04650431755610884
18,1.572813598564693,321,0.06250572204589844,0.04650337147712702
19,1.526526121207646,321,0.08464741706848145,0.04628747735704697
20,1.4803807537215097,321,0.06901955604553223,0.04614536748613629
21,1.4342423243522644,321,0.08113670349121094,0.04613842936924528
22,1.3885790826933724,321,0.06601142883300781,0.04566324165889202
23,1.3432266341618129,321,0.06881380081176758,0.04535244853155951
24,1.2982153629575457,321,0.08464646339416504,0.04501127120426718
25,1.2545140171391624,321,0.08063650131225586,0.04370134581838325
26,1.2124063816751753,321,0.0662393569946289,0.0421076354639871
27,1.1723632763113294,321,0.06895732879638672,0.04004310536384592
28,1.1338727760314942,321,0.08464503288269043,0.03849050027983525
29,1.097829069205693,321,0.07812857627868652,0.03604370682580127
30,1.0638909058911459,321,0.06902122497558594,0.03393816331454702
31,1.0317996067149298,321,0.06901931762695312,0.032091299176216115
32,1.001729251912662,321,0.06851601600646973,0.03007035480226783
33,0.9733615714992796,321,0.07822942733764648,0.028367680413382335
34,0.9469747082335608,321,0.08464550971984863,0.02638686326571882
35,0.9219027761391231,321,0.06902241706848145,0.0250719320944377
36,0.8981642090593066,321,0.06851506233215332,0.023738567079816475
37,0.8756057789666312,321,0.07822060585021973,0.02255843009267544
38,0.8544204463107246,321,0.08434653282165527,0.021185332655906608
39,0.8342316994156156,321,0.06869101524353027,0.020188746895108967
40,0.8150991245337895,321,0.06851673126220703,0.01913257488182607
41,0.7969337451628277,321,0.07859277725219727,0.018165379370961854
42,0.7796580114194325,321,0.06866836547851562,0.017275733743395194
43,0.7632383051770074,321,0.08430290222167969,0.01641970624242506
44,0.7478498254503523,321,0.06851673126220703,0.015388479726655135
45,0.7328593702827181,321,0.07852745056152344,0.014990455167634198
46,0.7187497922522681,321,0.06902217864990234,0.014109578030449987
47,0.7054061357804707,321,0.06868553161621094,0.01334365647179736
48,0.6927424963882991,321,0.08464217185974121,0.012663639392171633
49,0.6806994733469827,321,0.07813167572021484,0.012043023041316436
50,0.6689793829747609,321,0.06901955604553223,0.01172009037222177
51,0.6577881874356951,321,0.06902003288269043,0.011191195539065779
52,0.6471862080778394,321,0.08464169502258301,0.010601979357855673
53,0.6369786655902863,321,0.06250643730163574,0.010207542487553178
54,0.6272374101706913,321,0.08464503288269043,0.009741255419594919
55,0.6179158290794917,321,0.06902003288269043,0.009321581091199627
56,0.6090673362016678,321,0.08113646507263184,0.008848492877823966
57,0.6001845139775958,321,0.06593656539916992,0.008882822224071996
58,0.5920644505194256,321,0.06902766227722168,0.00812006345817018
59,0.5840438842603138,321,0.08464550971984863,0.008020566259111739
60,0.5763094036068235,321,0.07914924621582031,0.007734480653490361
61,0.5687991290943963,321,0.06801438331604004,0.00751027451242714
62,0.5615864798511777,321,0.06901955604553223,0.007212649243218627
63,0.5547630111149379,321,0.08464479446411133,0.006823468736239846
64,0.548063479065895,321,0.06250309944152832,0.006699532049042833
65,0.5415544624498912,321,0.08464598655700684,0.006509016616003782
66,0.535192376426288,321,0.06887507438659668,0.0063620860236032195
67,0.5290500136954444,321,0.06902003288269043,0.006142362730843676
68,0.5232292921628271,321,0.07812857627868652,0.005820721532617257
69,0.5175631273644311,321,0.06897401809692383,0.0056661647983959895
70,0.5118794999548367,321,0.08443284034729004,0.005683627409594383
71,0.5067738609569413,321,0.06901764869689941,0.005105638997895401
72,0.5013135410887855,321,0.07813167572021484,0.005460319868155872
73,0.4963091195821762,321,0.06875944137573242,0.005004421506609236
74,0.49120366354499545,321,0.08455204963684082,0.005105456037180767
75,0.48639527778114594,321,0.0690157413482666,0.00480838576384951
76,0.4817094726307051,321,0.07813143730163574,0.004685805150440814
77,0.477267322071961,321,0.06855344772338867,0.00444215055874414
78,0.47269397739001684,321,0.08514714241027832,0.004573344681944147
79,0.4684845027753285,321,0.0843048095703125,0.004209474614688347
80,0.46419102286440983,321,0.10027122497558594,0.004293479910918663
81,0.4603608724134309,321,0.08464407920837402,0.003830150450978953
82,0.4561381194676672,321,0.10027122497558594,0.004222752945763686
83,0.4522116746561868,321,0.07813262939453125,0.003926444811480412
84,0.4483711219600269,321,0.08446788787841797,0.0038405526961599046
85,0.44468886981691635,321,0.08464527130126953,0.0036822521431105204
86,0.44121115754331863,321,0.10027122497558594,0.0034777122735977217
87,0.4374802566937038,321,0.08421778678894043,0.00373090084961486
88,0.43424821966035027,321,0.08464503288269043,0.0032320370333535076
89,0.43067470606735775,321,0.08464241027832031,0.0035735135929925166
90,0.42764710872513906,321,0.07813167572021484,0.003027597342218691
91,0.42422006517648697,321,0.10027265548706055,0.0034270435486520867
92,0.42092692449263164,321,0.08447456359863281,0.0032931406838553334
93,0.4180000603624753,321,0.08416199684143066,0.002926864130156359
94,0.414829394706658,321,0.10077285766601562,0.0031706656558173063
95,0.41194828468561173,321,0.08464479446411133,0.0028811100210462404
96,0.4092395912068231,321,0.08464622497558594,0.0027086934787886596
97,0.40623608508280346,321,0.10027217864990234,0.003003506124019617
98,0.40352604429210936,321,0.10027194023132324,0.0027100407906940904
99,0.4007513007947377,321,0.08414220809936523,0.002774743497371668
100,0.3980641368712698,321,0.10071587562561035,0.0026871639234679057
