1,2.3067132160323007,241,0.37329936027526855,Nan
2,2.2423557269232615,241,0.08980035781860352,0.06435748910903927
3,2.1865256853103636,241,0.08464694023132324,0.05583004161289784
4,2.133104974406106,241,0.08464503288269043,0.05342071090425771
5,2.0795763311386106,241,0.08415770530700684,0.05352864326749529
6,2.024413743053164,241,0.08464264869689941,0.05516258808544672
7,1.9667066185474396,241,0.09412336349487305,0.05770712450572435
8,1.906955832208906,241,0.08464527130126953,0.05975078633853359
9,1.846654777765274,241,0.08464598655700684,0.060301054443631985
10,1.7863592090947287,241,0.08464670181274414,0.06029556867054531
11,1.7257770139489854,241,0.08438777923583984,0.060582195145743256
12,1.6655449382577623,241,0.06851553916931152,0.06023207569122313
13,1.6058070920876095,241,0.10023832321166992,0.059737846170152764
14,1.5462771899700165,241,0.07814693450927734,0.059529902117593014
15,1.4879488279819488,241,0.08514761924743652,0.05832836198806768
16,1.4314053609030588,241,0.10027003288269043,0.05654346707889002
17,1.3762774111202785,241,0.08464503288269043,0.05512794978278035
18,1.3227454944678716,241,0.08450913429260254,0.053531916652406863
19,1.2712342704364232,241,0.08465218544006348,0.051511224031448366
20,1.221891188144684,241,0.08464980125427246,0.04934308229173934
21,1.1755230595043726,241,0.07813191413879395,0.04636812864031126
22,1.1314113776683807,241,0.08465313911437988,0.0441116818359919
23,1.090194754770824,241,0.08464646339416504,0.04121662289755679
24,1.05161066198349,241,0.08438301086425781,0.03858409278733399
25,1.015329480954579,241,0.08464527130126953,0.03628118102891098
26,0.9814072907992771,241,0.09996271133422852,0.033922190155301846
27,0.949815387231963,241,0.08464455604553223,0.03159190356731412
28,0.92004993053845,241,0.07812857627868652,0.029765456693513048
29,0.8922688011952808,241,0.08465051651000977,0.02778112934316912
30,0.8662232562133244,241,0.0844728946685791,0.026045544981956437
31,0.8422134441307613,241,0.08464646339416504,0.024009812082563142
32,0.8193670267207281,241,0.08420705795288086,0.022846417410033126
33,0.798112112062318,241,0.08414173126220703,0.021254914658410118
34,0.7782149961335318,241,0.07816004753112793,0.01989711592878618
35,0.7595165894372122,241,0.08489441871643066,0.018698406696319614
36,0.7416416768857411,241,0.08464646339416504,0.01787491255147111
37,0.7250073885406767,241,0.08464550971984863,0.01663428834506442
38,0.7091789092166083,241,0.08447623252868652,0.01582847932406839
39,0.6941068419899259,241,0.08414268493652344,0.015072067226682417
40,0.6802276405436652,241,0.07825207710266113,0.013879201446260647
41,0.6666525806529181,241,0.08464598655700684,0.013575059890747143
42,0.6538935317482267,241,0.08464789390563965,0.012759048904691372
43,0.6417158793381282,241,0.08449482917785645,0.012177652410098494
44,0.6305417163882937,241,0.08465123176574707,0.011174162949834532
45,0.6192531873668943,241,0.08414173126220703,0.01128852902139943
46,0.608963540996824,241,0.09378528594970703,0.010289646370070238
47,0.5987945232221058,241,0.08514761924743652,0.010169017774718236
48,0.5894088755675725,241,0.06869983673095703,0.009385647654533313
49,0.5801876377974238,241,0.06880879402160645,0.009221237770148716
50,0.5714422311357089,241,0.08449006080627441,0.00874540666171486
51,0.562757288481508,241,0.08414196968078613,0.008684942654200944
52,0.5549069697686604,241,0.09845829010009766,0.007850318712847582
53,0.5469941719600132,241,0.07988095283508301,0.007912797808647176
54,0.5395783343826022,241,0.08464527130126953,0.007415837577411044
55,0.5323541823710715,241,0.08428311347961426,0.0072241520115307045
56,0.5253395845549447,241,0.08464646339416504,0.0070145978161267886
57,0.5184693743331091,241,0.08422374725341797,0.006870210221835538
58,0.5121857688937869,241,0.08414173126220703,0.006283605439322271
59,0.5060129327007702,241,0.07825899124145508,0.006172836193016673
60,0.5000855494311878,241,0.08668732643127441,0.00592738326958242
61,0.49425627547502515,241,0.08214378356933594,0.005829273956162617
62,0.4884359486699104,241,0.0841975212097168,0.005820326805114739
63,0.48271423181465695,241,0.0843040943145752,0.005721716855253467
64,0.47767750060558317,241,0.08414196968078613,0.005036731209073775
65,0.4724212789620672,241,0.07815957069396973,0.005256221643515968
66,0.4674508607983589,241,0.08515071868896484,0.004970418163708301
67,0.4628215167181832,241,0.08464455604553223,0.004629344080175679
68,0.45797806130988256,241,0.08434677124023438,0.0048434554083006676
69,0.45350230712550027,241,0.08464407920837402,0.004475754184382286
70,0.4489779391459056,241,0.08414196968078613,0.004524367979594657
71,0.44458961409330366,241,0.09645962715148926,0.004388325052601949
72,0.44045243731566835,241,0.08200359344482422,0.00413717677763531
73,0.43625778059448517,241,0.08461546897888184,0.0041946567211831876
74,0.43261148372718267,241,0.06902170181274414,0.003646296867302501
75,0.42863873152221954,241,0.08464694023132324,0.003972752204963126
76,0.4247991057123457,241,0.08464193344116211,0.003839625809873848
77,0.42117007505893705,241,0.09676551818847656,0.003629030653408638
78,0.41758560725620814,241,0.08136320114135742,0.003584467802728919
79,0.413849027463368,241,0.08422684669494629,0.0037365797928401445
80,0.4106335447856358,241,0.08433079719543457,0.0032154826777321954
81,0.4072995906131608,241,0.08465981483459473,0.0033339541724750066
82,0.40423554792574473,241,0.06851577758789062,0.0030640426874160576
83,0.4007632431132453,241,0.0966639518737793,0.0034723048124994382
84,0.3975369330729757,241,0.08177971839904785,0.0032263100402695755
85,0.39444783070257733,241,0.08464360237121582,0.003089102370398389
86,0.3913989576271602,241,0.08454227447509766,0.0030488730754171245
87,0.3886957073978015,241,0.08464503288269043,0.002703250229358689
88,0.3857308108125414,241,0.06851625442504883,0.002964896585260113
89,0.3830953368118831,241,0.09571528434753418,0.0026354740006582777
90,0.380406902892249,241,0.08278536796569824,0.0026884339196341367
91,0.377592649945191,241,0.08464646339416504,0.0028142529470580047
92,0.3748949900269508,241,0.08464670181274414,0.0026976599182401695
93,0.37232378178834913,241,0.08464384078979492,0.0025712082386016855
94,0.36983305088962826,241,0.06901693344116211,0.002490730898720872
95,0.36760066608871733,241,0.09876894950866699,0.002232384800910925
96,0.3649473220280239,241,0.07937288284301758,0.002653344060693452
97,0.36260250764233726,241,0.08449149131774902,0.002344814385686622
98,0.36060191295828137,241,0.08464550971984863,0.0020005946840558897
99,0.3579705079623631,241,0.0844886302947998,0.0026314049959182406
100,0.3557356477039201,241,0.0846414566040039,0.00223486025844305
