1,2.2644380341938564,151,0.3535284996032715,Nan
2,2.145452244554247,151,0.10027360916137695,0.11898578963960915
3,2.040237970113754,151,0.09982776641845703,0.10521427444049314
4,1.9376862794331142,151,0.10024476051330566,0.10255169068063985
5,1.8328925167492458,151,0.08459949493408203,0.10479376268386842
6,1.729577408177512,151,0.09987282752990723,0.10331510857173387
7,1.6282249594756535,151,0.09980940818786621,0.10135244870185844
8,1.5258539999212537,151,0.10027170181274414,0.10237095955439979
9,1.4222500301769803,151,0.09977865219116211,0.10360396974427344
10,1.3208894026960645,151,0.08514261245727539,0.10136062748091579
11,1.2265392928123473,151,0.10027050971984863,0.09435010988371717
12,1.1406505399090903,151,0.10027098655700684,0.08588875290325704
13,1.0628524799517223,151,0.10027074813842773,0.077798059957368
14,0.9932196652889251,151,0.10027194023132324,0.06963281466279714
15,0.9316818427698953,151,0.09726667404174805,0.06153782251902984
16,0.8764782203606197,151,0.09676098823547363,0.055203622409275566
17,0.8281242602212089,151,0.08464527130126953,0.048353960139410845
18,0.7848134404250554,151,0.10027170181274414,0.04331081979615348
19,0.7465122563498361,151,0.10027170181274414,0.03830118407521932
20,0.7128770109755652,151,0.10027074813842773,0.03363524537427087
21,0.68228197654656,151,0.09983396530151367,0.03059503442900524
22,0.6546216658694404,151,0.08464431762695312,0.027660310677119604
23,0.6301255200420107,151,0.10021448135375977,0.02449614582742965
24,0.6077835351313864,151,0.09981226921081543,0.022341984910624335
25,0.5875459401948111,151,0.10027146339416504,0.020237594936575287
26,0.5690067552413259,151,0.08452939987182617,0.018539184953485166
27,0.5517121938977922,151,0.10026979446411133,0.017294561343533688
28,0.5364160493186542,151,0.10027647018432617,0.015296144579138082
29,0.5224431540966034,151,0.09982109069824219,0.013972895222050807
30,0.5088429257358823,151,0.09983611106872559,0.013600228360721056
31,0.4966070898941585,151,0.09978604316711426,0.012235835841723774
32,0.48502359503507614,151,0.08475542068481445,0.011583494859082388
33,0.4745007014955793,151,0.10023069381713867,0.010522893539496814
34,0.4649014219386237,151,0.10027194023132324,0.009599279556955609
35,0.4556522627728326,151,0.10008001327514648,0.00924915916579111
36,0.4468873250143869,151,0.10001254081726074,0.008764937758445723
37,0.4384235436150006,151,0.10006880760192871,0.008463781399386305
38,0.43059875193664005,151,0.10027360916137695,0.007824791678360532
39,0.42298599179301943,151,0.10026884078979492,0.007612760143620612
40,0.41623852667638234,151,0.10027074813842773,0.006747465116637097
41,0.4100122395668711,151,0.1002042293548584,0.00622628710951123
42,0.40343265056610106,151,0.08422422409057617,0.0065795890007700475
43,0.3974521652374949,151,0.10027170181274414,0.005980485328606178
44,0.3918391934803554,151,0.11589837074279785,0.005612971757139484
45,0.3860395443013736,151,0.09987020492553711,0.005799649178981792
46,0.38077187940052576,151,0.10027027130126953,0.005267664900847846
47,0.37556698447465897,151,0.08464622497558594,0.005204894925866788
48,0.37080847941126144,151,0.10027170181274414,0.004758505063397533
49,0.36614701357058116,151,0.10027241706848145,0.004661465840680279
50,0.36194045954516957,151,0.10027050971984863,0.004206554025411591
51,0.357842443219253,151,0.0998387336730957,0.004098016325916554
52,0.3535080314534051,151,0.08414196968078613,0.004334411765847923
53,0.3495569395252637,151,0.10039424896240234,0.003951091928141415
54,0.34532289961406165,151,0.09976983070373535,0.0042340399112020255
55,0.34199171469892775,151,0.10035347938537598,0.0033311849151339
56,0.33813817306927274,151,0.09976983070373535,0.0038535416296550107
57,0.335103057456868,151,0.10056066513061523,0.003035115612404715
58,0.3317444438423429,151,0.09676241874694824,0.0033586136145251078
59,0.3282498789897987,151,0.08122563362121582,0.003494564852544235
60,0.3249493490925857,151,0.10027265548706055,0.003300529897212967
61,0.322256459406444,151,0.10027050971984863,0.0026928896861417306
62,0.3191579604957785,151,0.10027098655700684,0.0030984989106654925
63,0.3166873762309551,151,0.10009360313415527,0.0024705842648233833
64,0.31331083545088767,151,0.09983134269714355,0.0033765407800674385
65,0.3106673347992556,151,0.08424544334411621,0.002643500651632047
66,0.3080396505445242,151,0.10026955604553223,0.0026276842547314216
67,0.3054303707480431,151,0.09998726844787598,0.002609279796481123
68,0.30294152252163203,151,0.09979104995727539,0.0024888482264110445
69,0.30019511626873696,151,0.10042929649353027,0.002746406252895073
70,0.2977808907032013,151,0.08419275283813477,0.002414225565535666
71,0.2957212272627013,151,0.0998225212097168,0.0020596634405000147
72,0.2931744435812746,151,0.09986615180969238,0.0025467836814266898
73,0.29098940583212035,151,0.10027122497558594,0.0021850377491542394
74,0.2888719788917473,151,0.10002660751342773,0.002117426940373035
75,0.2864165202975273,151,0.08417320251464844,0.002455458594220028
76,0.2847301090402263,151,0.10055351257324219,0.0016864112573010126
77,0.2821501329881804,151,0.10027217864990234,0.0025799760520458515
78,0.2807457488094057,151,0.10027122497558594,0.001404384178774698
79,0.27809084102085657,151,0.09981346130371094,0.0026549077885491545
80,0.27619557792374066,151,0.10027074813842773,0.0018952630971159068
81,0.27441296385441505,151,0.09996724128723145,0.0017826140693256165
82,0.2729858439309256,151,0.08464670181274414,0.0014271199234894283
83,0.27078456323913164,151,0.09977555274963379,0.002201280691793983
84,0.26825911486148835,151,0.10077214241027832,0.0025254483776432912
85,0.26737879495535577,151,0.10027027130126953,0.0008803199061325762
86,0.2653793094924518,151,0.08414173126220703,0.0019994854629039605
87,0.2635215134067195,151,0.10073161125183105,0.0018577960857323328
88,0.2614909593931266,151,0.10027122497558594,0.002030554013592867
89,0.26016870994440144,151,0.10027098655700684,0.0013222494487251657
90,0.2583279481508902,151,0.10027170181274414,0.0018407617935112253
91,0.25651783806937084,151,0.10027146339416504,0.0018101100815193782
92,0.255222862886531,151,0.09977006912231445,0.0012949751828398304
93,0.25337529797639163,151,0.10001325607299805,0.0018475649101393765
94,0.25208157340543613,151,0.09744071960449219,0.0012937245709555012
95,0.2503182363084384,151,0.08113694190979004,0.0017633370969977191
96,0.24864500918984414,151,0.10027098655700684,0.0016732271185942726
97,0.24728868135809898,151,0.09979557991027832,0.0013563278317451632
98,0.24574838578488145,151,0.1002955436706543,0.001540295573217526
99,0.2443288588992187,151,0.10044646263122559,0.0014195268856627419
100,0.24318906352136815,151,0.08464527130126953,0.0011397953778505554
