1,0.6466139576616885,1,3.8476579189300537,Nan
2,0.3399170679100853,1,3.72632098197937,0.3066968897516032
3,0.271954317651971,1,3.691307783126831,0.06796275025811432
4,0.2281963226925131,1,3.7283222675323486,0.04375799495945787
5,0.19308415469750692,1,3.9524009227752686,0.03511216799500619
6,0.17075445115264248,1,3.6763033866882324,0.022329703544864438
7,0.14838103072910497,1,3.763334274291992,0.022373420423537516
8,0.13796816762245728,1,3.7113146781921387,0.010412863106647685
9,0.12064253894649891,1,3.683305501937866,0.01732562867595837
10,0.09628961744817531,1,3.7233197689056396,0.024352921498323604
11,0.11254165181783472,1,3.6763031482696533,-0.016252034369659413
12,0.07748825610610038,1,3.7553322315216064,0.03505339571173434
13,0.08010732100938718,1,3.659296751022339,-0.002619064903286797
14,0.06806182603829734,1,3.6723010540008545,0.012045494971089837
15,0.057385764037620676,1,3.7433276176452637,0.010676062000676667
16,0.048064360240952154,1,3.6853065490722656,0.009321403796668522
17,0.04364075829180673,1,3.688307046890259,0.004423601949145421
18,0.05012075937350999,1,3.694310426712036,-0.006480001081703254
19,0.04026919901020197,1,3.6512928009033203,0.009851560363308018
20,0.05428190022130729,1,3.7503302097320557,-0.014012701211105323
21,0.04406172997641956,1,3.912386417388916,0.010220170244887736
22,0.061701726786005336,1,4.0154242515563965,-0.01763999680958578
23,0.04910039618675796,1,5.333890438079834,0.012601330599247375
24,0.0633924147174041,1,3.677302598953247,-0.014292018530646142
25,0.1133898658668526,1,3.740326404571533,-0.049997451149448494
26,0.13732001097365693,1,3.6703009605407715,-0.02393014510680433
27,0.20928285128002203,1,3.6863064765930176,-0.0719628403063651
28,0.17741747186955809,1,3.746335744857788,0.03186537941046394
29,0.1945982310598403,1,3.666299819946289,-0.017180759190282224
30,0.19254549835187654,1,3.681304931640625,0.0020527327079637725
31,0.1306572140338806,1,3.7353243827819824,0.06188828431799595
32,0.11858052716200915,1,3.690308094024658,0.01207668687187144
33,0.15437008622112006,1,3.732322931289673,-0.03578955905911091
34,0.1306754117697822,1,3.6803042888641357,0.023694674451337855
35,0.11273828153974591,1,3.656296491622925,0.01793713023003629
36,0.10145243738534551,1,3.7463276386260986,0.011285844154400398
37,0.13015293587263482,1,3.922391176223755,-0.02870049848728931
38,0.22399598185096556,1,3.6662988662719727,-0.09384304597833074
39,0.23226302610963181,1,3.7393248081207275,-0.008267044258666256
40,0.20578914001316373,1,3.672301769256592,0.026473886096468086
41,0.188733902413096,1,3.742326498031616,0.01705523760006772
42,0.18068022476450138,1,3.6592953205108643,0.008053677648594632
43,0.17258387662345215,1,3.665299415588379,0.008096348141049231
44,0.1811959049999778,1,3.740325689315796,-0.008612028376525666
45,0.25298842700255414,1,3.6773035526275635,-0.07179252200257633
46,0.27798521404,1,3.8273565769195557,-0.024996787037445845
47,0.37201546745601993,1,3.7303221225738525,-0.09403025341601995
48,0.35744004907234767,1,3.658296585083008,0.014575418383672267
49,0.302441603181502,1,3.6773040294647217,0.05499844589084568
50,0.30546082325320184,1,3.697310209274292,-0.0030192200716998574
51,0.5639194090146706,1,3.6773040294647217,-0.2584585857614688
52,0.5268025349288773,1,3.757331609725952,0.03711687408579334
53,0.8146619587644458,1,3.93339467048645,-0.2878594238355685
54,0.6274128749350728,1,3.678304433822632,0.187249083829373
55,0.6081990967067971,1,3.7403247356414795,0.019213778228275746
56,0.9111790527571445,1,3.6592981815338135,-0.30297995605034744
57,0.8844939409377994,1,3.6873061656951904,0.026685111819345075
58,1.8346448281607588,1,3.7313220500946045,-0.9501508872229594
59,3.248396452296707,1,3.6622977256774902,-1.413751624135948
60,2.0174088920851787,1,3.7493298053741455,1.230987560211528
61,2.0671994075247344,1,3.6953094005584717,-0.049790515439555705
62,1.374898874966554,1,3.6763033866882324,0.6923005325581804
63,1.8153812114941819,1,3.7373247146606445,-0.4404823365276278
64,1.5037215795719017,1,3.6793041229248047,0.3116596319222802
65,1.3411759375243304,1,3.683305263519287,0.16254564204757127
66,1.3276636629925223,1,3.7303218841552734,0.013512274531808144
67,1.2097085524718387,1,3.66729998588562,0.11795511052068353
68,1.406387841719832,1,3.7453272342681885,-0.19667928924799338
69,1.7874461858573247,1,3.9413974285125732,-0.3810583441374926
70,1.5514173310504398,1,3.7643349170684814,0.23602885480688496
71,1.4908814866223064,1,3.74332594871521,0.06053584442813342
72,1.1604212964471488,1,3.6663005352020264,0.3304601901751576
73,1.1591330500726984,1,3.6843063831329346,0.0012882463744503525
74,1.1593161196711494,1,3.713315010070801,-0.00018306959845104664
75,1.3255785143016878,1,3.664299726486206,-0.16626239463053838
76,1.056178011639412,1,3.7543303966522217,0.2694005026622759
77,0.9343535042760697,1,3.6873068809509277,0.12182450736334227
78,0.8814068279801295,1,3.6763031482696533,0.05294667629594019
79,1.1980026640659573,1,3.7383246421813965,-0.31659583608582786
80,1.0122129196204388,1,3.6783037185668945,0.18578974444551855
81,0.994398504911793,1,3.6933107376098633,0.017814414708645754
82,1.090307390838716,1,3.7593319416046143,-0.09590888592692293
83,1.1067099349441378,1,3.673301935195923,-0.016402544105421857
84,1.1772079239448592,1,3.6913082599639893,-0.07049798900072135
85,1.1938657034698161,1,3.7193188667297363,-0.01665777952495695
86,1.2264859351164599,1,3.9083845615386963,-0.03262023164664374
87,1.2220025042157407,1,3.865370273590088,0.004483430900719121
88,1.2155620232999,1,3.6592979431152344,0.006440480915840707
89,1.5712237869396397,1,3.6853060722351074,-0.35566176363973967
90,1.2255976861787004,1,3.7213191986083984,0.34562610076093936
91,1.1903724950917713,1,3.681304454803467,0.03522519108692901
92,1.0021109451176824,1,3.843363046646118,0.18826154997408895
93,1.5428570307968945,1,3.7013115882873535,-0.5407460856792121
94,1.540199260437772,1,3.687307596206665,0.0026577703591224022
95,1.4349460904517253,1,3.749328374862671,0.10525316998604684
96,1.3391512803289805,1,3.6823055744171143,0.09579481012274482
97,1.262205896561485,1,3.6853063106536865,0.07694538376749538
98,1.4311881356718752,1,3.695309638977051,-0.16898223911039012
99,1.4639480437373846,1,3.688308000564575,-0.032759908065509435
100,1.4317754610366429,1,3.69731068611145,0.03217258270074175
