1,250,2.25856802804,Nan,0.0
2,250,2.20834240723,0.0502256208147,0.0
3,250,2.16469892229,0.043643484933,0.0
4,250,2.12493788365,0.039761038644,0.0
5,250,2.08707341657,0.0378644670759,0.0
6,250,2.04956512451,0.0375082920619,0.0
7,250,2.01180643136,0.0377586931501,0.0
8,250,1.97332446289,0.038481968471,0.0
9,250,1.93400756836,0.0393168945312,0.0
10,250,1.89414449637,0.0398630719866,0.0
11,250,1.8536888079,0.0404556884766,0.0
12,250,1.81298712158,0.0407016863142,0.0
13,250,1.77248628453,0.0405008370536,0.0
14,250,1.73211386544,0.0403724190848,0.0
15,250,1.69205886405,0.0400550013951,0.0
16,250,1.65235655866,0.039702305385,0.0
17,250,1.61308974784,0.0392668108259,0.0
18,250,1.57424446324,0.0388452845982,0.0
19,250,1.53587679618,0.0383676670619,0.0
20,250,1.49804280308,0.0378339930943,0.0
21,250,1.46072260393,0.037320199149,0.0
22,250,1.42421494838,0.0365076555525,0.00100016593933
23,250,1.3886604963,0.0355544520787,0.0
24,250,1.35399413191,0.0346663643973,0.0
25,250,1.32025442941,0.0337397024972,0.0
26,250,1.28762988281,0.032624546596,0.0
27,250,1.2560643049,0.0315655779157,0.0
28,250,1.22561133684,0.0304529680525,0.0
29,250,1.19629272461,0.0293186122349,0.0
30,250,1.16807007708,0.0282226475307,0.0
31,250,1.14096227155,0.0271078055246,0.0
32,250,1.11489078195,0.0260714896066,0.0
33,250,1.08986168562,0.0250290963309,0.0
34,250,1.06581954084,0.0240421447754,0.0
35,250,1.04275531878,0.0230642220633,0.0
36,250,1.02061226545,0.0221430533273,0.0
37,250,0.999379512242,0.0212327532087,0.0
38,250,0.97906817627,0.0203113359724,0.0
39,250,0.95964024571,0.0194279305594,0.0
40,250,0.941063799177,0.0185764465332,0.0
41,250,0.923289799282,0.0177739998954,0.0
42,250,0.906280613491,0.017009185791,0.000999927520752
43,250,0.890031389509,0.0162492239816,0.0
44,250,0.874481440953,0.0155499485561,0.0
45,250,0.859597019741,0.0148844212123,0.0
46,250,0.845352390834,0.0142446289062,0.0
47,250,0.831700657436,0.0136517333984,0.0
48,250,0.818604357038,0.0130963003976,0.0
49,250,0.806039350237,0.0125650068011,0.0
50,250,0.793987343924,0.0120520063128,0.0
51,250,0.782414751325,0.0115725925991,0.0
52,250,0.771296077183,0.011118674142,0.0
53,250,0.76060635376,0.0106897234235,0.0
54,250,0.750322213309,0.0102841404506,0.0
55,250,0.740425066267,0.00989714704241,0.0
56,250,0.730899169922,0.00952589634487,0.0
57,250,0.721722054618,0.00917711530413,0.000999927520752
58,250,0.71287739345,0.00884466116769,0.0
59,250,0.704345323835,0.00853206961496,0.0
60,250,0.696113176618,0.0082321472168,0.0
61,250,0.688167633057,0.00794554356166,0.000999927520752
62,250,0.680491202218,0.00767643083845,0.0
63,250,0.673068629674,0.00742257254464,0.0
64,250,0.665891013009,0.00717761666434,0.00100016593933
65,250,0.658944501604,0.00694651140485,0.0
66,250,0.652222582136,0.00672191946847,0.0
67,250,0.645717102051,0.0065054800851,0.0
68,250,0.639414502825,0.00630259922573,0.0
69,250,0.633307547433,0.00610695539202,0.0
70,250,0.627384983608,0.00592256382533,0.000999927520752
71,250,0.621638013567,0.00574697004046,0.0
72,250,0.616059313093,0.00557870047433,0.0
73,250,0.610643624442,0.00541568865095,0.0
74,250,0.605381025042,0.00526259940011,0.0
75,250,0.600264923096,0.00511610194615,0.0
76,250,0.595289555141,0.0049753679548,0.0
77,250,0.590447845459,0.00484170968192,0.0
78,250,0.58573752267,0.00471032278878,0.000999927520752
79,250,0.581152579171,0.00458494349888,0.0
80,250,0.576689161028,0.00446341814314,0.0
81,250,0.572337964739,0.00435119628906,0.0
82,250,0.568095530919,0.00424243382045,0.0
83,250,0.563957628523,0.00413790239607,0.0
84,250,0.559922513689,0.00403511483329,0.0
85,250,0.555984933036,0.0039375806536,0.0
86,250,0.552142822266,0.00384211077009,0.0
87,250,0.548392301287,0.00375052097866,0.000999927520752
88,250,0.544730893816,0.0036614074707,0.0
89,250,0.541152321952,0.00357857186454,0.0
90,250,0.537653485979,0.00349883597238,0.0
91,250,0.534232870919,0.00342061505999,0.0
92,250,0.530888338361,0.0033445325579,0.0
93,250,0.527616710118,0.00327162824358,0.0
94,250,0.524415228707,0.00320148141044,0.0
95,250,0.52128149632,0.003133732387,0.0
96,250,0.51821396528,0.00306753104074,0.0
97,250,0.515210922241,0.0030030430385,0.0
98,250,0.512269018991,0.00294190325056,0.0
99,250,0.509386895316,0.00288212367467,0.0
100,250,0.506565102713,0.00282179260254,0.0
101,250,0.503798987252,0.00276611546108,0.0
102,250,0.501087650844,0.00271133640834,0.0
103,250,0.498427320208,0.00266033063616,0.0
104,250,0.495817587716,0.00260973249163,0.0
105,250,0.493256465367,0.00256112234933,0.0
106,250,0.490743515015,0.00251295035226,0.0
107,250,0.488276160104,0.00246735491071,0.0
108,250,0.485852277483,0.00242388262068,0.0
109,250,0.483471732003,0.00238054547991,0.0
110,250,0.481134405954,0.0023373260498,0.0
111,250,0.478837792533,0.00229661342076,0.000999927520752
112,250,0.476581427438,0.00225636509487,0.0
113,250,0.474364780971,0.00221664646694,0.000999927520752
114,250,0.47218548148,0.00217929949079,0.0
115,250,0.470043825422,0.00214165605818,0.0
116,250,0.467937992641,0.00210583278111,0.0
117,250,0.465866145543,0.00207184709821,0.0
118,250,0.463828918457,0.00203722708566,0.0
119,250,0.461825219291,0.00200369916643,0.0
120,250,0.459853803362,0.00197141592843,0.0
121,250,0.457913290841,0.00194051252093,0.0
122,250,0.456002635411,0.00191065543038,0.0
123,250,0.454121499198,0.00188113621303,0.0
124,250,0.452269984654,0.00185151454381,0.0
125,250,0.450446677072,0.00182330758231,0.0
126,250,0.448650153024,0.00179652404785,0.0
127,250,0.44688180978,0.00176834324428,0.0
128,250,0.445140280587,0.00174152919224,0.0
129,250,0.443424233573,0.00171604701451,0.0
130,250,0.441733751569,0.00169048200335,0.0
131,250,0.440067550659,0.0016662009103,0.0
132,250,0.438425340925,0.00164220973424,0.0
133,250,0.436804652623,0.00162068830218,0.0
134,250,0.435206887381,0.00159776524135,0.0
135,250,0.433628496443,0.0015783909389,0.0
136,250,0.432072256906,0.00155623953683,0.0
137,250,0.430536987305,0.001535269601,0.0
138,250,0.429022753034,0.00151423427037,0.0
139,250,0.427528717041,0.0014940359933,0.0
140,250,0.426053272792,0.00147544424874,0.0
141,250,0.424597124372,0.00145614842006,0.0
142,250,0.423158763341,0.00143836103167,0.0
143,250,0.421738599505,0.0014201638358,0.0
144,250,0.420337539673,0.00140105983189,0.0
145,250,0.418955252511,0.00138228716169,0.0
146,250,0.41759059797,0.00136465454102,0.0
147,250,0.416241352626,0.00134924534389,0.0
148,250,0.414909223284,0.00133212934222,0.0
149,250,0.413591897147,0.001317326137,0.0
150,250,0.412292397635,0.00129949951172,0.0
151,250,0.411008124215,0.00128427342006,0.0
152,250,0.409737099784,0.0012710244315,0.0
153,250,0.408481626238,0.00125547354562,0.0
154,250,0.407240437099,0.00124118913923,0.0
155,250,0.406013955253,0.0012264818464,0.0
156,250,0.40480179269,0.00121216256278,0.0
157,250,0.403604376657,0.00119741603306,0.0
158,250,0.402421064104,0.00118331255232,0.0
159,250,0.401252624512,0.00116843959263,0.0
160,250,0.400095844814,0.00115677969796,0.0
161,250,0.398950748989,0.0011450958252,0.000999927520752
162,250,0.397818117414,0.00113263157436,0.0
163,250,0.396697904314,0.00112021309989,0.0
164,250,0.395586460658,0.00111144365583,0.0
165,250,0.394486325945,0.00110013471331,0.0
166,250,0.393398021153,0.00108830479213,0.0
167,250,0.392321816581,0.00107620457241,0.0
168,250,0.391256290981,0.00106552559989,0.0
169,250,0.390200871059,0.00105541992188,0.0
170,250,0.389157163348,0.00104370771136,0.0
171,250,0.388124886649,0.00103227669852,0.0
172,250,0.387102512905,0.00102237374442,0.0
173,250,0.386089385986,0.00101312691825,0.0
174,250,0.38508644758,0.00100293840681,0.0
175,250,0.384094369071,0.000992078508649,0.0
176,250,0.383112184797,0.000982184273856,0.0
177,250,0.38214100429,0.000971180507115,0.0
178,250,0.381179460798,0.000961543491908,0.0
179,250,0.380228302002,0.000951158796038,0.0
180,250,0.379286394392,0.000941907610212,0.0
181,250,0.378353687831,0.000932706560407,0.0
182,250,0.377431287493,0.000922400338309,0.0
183,250,0.37651877267,0.000912514822824,0.0
184,250,0.375614968436,0.000903804234096,0.0
185,250,0.374719576154,0.000895392281669,0.0
186,250,0.373832554408,0.000887021745954,0.0
187,250,0.372953981672,0.000878572736468,0.0
188,250,0.372084165301,0.000869816371373,0.0
189,250,0.371221758161,0.000862407139369,0.0
190,250,0.370367126465,0.000854631696429,0.0
191,250,0.369520193917,0.000846932547433,0.0
192,250,0.368680605207,0.00083958871024,0.0
193,250,0.367847882952,0.000832722255162,0.0
194,250,0.367022288731,0.000825594220843,0.0
195,250,0.366204363142,0.000817925589425,0.0
196,250,0.365393325806,0.000811037336077,0.0
197,250,0.364589366368,0.000803959437779,0.0
198,250,0.363792759487,0.000796606881278,0.0
199,250,0.363002439226,0.000790320260184,0.0
200,250,0.362217945644,0.000784493582589,0.0
201,250,0.361439976283,0.000777969360352,0.0
202,250,0.360669865199,0.000770111083984,0.000999927520752
203,250,0.359906040737,0.000763824462891,0.0
204,250,0.359148363386,0.000757677350726,0.0
205,250,0.358396963937,0.00075139944894,0.0
206,250,0.35765208653,0.000744877406529,0.0
207,250,0.356913125174,0.000738961356027,0.0
208,250,0.356179803031,0.000733322143555,0.0
209,250,0.355452096122,0.00072770690918,0.0
210,250,0.354730780465,0.000721315656389,0.0
211,250,0.354013953073,0.000716827392578,0.0
212,250,0.353302871704,0.000711081368583,0.0
213,250,0.352597834996,0.000705036708287,0.0
214,250,0.351898792812,0.000699042184012,0.0
215,250,0.351205080305,0.000693712506976,0.0
216,250,0.350517048427,0.00068803187779,0.0
217,250,0.349833895002,0.000683153424944,0.0
218,250,0.349155785697,0.000678109305246,0.0
219,250,0.348482807704,0.000672977992467,0.0
220,250,0.347814967564,0.000667840140206,0.0
221,250,0.347151805333,0.000663162231445,0.0
222,250,0.346493615287,0.000658190046038,0.0
223,250,0.345839961461,0.000653653826032,0.0
224,250,0.345191260202,0.000648701259068,0.000999927520752
225,250,0.344547269549,0.000643990652902,0.0
226,250,0.343907708304,0.00063956124442,0.0
227,250,0.34327243042,0.000635277884347,0.0
228,250,0.342641690935,0.000630739484514,0.00100016593933
229,250,0.342015492031,0.000626198904855,0.0
230,250,0.341393700736,0.000621791294643,0.0
231,250,0.340776500157,0.000617200578962,0.0
232,250,0.34016292245,0.000613577706473,0.0
233,250,0.339554704939,0.000608217511858,0.0
234,250,0.338949639457,0.000605065482003,0.0
235,250,0.338350221906,0.000599417550223,0.0
236,250,0.337754603795,0.000595618111747,0.0
237,250,0.337162185669,0.000592418125698,0.0
238,250,0.336574356079,0.000587829589844,0.0
239,250,0.335991130284,0.000583225795201,0.0
240,250,0.335411745344,0.000579384940011,0.0
241,250,0.334835883004,0.000575862339565,0.0
242,250,0.334263129098,0.00057275390625,0.0
243,250,0.333695162092,0.000567967006138,0.0
244,250,0.333130305699,0.000564856392997,0.00100016593933
245,250,0.332568697248,0.000561608450753,0.0
246,250,0.332010639736,0.000558057512556,0.0
247,250,0.33145640564,0.000554234095982,0.0
248,250,0.330905441284,0.000550964355469,0.0
249,250,0.330358947754,0.000546493530273,0.0
250,250,0.329815752302,0.000543195452009,0.00100016593933
251,250,0.329275087629,0.000540664672852,0.0
252,250,0.328739103045,0.000535984584263,0.0
253,250,0.328205324445,0.00053377859933,0.0
254,250,0.327674789429,0.000530535016741,0.000999927520752
255,250,0.327148951939,0.000525837489537,0.0
256,250,0.326625392369,0.000523559570312,0.0
257,250,0.326106406076,0.000518986293248,0.0
258,250,0.325589516776,0.000516889299665,0.0
259,250,0.32507636152,0.000513155255999,0.0
260,250,0.324565257481,0.000511104038783,0.0
261,250,0.324057976859,0.00050728062221,0.0
262,250,0.323553721837,0.000504255022321,0.0
263,250,0.323052679879,0.00050104195731,0.000999927520752
264,250,0.322554194859,0.000498485020229,0.0
265,250,0.322058619908,0.000495574951172,0.0
266,250,0.321566268921,0.000492350987026,0.0
267,250,0.32107636588,0.000489903041295,0.0
268,250,0.320589030675,0.000487335205078,0.0
269,250,0.320104731968,0.000484298706055,0.0
270,250,0.319623347691,0.000481384277344,0.0
271,250,0.319143933977,0.000479413713728,0.0
272,250,0.31866809954,0.000475834437779,0.0
273,250,0.318194948469,0.000473151070731,0.0
274,250,0.317723909651,0.000471038818359,0.0
275,250,0.317256888253,0.000467021397182,0.0
276,250,0.316790348598,0.000466539655413,0.0
277,250,0.316326769148,0.000463579450335,0.0
278,250,0.315865851266,0.000460917881557,0.0
279,250,0.315406925746,0.000458925519671,0.0
280,250,0.314950897217,0.000456028529576,0.0
281,250,0.314496584211,0.00045431300572,0.0
282,250,0.314045506069,0.000451078142438,0.0
283,250,0.313597333636,0.000448172433036,0.0
284,250,0.313150656564,0.000446677071708,0.0
285,250,0.312707096645,0.000443559919085,0.0
286,250,0.312264755249,0.000442341395787,0.0
287,250,0.311825550624,0.000439204624721,0.0
288,250,0.311389378139,0.000436172485352,0.0
289,250,0.310955237252,0.000434140886579,0.0
290,250,0.310523090908,0.000432146344866,0.0
291,250,0.310092673165,0.000430417742048,0.0
292,250,0.309665039063,0.000427634102958,0.0
293,250,0.309239140102,0.000425898960659,0.0
294,250,0.30881589617,0.000423243931362,0.0
295,250,0.308394943237,0.000420952933175,0.0
296,250,0.30797492981,0.000420013427734,0.0
297,250,0.307559112549,0.000415817260742,0.0
298,250,0.307143480573,0.000415631975446,0.0
299,250,0.306732713972,0.000410766601562,0.0
300,250,0.306322021484,0.000410692487444,0.00100016593933
301,250,0.3059135546,0.000408466884068,0.0
302,250,0.305508215768,0.00040533883231,0.0
303,250,0.305103147234,0.000405068533761,0.0
304,250,0.304702660697,0.000400486537388,0.0
305,250,0.304301642282,0.000401018415179,0.0
306,250,0.303903686523,0.000397955758231,0.0
307,250,0.303506589617,0.00039709690639,0.0
308,250,0.303112037659,0.000394551958357,0.0
309,250,0.302719954354,0.000392083304269,0.0
310,250,0.302328211103,0.000391743251256,0.0
311,250,0.301938151768,0.000390059334891,0.0
312,250,0.301551181248,0.00038697052002,0.0
313,250,0.301164516994,0.000386664254325,0.000999927520752
314,250,0.300781900678,0.000382616315569,0.0
315,250,0.300397657122,0.000384243556431,0.0
316,250,0.300019338335,0.000378318786621,0.0
317,250,0.299639020647,0.000380317687988,0.0
318,250,0.299262083871,0.000376936776297,0.0
319,250,0.298886178153,0.000375905718122,0.0
320,250,0.298512559073,0.00037361907959,0.0
321,250,0.298139762878,0.000372796194894,0.0
322,250,0.297768878392,0.000370884486607,0.0
323,250,0.297398769924,0.000370108468192,0.0
324,250,0.29703238133,0.000366388593401,0.0
325,250,0.296665713719,0.000366667611258,0.0
326,250,0.296301888602,0.000363825116839,0.0
327,250,0.295938364301,0.000363524300712,0.0
328,250,0.295577764239,0.000360600062779,0.0
329,250,0.29521824537,0.000359518868583,0.0
330,250,0.294859026228,0.000359219142369,0.0
331,250,0.294504226685,0.000354799543108,0.000999927520752
332,250,0.294147563389,0.000356663295201,0.0
333,250,0.293795782907,0.000351780482701,0.0
334,250,0.293442016602,0.000353766305106,0.0
335,250,0.293092264448,0.000349752153669,0.0
336,250,0.292742303031,0.000349961417062,0.0
337,250,0.292394774301,0.00034752873012,0.0
338,250,0.292048058646,0.000346715654646,0.0
339,250,0.291702687945,0.000345370701381,0.0
340,250,0.29135899135,0.000343696594238,0.0
341,250,0.291016060965,0.000342930385045,0.0
342,250,0.290674497332,0.00034156363351,0.0
343,250,0.290336929321,0.000337568010603,0.0
344,250,0.289997286115,0.000339643205915,0.0
345,250,0.2896640625,0.000333223615374,0.0
346,250,0.289327281407,0.000336781093052,0.0
347,250,0.288995810372,0.000331471034459,0.000999927520752
348,250,0.288662266323,0.000333544049944,0.0
349,250,0.288333014352,0.000329251970564,0.0
350,250,0.28800264631,0.000330368041992,0.0
351,250,0.287675435747,0.00032721056257,0.0
352,250,0.287347804478,0.000327631269183,0.0
353,250,0.28702267565,0.000325128827776,0.0
354,250,0.286696788243,0.000325887407575,0.0
355,250,0.286376601083,0.000320187159947,0.0
356,250,0.286052764893,0.00032383619036,0.0
357,250,0.285734031677,0.000318733215332,0.0
358,250,0.285413769313,0.000320262363979,0.0
359,250,0.285097768511,0.000316000802176,0.0
360,250,0.284779701233,0.000318067278181,0.0
361,250,0.284464564732,0.000315136500767,0.0
362,250,0.284150014605,0.000314550127302,0.0
363,250,0.283837109157,0.000312905447824,0.000999927520752
364,250,0.283526036944,0.000311072213309,0.0
365,250,0.283214797974,0.000311238970075,0.0
366,250,0.282905905587,0.0003088923863,0.0
367,250,0.282596949986,0.000308955601283,0.0
368,250,0.282290939331,0.000306010654994,0.0
369,250,0.28198412432,0.000306815011161,0.0
370,250,0.281680962699,0.000303161621094,0.0
371,250,0.281376750401,0.000304212297712,0.0
372,250,0.281075004578,0.000301745823451,0.0
373,250,0.280773547581,0.000301456996373,0.0
374,250,0.280473116193,0.000300431387765,0.0
375,250,0.280175171988,0.000297944205148,0.0
376,250,0.279876444135,0.000298727852958,0.0
377,250,0.279579268319,0.000297175816127,0.0
378,250,0.27928376879,0.000295499529157,0.0
379,250,0.278989363534,0.000294405255999,0.0
380,250,0.278695445469,0.000293918064662,0.0
381,250,0.278403421674,0.000292023794992,0.0
382,250,0.278111112322,0.00029230935233,0.0
383,250,0.277821382795,0.000289729527065,0.0
384,250,0.277531814575,0.000289568219866,0.0
385,250,0.277243150984,0.000288663591657,0.0
386,250,0.276956996373,0.00028615461077,0.0
387,250,0.276670195443,0.000286800929478,0.0
388,250,0.276385510036,0.000284685407366,0.0
389,250,0.276101320539,0.000284189496722,0.0
390,250,0.275817314148,0.000284006391253,0.0
391,250,0.275536009652,0.000281304495675,0.000999927520752
392,250,0.275254851205,0.000281158447266,0.0
393,250,0.274973397391,0.000281453813825,0.0
394,250,0.274694416591,0.000278980800084,0.000999927520752
395,250,0.274415905544,0.000278511047363,0.0
396,250,0.274138193403,0.000277712140764,0.0
397,250,0.273862741743,0.000275451660156,0.00100016593933
398,250,0.273585332598,0.00027740914481,0.0
399,250,0.273310977391,0.000274355207171,0.0
400,250,0.273036620004,0.000274357386998,0.0
401,250,0.272763302394,0.000273317609514,0.0
402,250,0.272491638184,0.000271664210728,0.0
403,250,0.272218837193,0.000272800990513,0.0
404,250,0.271948830741,0.000270006452288,0.0
405,250,0.271678042821,0.000270787920271,0.0
406,250,0.27141028159,0.000267761230469,0.0
407,250,0.271140060425,0.000270221165248,0.0
408,250,0.27087222944,0.000267830984933,0.0
409,250,0.270606527056,0.000265702383859,0.0
410,250,0.27033933912,0.000267187935965,0.0
411,250,0.270074569702,0.000264769417899,0.0
412,250,0.26980997467,0.000264595031738,0.0
413,250,0.269547729492,0.000262245178223,0.0
414,250,0.269284613473,0.000263116019113,0.0
415,250,0.269024090358,0.000260523114886,0.0
416,250,0.268763930185,0.000260160173689,0.0
417,250,0.268503434317,0.000260495867048,0.0
418,250,0.268244796753,0.000258637564523,0.0
419,250,0.267985966274,0.000258830479213,0.0
420,250,0.26772996848,0.000255997794015,0.0
421,250,0.267472609384,0.000257359095982,0.0
422,250,0.267217846462,0.000254762922015,0.0
423,250,0.266962620326,0.000255226135254,0.0
424,250,0.266707345145,0.000255275181362,0.0
425,250,0.26645489284,0.000252452305385,0.0
426,250,0.266201498849,0.000253393990653,0.0
427,250,0.265950554984,0.000250943865095,0.0
428,250,0.265698546273,0.000252008710589,0.000999927520752
429,250,0.265449771336,0.000248774937221,0.000999927520752
430,250,0.265199335371,0.000250435965402,0.0
431,250,0.264952340262,0.000246995108468,0.0
432,250,0.264704040527,0.000248299734933,0.0
433,250,0.264456893921,0.000247146606445,0.000999927520752
434,250,0.264211277553,0.000245616367885,0.0
435,250,0.263965970721,0.00024530683245,0.0
436,250,0.263723107474,0.000242863246373,0.0
437,250,0.263479428973,0.000243678501674,0.0
438,250,0.263236506871,0.000242922101702,0.0
439,250,0.262995857239,0.000240649632045,0.0
440,250,0.262754449027,0.000241408211844,0.0
441,250,0.262515028817,0.000239420209612,0.0
442,250,0.262275096348,0.000239932468959,0.0
443,250,0.262034642901,0.000240453447614,0.0
444,250,0.2617981393,0.000236503601074,0.000999927520752
445,250,0.26155834525,0.000239794049944,0.0
446,250,0.261322170803,0.000236174447196,0.0
447,250,0.261085200718,0.000236970084054,0.0
448,250,0.260849650792,0.000235549926758,0.0
449,250,0.260614896502,0.000234754289899,0.0
450,250,0.260379979815,0.000234916687012,0.0
451,250,0.260145863124,0.000234116690499,0.0
452,250,0.259914742606,0.000231120518276,0.0
453,250,0.259680839539,0.000233903067453,0.0
454,250,0.259451261248,0.000229578290667,0.0
455,250,0.259219034467,0.000232226780483,0.0
456,250,0.258987504142,0.000231530325753,0.0
457,250,0.258758638654,0.000228865487235,0.0
458,250,0.258528626578,0.000230012076242,0.0
459,250,0.258299637931,0.000228988647461,0.0
460,250,0.258071842739,0.000227795192174,0.0
461,250,0.257844288417,0.000227554321289,0.0
462,250,0.257617338998,0.000226949419294,0.0
463,250,0.257390179225,0.0002271597726,0.0
464,250,0.257165103367,0.00022507585798,0.0
465,250,0.256939817156,0.000225286211286,0.0
466,250,0.256715796334,0.000224020821708,0.000999927520752
467,250,0.256491350446,0.000224445887974,0.0
468,250,0.256267960685,0.000223389761789,0.0
469,250,0.256046164376,0.000221796308245,0.00100016593933
470,250,0.255824187143,0.000221977233887,0.0
471,250,0.255601949419,0.000222237723214,0.0
472,250,0.255379827227,0.000222122192383,0.0
473,250,0.255161212376,0.000218614850725,0.0
474,250,0.254940704346,0.000220508030483,0.0
475,250,0.254721861703,0.000218842642648,0.0
476,250,0.254502542768,0.000219318934849,0.0
477,250,0.254284689767,0.000217853001186,0.0
478,250,0.254067768642,0.00021692112514,0.0
479,250,0.253850814819,0.000216953822545,0.0
480,250,0.253633077349,0.000217737470354,0.0
481,250,0.253416877747,0.0002161996024,0.0
482,250,0.253201800755,0.00021507699149,0.0
483,250,0.252986665998,0.000215134756906,0.0
484,250,0.252772014073,0.000214651925223,0.0
485,250,0.252556912013,0.0002151020595,0.0
486,250,0.252345286778,0.000211625235421,0.0
487,250,0.2521318076,0.000213479178292,0.0
488,250,0.251919124058,0.000212683541434,0.0
489,250,0.251707078116,0.000212045942034,0.0
490,250,0.251496823992,0.000210254124233,0.0
491,250,0.251286495754,0.000210328238351,0.0
492,250,0.251075646537,0.000210849217006,0.0
493,250,0.250865467616,0.000210178920201,0.00100016593933
494,250,0.250657057626,0.000208409990583,0.0
495,250,0.250448645455,0.00020841217041,0.0
496,250,0.250239324297,0.000209321158273,0.0
497,250,0.250030331203,0.000208993094308,0.0
498,250,0.249823565892,0.000206765311105,0.0
499,250,0.249615225656,0.000208340236119,0.0
500,250,0.249409253802,0.000205971854074,0.0
