1,420,2.28161617057,Nan,0.00300002098083
2,420,2.26409131408,0.0175248564866,0.00300002098083
3,420,2.24554771141,0.018543602676,0.0019998550415
4,420,2.22701167354,0.0185360378689,0.00300002098083
5,420,2.20910426549,0.0179074080533,0.0019998550415
6,420,2.19182331549,0.0172809499912,0.00300002098083
7,420,2.17506048616,0.0167628293315,0.00300002098083
8,420,2.15859665644,0.0164638297268,0.00299978256226
9,420,2.14237915523,0.0162175012013,0.00200009346008
10,420,2.12613240398,0.0162467512504,0.0019998550415
11,420,2.10990980845,0.0162225955378,0.00300002098083
12,420,2.09358515664,0.016324651809,0.00300002098083
13,420,2.07711548982,0.0164696668191,0.0019998550415
14,420,2.06030508374,0.0168104060743,0.00200009346008
15,420,2.04290943449,0.0173956492591,0.00300002098083
16,420,2.02497995366,0.0179294808201,0.00200009346008
17,420,2.00662017499,0.0183597786717,0.00300002098083
18,420,1.98802125315,0.0185989218414,0.0019998550415
19,420,1.9690618848,0.0189593683475,0.00300002098083
20,420,1.94984080804,0.0192210767635,0.00300002098083
21,420,1.9306965177,0.0191442903387,0.00300002098083
22,420,1.9117957867,0.018900731001,0.00300002098083
23,420,1.89312379221,0.0186719944868,0.00200009346008
24,420,1.87458035908,0.0185434331339,0.00300002098083
25,420,1.8562688111,0.0183115479807,0.00300002098083
26,420,1.83820535165,0.0180634594468,0.0019998550415
27,420,1.82043000882,0.0177753428303,0.00300002098083
28,420,1.802911272,0.0175187368242,0.00200009346008
29,420,1.78564034921,0.017270922787,0.00300002098083
30,420,1.76864533197,0.0169950172384,0.00300002098083
31,420,1.75195241857,0.0166929133985,0.00300002098083
32,420,1.73556930703,0.01638311154,0.00300002098083
33,420,1.71944595821,0.0161233488214,0.00200009346008
34,420,1.70361068564,0.015835272572,0.00300002098083
35,420,1.68804093618,0.0155697494588,0.00299978256226
36,420,1.67270062966,0.0153403065192,0.00300002098083
37,420,1.65758702112,0.015113608547,0.00300002098083
38,420,1.64268686204,0.0149001590789,0.00399994850159
39,420,1.62800941669,0.0146774453461,0.00300002098083
40,420,1.61360367467,0.0144057420196,0.00300002098083
41,420,1.59945591518,0.0141477594931,0.00200009346008
42,420,1.58556894777,0.0138869674117,0.00300002098083
43,420,1.57195977105,0.0136091767165,0.0019998550415
44,420,1.55863946178,0.0133203092706,0.00300002098083
45,420,1.54556295001,0.0130765117665,0.00300002098083
46,420,1.53274379105,0.0128191589678,0.00300002098083
47,420,1.52018021679,0.012563574251,0.0019998550415
48,420,1.50788907652,0.0122911402788,0.00300002098083
49,420,1.49584795836,0.0120411181576,0.00399994850159
50,420,1.48406322822,0.0117847301342,0.00200009346008
51,420,1.47256664296,0.0114965852606,0.00200009346008
52,420,1.46133438595,0.0112322570155,0.00300002098083
53,420,1.45034613231,0.0109882536389,0.00299978256226
54,420,1.43961786744,0.0107282648642,0.00200009346008
55,420,1.42909179768,0.0105260697622,0.00200009346008
56,420,1.41878354915,0.01030824853,0.00200009346008
57,420,1.40868394236,0.0100996067915,0.0019998550415
58,420,1.39874197339,0.00994196896831,0.00200009346008
59,420,1.38888906247,0.00985291092484,0.00300002098083
60,420,1.37913109512,0.00975796734845,0.00200009346008
61,420,1.36932935362,0.00980174150416,0.00200009346008
62,420,1.35950892211,0.00982043150241,0.00200009346008
63,420,1.34953700474,0.00997191736938,0.00300002098083
64,420,1.33928361519,0.0102533895503,0.00299978256226
65,420,1.32839745416,0.0108861610372,0.00300002098083
66,420,1.31671191019,0.0116855439686,0.00200009346008
67,420,1.30384858147,0.0128633287218,0.00300002098083
68,420,1.29001897983,0.013829601631,0.00300002098083
69,420,1.27594607318,0.0140729066556,0.0019998550415
70,420,1.26176569702,0.0141803761639,0.00300002098083
71,420,1.2480409935,0.0137247035112,0.00300002098083
72,420,1.23459542088,0.013445572626,0.00200009346008
73,420,1.2216207474,0.0129746734781,0.00200009346008
74,420,1.20932802473,0.0122927226718,0.00300002098083
75,420,1.19761900322,0.0117090215128,0.0019998550415
76,420,1.18645403019,0.0111649730218,0.00300002098083
77,420,1.17582145973,0.0106325704585,0.00300002098083
78,420,1.1656534306,0.0101680291393,0.00300002098083
79,420,1.155846732,0.00980669859225,0.00300002098083
80,420,1.14634697727,0.00949975472909,0.00300002098083
81,420,1.13714784087,0.00919913640098,0.00200009346008
82,420,1.12822110211,0.0089267387592,0.00299978256226
83,420,1.1195543158,0.00866678631495,0.00300002098083
84,420,1.11112807743,0.0084262383678,0.00200009346008
85,420,1.10292758033,0.00820049709744,0.00200009346008
86,420,1.0949413683,0.00798621202903,0.0019998550415
87,420,1.08715716165,0.00778420665277,0.00300002098083
88,420,1.07956895374,0.00758820791093,0.00200009346008
89,420,1.07217127482,0.0073976789202,0.0019998550415
90,420,1.06496496453,0.0072063102924,0.00300002098083
91,420,1.05793344811,0.0070315164233,0.00300002098083
92,420,1.05106861982,0.0068648282813,0.00200009346008
93,420,1.04436805765,0.00670056216931,0.00299978256226
94,420,1.03782724855,0.00654080910657,0.00399994850159
95,420,1.03143994367,0.00638730488126,0.00300002098083
96,420,1.02519911509,0.0062408285797,0.00300002098083
97,420,1.01909483249,0.00610428260117,0.00300002098083
98,420,1.01311396442,0.00598086806201,0.00300002098083
99,420,1.00725999055,0.00585397387308,0.00200009346008
100,420,1.00152992773,0.00573006281777,0.00299978256226
