1,190,2.27128103314,Nan,0.00300002098083
2,190,2.23170071599,0.0395803171512,0.00300002098083
3,190,2.19341928371,0.0382814322812,0.00200009346008
4,190,2.15793040849,0.0354888752227,0.00200009346008
5,190,2.12368325527,0.0342471532214,0.00300002098083
6,190,2.08940344781,0.0342798074527,0.0019998550415
7,190,2.05419970642,0.0352037413959,0.00300002098083
8,190,2.01709782344,0.0371018829768,0.00200009346008
9,190,1.97833027932,0.0387675441203,0.0019998550415
10,190,1.93811073145,0.040219547874,0.00300002098083
11,190,1.8980443611,0.0400663703432,0.00200009346008
12,190,1.85888359144,0.039160769666,0.0019998550415
13,190,1.82075249363,0.0381310978094,0.00200009346008
14,190,1.78387304924,0.0368794443865,0.0019998550415
15,190,1.74824988981,0.035623159435,0.00300002098083
16,190,1.71394279353,0.0343070962753,0.00200009346008
17,190,1.68081281562,0.0331299779158,0.0019998550415
18,190,1.64875931145,0.0320535041619,0.00200009346008
19,190,1.61772378145,0.0310355300058,0.00299978256226
20,190,1.58779689968,0.0299268817637,0.00300002098083
21,190,1.55894653315,0.0288503665343,0.00300002098083
22,190,1.53125396396,0.0276925691937,0.0019998550415
23,190,1.50469388301,0.026560080943,0.00200009346008
24,190,1.47915545038,0.0255384326311,0.0019998550415
25,190,1.45443920759,0.0247162427929,0.00200009346008
26,190,1.43004921942,0.0243899881675,0.0019998550415
27,190,1.40519595027,0.0248532691491,0.00200009346008
28,190,1.37864885832,0.0265470919517,0.0019998550415
29,190,1.34876283186,0.0298860264617,0.00200009346008
30,190,1.31688568401,0.0318771478542,0.00200009346008
31,190,1.28580314155,0.0310825424511,0.0019998550415
32,190,1.25664986296,0.0291532785939,0.00299978256226
33,190,1.23016156595,0.0264882970054,0.00300002098083
34,190,1.20583633122,0.0243252347381,0.00300002098083
35,190,1.18323179176,0.0226045394538,0.0019998550415
36,190,1.16197328303,0.0212585087298,0.00200009346008
37,190,1.14199954453,0.0199737385039,0.00200009346008
38,190,1.12315515772,0.0188443868114,0.0019998550415
39,190,1.10533212942,0.0178230283003,0.00200009346008
40,190,1.08844101739,0.0168911120238,0.00300002098083
41,190,1.07242363615,0.0160173812401,0.0019998550415
42,190,1.05721994701,0.0152036891419,0.0019998550415
43,190,1.04276930685,0.0144506401633,0.0019998550415
44,190,1.02901916874,0.0137501381111,0.00300002098083
45,190,1.0158913335,0.0131278352394,0.00200009346008
46,190,1.0033509936,0.0125403398952,0.00200009346008
47,190,0.991364460837,0.0119865327661,0.00200009346008
48,190,0.97989159555,0.011472865287,0.0019998550415
49,190,0.968899586855,0.0109920086953,0.00200009346008
50,190,0.95835163983,0.010547947025,0.00200009346008
51,190,0.948228447721,0.0101231921082,0.00300002098083
52,190,0.938507554009,0.00972089371192,0.00200009346008
53,190,0.929183284728,0.00932426928153,0.0019998550415
54,190,0.920222046501,0.00896123822706,0.0019998550415
55,190,0.911602296591,0.00861974990929,0.0019998550415
56,190,0.903297809485,0.00830448710687,0.00200009346008
57,190,0.895303179881,0.00799462960367,0.00200009346008
58,190,0.887594626155,0.00770855372632,0.0019998550415
59,190,0.880152871932,0.00744175422225,0.0019998550415
60,190,0.872960412139,0.0071924597933,0.0019998550415
61,190,0.865993736986,0.0069666751534,0.00200009346008
62,190,0.859241898238,0.00675183874748,0.00200009346008
63,190,0.852696251275,0.00654564696336,0.00300002098083
64,190,0.846354557735,0.00634169354003,0.00299978256226
65,190,0.840206712105,0.00614784563017,0.0019998550415
66,190,0.834243569678,0.00596314242672,0.0019998550415
67,190,0.828458256338,0.00578531333944,0.00200009346008
68,190,0.822839389283,0.0056188670552,0.00200009346008
69,190,0.817376299512,0.00546308977122,0.00200009346008
70,190,0.812069125717,0.00530717379499,0.00300002098083
71,190,0.806908056677,0.00516106904048,0.00300002098083
72,190,0.801897805814,0.00501025086295,0.00300002098083
73,190,0.797028231158,0.00486957465513,0.0019998550415
74,190,0.79229224316,0.00473598799877,0.00200009346008
75,190,0.787678478167,0.00461376499271,0.00299978256226
76,190,0.783172370985,0.00450610718238,0.00300002098083
77,190,0.778772752635,0.00439961834958,0.00200009346008
78,190,0.77448673486,0.00428601777454,0.00200009346008
79,190,0.770313010387,0.00417372447302,0.00200009346008
80,190,0.766248787539,0.00406422284832,0.00200009346008
81,190,0.762277274251,0.0039715132885,0.00299978256226
82,190,0.758403377718,0.00387389653277,0.00200009346008
83,190,0.754620715588,0.00378266213013,0.00300002098083
84,190,0.750927744282,0.00369297130616,0.00200009346008
85,190,0.747320944186,0.0036068000952,0.00300002098083
86,190,0.743800697961,0.00352024622571,0.0019998550415
87,190,0.740361329393,0.00343936856764,0.00300002098083
88,190,0.736998347761,0.00336298163248,0.00200009346008
89,190,0.733711804842,0.00328654291887,0.00200009346008
90,190,0.73049908675,0.00321271809184,0.00200009346008
91,190,0.727352985583,0.003146101167,0.0019998550415
92,190,0.724273564215,0.00307942136833,0.00299978256226
93,190,0.72125844229,0.00301512192491,0.0019998550415
94,190,0.718300850306,0.00295759198408,0.00200009346008
95,190,0.715404821301,0.00289602900476,0.00200009346008
96,190,0.712569863909,0.00283495739226,0.00300002098083
97,190,0.709792765356,0.00277709855267,0.00200009346008
98,190,0.707072301453,0.00272046390333,0.0019998550415
99,190,0.704403014725,0.00266928672791,0.0019998550415
100,190,0.701784819447,0.0026181952775,0.00300002098083
