1,1,1.17124781085,Nan,0.0
2,1,0.804729356523,0.366518454326,0.000999927520752
3,1,0.732869573812,0.0718597827112,0.000999927520752
4,1,0.690449358361,0.0424202154514,0.0
5,1,0.65945527922,0.0309940791409,0.000999927520752
6,1,0.635878033653,0.0235772455668,0.0
7,1,0.616931653711,0.0189463799424,0.00100016593933
8,1,0.600370264128,0.0165613895823,0.000999927520752
9,1,0.585658215074,0.0147120490547,0.0
10,1,0.572875024182,0.0127831908915,0.000999927520752
11,1,0.561578138765,0.0112968854174,0.000999927520752
12,1,0.551639052229,0.00993908653597,0.0
13,1,0.542281801889,0.00935725033947,0.000999927520752
14,1,0.535257640276,0.00702416161339,0.000999927520752
15,1,0.528992009006,0.00626563126957,0.0
16,1,0.523787161617,0.00520484738948,0.000999927520752
17,1,0.518818850382,0.00496831123436,0.000999927520752
18,1,0.514617134489,0.00420171589349,0.0
19,1,0.510960746445,0.00365638804415,0.00100016593933
20,1,0.50805131608,0.00290943036519,0.000999927520752
21,1,0.505152239625,0.00289907645444,0.0
22,1,0.502757490515,0.00239474910969,0.0
23,1,0.500843025793,0.00191446472256,0.0
24,1,0.499171582197,0.00167144359571,0.0
25,1,0.497730756208,0.00144082598944,0.0
26,1,0.496004061745,0.00172669446254,0.0
27,1,0.494543958071,0.00146010367402,0.0
28,1,0.49344805444,0.00109590363142,0.00100016593933
29,1,0.492410713453,0.00103734098683,0.000999927520752
30,1,0.491620202366,0.00079051108743,0.00100016593933
31,1,0.49087452548,0.000745676885636,0.0
32,1,0.490161080593,0.000713444886566,0.00100016593933
33,1,0.489625226835,0.000535853758297,0.000999927520752
34,1,0.489088780129,0.000536446706188,0.0
35,1,0.488610606982,0.000478173146688,0.0
36,1,0.488188821157,0.000421785824778,0.0
37,1,0.487873653179,0.000315167978129,0.0
38,1,0.48751164259,0.000362010589159,0.000999927520752
39,1,0.487232810393,0.000278832196713,0.0
40,1,0.486777149245,0.00045566114825,0.000999927520752
41,1,0.486620516683,0.000156632562053,0.000999927520752
42,1,0.486253070681,0.000367446001582,0.0
43,1,0.486092680013,0.000160390668105,0.000999927520752
44,1,0.485976589574,0.000116090439483,0.000999927520752
45,1,0.485759790745,0.000216798828657,0.000999927520752
46,1,0.485482707088,0.000277083657599,0.000999927520752
47,1,0.485396826346,8.58807420772e-05,0.0
48,1,0.485184382861,0.000212443484405,0.00100016593933
49,1,0.485362639396,-0.000178256534706,0.00100016593933
50,1,0.484700110053,0.000662529342551,0.000999927520752
51,1,0.484471629259,0.000228480794232,0.00100016593933
52,1,0.484253778215,0.000217851043871,0.0
53,1,0.484088338535,0.000165439680351,0.0
54,1,0.483864667381,0.000223671153967,0.000999927520752
55,1,0.483801876876,6.27905053774e-05,0.0
56,1,0.483661609389,0.000140267486267,0.000999927520752
57,1,0.483510886489,0.000150722900277,0.000999927520752
58,1,0.483436626763,7.42597261247e-05,0.0
59,1,0.483424975919,1.16508438123e-05,0.000999927520752
60,1,0.483293992184,0.000130983735112,0.0
61,1,0.483264537785,2.94543987885e-05,0.0
62,1,0.483157239278,0.000107298507516,0.0
63,1,0.483103822892,5.34163853401e-05,0.00100016593933
64,1,0.483307291051,-0.000203468158769,0.0
65,1,0.483075909395,0.000231381655761,0.000999927520752
66,1,0.482790240183,0.000285669212102,0.0
67,1,0.482555781661,0.000234458522094,0.00100016593933
68,1,0.482323803652,0.000231978008659,0.0
69,1,0.482193389166,0.000130414486068,0.000999927520752
70,1,0.482161683854,3.17053126118e-05,0.00100016593933
71,1,0.482147019851,1.46640024673e-05,0.0
72,1,0.482840786454,-0.000693766602922,0.0
73,1,0.481685822366,0.001154964088,0.000999927520752
74,1,0.481415140053,0.000270682312835,0.000999927520752
75,1,0.481360064476,5.50755770742e-05,0.000999927520752
76,1,0.481305189046,5.4875430772e-05,0.0
77,1,0.481177715123,0.000127473922159,0.000999927520752
78,1,0.481152602721,2.51124021633e-05,0.0
79,1,0.481107562789,4.50399323076e-05,0.000999927520752
80,1,0.481110904326,-3.3415375148e-06,0.000999927520752
81,1,0.481012538718,9.83656082654e-05,0.000999927520752
82,1,0.480998147321,1.43913976195e-05,0.0
83,1,0.480992452447,5.69487394386e-06,0.0
84,1,0.48091784289,7.46095565277e-05,0.000999927520752
85,1,0.480940887908,-2.30450182089e-05,0.000999927520752
86,1,0.480873579027,6.7308881357e-05,0.00100016593933
87,1,0.480830336802,4.32422248952e-05,0.000999927520752
88,1,0.480817967434,1.23693683562e-05,0.000999927520752
89,1,0.480783088655,3.48787789888e-05,0.0
90,1,0.480782374557,7.14098034982e-07,0.000999927520752
91,1,0.480710043086,7.23314707499e-05,0.0
92,1,0.480724858543,-1.48154571716e-05,0.0
93,1,0.480720958108,3.90043533793e-06,0.000999927520752
94,1,0.480705897422,1.50606857644e-05,0.0
95,1,0.480667892915,3.800450717e-05,0.000999927520752
96,1,0.480658162291,9.73062425363e-06,0.00100016593933
97,1,0.480593169835,6.49924552022e-05,0.000999927520752
98,1,0.480588421826,4.74800964112e-06,0.0
99,1,0.480561867063,2.65547630617e-05,0.000999927520752
100,1,0.480555029128,6.83793474082e-06,0.0
