1,170,2.2689230321,Nan,0.00200009346008
2,170,2.22465299761,0.0442700344908,0.00200009346008
3,170,2.18284973999,0.041803257619,0.0019998550415
4,170,2.1440174605,0.0388322794938,0.00200009346008
5,170,2.10619918268,0.0378182778238,0.00200009346008
6,170,2.0678392452,0.0383599374809,0.0019998550415
7,170,2.0278339683,0.040005276891,0.00200009346008
8,170,1.98561430688,0.0422196614241,0.00200009346008
9,170,1.94192940549,0.0436849013898,0.00200009346008
10,170,1.89777919224,0.0441502132469,0.00200009346008
11,170,1.85454804151,0.0432311507367,0.0019998550415
12,170,1.81263744792,0.0419105935831,0.00300002098083
13,170,1.77225518534,0.0403822625852,0.00200009346008
14,170,1.73343837706,0.0388168082785,0.00200009346008
15,170,1.69618595497,0.037252422087,0.00300002098083
16,170,1.66028723666,0.035898718313,0.00200009346008
17,170,1.625652771,0.0346344656637,0.00300002098083
18,170,1.59227164004,0.0333811309558,0.00200009346008
19,170,1.56026730022,0.0320043398219,0.00200009346008
20,170,1.52957630574,0.0306909944764,0.00300002098083
21,170,1.50006824226,0.0295080634793,0.00300002098083
22,170,1.47144391057,0.0286243316907,0.0019998550415
23,170,1.44307544655,0.0283684640238,0.00300002098083
24,170,1.41384496267,0.0292304838806,0.0019998550415
25,170,1.38159887661,0.0322460860565,0.00300002098083
26,170,1.34584843953,0.0357504370767,0.00300002098083
27,170,1.31066323117,0.0351852083607,0.00200009346008
28,170,1.27761795429,0.0330452768876,0.00200009346008
29,170,1.24766295575,0.0299549985399,0.00200009346008
30,170,1.22025581381,0.0274071419339,0.00300002098083
31,170,1.19486478533,0.0253910284817,0.00200009346008
32,170,1.17111621547,0.0237485698625,0.00200009346008
33,170,1.14891777958,0.0221984358929,0.00200009346008
34,170,1.12806239793,0.0208553816424,0.00200009346008
35,170,1.10842009301,0.01964230492,0.00200009346008
36,170,1.08989976749,0.0185203255191,0.0019998550415
37,170,1.07242209213,0.0174776753658,0.0019998550415
38,170,1.05589114149,0.0165309506371,0.00200009346008
39,170,1.04023736991,0.0156537715794,0.00200009346008
40,170,1.02541070377,0.0148266661401,0.00299978256226
41,170,1.01129633308,0.0141143706933,0.00200009346008
42,170,0.997881571666,0.0134147614124,0.00300002098083
43,170,0.985109280926,0.01277229074,0.00200009346008
44,170,0.972922149359,0.0121871315665,0.00200009346008
45,170,0.961280601138,0.0116415482209,0.00300002098083
46,170,0.950153397205,0.0111272039333,0.00299978256226
47,170,0.939522998714,0.0106303984912,0.00300002098083
48,170,0.92935305769,0.0101699410233,0.00200009346008
49,170,0.919614400784,0.00973865690685,0.00300002098083
50,170,0.910280144742,0.00933425604128,0.00200009346008
51,170,0.901323511033,0.00895663370939,0.00200009346008
52,170,0.892722830038,0.00860068099505,0.00200009346008
53,170,0.884454426485,0.00826840355283,0.00200009346008
54,170,0.876486033164,0.00796839332046,0.00300002098083
55,170,0.86879520085,0.00769083231437,0.00200009346008
56,170,0.861375193235,0.00742000761486,0.00300002098083
57,170,0.854207664297,0.00716752893784,0.00200009346008
58,170,0.847276168738,0.00693149555965,0.00300002098083
59,170,0.840569992065,0.00670617667233,0.00200009346008
60,170,0.834078268484,0.00649172358152,0.00300002098083
61,170,0.827796919793,0.0062813486906,0.0019998550415
62,170,0.821708310338,0.00608860945501,0.00200009346008
63,170,0.81581249782,0.00589581251812,0.00200009346008
64,170,0.81010562651,0.00570687131054,0.00300002098083
65,170,0.80458586236,0.00551976414956,0.00200009346008
66,170,0.799241941436,0.00534392092408,0.00200009346008
67,170,0.79404086308,0.00520107835615,0.0019998550415
68,170,0.788991676138,0.00504918694162,0.0019998550415
69,170,0.784084179021,0.0049074971175,0.00200009346008
70,170,0.779310618168,0.00477356085256,0.00299978256226
71,170,0.774663872171,0.00464674599698,0.00200009346008
72,170,0.77014913778,0.00451473439107,0.00300002098083
73,170,0.765750178703,0.00439895907704,0.00200009346008
74,170,0.761469503023,0.0042806756797,0.00299978256226
75,170,0.757302309993,0.00416719303078,0.00300002098083
76,170,0.753241308089,0.0040610019032,0.00300002098083
77,170,0.749289207565,0.00395210052405,0.00300002098083
78,170,0.745432774733,0.00385643283192,0.00200009346008
79,170,0.741668820208,0.0037639545259,0.0019998550415
80,170,0.737995823024,0.00367299718349,0.00200009346008
81,170,0.734410779723,0.00358504330077,0.00200009346008
82,170,0.730907799216,0.00350298050739,0.00300002098083
83,170,0.727481874097,0.00342592511858,0.00200009346008
84,170,0.724139431224,0.00334244287315,0.00300002098083
85,170,0.720872209907,0.00326722131724,0.0019998550415
86,170,0.717678686617,0.00319352328944,0.00200009346008
87,170,0.714558718171,0.00311996844636,0.00300002098083
88,170,0.711510550662,0.00304816750919,0.00200009346008
89,170,0.70852922883,0.00298132183171,0.00200009346008
90,170,0.705608590177,0.00292063865341,0.0019998550415
91,170,0.702747861932,0.00286072824516,0.0019998550415
92,170,0.699944482371,0.00280337956105,0.00300002098083
93,170,0.697199956857,0.00274452551406,0.0019998550415
94,170,0.694515020119,0.00268493673715,0.00200009346008
95,170,0.691884332438,0.00263068768157,0.00300002098083
96,170,0.689306675887,0.0025776565509,0.00200009346008
97,170,0.686779569738,0.00252710614886,0.00300002098083
98,170,0.684302810754,0.00247675898362,0.00200009346008
99,170,0.681868909093,0.00243390166125,0.00299978256226
100,170,0.679480565603,0.00238834349047,0.00299978256226
