1,470,2.28306498929,Nan,0.00299978256226
2,470,2.26744499168,0.0156199976062,0.00300002098083
3,470,2.2509511938,0.016493797882,0.00300002098083
4,470,2.23419643043,0.0167547633703,0.00299978256226
5,470,2.21784734755,0.0163490828772,0.00300002098083
6,470,2.20186939645,0.0159779510962,0.0019998550415
7,470,2.18660404201,0.0152653544386,0.0019998550415
8,470,2.1717296496,0.0148743924157,0.0019998550415
9,470,2.15707568407,0.0146539655258,0.00200009346008
10,470,2.14265045429,0.0144252297847,0.00200009346008
11,470,2.12832238411,0.0143280701797,0.0019998550415
12,470,2.11394580775,0.014376576355,0.00300002098083
13,470,2.0995252329,0.0144205748491,0.0019998550415
14,470,2.08501493537,0.0145102975337,0.00300002098083
15,470,2.07031245517,0.0147024802041,0.00300002098083
16,470,2.05526100514,0.015051450024,0.00400018692017
17,470,2.03977174305,0.0154892620949,0.00300002098083
18,470,2.02389871313,0.0158730299156,0.00200009346008
19,470,2.00771951183,0.0161792013058,0.00300002098083
20,470,1.99133342097,0.0163860908516,0.00300002098083
21,470,1.97471344396,0.0166199770138,0.00200009346008
22,470,1.95776832681,0.0169451171504,0.00300002098083
23,470,1.94077558392,0.0169927428921,0.00300002098083
24,470,1.9239026175,0.0168729664224,0.00300002098083
25,470,1.90715022024,0.0167523972532,0.00300002098083
26,470,1.89057619468,0.0165740255648,0.00300002098083
27,470,1.87412643085,0.0164497638304,0.00300002098083
28,470,1.85782987021,0.0162965606411,0.00300002098083
29,470,1.84177932507,0.016050545133,0.00300002098083
30,470,1.82595192543,0.0158273996432,0.00299978256226
31,470,1.81033678528,0.0156151401477,0.00300002098083
32,470,1.79491667433,0.0154201109479,0.00299978256226
33,470,1.77968543148,0.0152312428514,0.00300002098083
34,470,1.76467872434,0.0150067071422,0.00300002098083
35,470,1.74988740536,0.0147913189765,0.00300002098083
36,470,1.7353439389,0.0145434664617,0.0019998550415
37,470,1.72104104341,0.0143028954967,0.00300002098083
38,470,1.70695969254,0.0140813508657,0.00300002098083
39,470,1.6930721453,0.0138875472389,0.0019998550415
40,470,1.67936364071,0.0137085045966,0.00300002098083
41,470,1.66585425983,0.0135093808778,0.00300002098083
42,470,1.6525081391,0.0133461207242,0.00300002098083
43,470,1.63932480585,0.0131833332529,0.00300002098083
44,470,1.62631695138,0.0130078544733,0.00300002098083
45,470,1.61351608385,0.012800867531,0.00399994850159
46,470,1.6009255074,0.0125905764502,0.00300002098083
47,470,1.58852815058,0.012397356816,0.00300002098083
48,470,1.57633661697,0.0121915336076,0.00300002098083
49,470,1.56436056815,0.0119760488184,0.00300002098083
50,470,1.5525781645,0.0117824036541,0.00200009346008
51,470,1.54099275034,0.011585414156,0.00300002098083
52,470,1.52960428704,0.0113884633073,0.00300002098083
53,470,1.5184260035,0.0111782835368,0.00300002098083
54,470,1.50745325639,0.010972747107,0.00300002098083
55,470,1.49665519614,0.0107980602539,0.00300002098083
56,470,1.48601167402,0.0106435221138,0.00200009346008
57,470,1.47556817693,0.0104434970906,0.00299978256226
58,470,1.46532532905,0.0102428478794,0.0019998550415
59,470,1.45522469634,0.0101006327188,0.00300002098083
60,470,1.44523299467,0.00999170166139,0.0019998550415
61,470,1.43535393789,0.00987905678174,0.0019998550415
62,470,1.42549692017,0.0098570177258,0.00300002098083
63,470,1.41555570508,0.00994121508999,0.00300002098083
64,470,1.40566076725,0.00989493782639,0.00300002098083
65,470,1.39562026568,0.0100405015723,0.00300002098083
66,470,1.38546643397,0.0101538317061,0.00300002098083
67,470,1.37502704068,0.0104393932957,0.00300002098083
68,470,1.36409873344,0.0109283072366,0.00300002098083
69,470,1.35254576547,0.0115529679721,0.00300002098083
70,470,1.34009069851,0.012455066963,0.0019998550415
71,470,1.32705325597,0.013037442533,0.00300002098083
72,470,1.31391608017,0.0131371758025,0.00300002098083
73,470,1.30073501641,0.0131810637593,0.00300002098083
74,470,1.28798869325,0.0127463231575,0.00300002098083
75,470,1.27550480156,0.0124838916968,0.0019998550415
76,470,1.26326245247,0.0122423490855,0.0019998550415
77,470,1.25141041417,0.0118520383052,0.00300002098083
78,470,1.24006973622,0.0113406779435,0.00300002098083
79,470,1.22917883234,0.0108909038787,0.00399994850159
80,470,1.21870762865,0.0104712036968,0.00300002098083
81,470,1.20856373409,0.010143894555,0.00300002098083
82,470,1.19877196315,0.00979177094279,0.00300002098083
83,470,1.1893069877,0.00946497545175,0.0019998550415
84,470,1.18012679273,0.00918019496682,0.00300002098083
85,470,1.17117945083,0.00894734190349,0.0019998550415
86,470,1.1624635223,0.00871592853086,0.00299978256226
87,470,1.15397987095,0.00848365134381,0.00300002098083
88,470,1.14571418955,0.00826568139723,0.00399994850159
89,470,1.13765568487,0.00805850468629,0.00300002098083
90,470,1.12978898795,0.00786669691524,0.00300002098083
91,470,1.12209705268,0.00769193527546,0.00299978256226
92,470,1.11458195896,0.00751509371741,0.0019998550415
93,470,1.10723587759,0.00734608137137,0.00300002098083
94,470,1.10005845898,0.00717741860928,0.00299978256226
95,470,1.09304124142,0.00701721755688,0.00300002098083
96,470,1.08617918272,0.00686205870716,0.00300002098083
97,470,1.07946961856,0.00670956415488,0.00300002098083
98,470,1.07290745806,0.00656216050354,0.00200009346008
99,470,1.06648352158,0.00642393647477,0.00300002098083
100,470,1.06019154213,0.00629197944865,0.00300002098083
