1,20,2.02698442132,Nan,0.0
2,20,1.54070038877,0.486284032549,0.0
3,20,1.13877051408,0.401929874693,0.0
4,20,0.884022458213,0.254748055867,0.0
5,20,0.733609834671,0.150412623542,0.0
6,20,0.63944563961,0.0941641950607,0.0
7,20,0.57566344847,0.0637821911403,0.0
8,20,0.529526238033,0.0461372104372,0.0
9,20,0.494439846652,0.0350863913809,0.0
10,20,0.466657545907,0.0277823007447,0.0
11,20,0.443961118426,0.0226964274815,0.0
12,20,0.424959379673,0.0190017387526,0.0
13,20,0.408698079927,0.0162612997464,0.0
14,20,0.394620280947,0.0140777989796,0.0
15,20,0.382343399457,0.0122768814904,0.0
16,20,0.37144638007,0.0108970193863,0.0
17,20,0.361695162364,0.00975121770586,0.0
18,20,0.352886082717,0.00880907964706,0.0
19,20,0.344864059516,0.00802202320099,0.0
20,20,0.337530046872,0.00733401264463,0.0
21,20,0.330761715753,0.00676833111899,0.0
22,20,0.324504540852,0.0062571749006,0.0
23,20,0.318674505711,0.00583003514154,0.00100016593933
24,20,0.313212800707,0.00546170500347,0.00100016593933
25,20,0.30808262464,0.00513017606735,0.0
26,20,0.303262867996,0.00481975664411,0.0
27,20,0.298696064268,0.00456680372783,0.0
28,20,0.294359008993,0.00433705527442,0.0
29,20,0.290234205723,0.00412480327061,0.0
30,20,0.286337652343,0.00389655338015,0.0
31,20,0.282612439905,0.00372521243777,0.0
32,20,0.279051248482,0.0035611914226,0.0
33,20,0.275638053077,0.00341319540569,0.00100016593933
34,20,0.272332297257,0.00330575581959,0.0
35,20,0.269158919266,0.00317337799072,0.000999927520752
36,20,0.266100941726,0.00305797754015,0.0
37,20,0.263148231915,0.00295270981107,0.0
38,20,0.260301889283,0.00284634263175,0.0
39,20,0.257558918408,0.00274297087533,0.0
40,20,0.254899835178,0.00265908323015,0.0
41,20,0.252273497377,0.00262633780071,0.0
42,20,0.249731453691,0.00254204368591,0.0
43,20,0.247248042515,0.00248341117586,0.0
44,20,0.244790404933,0.00245763758251,0.0
45,20,0.242399520397,0.00239088453565,0.0
46,20,0.240062804767,0.00233671563012,0.0
47,20,0.237772090571,0.0022907141958,0.0
48,20,0.235534652369,0.0022374382019,0.000999927520752
49,20,0.233334988867,0.00219966350283,0.0
50,20,0.231135192735,0.00219979613168,0.0
51,20,0.229002539294,0.00213265344075,0.0
52,20,0.226951957839,0.00205058145523,0.0
53,20,0.224919158254,0.00203279958452,0.0
54,20,0.222954756601,0.00196440165383,0.0
55,20,0.220994792121,0.00195996447972,0.0
56,20,0.219042467867,0.00195232425417,0.0
57,20,0.217145195348,0.0018972725187,0.0
58,20,0.215276719843,0.00186847550528,0.0
59,20,0.213418135234,0.00185858460835,0.000999927520752
60,20,0.211590576444,0.00182755878993,0.0
61,20,0.209776459013,0.00181411743164,0.0
62,20,0.20804459783,0.00173186118262,0.0
63,20,0.206334120001,0.00171047782898,0.0
64,20,0.20461507879,0.00171904121126,0.0
65,20,0.202934278624,0.00168080016545,0.0
66,20,0.201309874262,0.00162440436227,0.0
67,20,0.199684134279,0.00162573998315,0.0
68,20,0.198071351119,0.00161278315953,0.0
69,20,0.196467603207,0.00160374791282,0.0
70,20,0.194925493785,0.00154210942132,0.0
71,20,0.193377118792,0.00154837499346,0.0
72,20,0.19185824292,0.00151887587139,0.0
73,20,0.190364058495,0.0014941844259,0.0
74,20,0.18888479805,0.00147926044464,0.0
75,20,0.187443931307,0.00144086674282,0.0
76,20,0.185992841108,0.00145109019961,0.0
77,20,0.184602569512,0.00139027159555,0.0
78,20,0.183164800099,0.00143776941299,0.0
79,20,0.181795595169,0.0013692049299,0.0
80,20,0.18041381434,0.00138178082875,0.0
81,20,0.179037844794,0.00137596954618,0.0
82,20,0.177671455724,0.00136638907024,0.0
83,20,0.176324922425,0.00134653329849,0.0
84,20,0.175020052978,0.00130486944744,0.0
85,20,0.173707511561,0.00131254141671,0.0
86,20,0.1724363154,0.001271196161,0.0
87,20,0.17116101408,0.00127530132021,0.0
88,20,0.169915948663,0.00124506541661,0.0
89,20,0.168684228829,0.00123171983446,0.0
90,20,0.167456080232,0.00122814859663,0.0
91,20,0.166266799654,0.00118928057807,0.0
92,20,0.165073363645,0.00119343600954,0.0
93,20,0.163898145335,0.00117521830967,0.0
94,20,0.162717695509,0.00118044982638,0.0
95,20,0.161554927553,0.00116276795524,0.0
96,20,0.160405285972,0.00114964158194,0.0
97,20,0.159279300826,0.00112598514557,0.0
98,20,0.158135956015,0.00114334481103,0.000999927520752
99,20,0.15702631603,0.00110963998522,0.0
100,20,0.155914776257,0.00111153977258,0.0
101,20,0.154824759347,0.00109001691001,0.0
102,20,0.153736645426,0.00108811392103,0.000999927520752
103,20,0.152641191619,0.00109545380729,0.0
104,20,0.151590572834,0.00105061878477,0.0
105,20,0.150541303975,0.00104926885877,0.00100016593933
106,20,0.149494872229,0.0010464317458,0.0
107,20,0.148441793714,0.00105307851519,0.0
108,20,0.147436654023,0.00100513969149,0.0
109,20,0.146391890662,0.0010447633607,0.0
110,20,0.145407670566,0.000984220096043,0.0
111,20,0.144388901779,0.00101876878738,0.0
112,20,0.143416232382,0.000972669397082,0.0
113,20,0.142423444748,0.000992787633623,0.0
114,20,0.141463092668,0.000960352080209,0.000999927520752
115,20,0.140465247495,0.000997845172882,0.0
116,20,0.139485437666,0.000979809829167,0.0
117,20,0.138523258209,0.000962179456438,0.0
118,20,0.137589838914,0.00093341929572,0.0
119,20,0.136602369104,0.000987469809396,0.0
120,20,0.135674913679,0.000927455425262,0.0
121,20,0.134718568802,0.000956344876971,0.0
122,20,0.133787835189,0.000930733612605,0.0
123,20,0.132859587056,0.000928248132978,0.0
124,20,0.131952817099,0.000906769956861,0.0
125,20,0.131056976318,0.000895840781076,0.0
126,20,0.130152533872,0.000904442446573,0.0
127,20,0.129243121624,0.000909412247794,0.0
128,20,0.128375344208,0.000867777415684,0.0
129,20,0.127489235742,0.000886108466557,0.0
130,20,0.126646553448,0.000842682293483,0.0
131,20,0.125764681203,0.000881872245244,0.0
132,20,0.12490046978,0.000864211423057,0.0
133,20,0.124063385623,0.000837084157126,0.0
134,20,0.123201881613,0.000861504009792,0.0
135,20,0.12236423145,0.000837650162833,0.0
136,20,0.121534390109,0.000829841341291,0.0
137,20,0.120725709302,0.000808680806841,0.0
138,20,0.119892605305,0.000833103997367,0.0
139,20,0.119053286348,0.000839318956648,0.0
140,20,0.118271441732,0.000781844615936,0.0
141,20,0.117464511531,0.000806930201394,0.0
142,20,0.116663743564,0.000800767966679,0.0
143,20,0.115874248913,0.000789494650704,0.0
144,20,0.115090581621,0.000783667291914,0.0
145,20,0.114315372263,0.00077520935876,0.0
146,20,0.113531377043,0.000783995219639,0.0
147,20,0.112762652057,0.000768724986485,0.0
148,20,0.111989417349,0.000773234707969,0.0
149,20,0.11121981614,0.000769601208823,0.0
150,20,0.110485482352,0.000734333787646,0.0
151,20,0.109755121299,0.000730361052922,0.0
152,20,0.10901243639,0.000742684909276,0.0
153,20,0.108270727089,0.00074170930045,0.0
154,20,0.107572978292,0.00069774879728,0.0
155,20,0.106813880035,0.000759098257337,0.0
156,20,0.106106356144,0.000707523890904,0.0
157,20,0.105384805679,0.00072155046463,0.0
158,20,0.104696113518,0.000688692161015,0.0
159,20,0.103999573912,0.000696539606367,0.0
160,20,0.103284156254,0.00071541765758,0.0
161,20,0.102583872455,0.000700283799853,0.0
162,20,0.101895136969,0.000688735485077,0.0
163,20,0.10122179481,0.000673342159816,0.0
164,20,0.1005304842,0.00069131061009,0.0
165,20,0.0998688674654,0.000661616734096,0.0
166,20,0.0991726185935,0.00069624887194,0.0
167,20,0.0985269424575,0.000645676136017,0.0
168,20,0.0978745880808,0.000652354376657,0.0
169,20,0.0972126045908,0.00066198348999,0.0
170,20,0.0965389225824,0.000673682008471,0.0
171,20,0.0959026605061,0.000636262076242,0.0
172,20,0.0952747981889,0.000627862317222,0.0
173,20,0.0946248972075,0.000649900981358,0.0
174,20,0.0940067729269,0.000618124280657,0.0
175,20,0.0933878022603,0.000618970666613,0.0
176,20,0.0927466973577,0.00064110490254,0.0
177,20,0.0921372081893,0.00060948916844,0.0
178,20,0.0915209507942,0.000616257395063,0.0
179,20,0.0908995720318,0.000621378762381,0.0
180,20,0.0903155111585,0.000584060873304,0.0
181,20,0.089711660862,0.000603850296565,0.0
182,20,0.0891194907597,0.000592170102256,0.0
183,20,0.0885153933934,0.000604097366333,0.0
184,20,0.0879180744716,0.00059731892177,0.0
185,20,0.0873647790636,0.000553295407976,0.0
186,20,0.086783994266,0.000580784797668,0.0
187,20,0.0861985740662,0.000585420199803,0.0
188,20,0.0856457370349,0.000552837031228,0.0
189,20,0.0850732379641,0.000572499070849,0.00100016593933
190,20,0.0845091321809,0.00056410578319,0.0
191,20,0.0839677470752,0.000541385105678,0.0
192,20,0.08340330519,0.000564441885267,0.0
193,20,0.0828700948443,0.000533210345677,0.0
194,20,0.0822882293292,0.000581865515028,0.0
195,20,0.0817727085522,0.000515520777021,0.0
196,20,0.0812525186539,0.000520189898355,0.0
197,20,0.0807057719912,0.000546746662685,0.0
198,20,0.0801879104887,0.000517861502511,0.000999927520752
199,20,0.0796463885989,0.000541521889823,0.0
200,20,0.0791348511151,0.00051153748376,0.0
201,20,0.0786202280862,0.000514623028891,0.0
202,20,0.0780927085195,0.000527519566672,0.0
203,20,0.0775869825227,0.000505725996835,0.0
204,20,0.0770924734388,0.000494509083884,0.0
205,20,0.0765630349432,0.000529438495636,0.0
206,20,0.0760824489594,0.000480585983821,0.0
207,20,0.075558201858,0.000524247101375,0.0
208,20,0.0751118450846,0.000446356773376,0.0
209,20,0.0745873740741,0.000524471010481,0.0
210,20,0.0741300242969,0.000457349777222,0.0
211,20,0.0736433307784,0.000486693518502,0.0
212,20,0.073147989205,0.000495341573443,0.0
213,20,0.0726770010676,0.000470988137381,0.0
214,20,0.0721969407627,0.000480060304914,0.0
215,20,0.0717391804968,0.000457760265895,0.0
216,20,0.0712726351874,0.000466545309339,0.0
217,20,0.0708035338266,0.000469101360866,0.0
218,20,0.0703585014343,0.000445032392229,0.0
219,20,0.0698947094509,0.000463791983468,0.0
220,20,0.0694350010327,0.000459708418165,0.0
221,20,0.068983955792,0.000451045240675,0.0
222,20,0.0685346728734,0.000449282918658,0.0
223,20,0.0680731949806,0.000461477892739,0.0
224,20,0.067630602496,0.00044259248461,0.0
225,20,0.0672004109791,0.000430191516876,0.0
226,20,0.066757351126,0.000443059853145,0.00100016593933
227,20,0.0663072145326,0.00045013659341,0.0
228,20,0.0659026726995,0.00040454183306,0.0
229,20,0.0654656417029,0.000437030996595,0.0
230,20,0.0650235054834,0.00044213621957,0.0
231,20,0.0646174729892,0.000406032494136,0.000999927520752
232,20,0.0641832746778,0.000434198311397,0.0
233,20,0.0637691691944,0.000414105483464,0.0
234,20,0.0633493535859,0.000419815608433,0.0
235,20,0.0629388912065,0.000410462379456,0.0
236,20,0.0625322492463,0.000406641960144,0.0
237,20,0.0621158513342,0.000416397912162,0.0
238,20,0.0617090599877,0.000406791346414,0.0
239,20,0.0612950429916,0.000414016996111,0.0
240,20,0.0609155943734,0.000379448618208,0.0
241,20,0.0605031360899,0.000412458283561,0.0
242,20,0.0601225261688,0.000380609921047,0.0
243,20,0.0597079355376,0.000414590631213,0.000999927520752
244,20,0.0593705825124,0.000337353025164,0.0
245,20,0.0589373166221,0.000433265890394,0.0
246,20,0.0585919387,0.000345377922058,0.00100016593933
247,20,0.0581884833745,0.000403455325535,0.0
248,20,0.0578153545516,0.000373128822872,0.0
249,20,0.0574421694619,0.000373185089656,0.0
250,20,0.0570874133791,0.000354756082807,0.0
251,20,0.0567051407269,0.000382272652217,0.0
252,20,0.0563412926538,0.000363848073142,0.0
253,20,0.0559847704342,0.000356522219522,0.0
254,20,0.0556100847381,0.000374685696193,0.0
255,20,0.0552567286491,0.000353356088911,0.0
256,20,0.0549265089035,0.000330219745636,0.0
257,20,0.0545662537983,0.000360255105155,0.0
258,20,0.0542178707804,0.000348383017949,0.0
259,20,0.0538835815702,0.000334289210183,0.0
260,20,0.0535265819686,0.000356999601637,0.0
261,20,0.0531804271426,0.000346154826028,0.0
262,20,0.0528543300629,0.000326097079686,0.0
263,20,0.0525149168287,0.000339413234166,0.0
264,20,0.0522024972779,0.000312419550759,0.0
265,20,0.0518642561095,0.000338241168431,0.0
266,20,0.0515429323741,0.000321323735373,0.0
267,20,0.0511957853862,0.000347146987915,0.0
268,20,0.0508940388135,0.000301746572767,0.0
269,20,0.0505638268335,0.000330211980002,0.0
270,20,0.0502707407134,0.000293086120061,0.0
271,20,0.0499404623168,0.000330278396606,0.00100016593933
272,20,0.049645707471,0.000294754845755,0.0
273,20,0.0493304405894,0.00031526688167,0.0
274,20,0.0490252241407,0.000305216448648,0.0
275,20,0.0487104642732,0.000314759867532,0.0
276,20,0.0484272535869,0.000283210686275,0.00100016593933
277,20,0.0481160481317,0.000311205455235,0.0
278,20,0.0478214720317,0.000294576099941,0.0
279,20,0.0475275536265,0.00029391840526,0.0
280,20,0.047240393298,0.000287160328456,0.000999927520752
281,20,0.046963085992,0.000277307306017,0.0
282,20,0.0466640426091,0.000299043382917,0.0
283,20,0.0463750114441,0.000289031164987,0.0
284,20,0.0460932241167,0.000281787327358,0.0
285,20,0.0458240323748,0.000269191741943,0.0
286,20,0.0455221774919,0.000301854882921,0.0
287,20,0.0452817886897,0.00024038880212,0.0
288,20,0.0449682775906,0.000313511099134,0.0
289,20,0.0447026044301,0.000265673160553,0.0
290,20,0.0444532902581,0.000249314171927,0.0
291,20,0.0441646065031,0.000288683755057,0.0
292,20,0.0439208721433,0.000243734359741,0.0
293,20,0.0436443867683,0.000276485374996,0.0
294,20,0.0433852189609,0.000259167807443,0.0
295,20,0.0431259756088,0.000259243352073,0.0
296,20,0.0428692376954,0.000256737913404,0.0
297,20,0.0426148227283,0.000254414967128,0.0
298,20,0.0423633212362,0.000251501492092,0.0
299,20,0.0421139500482,0.000249371188028,0.0
300,20,0.0418532832691,0.000260666779109,0.0
301,20,0.0416266383444,0.000226644924709,0.0
302,20,0.0413559751511,0.000270663193294,0.0
303,20,0.041123207501,0.000232767650059,0.0
304,20,0.0408785052299,0.000244702271053,0.0
305,20,0.0406498921258,0.000228613104139,0.0
306,20,0.0404072014264,0.000242690699441,0.0
307,20,0.0401683791024,0.000238822323935,0.0
308,20,0.0399551831654,0.00021319593702,0.0
309,20,0.0397013974871,0.000253785678319,0.0
310,20,0.0394736155782,0.000227781908853,0.0
311,20,0.0392456055369,0.000228010041373,0.0
312,20,0.0390118700436,0.000233735493251,0.0
313,20,0.038788824422,0.0002230456216,0.0
314,20,0.0385747871399,0.000214037282126,0.0
315,20,0.0383450734275,0.00022971371242,0.0
316,20,0.0381284952845,0.000216578142984,0.0
317,20,0.0379120261329,0.000216469151633,0.0
318,20,0.0376915516853,0.000220474447523,0.000999927520752
319,20,0.0374762001719,0.000215351513454,0.0
320,20,0.0372770075117,0.000199192660195,0.0
321,20,0.0370577267238,0.000219280787877,0.0
322,20,0.0368508133207,0.000206913403102,0.0
323,20,0.0366353477069,0.000215465613774,0.0
324,20,0.0364401135445,0.000195234162467,0.0
325,20,0.0362164742606,0.000223639283861,0.0
326,20,0.0360332354818,0.000183238778796,0.0
327,20,0.0358131421634,0.000220093318394,0.0
328,20,0.0356322755814,0.000180866582053,0.0
329,20,0.0354164265905,0.000215848990849,0.0
330,20,0.0352343670981,0.000182059492384,0.0
331,20,0.0350209994997,0.000213367598397,0.0
332,20,0.0348515394756,0.000169460024152,0.0
333,20,0.0346499750955,0.000201564380101,0.0
334,20,0.0344553203583,0.0001946547372,0.0
335,20,0.0342601180077,0.000195202350616,0.000999927520752
336,20,0.0340961637497,0.000163954257965,0.0
337,20,0.0338906829698,0.00020548077992,0.00100016593933
338,20,0.0337155968121,0.000175086157662,0.0
339,20,0.0335293073654,0.000186289446695,0.0
340,20,0.0333425497328,0.000186757632664,0.0
341,20,0.0331563221387,0.000186227594103,0.0
342,20,0.0329844480242,0.000171874114445,0.0
343,20,0.032812721593,0.000171726431165,0.0
344,20,0.0326293552262,0.000183366366795,0.0
345,20,0.0324491036279,0.000180251598358,0.0
346,20,0.0322832221985,0.0001658814294,0.0
347,20,0.0321139215742,0.000169300624302,0.0
348,20,0.0319363354955,0.000177586078644,0.0
349,20,0.0317616680009,0.000174667494638,0.0
350,20,0.0315946746554,0.000166993345533,0.0
351,20,0.0314311762537,0.000163498401642,0.0
352,20,0.0312576758521,0.000173500401633,0.0
353,20,0.03110067279,0.000157003062112,0.0
354,20,0.0309394920894,0.000161180700575,0.0
355,20,0.0307784080505,0.000161084038871,0.0
356,20,0.03060404362,0.000174364430564,0.0
357,20,0.030440394061,0.000163649559021,0.0
358,20,0.03030262443,0.000137769630977,0.0
359,20,0.030139534814,0.000163089615958,0.0
360,20,0.0299754980632,0.000164036750793,0.0
361,20,0.0298263831139,0.000149114949363,0.0
362,20,0.0296712873323,0.000155095781599,0.0
363,20,0.0295108022009,0.0001604851314,0.0
364,20,0.029358173711,0.000152628489903,0.0
365,20,0.0292145662308,0.000143607480185,0.0
366,20,0.0290727876254,0.000141778605325,0.0
367,20,0.0289015501567,0.000171237468719,0.0
368,20,0.0287732445172,0.000128305639539,0.0
369,20,0.0286178147452,0.000155429771968,0.0
370,20,0.0284787163734,0.000139098371778,0.0
371,20,0.0283349140031,0.000143802370344,0.0
372,20,0.0281832299232,0.000151684079851,0.0
373,20,0.0280433257648,0.000139904158456,0.0
374,20,0.0279052035468,0.000138122217996,0.0
375,20,0.0277707029751,0.00013450057166,0.0
376,20,0.0276183345658,0.000152368409293,0.0
377,20,0.0274934451921,0.000124889373779,0.0
378,20,0.0273459310532,0.000147514138903,0.0
379,20,0.0272243824005,0.000121548652649,0.0
380,20,0.0270746258327,0.000149756567819,0.0
381,20,0.0269357643809,0.00013886145183,0.0
382,20,0.0268192678179,0.000116496562958,0.0
383,20,0.0266771120344,0.000142155783517,0.0
384,20,0.0265543776921,0.000122734342303,0.0
385,20,0.0264139300755,0.000140447616577,0.0
386,20,0.0262894958769,0.000124434198652,0.0
387,20,0.0261655292511,0.000123966625759,0.0
388,20,0.026032816955,0.000132712296077,0.0
389,20,0.0259134050097,0.000119411945343,0.0
390,20,0.0257777787617,0.000135626247951,0.0
391,20,0.0256595886775,0.000118190084185,0.0
392,20,0.0255316329684,0.000127955709185,0.0
393,20,0.0254107591765,0.000120873791831,0.0
394,20,0.0252867672784,0.000123991898128,0.0
395,20,0.0251672800609,0.000119487217494,0.0
396,20,0.0250417968205,0.0001254832404,0.0
397,20,0.0249300428118,0.000111754008702,0.0
398,20,0.0248090474265,0.000120995385306,0.0
399,20,0.0246897645678,0.000119282858712,0.000999927520752
400,20,0.0245805028507,0.000109261717115,0.0
401,20,0.0244653400694,0.000115162781307,0.0
402,20,0.0243430401257,0.000122299943651,0.0
403,20,0.0242255788531,0.000117461272648,0.0
404,20,0.0241208384378,0.000104740415301,0.0
405,20,0.0240004341943,0.000120404243469,0.0
406,20,0.0238997968265,0.000100637367793,0.0
407,20,0.0237799164227,0.000119880403791,0.0
408,20,0.0236741890226,0.000105727400099,0.0
409,20,0.023565317767,0.000108871255602,0.0
410,20,0.0234526083129,0.000112709454128,0.0
411,20,0.0233405313492,0.000112076963697,0.0
412,20,0.0232397794042,0.000100751944951,0.0
413,20,0.0231350370816,0.000104742322649,0.0
414,20,0.0230276736532,0.000107363428388,0.0
415,20,0.0229096947398,0.000117978913443,0.0
416,20,0.022817237854,9.24568857465e-05,0.0
417,20,0.0227160394532,0.00010119840077,0.0
418,20,0.0226076587268,0.000108380726406,0.0
419,20,0.0225071772167,0.000100481510162,0.0
420,20,0.0224009838104,0.000106193406241,0.0
421,20,0.0223086254937,9.2358316694e-05,0.0
422,20,0.0222043102128,0.000104315280914,0.0
423,20,0.022097209113,0.000107101099832,0.0
424,20,0.0219992002078,9.80089051383e-05,0.0
425,20,0.0218990109989,0.000100189208984,0.0
426,20,0.0218044441087,9.45668901716e-05,0.000999927520752
427,20,0.0217052824838,9.91616249084e-05,0.0
428,20,0.0216152984074,8.99840763637e-05,0.0
429,20,0.021521701404,9.35970033918e-05,0.0
430,20,0.0214186335972,0.000103067806789,0.0
431,20,0.0213283790861,9.0254511152e-05,0.0
432,20,0.0212366549628,9.17241232736e-05,0.0
433,20,0.0211419331006,9.4721862248e-05,0.0
434,20,0.0210445273263,9.74057742528e-05,0.0
435,20,0.0209593256542,8.52016721453e-05,0.000999927520752
436,20,0.0208638970511,9.54286030361e-05,0.0
437,20,0.0207761531557,8.77438953944e-05,0.0
438,20,0.0206829510416,9.32021141052e-05,0.0
439,20,0.0205936271804,8.93238612584e-05,0.0
440,20,0.0205025779179,9.10492624555e-05,0.0
441,20,0.0204206350871,8.19428307669e-05,0.0
442,20,0.0203230598313,9.75752558027e-05,0.0
443,20,0.0202487324987,7.43273326329e-05,0.0
444,20,0.0201492375646,9.9494934082e-05,0.0
445,20,0.0200683560371,8.0881527492e-05,0.0
446,20,0.0199901422092,7.82138279506e-05,0.0
447,20,0.0198987367494,9.14054598127e-05,0.0
448,20,0.0198164000511,8.23366982596e-05,0.0
449,20,0.019735677106,8.07229450771e-05,0.0
450,20,0.0196490881784,8.65889276777e-05,0.0
451,20,0.0195646278518,8.44603266035e-05,0.0
452,20,0.0194862802369,7.83476148333e-05,0.0
453,20,0.0194019959995,8.42842374529e-05,0.00100016593933
454,20,0.019324360575,7.76354244777e-05,0.0
455,20,0.0192448024069,7.95581681388e-05,0.0
456,20,0.0191624257905,8.23766163417e-05,0.0
457,20,0.0190873478481,7.50779424395e-05,0.0
458,20,0.0190025020327,8.48458153861e-05,0.0
459,20,0.0189310312952,7.14707374573e-05,0.0
460,20,0.0188508535794,8.01777158465e-05,0.0
461,20,0.0187712247031,7.96288762774e-05,0.0
462,20,0.0186930563109,7.81683921814e-05,0.0
463,20,0.0186224111148,7.06451960972e-05,0.0
464,20,0.0185519332205,7.04778943743e-05,0.000999927520752
465,20,0.0184688611712,8.30720492772e-05,0.0
466,20,0.0183964381899,7.24229812622e-05,0.0
467,20,0.0183196431569,7.67950330462e-05,0.00100016593933
468,20,0.0182525093896,6.71337672643e-05,0.0
469,20,0.0181793927465,7.31166430882e-05,0.0
470,20,0.0181018776212,7.75151252747e-05,0.0
471,20,0.0180314290183,7.04486029489e-05,0.0
472,20,0.0179651768548,6.62521634783e-05,0.0
473,20,0.0178849002974,8.02765573774e-05,0.0
474,20,0.0178195730618,6.53272356306e-05,0.0
475,20,0.0177510035379,6.85695239476e-05,0.0
476,20,0.017678340435,7.26631028312e-05,0.0
477,20,0.0176073867934,7.0953641619e-05,0.000999927520752
478,20,0.0175423310825,6.50557109288e-05,0.0
479,20,0.0174702971322,7.20339502607e-05,0.0
480,20,0.0174022790364,6.80180958339e-05,0.0
481,20,0.0173412453106,6.10337257385e-05,0.0
482,20,0.0172713802201,6.98650905064e-05,0.0
483,20,0.0172019324984,6.94477217538e-05,0.0
484,20,0.0171357697759,6.61627224513e-05,0.0
485,20,0.0170699618203,6.58079556056e-05,0.0
486,20,0.0170077078683,6.22539520264e-05,0.0
487,20,0.0169462606566,6.14472116743e-05,0.0
488,20,0.0168749779974,7.12826592582e-05,0.0
489,20,0.0168124192102,6.25587872097e-05,0.0
490,20,0.0167489380155,6.34811946324e-05,0.0
491,20,0.0166892330306,5.97049849374e-05,0.0
492,20,0.016619302954,6.99300765991e-05,0.0
493,20,0.0165561288425,6.31741115025e-05,0.0
494,20,0.0165005494526,5.55793898446e-05,0.0
495,20,0.0164364669664,6.40824862889e-05,0.0
496,20,0.0163767057828,5.97611836025e-05,0.0
497,20,0.0163135407312,6.31650515965e-05,0.0
498,20,0.0162528196062,6.07211249215e-05,0.0
499,20,0.016189607484,6.3212122236e-05,0.0
500,20,0.0161343209403,5.52865437099e-05,0.0
