1,450,2.26916424464,Nan,0.0
2,450,2.23839443146,0.0307698131743,0.0
3,450,2.21071519398,0.0276792374868,0.000999927520752
4,450,2.18505405729,0.0256611366877,0.0
5,450,2.16095583235,0.0240982249426,0.0
6,450,2.13804578993,0.0229100424146,0.0
7,450,2.11595585657,0.0220899333651,0.0
8,450,2.09435932947,0.0215965270996,0.0
9,450,2.07291922433,0.0214401051355,0.0
10,450,2.0514902678,0.0214289565313,0.0
11,450,2.02998239669,0.0215078711131,0.0
12,450,2.00833964272,0.0216427539644,0.0
13,450,1.98641325693,0.0219263857887,0.0
14,450,1.96421925863,0.0221939983065,0.00100016593933
15,450,1.94179956103,0.022419697595,0.0
16,450,1.91913681999,0.0226627410404,0.0
17,450,1.89634513492,0.0227916850741,0.0
18,450,1.87337525383,0.022969881088,0.0
19,450,1.85016814943,0.0232071043953,0.0
20,450,1.82690907312,0.0232590763153,0.0
21,450,1.80373825315,0.0231708199637,0.0
22,450,1.7806551131,0.0230831400553,0.0
23,450,1.7575646464,0.0230904666961,0.0
24,450,1.73452904111,0.0230356052944,0.0
25,450,1.7116087632,0.0229202779134,0.0
26,450,1.68877940829,0.0228293549068,0.0
27,450,1.66607827081,0.0227011374822,0.0
28,450,1.64352148389,0.0225567869156,0.0
29,450,1.62113398476,0.0223874991281,0.0
30,450,1.59889457339,0.0222394113692,0.0
31,450,1.57677754236,0.0221170310369,0.0
32,450,1.55480250041,0.0219750419496,0.0
33,450,1.53301158602,0.0217909143841,0.0
34,450,1.51139441596,0.0216171700614,0.0
35,450,1.48993880741,0.0214556085496,0.0
36,450,1.46865536765,0.0212834397573,0.0
37,450,1.4476032136,0.0210521540566,0.0
38,450,1.42685642424,0.020746789357,0.0
39,450,1.40643552387,0.0204209003751,0.0
40,450,1.38630729675,0.0201282271128,0.0
41,450,1.36647309803,0.0198341987247,0.0
42,450,1.34690572708,0.0195673709446,0.0
43,450,1.32765816825,0.019247558836,0.00100016593933
44,450,1.30878253997,0.0188756282746,0.0
45,450,1.29024818663,0.0185343533471,0.0
46,450,1.27206331889,0.0181848677378,0.0
47,450,1.25421810695,0.0178452119373,0.0
48,450,1.23673827035,0.0174798366002,0.0
49,450,1.21963535854,0.0171029118129,0.0
50,450,1.20290185474,0.0167335037958,0.0
51,450,1.18650783599,0.0163940187484,0.0
52,450,1.17049198332,0.0160158526708,0.0
53,450,1.15483810909,0.0156538742308,0.0
54,450,1.13951095823,0.0153271508595,0.0
55,450,1.12452612983,0.014984828404,0.0
56,450,1.10987947979,0.0146466500419,0.0
57,450,1.09555383591,0.0143256438725,0.0
58,450,1.08156465803,0.0139891778855,0.0
59,450,1.06791102939,0.0136536286369,0.0
60,450,1.05456840878,0.0133426206074,0.0
61,450,1.04151774936,0.0130506594219,0.0
62,450,1.02876258487,0.0127551644946,0.0
63,450,1.01632101392,0.012441570948,0.0
64,450,1.00418143984,0.0121395740812,0.0
65,450,0.99234330798,0.0118381318592,0.0
66,450,0.980806590489,0.0115367174905,0.0
67,450,0.969567924378,0.0112386661106,0.0
68,450,0.958616951836,0.0109509725419,0.0
69,450,0.94794280037,0.010674151466,0.0
70,450,0.937535670447,0.0104071299235,0.0
71,450,0.927382095579,0.0101535748679,0.0
72,450,0.917480058216,0.0099020373632,0.0
73,450,0.907830901373,0.00964915684291,0.0
74,450,0.898431946285,0.00939895508781,0.0
75,450,0.889264843653,0.00916710263207,0.0
76,450,0.880319664365,0.00894517928835,0.0
77,450,0.871596806844,0.00872285752069,0.0
78,450,0.863094218421,0.00850258842347,0.0
79,450,0.854804797702,0.00828942071824,0.0
80,450,0.84671767583,0.00808712187267,0.0
81,450,0.838824039035,0.00789363679432,0.0
82,450,0.831111840142,0.00771219889323,0.0
83,450,0.823584926545,0.00752691359747,0.0
84,450,0.816233248029,0.00735167851524,0.0
85,450,0.809055232699,0.00717801533048,0.0
86,450,0.802045469738,0.00700976296077,0.0
87,450,0.795197847154,0.00684762258378,0.0
88,450,0.788505579631,0.00669226752387,0.0
89,450,0.781964530339,0.00654104929122,0.0
90,450,0.775570620582,0.0063939097571,0.0
91,450,0.769317490108,0.00625313047379,0.0
92,450,0.763204620604,0.0061128695049,0.0
93,450,0.757227046906,0.00597757369753,0.0
94,450,0.75138088408,0.0058461628263,0.0
95,450,0.745661793058,0.00571909102183,0.0
96,450,0.740068577358,0.00559321570018,0.0
97,450,0.734595455594,0.00547312176417,0.0
98,450,0.729237383888,0.00535807170565,0.0
99,450,0.723991845752,0.00524553813632,0.0
100,450,0.718855807592,0.00513603815957,0.0
101,450,0.713827278501,0.00502852909149,0.0
102,450,0.708902828277,0.00492445022341,0.0
103,450,0.704076844473,0.00482598380437,0.0
104,450,0.69934624021,0.00473060426258,0.0
105,450,0.694710286458,0.00463595375182,0.0
106,450,0.690168594481,0.00454169197688,0.0
107,450,0.685715818859,0.00445277562217,0.0
108,450,0.681347313533,0.00436850532653,0.000999927520752
109,450,0.677062746078,0.0042845674545,0.0
110,450,0.672858688112,0.00420405796596,0.0
111,450,0.668735917712,0.00412277040027,0.0
112,450,0.664690513005,0.00404540470668,0.0
113,450,0.660721599034,0.00396891397143,0.0
114,450,0.656826219105,0.00389537992932,0.0
115,450,0.653001642984,0.00382457612053,0.0
116,450,0.649247618176,0.00375402480837,0.0
117,450,0.645562092615,0.00368552556114,0.0
118,450,0.641942651537,0.00361944107782,0.00100016593933
119,450,0.638386946179,0.00355570535811,0.0
120,450,0.634894009545,0.00349293663388,0.000999927520752
121,450,0.631462132893,0.00343187665182,0.0
122,450,0.628090840294,0.00337129259866,0.0
123,450,0.624778811137,0.00331202915737,0.0
124,450,0.621522552248,0.00325625888885,0.0
125,450,0.618321580433,0.00320097181532,0.0
126,450,0.615173902966,0.00314767746698,0.0
127,450,0.612078383915,0.00309551905072,0.000999927520752
128,450,0.609033437456,0.0030449464586,0.0
129,450,0.606037114461,0.00299632299514,0.0
130,450,0.603088576302,0.00294853815957,0.0
131,450,0.600186548384,0.00290202791729,0.0
132,450,0.597329974099,0.0028565742856,0.0
133,450,0.594518982418,0.00281099168081,0.0
134,450,0.591753547911,0.00276543450734,0.0
135,450,0.589030498928,0.00272304898217,0.0
136,450,0.586347092523,0.00268340640598,0.00100016593933
137,450,0.583704289028,0.00264280349489,0.0
138,450,0.581101784479,0.00260250454857,0.000999927520752
139,450,0.578537831988,0.0025639524914,0.0
140,450,0.576012501792,0.00252533019535,0.0
141,450,0.573523908343,0.00248859344967,0.0
142,450,0.571070999267,0.00245290907602,0.0
143,450,0.568652964395,0.00241803487142,0.0
144,450,0.566269292075,0.00238367232065,0.0
145,450,0.563919540284,0.00234975179036,0.0
146,450,0.561601900373,0.00231763991099,0.0
147,450,0.559316879151,0.00228502122183,0.0
148,450,0.557063687642,0.00225319150894,0.0
149,450,0.554840899271,0.00222278837174,0.0
150,450,0.552648539467,0.00219235980321,0.0
151,450,0.550485181657,0.00216335781037,0.0
152,450,0.548351293897,0.00213388776022,0.0
153,450,0.546245789301,0.00210550459604,0.0
154,450,0.544168158637,0.00207763066367,0.0
155,450,0.542117978051,0.00205018058656,0.0
156,450,0.540094683814,0.00202329423692,0.0
157,450,0.538097786071,0.00199689774286,0.0
158,450,0.536127372015,0.00197041405572,0.0
159,450,0.534181602115,0.00194576990037,0.0
160,450,0.532261217511,0.00192038460383,0.0
161,450,0.530364781334,0.0018964361766,0.0
162,450,0.528492380778,0.00187240055629,0.0
163,450,0.526643436371,0.00184894440666,0.0
164,450,0.524817837306,0.0018255990649,0.0
165,450,0.523014457945,0.00180337936159,0.0
166,450,0.521232906523,0.00178155142163,0.0
167,450,0.519472331698,0.00176057482523,0.0
168,450,0.517733137343,0.00173919435531,0.0
169,450,0.516013528733,0.00171960860964,0.0
170,450,0.514314642407,0.00169888632638,0.0
171,450,0.512636044215,0.001678598192,0.0
172,450,0.510976506188,0.00165953802684,0.0
173,450,0.509336245703,0.00164026048448,0.0
174,450,0.507715081714,0.00162116398887,0.00100016593933
175,450,0.506112207685,0.00160287402925,0.0
176,450,0.504527397156,0.00158481052944,0.0
177,450,0.502960192362,0.00156720479329,0.0
178,450,0.501409735907,0.00155045645578,0.0
179,450,0.499876919095,0.00153281681121,0.0
180,450,0.498361546955,0.00151537214007,0.0
181,450,0.496862984915,0.00149856204078,0.0
182,450,0.495380527557,0.00148245735774,0.0
183,450,0.493914580572,0.00146594698467,0.0
184,450,0.492464187259,0.00145039331345,0.0
185,450,0.491029549856,0.00143463740273,0.0
186,450,0.489609651717,0.00141989813911,0.0
187,450,0.488204004197,0.00140564752004,0.0
188,450,0.486812744746,0.00139125945076,0.0
189,450,0.485435973879,0.00137677086724,0.0
190,450,0.484073310731,0.00136266314794,0.0
191,450,0.482724588182,0.00134872254871,0.0
192,450,0.481389689975,0.00133489820692,0.0
193,450,0.480067994254,0.00132169572134,0.0
194,450,0.478759775919,0.00130821833535,0.0
195,450,0.477464658344,0.00129511757502,0.0
196,450,0.476182647584,0.00128201075963,0.0
197,450,0.474913617694,0.00126902988979,0.0
198,450,0.473656881423,0.00125673627097,0.0
199,450,0.472412144494,0.00124473692879,0.0
200,450,0.47117905208,0.00123309241401,0.0
201,450,0.469957958403,0.00122109367734,0.0
202,450,0.468749650622,0.00120830778092,0.0
203,450,0.467552947393,0.00119670322963,0.0
204,450,0.466367791796,0.00118515559605,0.0
205,450,0.465193335518,0.00117445627848,0.0
206,450,0.464029562814,0.00116377270411,0.0
207,450,0.462877410404,0.00115215240963,0.0
208,450,0.461735673329,0.00114173707508,0.0
209,450,0.460604552012,0.00113112131755,0.0
210,450,0.459483718872,0.00112083313957,0.0
211,450,0.458373399765,0.0011103191073,0.0
212,450,0.45727284931,0.00110055045476,0.0
213,450,0.456181832571,0.00109101673913,0.0
214,450,0.455100860596,0.00108097197518,0.0
215,450,0.454029143197,0.00107171739851,0.0
216,450,0.45296694256,0.00106220063709,0.0
217,450,0.451913527837,0.00105341472323,0.0
218,450,0.450869543287,0.00104398454939,0.0
219,450,0.449833753071,0.00103579021636,0.0
220,450,0.448807136293,0.00102661677769,0.0
221,450,0.447789447724,0.00101768856957,0.000999927520752
222,450,0.446780241709,0.00100920601497,0.0
223,450,0.445779319037,0.00100092267233,0.0
224,450,0.44478692857,0.000992390466115,0.0
225,450,0.443802768162,0.000984160408141,0.0
226,450,0.442826765757,0.00097600240556,0.0
227,450,0.441858818418,0.000967947339255,0.0
228,450,0.440898613097,0.000960205320328,0.0
229,450,0.439946467082,0.00095214601547,0.0
230,450,0.439001991635,0.000944475446429,0.0
231,450,0.438065723238,0.00093626839774,0.0
232,450,0.437138158405,0.000927564832899,0.0
233,450,0.436217108832,0.000921049572173,0.0
234,450,0.435302655659,0.000914453173441,0.0
235,450,0.434395027766,0.000907627892873,0.0
236,450,0.433495373802,0.000899653964572,0.0
237,450,0.432602483961,0.000892889840262,0.0
238,450,0.431716360062,0.00088612389943,0.0
239,450,0.430837285481,0.000879074581086,0.0
240,450,0.429965825762,0.000871459718735,0.0
241,450,0.429100984846,0.000864840916225,0.0
242,450,0.428242070032,0.000858914814298,0.0
243,450,0.4273901567,0.000851913331047,0.0
244,450,0.426544634501,0.000845522199358,0.0
245,450,0.425704345098,0.000840289403522,0.0
246,450,0.424870277889,0.000834067208426,0.000999927520752
247,450,0.424043031723,0.000827246166411,0.0
248,450,0.4232223099,0.000820721823072,0.000999927520752
249,450,0.422407227168,0.000815082731701,0.0
250,450,0.421598268539,0.000808958628821,0.0
251,450,0.420795231168,0.000803037370954,0.0
252,450,0.419997645787,0.000797585381402,0.0
253,450,0.419205674671,0.000791971115839,0.000999927520752
254,450,0.418419414096,0.000786260574583,0.0
255,450,0.417638089013,0.00078132508293,0.0
256,450,0.416862255884,0.000775833129883,0.0
257,450,0.416090653435,0.000771602448963,0.0
258,450,0.415324652536,0.000766000899057,0.0
259,450,0.414564413646,0.000760238889664,0.0
260,450,0.413809210157,0.000755203489273,0.00100016593933
261,450,0.413059597924,0.000749612232995,0.0
262,450,0.412314519125,0.000745078798324,0.0
263,450,0.411574044606,0.000740474519276,0.0
264,450,0.410839212206,0.000734832400367,0.0
265,450,0.410108870249,0.000730341956729,0.0
266,450,0.409383271232,0.000725599016462,0.0
267,450,0.408662473891,0.000720797341967,0.000999927520752
268,450,0.407946744041,0.000715729849679,0.0
269,450,0.407235783774,0.000710960267082,0.0
270,450,0.406529776558,0.000706007215712,0.0
271,450,0.405828429328,0.000701347229973,0.000999927520752
272,450,0.40513194614,0.000696483188205,0.0
273,450,0.404439969138,0.000691977001372,0.0
274,450,0.403751613677,0.000688355461,0.0019998550415
275,450,0.403067571246,0.000684042431059,0.0
276,450,0.402388520014,0.000679051232716,0.0
277,450,0.401714399429,0.000674120585124,0.0
278,450,0.401044626387,0.000669773041256,0.0
279,450,0.400378524538,0.000666101849268,0.0
280,450,0.399715160794,0.000663363744342,0.0
281,450,0.399055833362,0.000659327431331,0.0
282,450,0.398401059347,0.000654774014912,0.0
283,450,0.397750763666,0.000650295681424,0.0
284,450,0.397104616922,0.000646146744017,0.0
285,450,0.396462432619,0.00064218430292,0.000999927520752
286,450,0.395824296739,0.000638135879759,0.0
287,450,0.395190159026,0.00063413771372,0.0
288,450,0.39456049904,0.000629659985739,0.0
289,450,0.393935003129,0.000625495910645,0.0
290,450,0.393313361879,0.000621641249884,0.0
291,450,0.392695720612,0.000617641267322,0.0
292,450,0.392082234943,0.000613485669333,0.0
293,450,0.391471643599,0.000610591343471,0.0
294,450,0.390864670769,0.000606972830636,0.0
295,450,0.390261168101,0.000603502667139,0.000999927520752
296,450,0.389661658151,0.000599509950668,0.0
297,450,0.389065884181,0.000595773969378,0.0
298,450,0.38847338843,0.000592495751759,0.0
299,450,0.387884341649,0.000589046781025,0.0
300,450,0.387298878867,0.000585462782118,0.000999927520752
301,450,0.386716882615,0.000581996251666,0.0
302,450,0.386138274178,0.00057860843719,0.0
303,450,0.385563091702,0.000575182475741,0.0
304,450,0.384991426014,0.000571665688166,0.0
305,450,0.384423325554,0.000568100459992,0.0
306,450,0.383858522688,0.000564802866133,0.0
307,450,0.383297496372,0.000561026315841,0.0
308,450,0.382740078881,0.000557417491126,0.0
309,450,0.382185635642,0.000554443238274,0.000999927520752
310,450,0.381634232657,0.000551402985104,0.0
311,450,0.381085877797,0.000548354860336,0.0
312,450,0.38054059286,0.000545284937298,0.0
313,450,0.379997982449,0.00054261041066,0.0
314,450,0.379458488585,0.000539493863545,0.0
315,450,0.378922259618,0.000536228967091,0.0
316,450,0.378388962519,0.000533297099764,0.0
317,450,0.377858676002,0.000530286516462,0.0
318,450,0.377330978636,0.000527697366381,0.0
319,450,0.376806128366,0.000524850270105,0.0
320,450,0.376283964732,0.000522163633316,0.0
321,450,0.375764443534,0.000519521198576,0.000999927520752
322,450,0.375247654991,0.000516788543217,0.0
323,450,0.374733535524,0.000514119466146,0.0
324,450,0.374222094823,0.000511440700955,0.0
325,450,0.373712841821,0.000509253002348,0.0
326,450,0.373205717783,0.00050712403797,0.0
327,450,0.372701268272,0.000504449511331,0.0
328,450,0.372199629526,0.000501638745505,0.0
329,450,0.371700622316,0.000499007209899,0.0
330,450,0.371204517909,0.000496104406932,0.0
331,450,0.370710583036,0.000493934873551,0.0
332,450,0.370219481937,0.000491101098439,0.0
333,450,0.369730667841,0.000488814096602,0.0
334,450,0.369244694785,0.0004859730554,0.0
335,450,0.368761123173,0.000483571612646,0.0
336,450,0.368280042013,0.000481081160288,0.0
337,450,0.367801567562,0.00047847445049,0.0
338,450,0.367325561766,0.000476005796402,0.0
339,450,0.366852297707,0.000473264058431,0.0
340,450,0.366381173512,0.000471124194917,0.0
341,450,0.365912097749,0.000469075763036,0.00100016593933
342,450,0.365445840624,0.000466257125612,0.0
343,450,0.36498187716,0.000463963463193,0.0
344,450,0.364519981505,0.000461895655072,0.0
345,450,0.364060493348,0.000459488157242,0.0
346,450,0.363603256468,0.000457236880348,0.0
347,450,0.363148002625,0.000455253843277,0.0
348,450,0.362694677323,0.000453325301882,0.0
349,450,0.362244259668,0.000450417654855,0.0
350,450,0.361795744517,0.000448515150282,0.0
351,450,0.361349468837,0.000446275680784,0.0
352,450,0.360904528905,0.000444939931234,0.000999927520752
353,450,0.360462459383,0.000442069522918,0.0
354,450,0.360022441925,0.000440017457992,0.0
355,450,0.359584515889,0.000437926035079,0.0
356,450,0.359148575011,0.000435940878732,0.0
357,450,0.358714766124,0.000433808886816,0.0
358,450,0.358283517626,0.000431248498341,0.0
359,450,0.357854582469,0.000428935156928,0.000999927520752
360,450,0.357427642156,0.000426940312461,0.0
361,450,0.357002640376,0.000425001780192,0.0
362,450,0.356579589844,0.000423050532265,0.0
363,450,0.356158631643,0.000420958201091,0.0
364,450,0.35573954446,0.000419087182908,0.0
365,450,0.355322249276,0.000417295183454,0.0
366,450,0.354907260774,0.000414988502624,0.0
367,450,0.354494247134,0.000413013639904,0.0
368,450,0.354082965245,0.000411281888447,0.0
369,450,0.353673082382,0.000409882863363,0.0
370,450,0.353265490456,0.000407591925727,0.0
371,450,0.352859646025,0.000405844431075,0.0
372,450,0.352455293565,0.000404352460589,0.0
373,450,0.352052831196,0.00040246236892,0.00100016593933
374,450,0.351652613746,0.000400217449854,0.0
375,450,0.35125361821,0.000398995535714,0.0
376,450,0.35085681007,0.000396808139862,0.0
377,450,0.350461754572,0.000395055498396,0.0
378,450,0.3500679443,0.000393810272217,0.0
379,450,0.349676236955,0.000391707344661,0.0
380,450,0.349286531418,0.000389705536857,0.000999927520752
381,450,0.348898399898,0.000388131520105,0.0
382,450,0.348512376755,0.000386023142981,0.0
383,450,0.348127293965,0.00038508278983,0.0
384,450,0.347744196332,0.000383097633483,0.0
385,450,0.347362762936,0.000381433396112,0.0
386,450,0.346983198438,0.000379564497206,0.0
387,450,0.346605521611,0.000377676827567,0.0
388,450,0.34622929013,0.000376231481159,0.0
389,450,0.345854458582,0.000374831547813,0.0
390,450,0.345481732081,0.00037272650098,0.0
391,450,0.345109734308,0.000371997772701,0.0
392,450,0.344739976913,0.000369757394942,0.0
393,450,0.344371585846,0.000368391067263,0.0
394,450,0.344004550813,0.000367035033211,0.0
395,450,0.343639355614,0.000365195198665,0.0
396,450,0.343275408366,0.000363947247702,0.0
397,450,0.34291341055,0.000361997816298,0.0
398,450,0.342552331894,0.000361078655909,0.0
399,450,0.342193226284,0.000359105609712,0.0
400,450,0.34183495355,0.000358272734143,0.0
401,450,0.341478570302,0.000356383247981,0.00100016593933
402,450,0.341123724438,0.000354845864432,0.0
403,450,0.340769702972,0.000354021465968,0.0
404,450,0.340417554946,0.000352148025755,0.0
405,450,0.340066538917,0.000351016029479,0.0
406,450,0.339716887701,0.000349651215568,0.0
407,450,0.339368810502,0.000348077198816,0.0
408,450,0.339022260091,0.000346550411648,0.0
409,450,0.338676855299,0.000345404791453,0.0
410,450,0.338332851047,0.0003440042526,0.0
411,450,0.337990217057,0.000342633989122,0.0
412,450,0.337648612431,0.000341604626368,0.0
413,450,0.337308740162,0.000339872269403,0.0
414,450,0.33697000776,0.00033873240153,0.0
415,450,0.336632685888,0.000337321871803,0.0
416,450,0.336296806941,0.000335878947424,0.0
417,450,0.335961884998,0.000334921942817,0.0
418,450,0.335628246731,0.000333638266912,0.0
419,450,0.335296018994,0.000332227737185,0.0
420,450,0.334964947473,0.000331071520609,0.0
421,450,0.334634971013,0.00032997646029,0.0
422,450,0.33430636633,0.000328604683043,0.0
423,450,0.333979051681,0.000327314649309,0.0
424,450,0.333653138781,0.000325912899441,0.0
425,450,0.333328236777,0.000324902004666,0.0
426,450,0.333004465255,0.000323771522159,0.0
427,450,0.332682142712,0.000322322542705,0.000999927520752
428,450,0.332360808055,0.000321334657215,0.0
429,450,0.332040751321,0.000320056733631,0.0
430,450,0.331721836272,0.000318915049235,0.000999927520752
431,450,0.331404246376,0.000317589896066,0.0
432,450,0.331087893229,0.000316353146992,0.0
433,450,0.330772662693,0.000315230536082,0.0
434,450,0.330458534786,0.00031412790692,0.0
435,450,0.330145552499,0.000312982286726,0.0
436,450,0.329833686163,0.000311866336399,0.0
437,450,0.329522769262,0.000310916900635,0.0
438,450,0.329213262286,0.000309506976415,0.0
439,450,0.328904754094,0.00030850819179,0.0
440,450,0.328597637964,0.000307116130042,0.0
441,450,0.328291699546,0.000305938417949,0.0
442,450,0.327986817436,0.000304882110111,0.0
443,450,0.327683164203,0.000303653232635,0.0
444,450,0.327380634187,0.000302530016218,0.0
445,450,0.327079148671,0.000301485515776,0.0
446,450,0.326778917464,0.000300231206985,0.0
447,450,0.326479789492,0.000299127972315,0.0
448,450,0.326181734781,0.000298054710267,0.0
449,450,0.325884687333,0.000297047448537,0.0
450,450,0.325588975634,0.000295711698986,0.0
451,450,0.325294142224,0.000294833410354,0.0
452,450,0.324999909174,0.000294233049665,0.0
453,450,0.324707021259,0.000292887914748,0.0
454,450,0.32441505856,0.000291962699285,0.0
455,450,0.324124249655,0.000290808904739,0.0
456,450,0.323834087432,0.000290162222726,0.0
457,450,0.323544825599,0.00028926183307,0.0
458,450,0.323256403605,0.000288421994164,0.0
459,450,0.322968915304,0.000287488301595,0.0
460,450,0.322682634384,0.000286280919635,0.0
461,450,0.322397128514,0.000285505870032,0.0
462,450,0.322112721943,0.000284406571161,0.0
463,450,0.321829575735,0.000283146207295,0.0
464,450,0.32154691454,0.000282661195785,0.0
465,450,0.321265530359,0.000281384180462,0.0
466,450,0.320985060798,0.00028046956138,0.0
467,450,0.32070573837,0.000279322427417,0.0
468,450,0.320426893083,0.000278845287505,0.0
469,450,0.320148488908,0.000278404175289,0.0
470,450,0.31987190731,0.000276581597707,0.0
471,450,0.319595538548,0.00027636876182,0.0
472,450,0.319320502206,0.00027503634256,0.0
473,450,0.319046492501,0.00027400970459,0.0
474,450,0.31877328025,0.000273212251209,0.0
475,450,0.318501223307,0.000272056942894,0.0
476,450,0.318229844532,0.000271378774492,0.0
477,450,0.317959222642,0.000270621890114,0.0
478,450,0.317689651308,0.000269571334597,0.0
479,450,0.317420863802,0.000268787505135,0.0
480,450,0.317152911595,0.000267952207535,0.0
481,450,0.316886044457,0.000266867138091,0.0
482,450,0.31661978434,0.000266260116819,0.0
483,450,0.316354438842,0.000265345497737,0.0
484,450,0.316090243506,0.000264195336236,0.000999927520752
485,450,0.315826574053,0.00026366945297,0.0
486,450,0.315563558548,0.000263015504867,0.0
487,450,0.315301569379,0.000261989169651,0.000999927520752
488,450,0.315040394919,0.000261174459306,0.0
489,450,0.314780205318,0.000260189601353,0.0
490,450,0.314520715078,0.000259490240188,0.000999927520752
491,450,0.314261963254,0.000258751823789,0.0
492,450,0.314003758809,0.000258204445006,0.0
493,450,0.313746366047,0.000257392762199,0.0
494,450,0.31348954337,0.000256822676886,0.0
495,450,0.313233741881,0.000255801488483,0.0
496,450,0.31297860857,0.000255133310954,0.0
497,450,0.312724358392,0.000254250178261,0.0
498,450,0.312470943209,0.000253415183415,0.000999927520752
499,450,0.312218253121,0.000252690088181,0.0
500,450,0.311966370779,0.000251882341173,0.0
