1,300,2.27892417484,Nan,0.00300002098083
2,300,2.25425516764,0.0246690071954,0.00300002098083
3,300,2.2287739012,0.0254812664456,0.00300002098083
4,300,2.20430871328,0.0244651879205,0.00300002098083
5,300,2.18112965054,0.0231790627374,0.00299978256226
6,300,2.15880421533,0.0223254352146,0.00300002098083
7,300,2.13702955034,0.0217746649848,0.00300002098083
8,300,2.11548773448,0.0215418158637,0.00300002098083
9,300,2.09377428691,0.0217134475708,0.00300002098083
10,300,2.07178734673,0.021986940172,0.00300002098083
11,300,2.04913227081,0.022655075921,0.00300002098083
12,300,2.02577735477,0.0233549160428,0.00300002098083
13,300,2.00159762488,0.0241797298855,0.00300002098083
14,300,1.97704666562,0.0245509592692,0.00300002098083
15,300,1.95185651991,0.0251901457045,0.00300002098083
16,300,1.92645970662,0.0253968132867,0.00300002098083
17,300,1.90125512017,0.0252045864529,0.00300002098083
18,300,1.87641010708,0.0248450130887,0.00300002098083
19,300,1.85190530141,0.0245048056708,0.00200009346008
20,300,1.82787704044,0.0240282609728,0.00300002098083
21,300,1.80434366014,0.0235333802965,0.00300002098083
22,300,1.78124183655,0.0231018235948,0.00300002098083
23,300,1.75863393148,0.02260790507,0.00299978256226
24,300,1.73657366859,0.022060262892,0.00300002098083
25,300,1.71504307217,0.0215305964152,0.00300002098083
26,300,1.69399784936,0.0210452228122,0.0019998550415
27,300,1.67340056949,0.0205972798665,0.00300002098083
28,300,1.6531953854,0.0202051840888,0.00300002098083
29,300,1.63336368985,0.0198316955566,0.00300002098083
30,300,1.61390280406,0.0194608857897,0.00300002098083
31,300,1.59486358643,0.019039217631,0.00300002098083
32,300,1.57623594072,0.0186276457045,0.00299978256226
33,300,1.55800529904,0.0182306416829,0.00200009346008
34,300,1.54014138963,0.0178639094035,0.00300002098083
35,300,1.52262867822,0.017512711419,0.00300002098083
36,300,1.50537676069,0.0172519175212,0.00300002098083
37,300,1.48824258592,0.0171341747708,0.00300002098083
38,300,1.47114034441,0.0171022415161,0.00300002098083
39,300,1.45371349759,0.0174268468221,0.00300002098083
40,300,1.4357021798,0.0180113177829,0.0019998550415
41,300,1.41674392276,0.0189582570394,0.00300002098083
42,300,1.39628840129,0.0204555214776,0.00300002098083
43,300,1.37513059404,0.0211578072442,0.00200009346008
44,300,1.35408722348,0.0210433705648,0.00300002098083
45,300,1.33368890127,0.0203983222114,0.00300002098083
46,300,1.3138852183,0.0198036829631,0.00300002098083
47,300,1.29502802107,0.0188571972317,0.00300002098083
48,300,1.27718762292,0.0178403981527,0.00300002098083
49,300,1.26022396088,0.0169636620416,0.00300002098083
50,300,1.24401693556,0.016207025316,0.00299978256226
51,300,1.22849796719,0.0155189683702,0.00300002098083
52,300,1.21359769185,0.0149002753364,0.00300002098083
53,300,1.19922668033,0.0143710115221,0.00300002098083
54,300,1.1853875796,0.0138391007317,0.00200009346008
55,300,1.17205121994,0.0133363596598,0.0019998550415
56,300,1.15919766744,0.0128535525004,0.00300002098083
57,300,1.14679739634,0.0124002710978,0.00300002098083
58,300,1.13482290904,0.0119744873047,0.00299978256226
59,300,1.12323882633,0.0115840827094,0.0019998550415
60,300,1.11203959571,0.0111992306179,0.00300002098083
61,300,1.10122452206,0.0108150736491,0.00300002098083
62,300,1.09076265759,0.0104618644714,0.00300002098083
63,300,1.08062787374,0.0101347838508,0.00300002098083
64,300,1.07082098855,0.00980688518948,0.00300002098083
65,300,1.0613116116,0.00950937694973,0.00300002098083
66,300,1.05209579468,0.00921581692166,0.00200009346008
67,300,1.04316343307,0.00893236160278,0.00300002098083
68,300,1.03450247447,0.00866095860799,0.00300002098083
69,300,1.02608864042,0.00841383404202,0.00300002098083
70,300,1.01790572696,0.00818291346232,0.00300002098083
71,300,1.00996139526,0.00794433169895,0.00300002098083
72,300,1.00224798626,0.00771340899997,0.00200009346008
73,300,0.994748613569,0.00749937269423,0.0019998550415
74,300,0.987448160383,0.00730045318603,0.00300002098083
75,300,0.980342901018,0.00710525936551,0.00300002098083
76,300,0.973422203064,0.00692069795397,0.0019998550415
77,300,0.966683423784,0.00673877927992,0.00300002098083
78,300,0.960113226573,0.00657019721137,0.00300002098083
79,300,0.953716714647,0.00639651192559,0.00300002098083
80,300,0.947482886844,0.00623382780287,0.00300002098083
81,300,0.941406648424,0.00607623842027,0.00300002098083
82,300,0.935482574039,0.0059240743849,0.00300002098083
83,300,0.929704871707,0.00577770233154,0.00300002098083
84,300,0.924063756731,0.00564111497667,0.00300002098083
85,300,0.918554884593,0.00550887213813,0.00300002098083
86,300,0.913181813558,0.00537307103475,0.00299978256226
87,300,0.90793492847,0.00524688508775,0.00300002098083
88,300,0.902810092502,0.00512483596802,0.00300002098083
89,300,0.897800515493,0.00500957700941,0.0019998550415
90,300,0.892904951308,0.00489556418525,0.00300002098083
91,300,0.888122448391,0.00478250291612,0.00300002098083
92,300,0.883442751567,0.00467969682482,0.00200009346008
93,300,0.878865244124,0.0045775074429,0.00300002098083
94,300,0.874381656647,0.00448358747694,0.00300002098083
95,300,0.869989051819,0.00439260482788,0.00300002098083
96,300,0.865677367316,0.0043116845025,0.00300002098083
97,300,0.861454766591,0.00422260072496,0.00300002098083
98,300,0.857312590281,0.00414217631022,0.0019998550415
99,300,0.853252622816,0.00405996746487,0.00200009346008
100,300,0.849264305962,0.00398831685384,0.00300002098083
