1,90,2.24990164113,Nan,0.00399994850159
2,90,2.17149099747,0.0784106436618,0.00300002098083
3,90,2.1004266402,0.0710643572685,0.00299978256226
4,90,2.0273445412,0.0730820990016,0.0019998550415
5,90,1.94853104268,0.078813498516,0.00200009346008
6,90,1.86752665267,0.0810043900101,0.00200009346008
7,90,1.79000899595,0.077517656723,0.00299978256226
8,90,1.71768188911,0.0723271068345,0.00200009346008
9,90,1.65009056809,0.0675913210268,0.0019998550415
10,90,1.58580879038,0.0642817777107,0.00200009346008
11,90,1.52255897658,0.0632498137971,0.00200009346008
12,90,1.45399068876,0.0685682878195,0.0019998550415
13,90,1.38314808468,0.0708426040802,0.0019998550415
14,90,1.31905723229,0.0640908523842,0.00200009346008
15,90,1.26308565574,0.0559715765494,0.00300002098083
16,90,1.21340969444,0.0496759613015,0.00300002098083
17,90,1.16913050709,0.0442791873573,0.00200009346008
18,90,1.12950502352,0.0396254835645,0.00300002098083
19,90,1.09400716222,0.0354978613025,0.00300002098083
20,90,1.06201906666,0.0319880955579,0.00200009346008
21,90,1.03308527558,0.0289337910818,0.00200009346008
22,90,1.00674542484,0.0263398507382,0.00300002098083
23,90,0.982721613207,0.0240238116338,0.00200009346008
24,90,0.960724043507,0.0219975697009,0.00300002098083
25,90,0.940481191347,0.0202428521594,0.00200009346008
26,90,0.921811401606,0.0186697897408,0.00200009346008
27,90,0.904559420724,0.0172519808821,0.00300002098083
28,90,0.888547275956,0.016012144768,0.0019998550415
29,90,0.873639783017,0.0149074929392,0.00299978256226
30,90,0.859680233382,0.0139595496349,0.00200009346008
31,90,0.846630825141,0.0130494082416,0.00300002098083
32,90,0.834331712967,0.0122991121732,0.00200009346008
33,90,0.822748836017,0.0115828769499,0.00200009346008
34,90,0.811824972473,0.0109238635441,0.00299978256226
35,90,0.801526417691,0.0102985547818,0.00299978256226
36,90,0.791812387831,0.00971402986097,0.00300002098083
37,90,0.782606034945,0.00920635288597,0.00300002098083
38,90,0.773860278632,0.00874575631231,0.00200009346008
39,90,0.765537294839,0.00832298379338,0.0019998550415
40,90,0.757651815251,0.00788547958744,0.00300002098083
41,90,0.750110796442,0.00754101880935,0.0019998550415
42,90,0.742925086252,0.00718571018969,0.00300002098083
43,90,0.736069943491,0.00685514276184,0.00300002098083
44,90,0.729518574255,0.00655136923505,0.0019998550415
45,90,0.723242438145,0.00627613611031,0.0019998550415
46,90,0.717212010109,0.00603042803599,0.0019998550415
47,90,0.71142971604,0.0057822940696,0.00200009346008
48,90,0.70588287397,0.00554684206971,0.00300002098083
49,90,0.700553601148,0.00532927282176,0.00300002098083
50,90,0.695416274166,0.00513732698229,0.00200009346008
51,90,0.690482339017,0.0049339351491,0.00300002098083
52,90,0.685735340607,0.00474699840926,0.00300002098083
53,90,0.681151994613,0.00458334599465,0.0019998550415
54,90,0.676729560781,0.00442243383141,0.00300002098083
55,90,0.672453257569,0.00427630321253,0.00300002098083
56,90,0.668322807975,0.00413044959392,0.00200009346008
57,90,0.664328009722,0.00399479825273,0.00299978256226
58,90,0.660447776148,0.00388023357446,0.00200009346008
59,90,0.656679179662,0.00376859648615,0.00300002098083
60,90,0.653023001679,0.00365617798265,0.00300002098083
61,90,0.649458485247,0.00356451643159,0.00300002098083
62,90,0.646004870271,0.00345361497667,0.0019998550415
63,90,0.64264796276,0.00335690751035,0.00200009346008
64,90,0.639374998696,0.00327296406455,0.00200009346008
65,90,0.636182428969,0.00319256972723,0.0019998550415
66,90,0.633075375842,0.00310705312637,0.00200009346008
67,90,0.630058445075,0.00301693076761,0.00300002098083
68,90,0.627124350023,0.00293409505121,0.00200009346008
69,90,0.624269872242,0.00285447778186,0.00200009346008
70,90,0.621480075586,0.00278979665533,0.00200009346008
71,90,0.618760370869,0.00271970471765,0.00200009346008
72,90,0.616101847075,0.00265852379323,0.00300002098083
73,90,0.613503261305,0.00259858577,0.00200009346008
74,90,0.610969242139,0.00253401916591,0.0019998550415
75,90,0.608498678588,0.00247056355164,0.0019998550415
76,90,0.606090552175,0.00240812641263,0.00300002098083
77,90,0.603734922137,0.00235563003779,0.00300002098083
78,90,0.601432800565,0.00230212157268,0.00300002098083
79,90,0.599176597731,0.00225620283361,0.00300002098083
80,90,0.596964274105,0.00221232362622,0.00200009346008
81,90,0.594798374584,0.00216589952127,0.00300002098083
82,90,0.592676268684,0.00212210590004,0.00300002098083
83,90,0.590597905868,0.0020783628154,0.00200009346008
84,90,0.588562791368,0.00203511450026,0.00200009346008
85,90,0.586573894479,0.00198889688889,0.00200009346008
86,90,0.58462215122,0.00195174325905,0.00200009346008
87,90,0.582704778275,0.00191737294537,0.00200009346008
88,90,0.580825290245,0.00187948802937,0.00200009346008
89,90,0.578994237731,0.00183105251388,0.0019998550415
90,90,0.577181161978,0.00181307575302,0.00300002098083
91,90,0.575404842219,0.00177631975918,0.00200009346008
92,90,0.573655571353,0.00174927086572,0.00200009346008
93,90,0.571930442984,0.00172512836945,0.00300002098083
94,90,0.570238632898,0.00169181008624,0.00200009346008
95,90,0.568576713029,0.00166191986823,0.0019998550415
96,90,0.566947150434,0.00162956259529,0.00300002098083
97,90,0.565346315308,0.00160083512635,0.00300002098083
98,90,0.563774362928,0.00157195237967,0.0019998550415
99,90,0.56223030756,0.00154405536815,0.00300002098083
100,90,0.560709593167,0.00152071439303,0.00200009346008
