1,100,2.22237503924,Nan,0.0
2,100,2.11664747838,0.105727560861,0.0
3,100,2.02265893119,0.0939885471889,0.0
4,100,1.92616984776,0.0964890834263,0.0
5,100,1.82596636091,0.100203486851,0.0
6,100,1.72494889614,0.101017464774,0.0
7,100,1.62579081508,0.0991580810547,0.0
8,100,1.52926787894,0.0965229361398,0.0
9,100,1.43612693569,0.0931409432547,0.0
10,100,1.34822532218,0.087901613508,0.0
11,100,1.26655902536,0.0816662968227,0.0
12,100,1.19177348546,0.0747855398996,0.0
13,100,1.12385490635,0.0679185791016,0.0
14,100,1.06240667071,0.061448235648,0.0
15,100,1.0069231066,0.0554835641044,0.0
16,100,0.957065490723,0.0498576158796,0.0
17,100,0.912458635603,0.04460685512,0.0
18,100,0.872555799212,0.0399028363909,0.0
19,100,0.8367895704,0.0357662288121,0.0
20,100,0.804600836618,0.0321887337821,0.0
21,100,0.77556590707,0.029034929548,0.0
22,100,0.749264016288,0.0263018907819,0.0
23,100,0.725360011509,0.0239040047782,0.0
24,100,0.70357271031,0.0217873011998,0.0
25,100,0.68364188712,0.0199308231899,0.0
26,100,0.665329977853,0.0183119092669,0.0
27,100,0.648477172852,0.0168528050014,0.0
28,100,0.632920765468,0.0155564073835,0.0
29,100,0.618514027187,0.0144067382813,0.0
30,100,0.60512965829,0.0133843688965,0.0
31,100,0.592651851109,0.0124778071812,0.0
32,100,0.581004808698,0.0116470424107,0.0
33,100,0.57010181754,0.0109029911586,0.0
34,100,0.559865162441,0.0102366550991,0.0
35,100,0.55024331992,0.00962184252058,0.0
36,100,0.541178220476,0.00906509944371,0.0
37,100,0.53261467089,0.0085635495867,0.0
38,100,0.524520458766,0.00809421212333,0.0
39,100,0.516842543466,0.00767791530064,0.0
40,100,0.509552212306,0.00729033115932,0.0
41,100,0.502625857762,0.0069263545445,0.0
42,100,0.496026787894,0.00659906986782,0.0
43,100,0.489734602792,0.00629218510219,0.0
44,100,0.483727146694,0.00600745609828,0.0
45,100,0.477980675834,0.00574647086007,0.0
46,100,0.472476776123,0.00550389971052,0.0
47,100,0.467202899388,0.00527387673514,0.0
48,100,0.462145487104,0.00505741228376,0.0
49,100,0.45728679112,0.00485869598389,0.0
50,100,0.452619736808,0.00466705431257,0.0
51,100,0.448126014709,0.00449372209821,0.0
52,100,0.44379573495,0.004330279759,0.0
53,100,0.439623766218,0.00417196873256,0.0
54,100,0.435590454647,0.00403331157139,0.0
55,100,0.431694981711,0.00389547293527,0.0
56,100,0.427932506561,0.00376247514997,0.0
57,100,0.424290496826,0.00364200973511,0.0
58,100,0.420765211378,0.00352528544835,0.0
59,100,0.417348736354,0.00341647502354,0.0
60,100,0.414035763877,0.0033129724775,0.0
61,100,0.410816061292,0.0032197025844,0.0
62,100,0.407690044948,0.00312601634434,0.0
63,100,0.404658191136,0.00303185381208,0.0
64,100,0.401710674831,0.00294751630511,0.0
65,100,0.398843017033,0.00286765779768,0.0
66,100,0.396045318059,0.00279769897461,0.0
67,100,0.393322092329,0.00272322572981,0.0
68,100,0.390671917507,0.00265017482213,0.0
69,100,0.388089122772,0.00258279473441,0.0
70,100,0.385577150617,0.00251197215489,0.0
71,100,0.383125923702,0.00245122691563,0.0
72,100,0.380736123766,0.00238979993548,0.0
73,100,0.378407938821,0.00232818494524,0.0
74,100,0.376135869162,0.00227206965855,0.0
75,100,0.373914966583,0.00222090257917,0.00100016593933
76,100,0.371744314466,0.00217065211705,0.0
77,100,0.369619249616,0.00212506484985,0.0
78,100,0.367545955113,0.00207329450335,0.0
79,100,0.365519604819,0.00202635029384,0.0
80,100,0.363534755707,0.00198484911237,0.0
81,100,0.361590103149,0.00194465255737,0.0
82,100,0.359688585009,0.00190151814052,0.0
83,100,0.357826839447,0.00186174556187,0.0
84,100,0.356000002725,0.00182683672224,0.0
85,100,0.354210576739,0.00178942598615,0.0
86,100,0.35245620673,0.0017543700082,0.0
87,100,0.350734155927,0.00172205080305,0.0
88,100,0.349045944214,0.00168821171352,0.0
89,100,0.347387144361,0.00165879985264,0.0
90,100,0.345758543832,0.00162860052926,0.0
91,100,0.344160398756,0.00159814507621,0.0
92,100,0.342591111319,0.00156928743635,0.0
93,100,0.341047143119,0.00154396820068,0.0
94,100,0.339532505035,0.00151463808332,0.0
95,100,0.338044461387,0.00148804364886,0.0
96,100,0.336580932617,0.00146352876936,0.0
97,100,0.335141259875,0.00143967274257,0.0
98,100,0.333725157601,0.00141610227312,0.0
99,100,0.332332084656,0.00139307294573,0.0
100,100,0.330960846492,0.00137123816354,0.0
101,100,0.329610186441,0.00135066005162,0.0
102,100,0.328282935006,0.00132725143433,0.0
103,100,0.326974684579,0.00130825042725,0.0
104,100,0.32568648747,0.00128819710868,0.0
105,100,0.32441696058,0.00126952689035,0.0
106,100,0.323166512081,0.00125044849941,0.000999927520752
107,100,0.321933587755,0.00123292432513,0.00100016593933
108,100,0.320717868805,0.00121571895054,0.0
109,100,0.319514903477,0.00120296532767,0.0
110,100,0.318332546779,0.00118235669817,0.00100016593933
111,100,0.31716526195,0.00116728482928,0.0
112,100,0.316013639178,0.00115162277222,0.0
113,100,0.314879436493,0.00113420268468,0.0
114,100,0.313758028303,0.00112140819005,0.0
115,100,0.312654369899,0.00110365840367,0.0
116,100,0.311565752847,0.00108861705235,0.0
117,100,0.310491964068,0.00107378877912,0.0
118,100,0.309431193216,0.00106077085223,0.0
119,100,0.30838325773,0.00104793548584,0.0
120,100,0.307355421884,0.00102783584595,0.0
121,100,0.306335075378,0.0010203465053,0.0
122,100,0.30532560621,0.00100946916853,0.0
123,100,0.304326014927,0.000999591282436,0.0
124,100,0.303340026311,0.000985988616943,0.0
125,100,0.302366227286,0.000973799024309,0.0
126,100,0.301403087616,0.000963139670236,0.0
127,100,0.300450200217,0.000952887398856,0.0
128,100,0.299506076268,0.000944123949323,0.0
129,100,0.298574523926,0.000931552342006,0.0
130,100,0.297651569366,0.000922954559326,0.0
131,100,0.296739790235,0.000911779131208,0.0
132,100,0.295840509142,0.000899281093053,0.0
133,100,0.294944333213,0.000896175929478,0.0
134,100,0.294065828596,0.000878504616874,0.0
135,100,0.293193884713,0.000871943882534,0.0
136,100,0.292328862326,0.000865022386823,0.0
137,100,0.291473733629,0.000855128696987,0.0
138,100,0.290629164015,0.000844569614955,0.0
139,100,0.289793539865,0.000835624149867,0.0
140,100,0.288961610522,0.000831929343087,0.000999927520752
141,100,0.28814182663,0.00081978389195,0.00100016593933
142,100,0.28732863072,0.000813195909773,0.0
143,100,0.286525611877,0.000803018842425,0.0
144,100,0.285725514003,0.000800097874233,0.0
145,100,0.284939226695,0.000786287307739,0.0
146,100,0.284156120845,0.00078310585022,0.0
147,100,0.283382765634,0.00077335521153,0.0
148,100,0.282614819118,0.000767946515765,0.0
149,100,0.281855304718,0.000759514399937,0.0
150,100,0.281101753235,0.000753551483154,0.0
151,100,0.280356818608,0.000744934626988,0.0
152,100,0.279616395133,0.000740423474993,0.0
153,100,0.278887360437,0.000729034696306,0.0
154,100,0.278159559522,0.000727800914219,0.0
155,100,0.27744367763,0.000715881892613,0.0
156,100,0.276729433877,0.000714243752616,0.0
157,100,0.276024811881,0.000704621996198,0.0
158,100,0.275323226656,0.000701585224697,0.0
159,100,0.274627850941,0.000695375714983,0.0
160,100,0.273939114979,0.000688735961914,0.0
161,100,0.273253859111,0.000685255868094,0.0
162,100,0.27257383837,0.000680020741054,0.0
163,100,0.271899909428,0.000673928941999,0.0
164,100,0.271232261113,0.00066764831543,0.0
165,100,0.270572171347,0.000660089765276,0.0
166,100,0.269914012636,0.000658158711025,0.0
167,100,0.269267655509,0.000646357127598,0.0
168,100,0.268619587217,0.0006480682918,0.0
169,100,0.267979161126,0.000640426090785,0.0
170,100,0.267342009681,0.000637151445661,0.0
171,100,0.266711753573,0.000630256107875,0.0
172,100,0.266085650853,0.000626102719988,0.0
173,100,0.265461959566,0.000623691286359,0.0
174,100,0.264848273141,0.000613686425345,0.0
175,100,0.264235221863,0.000613051278251,0.0
176,100,0.263631158284,0.000604063579014,0.0
177,100,0.263026228224,0.00060493006025,0.0
178,100,0.262429728099,0.00059650012425,0.0
179,100,0.261839478084,0.000590250015259,0.0
180,100,0.261245352881,0.000594125202724,0.0
181,100,0.260663925171,0.000581427710397,0.0
182,100,0.260084278924,0.000579646246774,0.0
183,100,0.259503788812,0.000580490112305,0.0
184,100,0.258934070042,0.000569718769618,0.0
185,100,0.258363038472,0.000571031570435,0.0
186,100,0.257796975,0.000566063472203,0.0
187,100,0.257235029766,0.000561945234026,0.0
188,100,0.256678363528,0.000556666237967,0.0
189,100,0.256122821535,0.000555541992187,0.0
190,100,0.255569369997,0.000553451538086,0.00100016593933
191,100,0.255023345947,0.000546024050031,0.0
192,100,0.254479321616,0.000544024331229,0.0
193,100,0.253937002727,0.000542318889073,0.0
194,100,0.253403040205,0.000533962522234,0.0
195,100,0.252868219921,0.000534820284162,0.0
196,100,0.252335349764,0.000532870156424,0.0
197,100,0.251812191282,0.000523158482143,0.0
198,100,0.251287315369,0.000524875913348,0.0
199,100,0.250762613841,0.000524701527187,0.0
200,100,0.250246150426,0.000516463415963,0.000999927520752
201,100,0.24972895377,0.000517196655273,0.0
202,100,0.249214526858,0.00051442691258,0.0
203,100,0.248702296666,0.000512230191912,0.0
204,100,0.24819562476,0.000506671905518,0.00100016593933
205,100,0.247688273294,0.000507351466588,0.0
206,100,0.247187482834,0.000500790459769,0.0
207,100,0.246687191554,0.000500291279384,0.0
208,100,0.246190934045,0.000496257509504,0.0
209,100,0.245695303236,0.000495630809239,0.0
210,100,0.2452047269,0.000490576335362,0.0
211,100,0.244713706425,0.000491020475115,0.0
212,100,0.244225916726,0.00048778969901,0.0
213,100,0.243739565441,0.000486351285662,0.0
214,100,0.24325594793,0.000483617510114,0.0
215,100,0.242772486006,0.000483461924962,0.0
216,100,0.242293840953,0.000478645052229,0.0
217,100,0.241815120425,0.000478720528739,0.0
218,100,0.241341171537,0.000473948887416,0.0
219,100,0.240868869509,0.000472302028111,0.0
220,100,0.240390770776,0.000478098733085,0.0
221,100,0.239920149394,0.000470621381487,0.0
222,100,0.239454094478,0.000466054916382,0.0
223,100,0.238985496793,0.000468597684588,0.0
224,100,0.238523410525,0.000462086268834,0.0
225,100,0.238062034607,0.000461375917707,0.0
226,100,0.237607146399,0.000454888207572,0.0
227,100,0.237149750028,0.000457396371024,0.0
228,100,0.236691648211,0.00045810181754,0.0
229,100,0.23624114963,0.000450498580933,0.0
230,100,0.235786703655,0.000454445975167,0.0
231,100,0.23533571216,0.000450991494315,0.0
232,100,0.234885051727,0.000450660433088,0.0
233,100,0.234437736511,0.000447315216064,0.0
234,100,0.23398869569,0.00044904082162,0.0
235,100,0.233543497358,0.00044519833156,0.0
236,100,0.233098463331,0.0004450340271,0.0
237,100,0.23265845217,0.000440011160714,0.0
238,100,0.232218065807,0.000440386363438,0.0
239,100,0.231779461997,0.000438603809902,0.0
240,100,0.231350845064,0.00042861693246,0.0
241,100,0.230917515618,0.000433329445975,0.0
242,100,0.230487028667,0.000430486951556,0.0
243,100,0.230062383379,0.00042464528765,0.0
244,100,0.229637644087,0.00042473929269,0.0
245,100,0.229215978895,0.00042166519165,0.0
246,100,0.228790838787,0.000425140108381,0.000999927520752
247,100,0.228374624797,0.000416213989258,0.0
248,100,0.227950245721,0.000424379076276,0.0
249,100,0.22753276389,0.000417481831142,0.0
250,100,0.227113927841,0.000418836048671,0.0
251,100,0.226698826654,0.00041510118757,0.0
252,100,0.226281576974,0.000417249679565,0.0
253,100,0.225872006825,0.000409570149013,0.0
254,100,0.225458245959,0.000413760866438,0.000999927520752
255,100,0.225049450466,0.00040879549299,0.0
256,100,0.224640813283,0.000408637183053,0.0
257,100,0.224234088353,0.000406724929809,0.0
258,100,0.223833398274,0.000400690078735,0.0
259,100,0.223428485325,0.000404912948608,0.00100016593933
260,100,0.223029314859,0.000399170466832,0.0
261,100,0.222630677359,0.000398637499128,0.0
262,100,0.222231069292,0.000399608067104,0.0
263,100,0.221834187371,0.000396881920951,0.0
264,100,0.221436203003,0.000397984368461,0.0
265,100,0.221040778296,0.000395424706595,0.0
266,100,0.220649002075,0.000391776221139,0.0
267,100,0.220254392896,0.000394609178816,0.0
268,100,0.219863191605,0.000391201291765,0.0
269,100,0.219474685941,0.000388505663191,0.0
270,100,0.219085620335,0.000389065606254,0.0
271,100,0.218700457982,0.000385162353516,0.0
272,100,0.218316806248,0.000383651733398,0.0
273,100,0.217937900816,0.000378905432565,0.0
274,100,0.217557655607,0.00038024520874,0.000999927520752
275,100,0.217177687236,0.00037996837071,0.0
276,100,0.21679971259,0.000377974646432,0.0
277,100,0.216418348585,0.000381364004953,0.0
278,100,0.216047107697,0.000371240888323,0.0
279,100,0.215665671485,0.000381436211722,0.0
280,100,0.215290988377,0.000374683107648,0.0
281,100,0.214915062768,0.000375925609044,0.0
282,100,0.214535458973,0.000379603794643,0.000999927520752
283,100,0.214164007459,0.000371451514108,0.0
284,100,0.213789499283,0.000374508176531,0.0
285,100,0.213418059758,0.000371439525059,0.0
286,100,0.213044305801,0.000373753956386,0.0
287,100,0.212677150726,0.000367155075073,0.0
288,100,0.212310380936,0.000366769790649,0.0
289,100,0.211942015239,0.000368365696498,0.0
290,100,0.21157935742,0.000362657819475,0.0
291,100,0.211213467734,0.000365889685495,0.0
292,100,0.210854363033,0.000359104701451,0.0
293,100,0.21049247551,0.000361887523106,0.0
294,100,0.210134675162,0.000357800347464,0.00100016593933
295,100,0.209772105081,0.000362570081438,0.0
296,100,0.209415255138,0.000356849942889,0.0
297,100,0.209050770078,0.000364485059466,0.0
298,100,0.208695185798,0.000355584280832,0.000999927520752
299,100,0.208338660921,0.000356524876186,0.0
300,100,0.207979459218,0.000359201703753,0.0
301,100,0.207626613344,0.000352845873151,0.0
302,100,0.207270560401,0.000356052943638,0.0
303,100,0.206922583716,0.00034797668457,0.0
304,100,0.206565955571,0.00035662814549,0.0
305,100,0.206219811031,0.000346144539969,0.0
306,100,0.205866881779,0.000352929251535,0.0
307,100,0.205517442703,0.000349439076015,0.0
308,100,0.205167776108,0.000349666595459,0.0
309,100,0.204820843833,0.000346932274955,0.0
310,100,0.204473520824,0.000347323008946,0.0
311,100,0.20413098744,0.000342533384051,0.0
312,100,0.203784443992,0.000346543448312,0.0
313,100,0.203444284167,0.000340159824916,0.0
314,100,0.203105770384,0.000338513783046,0.0
315,100,0.202766554969,0.000339215414865,0.0
316,100,0.202432852609,0.000333702359881,0.0
317,100,0.202097018923,0.000335833685739,0.0
318,100,0.20176928275,0.000327736173357,0.0
319,100,0.201435098103,0.000334184646606,0.0
320,100,0.201107966559,0.000327131543841,0.000999927520752
321,100,0.200777156285,0.000330810274397,0.0
322,100,0.200446210044,0.000330946241106,0.0
323,100,0.200117606572,0.000328603472028,0.0
324,100,0.199789950507,0.000327656064715,0.0
325,100,0.199465138844,0.000324811662947,0.0
326,100,0.199132205963,0.000332932880947,0.0
327,100,0.198813956669,0.000318249293736,0.0
328,100,0.198488953727,0.000325002942766,0.0
329,100,0.19816630309,0.000322650636945,0.0
330,100,0.197848772866,0.000317530223301,0.0
331,100,0.197527227129,0.00032154573713,0.00100016593933
332,100,0.197211534228,0.000315692901611,0.0
333,100,0.196890542712,0.000320991516113,0.0
334,100,0.196574381692,0.000316161019462,0.0
335,100,0.196259439196,0.000314942496163,0.0
336,100,0.195947187424,0.000312251772199,0.0
337,100,0.195638050079,0.00030913734436,0.0
338,100,0.195318952015,0.000319098063878,0.0
339,100,0.195015956879,0.000302995136806,0.0
340,100,0.194699104309,0.00031685256958,0.0
341,100,0.194398628507,0.00030047580174,0.0
342,100,0.194088820866,0.000309807641166,0.0
343,100,0.193786148889,0.000302671977452,0.0
344,100,0.193478072575,0.000308076313564,0.0
345,100,0.193174938202,0.000303134373256,0.0
346,100,0.192874094827,0.00030084337507,0.0
347,100,0.19256643268,0.000307662146432,0.0
348,100,0.192263643537,0.000302789143154,0.0
349,100,0.191955567224,0.000308076313564,0.0
350,100,0.19165366309,0.000301904133388,0.0
351,100,0.191349984578,0.000303678512573,0.0
352,100,0.191047495978,0.000302488599505,0.0
353,100,0.190740362985,0.000307132993426,0.0
354,100,0.190443094798,0.000297268186297,0.0
355,100,0.190138241904,0.000304852894374,0.0
356,100,0.189839994158,0.000298247746059,0.0
357,100,0.189538724354,0.000301269803728,0.0
358,100,0.189242354802,0.000296369552612,0.0
359,100,0.188946274349,0.000296080453055,0.0
360,100,0.188648372378,0.000297901971,0.0
361,100,0.188352900914,0.000295471463885,0.0
362,100,0.188055714743,0.000297186170305,0.0
363,100,0.187762275151,0.000293439592634,0.000999927520752
364,100,0.187476572309,0.000285702841623,0.0
365,100,0.187175541469,0.000301030840193,0.0
366,100,0.186889593942,0.000285947527204,0.0
367,100,0.18659358733,0.000296006611415,0.0
368,100,0.186298704147,0.000294883183071,0.0
369,100,0.186010968617,0.000287735530308,0.0
370,100,0.185716154916,0.000294813701085,0.0
371,100,0.185435051509,0.000281103406634,0.0
372,100,0.185139448711,0.000295602798462,0.0
373,100,0.18485833822,0.000281110491071,0.0
374,100,0.184570441655,0.000287896565029,0.0
375,100,0.18428263419,0.0002878074646,0.0
376,100,0.183997866767,0.000284767423357,0.0
377,100,0.183713980539,0.000283886228289,0.0
378,100,0.183432934625,0.000281045913696,0.0
379,100,0.183152818407,0.000280116217477,0.0
380,100,0.182870525088,0.000282293319702,0.0
381,100,0.182589309147,0.000281215940203,0.0
382,100,0.182312096732,0.000277212415423,0.0
383,100,0.182028347833,0.000283748899187,0.0
384,100,0.181753576279,0.000274771554129,0.0
385,100,0.181467589515,0.00028598676409,0.0
386,100,0.181195262636,0.000272326878139,0.0
387,100,0.180914190565,0.00028107207162,0.0
388,100,0.180639074053,0.000275116511754,0.0
389,100,0.180361161641,0.000277912412371,0.0
390,100,0.180081951414,0.000279210226876,0.0
391,100,0.179810436249,0.000271515165057,0.0
392,100,0.179535991396,0.000274444852556,0.0
393,100,0.179261751447,0.000274239948818,0.0
394,100,0.178990086419,0.000271665028163,0.0
395,100,0.17871683366,0.000273252759661,0.0
396,100,0.178452176775,0.00026465688433,0.000999927520752
397,100,0.178172672272,0.000279504503523,0.0
398,100,0.177909312112,0.000263360159738,0.0
399,100,0.177642988477,0.000266323634556,0.000999927520752
400,100,0.177374096734,0.000268891743251,0.0
401,100,0.1771053148,0.000268781934466,0.0
402,100,0.176841370991,0.000263943808419,0.0
403,100,0.176574580601,0.000266790390015,0.0
404,100,0.176310576303,0.000264004298619,0.0
405,100,0.17604810197,0.000262474332537,0.0
406,100,0.175777162824,0.000270939145769,0.0
407,100,0.175519697734,0.00025746509007,0.0
408,100,0.175251188823,0.000268508911133,0.0
409,100,0.174989219666,0.000261969157628,0.000999927520752
410,100,0.174732188361,0.000257031304496,0.0
411,100,0.174465429306,0.000266759055001,0.0
412,100,0.174210222789,0.000255206516811,0.00100016593933
413,100,0.173953985214,0.000256237574986,0.0
414,100,0.173693208967,0.000260776247297,0.0
415,100,0.173443405151,0.000249803815569,0.0
416,100,0.173182639803,0.000260765348162,0.0
417,100,0.172925768716,0.00025687108721,0.0
418,100,0.172676038742,0.000249729973929,0.0
419,100,0.172420691899,0.000255346843174,0.0
420,100,0.172167917797,0.000252774102347,0.0
421,100,0.171918718338,0.000249199458531,0.0
422,100,0.171667041779,0.000251676559448,0.0
423,100,0.171420840672,0.00024620110648,0.0
424,100,0.171163849149,0.000256991522653,0.0
425,100,0.17091872733,0.000245121819632,0.0
426,100,0.170671393258,0.000247334071568,0.0
427,100,0.170419395992,0.000251997266497,0.0
428,100,0.170174662726,0.000244733265468,0.0
429,100,0.169929585593,0.000245077133179,0.000999927520752
430,100,0.169684246608,0.000245338984898,0.0
431,100,0.1694352605,0.000248986107962,0.0
432,100,0.169195683071,0.000239577429635,0.0
433,100,0.168950490952,0.000245192119053,0.0
434,100,0.16869937924,0.000251111711775,0.0
435,100,0.168458884103,0.000240495136806,0.0
436,100,0.168208666256,0.000250217846462,0.0
437,100,0.167971762521,0.00023690373557,0.0
438,100,0.167727111816,0.00024465070452,0.0
439,100,0.167485385759,0.00024172605787,0.000999927520752
440,100,0.167246830395,0.000238555363246,0.000999927520752
441,100,0.167000534739,0.000246295656477,0.0
442,100,0.16676682227,0.000233712468829,0.0
443,100,0.166520704814,0.000246117455619,0.0
444,100,0.16628581483,0.000234889984131,0.0
445,100,0.166044827189,0.000240987641471,0.0
446,100,0.165807064874,0.000237762314933,0.0
447,100,0.165569343022,0.000237721851894,0.0
448,100,0.165333238193,0.000236104828971,0.0
449,100,0.16509626443,0.000236973762512,0.0
450,100,0.164864500591,0.000231763839722,0.0
451,100,0.164625940868,0.0002385597229,0.0
452,100,0.16438948604,0.000236454827445,0.0
453,100,0.164161107336,0.000228378704616,0.0
454,100,0.163925604412,0.000235502924238,0.0
455,100,0.16369477708,0.000230827331543,0.0
456,100,0.163457344873,0.00023743220738,0.0
457,100,0.163229980196,0.000227364676339,0.0
458,100,0.162993913923,0.00023606627328,0.0
459,100,0.162765127999,0.000228785923549,0.0
460,100,0.162528657504,0.000236470494952,0.0
461,100,0.162303867613,0.000224789891924,0.0
462,100,0.162068388803,0.000235478809902,0.0
463,100,0.161835346358,0.000233042444502,0.0
464,100,0.161609476907,0.00022586945125,0.0
465,100,0.161376290866,0.000233186040606,0.0
466,100,0.161147500583,0.000228790283203,0.0
467,100,0.160921112333,0.000226388250078,0.0
468,100,0.160690105983,0.000231006349836,0.0
469,100,0.160462144852,0.000227961131505,0.0
470,100,0.160232900347,0.000229244504656,0.0
471,100,0.16001257515,0.000220325197492,0.0
472,100,0.15978475884,0.000227816309248,0.0
473,100,0.159556970324,0.000227788516453,0.0
474,100,0.159332381112,0.0002245892116,0.0
475,100,0.159111138889,0.000221242223467,0.0
476,100,0.158882105419,0.000229033470154,0.0
477,100,0.158664724077,0.000217381341117,0.0
478,100,0.158433941977,0.000230782100133,0.000999927520752
479,100,0.158216950825,0.000216991152082,0.0
480,100,0.157992138999,0.000224811826433,0.0
481,100,0.157769160134,0.000222978864397,0.0
482,100,0.157548885482,0.000220274652754,0.0
483,100,0.157327650615,0.000221234866551,0.0
484,100,0.157100945064,0.000226705551147,0.0
485,100,0.156880600248,0.000220344815935,0.0
486,100,0.156662166459,0.000218433788845,0.0
487,100,0.156438664573,0.00022350188664,0.0
488,100,0.156218631199,0.000220033373151,0.0
489,100,0.15599689797,0.000221733229501,0.0
490,100,0.155779190608,0.000217707361494,0.00100016593933
491,100,0.155561600276,0.000217590332031,0.0
492,100,0.155338436944,0.000223163332258,0.0
493,100,0.155125364849,0.000213072095598,0.0
494,100,0.154903000559,0.00022236428942,0.0
495,100,0.154690092087,0.000212908472334,0.0
496,100,0.154474289485,0.000215802601406,0.0
497,100,0.154253259659,0.000221029826573,0.0
498,100,0.154040781021,0.000212478637695,0.0
499,100,0.153823758807,0.000217022214617,0.0
500,100,0.153610721179,0.000213037627084,0.0
