1,391,2.2966717576126916,Nan,0.012584924697875977
2,391,2.2858293538203327,0.010842403792358901,0.03365945816040039
3,391,2.296389216352302,-0.010559862531969166,0.0071070194244384766
4,391,2.295468225503517,0.0009209908487850527,0.004610538482666016
5,391,2.275709225393622,0.019759000109894842,0.004214048385620117
6,391,2.2619215240868766,0.013787701306745337,0.004721879959106445
7,391,2.274350529741448,-0.012429005654571501,0.003802776336669922
8,391,2.2650906692075607,0.009259860533887387,0.0046350955963134766
9,391,2.2604730708519822,0.004617598355578512,0.0038428306579589844
10,391,2.261358314767823,-0.0008852439158406611,0.004749298095703125
11,391,2.2492953639506075,0.012062950817215423,0.003725290298461914
12,391,2.2359350648377556,0.013360299112851859,0.0044324398040771484
13,391,2.247787124360614,-0.011852059522858394,0.0040853023529052734
14,391,2.253477755105099,-0.005690630744485059,0.003930807113647461
15,391,2.218806664352222,0.03467109075287711,0.004185676574707031
16,391,2.2329352883731617,-0.014128624020939728,0.004807233810424805
17,391,2.241343310421995,-0.008408022048833175,0.004144906997680664
18,391,2.2361333120204603,0.005209998401534577,0.0040814876556396484
19,391,2.230518233745604,0.005615078274856078,0.003982067108154297
20,391,2.2070637188299234,0.023454514915680846,0.004416227340698242
21,391,2.220777584768622,-0.01371386593869861,0.005469322204589844
22,391,2.2552956973805145,-0.034518112611892526,0.0046749114990234375
23,391,2.224845554517663,0.030450142862851415,0.003994941711425781
24,391,2.1974415498621322,0.027404004655530834,0.00509953498840332
25,391,2.2154525405610612,-0.018010990698928975,0.003989458084106445
26,391,2.1882705103101023,0.02718203025095889,0.004517793655395508
27,391,2.1900434957440855,-0.0017729854339831874,0.004179716110229492
28,391,2.176263755544677,0.013779740199408419,0.004811525344848633
29,391,2.201119581451806,-0.02485582590712898,0.004393100738525391
30,391,2.182629675511509,0.018489905940297202,0.004535198211669922
31,391,2.166058708639706,0.016570966871802817,0.004092216491699219
32,391,2.167474849144821,-0.00141614050511496,0.0050199031829833984
33,391,2.1796247477421673,-0.012149898597346276,0.004435300827026367
34,391,2.194032947120764,-0.01440819937859672,0.003844022750854492
35,391,2.173337346147698,0.020695600973065886,0.003919839859008789
36,391,2.194336093600144,-0.020998747452445787,0.004293203353881836
37,391,2.1536542107077206,0.04068188289242336,0.0040743350982666016
38,391,2.14844233910446,0.005211871603260754,0.0045244693756103516
39,391,2.1575083232596706,-0.00906598415521076,0.0039052963256835938
40,391,2.143979435991448,0.013528887268222434,0.0037794113159179688
41,391,2.180356545216592,-0.03637710922514392,0.004068613052368164
42,391,2.1859021589274295,-0.005545613710837394,0.0039288997650146484
43,391,2.138245721607257,0.04765643732017244,0.0038824081420898438
44,391,2.140560842840873,-0.00231512123361588,0.004262208938598633
45,391,2.134714580252957,0.005846262587915874,0.0038361549377441406
46,391,2.144652071511349,-0.00993749125839205,0.003953218460083008
47,391,2.1692987232257033,-0.024646651714354206,0.0038101673126220703
48,391,2.1448517235953486,0.024446999630354682,0.003952980041503906
49,391,2.128473696501359,0.016378027093989722,0.004878997802734375
50,391,2.133191042848865,-0.004717346347506091,0.0039713382720947266
51,391,2.1042928476162883,0.02889819523257664,0.004393577575683594
52,391,2.1053630702026056,-0.001070222586317282,0.012639045715332031
53,391,2.11920368945812,-0.013840619255514497,0.00728297233581543
54,391,2.1305118960797635,-0.011308206621643446,0.004203319549560547
55,391,2.11682612816696,0.013685767912803737,0.013148069381713867
56,391,2.1168445479839355,-1.8419816975701053e-05,0.00505375862121582
57,391,2.1107287004475705,0.00611584753636496,0.003947019577026367
58,391,2.1208750536984495,-0.010146353250878981,0.004391670227050781
59,391,2.099978864040521,0.0208961896579285,0.005847930908203125
60,391,2.0986490469149617,0.0013298171255593516,0.00403904914855957
61,391,2.132510446221627,-0.03386139930666543,0.004211902618408203
62,391,2.1203223030890346,0.012188143132592533,0.00420379638671875
63,391,2.0940389413662883,0.026283361722746257,0.0048940181732177734
64,391,2.11019109155211,-0.0161521501858215,0.004941463470458984
65,391,2.1113332763047477,-0.0011421847526378315,0.004345893859863281
66,391,2.0793054292878836,0.03202784701686401,0.005461454391479492
67,391,2.1026403714933664,-0.02333494220548271,0.004418134689331055
68,391,2.1082079953244883,-0.005567623831121971,0.004216670989990234
69,391,2.09704792773937,0.011160067585118227,0.004302024841308594
70,391,2.0957345011289163,0.0013134266104537495,0.004141330718994141
71,391,2.0755936800671355,0.020140821061780834,0.003922224044799805
72,391,2.096673131293958,-0.02107945122682242,0.0044116973876953125
73,391,2.069987031200048,0.026686100093909815,0.004103899002075195
74,391,2.06682943749001,0.00315759371003832,0.0048635005950927734
75,391,2.061357034746643,0.0054724027433668,0.008960962295532227
76,391,2.078995414402174,-0.017638379655530834,0.004630565643310547
77,391,2.0792356525235776,-0.00024023812140372414,0.00460505485534668
78,391,2.0389615032069215,0.04027414931665607,0.004836082458496094
79,391,2.082031562200288,-0.043070058993366356,0.005947113037109375
80,391,2.036149827415681,0.045881734784607,0.0048220157623291016
81,391,2.0669786692275416,-0.03082884181186074,0.003985404968261719
82,391,2.0537996023817136,0.013179066845828036,0.005022287368774414
83,391,2.045340379485694,0.008459222896019636,0.004261016845703125
84,391,2.044968080642583,0.000372298843110741,0.004012346267700195
85,391,2.0672874353121005,-0.02231935466951729,0.003916025161743164
86,391,2.0215628933723626,0.04572454193973785,0.0039675235748291016
87,391,2.038048629565617,-0.01648573619325422,0.004190206527709961
88,391,2.011531429827366,0.02651719973825095,0.003961801528930664
89,391,2.0612334034327047,-0.04970197360533879,0.004277706146240234
90,391,2.0303650682844467,0.03086833514825793,0.003795146942138672
91,391,2.0364022413483056,-0.006037173063858869,0.004803180694580078
92,391,2.040687970798034,-0.004285729449728493,0.0040416717529296875
93,391,1.9992799100363652,0.04140806076166892,0.003833770751953125
94,391,2.040577139695892,-0.04129722965952687,0.004426240921020508
95,391,2.0301665089014547,0.010410630794437381,0.004034757614135742
96,391,2.0599769533747603,-0.02981044447330561,0.004021167755126953
97,391,1.995597507642663,0.0643794457320972,0.0036683082580566406
98,391,2.0183400498021897,-0.022742542159526646,0.004238128662109375
99,391,2.0229384478400734,-0.004598398037883644,0.004651784896850586
100,391,2.0369084741148495,-0.01397002627477617,0.004154682159423828
