1,180,2.24617247793,Nan,0.0
2,180,2.17853807343,0.0676344045003,0.0
3,180,2.12044148551,0.0580965879228,0.0
4,180,2.06616552777,0.0542759577433,0.0
5,180,2.01208539433,0.0540801334381,0.0
6,180,1.95678998523,0.0552954090966,0.0
7,180,1.89993202104,0.0568579641978,0.0
8,180,1.8419914839,0.0579405371348,0.0
9,180,1.78375857247,0.0582329114278,0.0
10,180,1.7258514452,0.0579071272744,0.0
11,180,1.6685710605,0.0572803846995,0.0
12,180,1.61212474081,0.056446319686,0.0
13,180,1.55661842081,0.0555063199997,0.00100016593933
14,180,1.50221896383,0.0543994569778,0.0
15,180,1.44898945226,0.0532295115789,0.0
16,180,1.39743743367,0.0515520185894,0.0
17,180,1.34779721949,0.0496402141783,0.0
18,180,1.30015237808,0.0476448414061,0.0
19,180,1.25468960338,0.0454627747006,0.0
20,180,1.2114872196,0.0432023837831,0.0
21,180,1.17056518502,0.0409220345815,0.0
22,180,1.13183941735,0.0387257676654,0.0
23,180,1.09523251639,0.0366069009569,0.0
24,180,1.06068553872,0.0345469776789,0.0
25,180,1.02809301217,0.0325925265418,0.0
26,180,0.997443760766,0.030649251408,0.0
27,180,0.968713172807,0.0287305879593,0.000999927520752
28,180,0.941760046217,0.0269531265895,0.0
29,180,0.916481455432,0.0252785907851,0.0
30,180,0.892739028401,0.0237424270312,0.0
31,180,0.870452407996,0.022286620405,0.0
32,180,0.849522477786,0.0209299302101,0.0
33,180,0.829846622944,0.0196758548419,0.0
34,180,0.811322938866,0.0185236840778,0.0
35,180,0.79384768539,0.017475253476,0.0
36,180,0.77735651758,0.0164911678102,0.0
37,180,0.76177450233,0.0155820152495,0.0
38,180,0.747040838665,0.0147336636649,0.0
39,180,0.733097685708,0.0139431529575,0.0
40,180,0.71988103999,0.0132166457176,0.0
41,180,0.707341258261,0.0125397817294,0.0
42,180,0.695420778857,0.0119204794036,0.0
43,180,0.684080911212,0.0113398676448,0.0
44,180,0.673292727205,0.010788184007,0.0
45,180,0.663008445899,0.0102842813068,0.0
46,180,0.65319542514,0.00981302075916,0.0
47,180,0.643828937742,0.00936648739709,0.0
48,180,0.634871984323,0.00895695341958,0.0
49,180,0.626302939521,0.00856904480192,0.0
50,180,0.618094422552,0.00820851696862,0.0
51,180,0.610224056244,0.00787036630842,0.0
52,180,0.602676228947,0.00754782729679,0.0
53,180,0.595431341065,0.00724488788181,0.0
54,180,0.588470249971,0.00696109109455,0.0
55,180,0.581772034433,0.0066982155376,0.000999927520752
56,180,0.575322858757,0.00644917567571,0.0
57,180,0.569111587736,0.0062112710211,0.0
58,180,0.563120383157,0.00599120457967,0.0
59,180,0.557339136336,0.00578124682109,0.0
60,180,0.551756129795,0.00558300654093,0.0
61,180,0.546360385948,0.00539574384689,0.0
62,180,0.541144118574,0.00521626737383,0.00100016593933
63,180,0.53609837585,0.00504574272368,0.0
64,180,0.531215547986,0.00488282786475,0.0
65,180,0.526483055751,0.00473249223497,0.0
66,180,0.521896712515,0.00458634323544,0.0
67,180,0.517449544006,0.00444716850917,0.0
68,180,0.513136338923,0.00431320508321,0.0
69,180,0.508951454428,0.00418488449521,0.00100016593933
70,180,0.504885178672,0.00406627575556,0.0
71,180,0.500932177438,0.00395300123427,0.0
72,180,0.497087416914,0.0038447605239,0.0
73,180,0.493349105782,0.0037383111318,0.0
74,180,0.489708948798,0.00364015698433,0.0
75,180,0.486164400975,0.00354454782274,0.00100016593933
76,180,0.482713093758,0.00345130721728,0.0
77,180,0.479352229039,0.00336086471875,0.0
78,180,0.476075591379,0.00327663766013,0.0
79,180,0.472879171504,0.00319641987483,0.0
80,180,0.469759172334,0.0031199991703,0.0
81,180,0.466713888778,0.00304528355598,0.0
82,180,0.463740836117,0.00297305266062,0.0
83,180,0.460833141406,0.00290769471063,0.0
84,180,0.457990832329,0.00284230907758,0.000999927520752
85,180,0.455213746495,0.00277708583408,0.0
86,180,0.452496562799,0.0027171836959,0.00100016593933
87,180,0.449838291672,0.00265827112728,0.0
88,180,0.447240006394,0.00259828527768,0.0
89,180,0.444696775675,0.00254323071904,0.000999927520752
90,180,0.442205497159,0.00249127851592,0.0
91,180,0.439768677553,0.00243681960636,0.0
92,180,0.437382922437,0.00238575511509,0.0
93,180,0.435044074059,0.00233884837892,0.0
94,180,0.432751890951,0.0022921831078,0.0
95,180,0.430505260494,0.00224663045671,0.0
96,180,0.428299830622,0.00220542987188,0.0
97,180,0.42613804751,0.00216178311242,0.000999927520752
98,180,0.424017158482,0.00212088902791,0.0
99,180,0.421934134033,0.00208302444882,0.0
100,180,0.419889631006,0.00204450302654,0.0
101,180,0.417882468303,0.00200716270341,0.0
102,180,0.415911290911,0.00197117739254,0.0
103,180,0.413977361653,0.00193392925792,0.0
104,180,0.412078508271,0.00189885338147,0.0
105,180,0.410207444032,0.00187106423908,0.0
106,180,0.408368940486,0.00183850354618,0.000999927520752
107,180,0.406562359598,0.0018065808879,0.0
108,180,0.404787004656,0.00177535494169,0.0
109,180,0.403041066064,0.00174593859249,0.0
110,180,0.401325769027,0.0017152970367,0.0
111,180,0.399635845423,0.00168992360433,0.0
112,180,0.397972862985,0.00166298243735,0.0
113,180,0.396337442928,0.00163542005751,0.0
114,180,0.39472640117,0.0016110417578,0.0
115,180,0.393140995635,0.00158540553517,0.0
116,180,0.391579876343,0.00156111929152,0.0
117,180,0.39004397485,0.0015359014935,0.0
118,180,0.388532215357,0.00151175949309,0.0
119,180,0.38704329133,0.00148892402649,0.0
120,180,0.385575759278,0.00146753205193,0.0
121,180,0.384128201405,0.0014475578732,0.0
122,180,0.382702968385,0.00142523301972,0.0
123,180,0.381297602654,0.00140536573198,0.0
124,180,0.379913589954,0.00138401269913,0.0
125,180,0.378548919227,0.00136467072699,0.0
126,180,0.377204163869,0.00134475535817,0.0
127,180,0.375878333383,0.00132583048609,0.0
128,180,0.374570870532,0.00130746285121,0.0
129,180,0.37328095807,0.00128991246223,0.0
130,180,0.372008253733,0.00127270433638,0.0
131,180,0.370751583046,0.00125667068693,0.0
132,180,0.369511908955,0.00123967409134,0.0
133,180,0.368288725085,0.00122318387032,0.0
134,180,0.367079992162,0.00120873292287,0.0
135,180,0.365885424746,0.00119456741545,0.0
136,180,0.364706352287,0.00117907245954,0.0
137,180,0.363542041116,0.00116431117058,0.0
138,180,0.362391408549,0.00115063256688,0.0
139,180,0.361254594988,0.00113681356112,0.0
140,180,0.360131343471,0.00112325151761,0.0
141,180,0.3590217691,0.00110957437091,0.0
142,180,0.357925298479,0.0010964706209,0.0
143,180,0.356841666301,0.00108363217778,0.0
144,180,0.355771018002,0.00107064829932,0.0
145,180,0.354712189039,0.00105882896317,0.0
146,180,0.353665835063,0.00104635397593,0.0
147,180,0.352631180551,0.00103465451135,0.0
148,180,0.351608001921,0.00102317863041,0.0
149,180,0.350597444905,0.00101055701574,0.0
150,180,0.349597936074,0.000999508831236,0.0
151,180,0.348609307475,0.000988628599379,0.0
152,180,0.347631611692,0.000977695782979,0.0
153,180,0.346664041546,0.000967570145925,0.0
154,180,0.345707688332,0.000956353214052,0.0
155,180,0.34476103531,0.000946653021706,0.0
156,180,0.343824101554,0.000936933755875,0.0
157,180,0.34289742483,0.000926676723692,0.0
158,180,0.341981505818,0.000915919012494,0.0
159,180,0.341074495845,0.000907009972466,0.0
160,180,0.34017638233,0.000898113515642,0.0
161,180,0.339288309018,0.000888073311912,0.0
162,180,0.338409696817,0.000878612200419,0.0
163,180,0.337541181776,0.000868515041139,0.0
164,180,0.336680424876,0.000860756900576,0.0
165,180,0.335828396082,0.000852028793759,0.0
166,180,0.334984509945,0.000843886137009,0.000999927520752
167,180,0.334147393571,0.00083711637391,0.0
168,180,0.333319981628,0.000827411943012,0.0
169,180,0.332500383589,0.000819598038991,0.0
170,180,0.331687384182,0.00081299940745,0.0
171,180,0.330882568492,0.000804815689723,0.0
172,180,0.330084836748,0.000797731743919,0.0
173,180,0.329294570155,0.000790266593297,0.0
174,180,0.328510674106,0.000783896048864,0.0
175,180,0.327734159496,0.000776514609655,0.0
176,180,0.326964755985,0.000769403510624,0.0
177,180,0.326201949384,0.000762806600994,0.0
178,180,0.325447003047,0.000754946337806,0.0
179,180,0.324699093236,0.000747909810808,0.0
180,180,0.323958093325,0.000740999910567,0.000999927520752
181,180,0.323223317067,0.000734776258469,0.0
182,180,0.322494069735,0.000729247331619,0.0
183,180,0.321771938403,0.000722131331762,0.0
184,180,0.321054747105,0.000717191298803,0.0
185,180,0.320343481435,0.000711265669929,0.0
186,180,0.319639563693,0.000703917741775,0.0
187,180,0.31894131422,0.000698249472512,0.0
188,180,0.318248008622,0.000693305598365,0.0
189,180,0.317560633421,0.000687375201119,0.0
190,180,0.31687867456,0.000681958860821,0.0
191,180,0.316201810704,0.000676863855786,0.0
192,180,0.315530566573,0.000671244131194,0.0
193,180,0.314862971041,0.000667595532205,0.0
194,180,0.314201298422,0.000661672618654,0.0
195,180,0.313544632726,0.000656665696038,0.00100016593933
196,180,0.312892925607,0.000651707119412,0.0
197,180,0.312247527308,0.000645398298899,0.0
198,180,0.311604722142,0.000642805165715,0.0
199,180,0.310967565245,0.000637156897121,0.0
200,180,0.310335184336,0.00063238090939,0.0
201,180,0.309708010024,0.000627174311214,0.0
202,180,0.309084895584,0.000623114440176,0.0
203,180,0.308468256262,0.000616639322705,0.0
204,180,0.307855250107,0.000613006154696,0.0
205,180,0.307247425649,0.000607824458016,0.0
206,180,0.306643383238,0.00060404241085,0.0
207,180,0.306043517192,0.000599866045846,0.0
208,180,0.305450052751,0.00059346444077,0.0
209,180,0.304859999352,0.000590053399404,0.0
210,180,0.304273563226,0.000586436125967,0.000999927520752
211,180,0.303691913353,0.000581649872992,0.000999927520752
212,180,0.303114142352,0.000577771001392,0.0
213,180,0.302539904382,0.000574237969187,0.0
214,180,0.301970674329,0.00056923005316,0.0
215,180,0.301405121485,0.000565552843942,0.0
216,180,0.300843440427,0.000561681058672,0.0
217,180,0.300286348793,0.000557091633479,0.0
218,180,0.299731747442,0.00055460135142,0.0
219,180,0.299179781808,0.000551965634028,0.0
220,180,0.298633903199,0.000545878609021,0.0
221,180,0.298089772132,0.000544131067064,0.0
222,180,0.297549684975,0.000540087156826,0.0
223,180,0.297013871802,0.000535813172658,0.0
224,180,0.296480521758,0.000533350043827,0.0
225,180,0.29595115304,0.000529368718465,0.0
226,180,0.29542414248,0.000527010560036,0.0
227,180,0.294901557035,0.00052258544498,0.0
228,180,0.294382195671,0.000519361363517,0.0
229,180,0.293864634633,0.000517561038335,0.0
230,180,0.293351221747,0.000513412886196,0.0
231,180,0.292840072248,0.000511149499151,0.0
232,180,0.292332911359,0.000507160888778,0.0
233,180,0.291827828884,0.000505082474814,0.0
234,180,0.291327093111,0.000500735772981,0.0
235,180,0.290827834275,0.00049925883611,0.0
236,180,0.290331767599,0.000496066676246,0.0
237,180,0.289839208855,0.000492558744219,0.0
238,180,0.289349827038,0.000489381816652,0.0
239,180,0.288864019579,0.00048580745856,0.0
240,180,0.288380338815,0.000483680764834,0.0
241,180,0.287902011474,0.00047832734055,0.0
242,180,0.287422777944,0.000479233529833,0.0
243,180,0.286948720747,0.000474057197571,0.0
244,180,0.286474978195,0.000473742551274,0.0
245,180,0.286004922589,0.00047005560663,0.0
246,180,0.285540747907,0.00046417468124,0.0
247,180,0.285075512462,0.000465235445235,0.0
248,180,0.284614443514,0.00046106894811,0.0
249,180,0.284154659311,0.000459784203106,0.0
250,180,0.283700364298,0.000454295012686,0.000999927520752
251,180,0.283245549136,0.000454815162553,0.0
252,180,0.282794277072,0.000451272063785,0.000999927520752
253,180,0.282346336974,0.000447940097915,0.0
254,180,0.281901465191,0.000444871783257,0.0
255,180,0.281454888185,0.000446577005916,0.0
256,180,0.281013538705,0.000441349479887,0.0
257,180,0.280575683912,0.000437854793337,0.0
258,180,0.280137363142,0.000438320769204,0.0
259,180,0.279702055189,0.000435307953093,0.0
260,180,0.279266642928,0.000435412261221,0.0
261,180,0.278834652238,0.000431990689702,0.0
262,180,0.278405669133,0.000428983105554,0.0
263,180,0.277976939612,0.000428729520904,0.0
264,180,0.277553402053,0.000423537558979,0.0
265,180,0.277129499515,0.000423902538088,0.0
266,180,0.276710128652,0.000419370863173,0.0
267,180,0.276290326913,0.000419801738527,0.0
268,180,0.275873644153,0.000416682759921,0.0
269,180,0.27546137823,0.000412265923288,0.0
270,180,0.275048163732,0.000413214498096,0.0
271,180,0.274639746679,0.000408417052693,0.0
272,180,0.274230851597,0.000408895081944,0.0
273,180,0.273826323284,0.000404528313213,0.0
274,180,0.27342117601,0.000405147274335,0.0
275,180,0.273021720648,0.000399455361896,0.0
276,180,0.272621444265,0.000400276382764,0.000999927520752
277,180,0.272226966818,0.000394477446874,0.0
278,180,0.271830702755,0.000396264062987,0.0
279,180,0.271439467139,0.000391235616472,0.0
280,180,0.271046683656,0.000392783482869,0.0
281,180,0.270658278598,0.000388405058119,0.0
282,180,0.270269578563,0.000388700034883,0.0
283,180,0.269881904854,0.000387673709128,0.0
284,180,0.26949925979,0.00038264506393,0.0
285,180,0.269116081662,0.000383178128137,0.0
286,180,0.268737119701,0.000378961960475,0.0
287,180,0.26835707585,0.000380043851005,0.0
288,180,0.267981687056,0.000375388794475,0.0
289,180,0.26760693464,0.000374752415551,0.0
290,180,0.267232774827,0.000374159812927,0.0
291,180,0.266862382491,0.000370392335786,0.0
292,180,0.266492137644,0.000370244847404,0.0
293,180,0.266125227743,0.000366909901301,0.0
294,180,0.265758855078,0.000366372664769,0.0
295,180,0.265395657619,0.000363197459115,0.0
296,180,0.265033269856,0.000362387763129,0.0
297,180,0.264669261575,0.000364008280966,0.0
298,180,0.26431000736,0.000359254214499,0.0
299,180,0.263949703442,0.000360303918521,0.0
300,180,0.263592553602,0.000357149839401,0.0
301,180,0.263235144946,0.000357408656014,0.0
302,180,0.262882473138,0.000352671808667,0.0
303,180,0.262527655959,0.000354817178514,0.0
304,180,0.2621773035,0.000350352459484,0.0
305,180,0.261827694244,0.000349609255791,0.0
306,180,0.261476724943,0.00035096930133,0.0
307,180,0.261131096416,0.000345628526476,0.0
308,180,0.260783501863,0.00034759455257,0.0
309,180,0.260440686941,0.000342814922333,0.0
310,180,0.260097540485,0.000343146456612,0.0
311,180,0.259754900204,0.000342640280724,0.0
312,180,0.259415864084,0.000339036120309,0.0
313,180,0.259077126715,0.000338737368584,0.0
314,180,0.258739449713,0.000337677001953,0.0
315,180,0.258401266204,0.000338183508979,0.0
316,180,0.258068069087,0.000333197116852,0.0
317,180,0.257735122177,0.000332946909798,0.0
318,180,0.257402550975,0.000332571201854,0.0
319,180,0.257074214485,0.000328336490525,0.0
320,180,0.25674616105,0.00032805343469,0.0
321,180,0.256418025361,0.0003281356891,0.0
322,180,0.25609375755,0.000324267811245,0.0
323,180,0.255767842862,0.000325914687581,0.0
324,180,0.25544669244,0.000321150422096,0.0
325,180,0.255124434763,0.000322257677714,0.0
326,180,0.254802811543,0.000321623219384,0.0
327,180,0.254485154086,0.000317657457458,0.0
328,180,0.254166367584,0.000318786501884,0.0
329,180,0.253849805858,0.000316561725405,0.0
330,180,0.253532677624,0.000317128234439,0.0
331,180,0.253219566544,0.000313111080064,0.0
332,180,0.25290620625,0.000313360293706,0.0
333,180,0.252593531741,0.000312674509154,0.0
334,180,0.252283596595,0.000309935145908,0.0
335,180,0.251974169148,0.000309427446789,0.0
336,180,0.251663849354,0.000310319794549,0.0
337,180,0.251356281042,0.000307568311691,0.0
338,180,0.251049535275,0.000306745767593,0.0
339,180,0.250741586486,0.000307948788007,0.0
340,180,0.250437279807,0.000304306679302,0.0
341,180,0.250132248137,0.000305031670464,0.0
342,180,0.249825985763,0.000306262373924,0.0
343,180,0.249524465137,0.00030152062575,0.0
344,180,0.249219651355,0.000304813782374,0.0
345,180,0.248917126656,0.000302524699105,0.0
346,180,0.248617388672,0.00029973798328,0.0
347,180,0.248315432005,0.00030195666684,0.0
348,180,0.248016203178,0.000299228827159,0.0
349,180,0.247717031307,0.000299171871609,0.0
350,180,0.247421211269,0.000295820037524,0.000999927520752
351,180,0.247124892208,0.000296319060855,0.0
352,180,0.246829380525,0.000295511682828,0.0
353,180,0.246535945733,0.000293434792095,0.0
354,180,0.246243431634,0.000292514099015,0.0
355,180,0.245949564974,0.00029386666086,0.0
356,180,0.245660046604,0.000289518369569,0.0
357,180,0.245369268854,0.000290777749485,0.0
358,180,0.245080979665,0.000288289189339,0.0
359,180,0.244791449971,0.000289529694451,0.0
360,180,0.244505421983,0.000286027987798,0.0
361,180,0.24421910425,0.000286317732599,0.0
362,180,0.243933327529,0.000285776721107,0.0
363,180,0.243646858533,0.000286468995942,0.00100016593933
364,180,0.243366198606,0.000280659927262,0.0
365,180,0.243083814383,0.000282384223408,0.0
366,180,0.242801103989,0.00028271039327,0.0
367,180,0.242518993947,0.000282110042042,0.0
368,180,0.242241446376,0.000277547571394,0.0
369,180,0.241961475412,0.000279970963796,0.0
370,180,0.241679686043,0.000281789369053,0.0
371,180,0.241396811737,0.000282874306043,0.0
372,180,0.241118930115,0.000277881622314,0.0
373,180,0.240840434697,0.000278495417701,0.0
374,180,0.240560402208,0.000280032489035,0.0
375,180,0.240285396046,0.000275006161796,0.000999927520752
376,180,0.240009364287,0.00027603175905,0.0
377,180,0.239733265175,0.000276099112299,0.0
378,180,0.239459144606,0.000274120569229,0.0
379,180,0.239186941054,0.000272203551398,0.0
380,180,0.238914707899,0.000272233155039,0.0
381,180,0.238641643657,0.000273064242469,0.0
382,180,0.23837078876,0.000270854896969,0.0
383,180,0.238097386228,0.000273402531942,0.0
384,180,0.237824408213,0.000272978014416,0.000999927520752
385,180,0.237550364004,0.000274044209056,0.0
386,180,0.237280640602,0.000269723402129,0.0
387,180,0.237009571923,0.000271068678962,0.0
388,180,0.236739000016,0.000270571907361,0.0
389,180,0.236471970412,0.000267029603322,0.0
390,180,0.236204707291,0.000267263121075,0.0
391,180,0.235938003725,0.000266703565915,0.0
392,180,0.235670750539,0.000267253186968,0.0
393,180,0.235407426556,0.000263323982557,0.0
394,180,0.235143941972,0.000263484583961,0.0
395,180,0.234878599776,0.000265342195829,0.0
396,180,0.234618179003,0.000260420772764,0.0
397,180,0.234357134501,0.000261044502258,0.0
398,180,0.234096084701,0.000261049800449,0.0
399,180,0.233837827444,0.000258257256614,0.0
400,180,0.233578698039,0.000259129405022,0.0
401,180,0.233319702016,0.000258996023072,0.0
402,180,0.233062812421,0.000256889594926,0.0
403,180,0.23280642324,0.000256389180819,0.0
404,180,0.232549935314,0.000256487925847,0.0
405,180,0.23229701221,0.000252923104498,0.0
406,180,0.232042925027,0.000254087183211,0.0
407,180,0.231790364385,0.00025256064203,0.0
408,180,0.231538522243,0.000251842141151,0.0
409,180,0.231287287606,0.000251234637366,0.0
410,180,0.231035826272,0.000251461333699,0.0
411,180,0.230787044366,0.000248781906234,0.0
412,180,0.230535834167,0.000251210199462,0.0
413,180,0.230290211969,0.000245622197787,0.0
414,180,0.230041570663,0.0002486413055,0.0
415,180,0.229794159002,0.000247411661678,0.0
416,180,0.229548862775,0.000245296226607,0.0
417,180,0.229303942257,0.000244920518663,0.0
418,180,0.229057702555,0.000246239701907,0.0
419,180,0.228815360533,0.00024234202173,0.0
420,180,0.228569824033,0.000245536499553,0.000999927520752
421,180,0.228328157001,0.000241667032242,0.0
422,180,0.228086715937,0.000241441064411,0.0
423,180,0.227842455308,0.000244260629018,0.0
424,180,0.227602124347,0.000240330961016,0.0
425,180,0.227359621591,0.000242502755589,0.0
426,180,0.227121319175,0.000238302416272,0.0
427,180,0.226883025434,0.000238293740484,0.0
428,180,0.226641730732,0.000241294701894,0.0
429,180,0.226406273312,0.000235457420349,0.0
430,180,0.226168478396,0.000237794915835,0.0
431,180,0.225929259459,0.000239218937026,0.0
432,180,0.225693240696,0.000236018763648,0.0
433,180,0.225456895166,0.000236345529556,0.0
434,180,0.225217597749,0.000239297416475,0.0
435,180,0.224980635643,0.000236962106493,0.0
436,180,0.22474270516,0.000237930483288,0.0
437,180,0.224506840176,0.000235864983665,0.0
438,180,0.22426863869,0.00023820148574,0.0
439,180,0.224034749534,0.000233889155918,0.0
440,180,0.223799169395,0.00023558013969,0.0
441,180,0.223563558923,0.000235610471831,0.000999927520752
442,180,0.223330619666,0.000232939256562,0.0
443,180,0.223097481993,0.000233137673802,0.0
444,180,0.222864633534,0.00023284845882,0.0
445,180,0.222629655798,0.000234977735413,0.0
446,180,0.222397889098,0.000231766700745,0.0
447,180,0.222165052692,0.000232836405436,0.000999927520752
448,180,0.221930079924,0.00023497276836,0.0
449,180,0.221699336171,0.000230743752586,0.0
450,180,0.221466302474,0.00023303369681,0.0
451,180,0.221234763198,0.000231539275911,0.0
452,180,0.221005839176,0.000228924022781,0.0
453,180,0.220775569677,0.000230269498295,0.0
454,180,0.220543658336,0.000231911341349,0.0
455,180,0.220316165884,0.000227492451668,0.0
456,180,0.220086990462,0.000229175421927,0.0
457,180,0.219858534402,0.000228456060092,0.0
458,180,0.219632066687,0.000226467715369,0.0
459,180,0.219403770036,0.000228296650781,0.0
460,180,0.219174161222,0.000229608813922,0.0
461,180,0.218949009577,0.000225151644813,0.0
462,180,0.218723644482,0.000225365095668,0.0
463,180,0.218495597177,0.000228047304683,0.0
464,180,0.218270785213,0.000224811964565,0.0
465,180,0.21804335369,0.000227431522475,0.0
466,180,0.217817579839,0.000225773851077,0.0
467,180,0.21759319769,0.000224382148849,0.0
468,180,0.217369451589,0.000223746101061,0.0
469,180,0.217143270108,0.00022618148062,0.0
470,180,0.216921013461,0.000222256647216,0.0
471,180,0.216695526176,0.00022548728519,0.0
472,180,0.216473725306,0.000221800870366,0.0
473,180,0.216251508395,0.000222216910786,0.0
474,180,0.216030428078,0.000221080316438,0.0
475,180,0.215809223056,0.0002212050226,0.0
476,180,0.21559082667,0.000218396385511,0.0
477,180,0.215369627939,0.000221198730998,0.0
478,180,0.215151649714,0.000217978225814,0.0
479,180,0.214933701621,0.000217948092355,0.0
480,180,0.214714429312,0.000219272308879,0.0
481,180,0.214497748944,0.000216680367788,0.0
482,180,0.214278924995,0.000218823949496,0.0
483,180,0.21406470206,0.000214222934511,0.0
484,180,0.21384849906,0.00021620300081,0.0
485,180,0.213630228109,0.000218270950847,0.0
486,180,0.213415938682,0.000214289426804,0.0
487,180,0.213199870918,0.000216067764494,0.0
488,180,0.212985841764,0.000214029153188,0.0
489,180,0.212772250772,0.000213590992822,0.0
490,180,0.212556367053,0.000215883718597,0.0
491,180,0.212344860964,0.000211506088575,0.0
492,180,0.212130958703,0.000213902261522,0.0
493,180,0.211917667521,0.000213291181458,0.0
494,180,0.21170665635,0.000211011171341,0.0
495,180,0.211493803859,0.000212852491273,0.0
496,180,0.211286929581,0.000206874277857,0.0
497,180,0.211077206797,0.00020972278383,0.0
498,180,0.210867671768,0.000209535029199,0.0
499,180,0.210660938422,0.000206733345985,0.0
500,180,0.210450917085,0.000210021336873,0.0
