1,80,2.2448117863,Nan,0.00200009346008
2,80,2.15795142723,0.0868603590763,0.0019998550415
3,80,2.07847428611,0.0794771411202,0.00200009346008
4,80,1.99348193226,0.0849923538439,0.0019998550415
5,80,1.90206192768,0.0914200045846,0.0019998550415
6,80,1.81278820471,0.0892737229665,0.00200009346008
7,80,1.72934955178,0.0834386529345,0.0019998550415
8,80,1.65020340717,0.0791461446068,0.00299978256226
9,80,1.56894595912,0.0812574480519,0.00300002098083
10,80,1.48314402248,0.0858019366409,0.0019998550415
11,80,1.40275523229,0.0803887901884,0.00200009346008
12,80,1.33175060027,0.0710046320251,0.00200009346008
13,80,1.26901283553,0.0627377647342,0.00200009346008
14,80,1.21339800719,0.0556148283409,0.00200009346008
15,80,1.16421616222,0.0491818449714,0.00200009346008
16,80,1.12072865385,0.0434875083692,0.00200009346008
17,80,1.08217952179,0.0385491320581,0.0019998550415
18,80,1.04783452785,0.0343449939381,0.0019998550415
19,80,1.01700140924,0.0308331186121,0.00200009346008
20,80,0.989223605936,0.0277778033054,0.0019998550415
21,80,0.964088866566,0.0251347393701,0.0019998550415
22,80,0.941195894733,0.0228929718335,0.0019998550415
23,80,0.920268378474,0.0209275162581,0.00300002098083
24,80,0.901099154443,0.019169224031,0.0019998550415
25,80,0.883459467238,0.0176396872058,0.0019998550415
26,80,0.867143432661,0.0163160345771,0.00200009346008
27,80,0.852003650593,0.0151397820675,0.00300002098083
28,80,0.837898624666,0.0141050259272,0.00200009346008
29,80,0.824695441578,0.0132031830874,0.00200009346008
30,80,0.812338811701,0.0123566298774,0.00300002098083
31,80,0.800773701523,0.0115651101777,0.00200009346008
32,80,0.789934729446,0.0108389720772,0.00300002098083
33,80,0.77973405773,0.0102006717162,0.00300002098083
34,80,0.770064599225,0.00966945850488,0.00200009346008
35,80,0.7609707677,0.0090938315247,0.00200009346008
36,80,0.752367565126,0.00860320257418,0.0019998550415
37,80,0.744213408774,0.00815415635253,0.0019998550415
38,80,0.736475361477,0.00773804729635,0.00300002098083
39,80,0.729117595427,0.00735776605028,0.00200009346008
40,80,0.722105912006,0.0070116834207,0.00200009346008
41,80,0.715397420796,0.00670849120978,0.0019998550415
42,80,0.708997200475,0.00640022032189,0.00200009346008
43,80,0.702893782746,0.00610341772889,0.0019998550415
44,80,0.697057841402,0.0058359413436,0.0019998550415
45,80,0.691468297713,0.00558954368938,0.00200009346008
46,80,0.686111573378,0.00535672433449,0.0019998550415
47,80,0.680957725193,0.00515384818568,0.00200009346008
48,80,0.676016054731,0.00494167046113,0.0019998550415
49,80,0.671251774557,0.00476428017472,0.0019998550415
50,80,0.666661437352,0.00459033720421,0.00200009346008
51,80,0.662228077469,0.00443335988305,0.00300002098083
52,80,0.65793476755,0.00429330991976,0.0019998550415
53,80,0.653798326218,0.00413644133192,0.00200009346008
54,80,0.649779588165,0.00401873805306,0.00300002098083
55,80,0.645901438323,0.00387814984177,0.0019998550415
56,80,0.642129741293,0.00377169702992,0.0019998550415
57,80,0.638467516682,0.00366222461065,0.0019998550415
58,80,0.634919286858,0.00354822982441,0.00200009346008
59,80,0.631478801279,0.00344048557859,0.00200009346008
60,80,0.628144543821,0.0033342574582,0.00300002098083
61,80,0.62490290006,0.00324164376114,0.00200009346008
62,80,0.621758245699,0.00314465436068,0.0019998550415
63,80,0.618694234978,0.00306401072126,0.00200009346008
64,80,0.615710369385,0.00298386559342,0.00200009346008
65,80,0.612810010621,0.00290035876361,0.00200009346008
66,80,0.609992216934,0.00281779368718,0.00300002098083
67,80,0.607248888955,0.00274332797889,0.0019998550415
68,80,0.604574335344,0.00267455361106,0.00200009346008
69,80,0.601968075651,0.0026062596928,0.00200009346008
70,80,0.599420860319,0.00254721533168,0.0019998550415
71,80,0.596935372642,0.00248548767783,0.00200009346008
72,80,0.594508059097,0.00242731354453,0.0019998550415
73,80,0.592139155576,0.00236890352134,0.0019998550415
74,80,0.589817754789,0.00232140078689,0.0019998550415
75,80,0.587551442782,0.00226631200675,0.00200009346008
76,80,0.585337240768,0.00221420201388,0.00200009346008
77,80,0.583174963431,0.00216227733728,0.00200009346008
78,80,0.581059762926,0.00211520050511,0.0019998550415
79,80,0.57899426836,0.00206549456625,0.00200009346008
80,80,0.576956804593,0.00203746376616,0.0019998550415
81,80,0.574956564831,0.00200023976239,0.00299978256226
82,80,0.572999249624,0.00195731520653,0.00300002098083
83,80,0.571078991167,0.00192025845701,0.0019998550415
84,80,0.569204931729,0.00187405943871,0.00200009346008
85,80,0.567361394022,0.00184353770632,0.00200009346008
86,80,0.56556142695,0.00179996707223,0.00200009346008
87,80,0.563793288216,0.00176813873378,0.00300002098083
88,80,0.562059463877,0.00173382433978,0.00300002098083
89,80,0.560357996189,0.00170146768743,0.00200009346008
90,80,0.558690942959,0.00166705322988,0.00200009346008
91,80,0.557048508435,0.00164243452477,0.00300002098083
92,80,0.555438728224,0.00160978021044,0.0019998550415
93,80,0.553851413366,0.00158731485858,0.00300002098083
94,80,0.55229276798,0.00155864538568,0.00200009346008
95,80,0.550760561047,0.0015322069327,0.0019998550415
96,80,0.549255391143,0.00150516990459,0.00299978256226
97,80,0.547771395336,0.00148399580609,0.00200009346008
98,80,0.546311409726,0.00145998561021,0.0019998550415
99,80,0.544877084819,0.00143432490753,0.00300002098083
100,80,0.543461514422,0.00141557039637,0.00200009346008
