1,120,2.25955901464,Nan,0.00200009346008
2,120,2.19815000534,0.0614090092977,0.00200009346008
3,120,2.14270587285,0.055444132487,0.000999927520752
4,120,2.08913540098,0.0535704718696,0.000999927520752
5,120,2.03225322511,0.0568821758694,0.00200009346008
6,120,1.97041033003,0.061842895084,0.00200009346008
7,120,1.90745066325,0.062959666782,0.0019998550415
8,120,1.84645473268,0.0609959305657,0.0019998550415
9,120,1.78841840532,0.0580363273621,0.0019998550415
10,120,1.73348023944,0.0549381658766,0.0019998550415
11,120,1.68139298757,0.0520872518751,0.00200009346008
12,120,1.6313882743,0.0500047132704,0.00200009346008
13,120,1.58317607244,0.0482122018602,0.00200009346008
14,120,1.53610435168,0.0470717207591,0.0019998550415
15,120,1.48779633204,0.0483080196381,0.00200009346008
16,120,1.43372490671,0.054071425332,0.0019998550415
17,120,1.37903787613,0.0546870305803,0.0019998550415
18,120,1.32859193696,0.05044593917,0.00100016593933
19,120,1.28347607719,0.0451158597734,0.0019998550415
20,120,1.24277827581,0.040697801378,0.00200009346008
21,120,1.20554494858,0.0372333272298,0.00200009346008
22,120,1.1714831935,0.0340617550744,0.00300002098083
23,120,1.14025848495,0.0312247085571,0.00200009346008
24,120,1.11152632607,0.0287321588728,0.00200009346008
25,120,1.08506775962,0.0264585664537,0.0019998550415
26,120,1.06062920676,0.0244385528564,0.0019998550415
27,120,1.03800563282,0.022623573939,0.0019998550415
28,120,1.01696380191,0.0210418309106,0.0019998550415
29,120,0.997373772727,0.0195900291867,0.0019998550415
30,120,0.97907336235,0.0183004103767,0.00200009346008
31,120,0.961950553258,0.0171228090922,0.0019998550415
32,120,0.945900530285,0.016050022973,0.00300002098083
33,120,0.930825637182,0.0150748931037,0.0019998550415
34,120,0.916623353958,0.0142022832235,0.0019998550415
35,120,0.903258847131,0.0133645068275,0.0019998550415
36,120,0.890661892361,0.0125969547696,0.00200009346008
37,120,0.878719983631,0.0119419087304,0.00200009346008
38,120,0.867386713028,0.0113332706028,0.0019998550415
39,120,0.85662686348,0.0107598495483,0.0019998550415
40,120,0.8464032046,0.0102236588796,0.00200009346008
41,120,0.836661889288,0.00974131531186,0.0019998550415
42,120,0.82736990028,0.00929198900859,0.0019998550415
43,120,0.818521764014,0.00884813626607,0.0019998550415
44,120,0.810049143367,0.00847262064616,0.00200009346008
45,120,0.80195230431,0.00809683905707,0.000999927520752
46,120,0.794222757022,0.00772954728868,0.00200009346008
47,120,0.786823603312,0.00739915370941,0.0019998550415
48,120,0.779713584052,0.00711001925998,0.000999927520752
49,120,0.772886810833,0.00682677321964,0.00200009346008
50,120,0.766309898165,0.00657691266802,0.0019998550415
51,120,0.759996093644,0.0063138045205,0.0019998550415
52,120,0.753921022945,0.00607507069906,0.00200009346008
53,120,0.748066184786,0.00585483815935,0.00200009346008
54,120,0.742439401944,0.00562678284115,0.00200009346008
55,120,0.737008812163,0.00543058978187,0.000999927520752
56,120,0.73177107652,0.00523773564233,0.00200009346008
57,120,0.726713300281,0.00505777623918,0.00300002098083
58,120,0.721824620565,0.00488867971632,0.00200009346008
59,120,0.717099275589,0.00472534497579,0.0019998550415
60,120,0.712521654765,0.00457762082418,0.000999927520752
61,120,0.708090878063,0.00443077670203,0.0019998550415
62,120,0.703794298172,0.00429657989078,0.00200009346008
63,120,0.699624148475,0.0041701496972,0.00200009346008
64,120,0.695578611692,0.00404553678301,0.0019998550415
65,120,0.691648293071,0.00393031862047,0.0019998550415
66,120,0.687833219104,0.00381507396698,0.00200009346008
67,120,0.684127224286,0.00370599481795,0.0019998550415
68,120,0.680532068676,0.00359515560998,0.00200009346008
69,120,0.677035569615,0.00349649906158,0.0019998550415
70,120,0.673631980154,0.00340358946058,0.00399994850159
71,120,0.670314551989,0.00331742816501,0.00300002098083
72,120,0.667086962594,0.00322758939531,0.00300002098083
73,120,0.663942634265,0.0031443283293,0.00200009346008
74,120,0.660868031184,0.00307460308075,0.00300002098083
75,120,0.657867475086,0.00300055609809,0.00300002098083
76,120,0.654943937196,0.00292353789012,0.00200009346008
77,120,0.652070271704,0.00287366549174,0.0019998550415
78,120,0.649266873466,0.00280339823829,0.00100016593933
79,120,0.646531245444,0.00273562802209,0.00200009346008
80,120,0.643845348358,0.0026858970854,0.0019998550415
81,120,0.641207404137,0.0026379442215,0.00200009346008
82,120,0.638631387287,0.00257601684994,0.00200009346008
83,120,0.636112502946,0.00251888434092,0.0019998550415
84,120,0.633645780881,0.00246672206455,0.00200009346008
85,120,0.631227897538,0.00241788334317,0.00200009346008
86,120,0.628860486348,0.00236741118961,0.0019998550415
87,120,0.62654308637,0.00231739997864,0.000999927520752
88,120,0.62427359581,0.0022694905599,0.00100016593933
89,120,0.622050895691,0.00222270011902,0.00200009346008
90,120,0.619875898361,0.00217499732971,0.0019998550415
91,120,0.617741860284,0.00213403807746,0.00200009346008
92,120,0.615647628572,0.00209423171149,0.0019998550415
93,120,0.613592029148,0.00205559942457,0.00200009346008
94,120,0.611574089792,0.00201793935564,0.00200009346008
95,120,0.609589160283,0.00198492950863,0.000999927520752
96,120,0.607645510568,0.00194364971585,0.00200009346008
97,120,0.605731684367,0.0019138262007,0.0019998550415
98,120,0.603850981394,0.00188070297241,0.00200009346008
99,120,0.602006386651,0.00184459474352,0.00200009346008
100,120,0.600191568798,0.00181481785244,0.00200009346008
