1,240,2.27588229709,Nan,0.00300002098083
2,240,2.24506183685,0.0308204602438,0.0019998550415
3,240,2.21382830665,0.0312335301959,0.0019998550415
4,240,2.18435510787,0.0294731987847,0.0019998550415
5,240,2.15649929592,0.0278558119517,0.00300002098083
6,240,2.12942418537,0.0270751105414,0.00300002098083
7,240,2.10233984448,0.0270843408978,0.00300002098083
8,240,2.07496324691,0.027376597571,0.00200009346008
9,240,2.04669670589,0.0282665410117,0.00300002098083
10,240,2.01726109096,0.029435614934,0.00300002098083
11,240,1.98687125312,0.0303898378402,0.00300002098083
12,240,1.95563006931,0.0312411838108,0.0019998550415
13,240,1.92385300651,0.0317770627945,0.00299978256226
14,240,1.89239934649,0.0314536600264,0.00300002098083
15,240,1.86152437967,0.0308749668182,0.00300002098083
16,240,1.83127136836,0.0302530113099,0.00300002098083
17,240,1.80180283198,0.029468536377,0.00300002098083
18,240,1.77307786124,0.0287249707419,0.00300002098083
19,240,1.74515394907,0.0279239121694,0.00200009346008
20,240,1.71804990254,0.027104046534,0.00200009346008
21,240,1.69171609788,0.0263338046604,0.00300002098083
22,240,1.6660666487,0.0256494491819,0.00300002098083
23,240,1.64102555532,0.0250410933722,0.00300002098083
24,240,1.61660019405,0.02442536127,0.00200009346008
25,240,1.59282734583,0.0237728482201,0.00300002098083
26,240,1.56975840008,0.0230689457485,0.0019998550415
27,240,1.54730871655,0.0224496835376,0.00300002098083
28,240,1.52541435363,0.0218943629189,0.00300002098083
29,240,1.50404823545,0.0213661181738,0.00200009346008
30,240,1.48294760447,0.0211006309873,0.00200009346008
31,240,1.46191780454,0.0210297999306,0.0019998550415
32,240,1.44046261258,0.0214551919604,0.00200009346008
33,240,1.41787429567,0.0225883169023,0.00299978256226
34,240,1.39312841991,0.0247458757673,0.0019998550415
35,240,1.3670295461,0.0260988738045,0.00300002098083
36,240,1.34121135409,0.0258181920127,0.0019998550415
37,240,1.3163632517,0.0248481023879,0.00300002098083
38,240,1.29268466283,0.0236785888672,0.0019998550415
39,240,1.27056470477,0.0221199580601,0.00200009346008
40,240,1.24984802004,0.020716684735,0.00200009346008
41,240,1.23023975433,0.0196082657103,0.00200009346008
42,240,1.21164895799,0.0185907963344,0.0019998550415
43,240,1.19389721583,0.0177517421662,0.0019998550415
44,240,1.17696327694,0.0169339388893,0.0019998550415
45,240,1.16081408183,0.016149195111,0.00200009346008
46,240,1.14537302532,0.0154410565089,0.00300002098083
47,240,1.1305759545,0.0147970708211,0.00200009346008
48,240,1.11639677199,0.0141791825067,0.00300002098083
49,240,1.10281583877,0.0135809332227,0.00300002098083
50,240,1.08978587196,0.0130299668085,0.00299978256226
51,240,1.07726895105,0.0125169209072,0.00300002098083
52,240,1.06524861956,0.0120203314887,0.00200009346008
53,240,1.05368543474,0.011563184829,0.00200009346008
54,240,1.04256314111,0.0111222936237,0.00299978256226
55,240,1.03186078147,0.0107023596385,0.00300002098083
56,240,1.02153358823,0.0103271932451,0.00200009346008
57,240,1.01156830016,0.00996528807141,0.00200009346008
58,240,1.00195623913,0.00961206103128,0.0019998550415
59,240,0.992679976811,0.0092762623136,0.0019998550415
60,240,0.983709886339,0.00897009047251,0.00300002098083
61,240,0.975034636846,0.00867524949331,0.00300002098083
62,240,0.966636072189,0.00839856465658,0.00200009346008
63,240,0.958503295656,0.00813277653285,0.0019998550415
64,240,0.950638784984,0.00786451067243,0.00300002098083
65,240,0.943023380098,0.00761540488591,0.00200009346008
66,240,0.93564326029,0.00738011980814,0.00300002098083
67,240,0.928487306625,0.00715595366463,0.0019998550415
68,240,0.921550409832,0.00693689679343,0.00300002098083
69,240,0.914819511535,0.00673089829702,0.00200009346008
70,240,0.908280545795,0.0065389657399,0.00300002098083
71,240,0.901929574391,0.00635097140358,0.00300002098083
72,240,0.895760838948,0.0061687354436,0.00300002098083
73,240,0.889767663744,0.00599317520384,0.00300002098083
74,240,0.883937549894,0.00583011384994,0.00300002098083
75,240,0.878263187711,0.00567436218262,0.00300002098083
76,240,0.872729963878,0.00553322383336,0.00200009346008
77,240,0.86733351329,0.00539645058768,0.00200009346008
78,240,0.862067970397,0.00526554289318,0.00300002098083
79,240,0.85693262736,0.00513534303695,0.00300002098083
80,240,0.851918499659,0.00501412770105,0.00300002098083
81,240,0.847026621501,0.00489187815833,0.00300002098083
82,240,0.842250086466,0.00477653503418,0.00200009346008
83,240,0.83758012923,0.00466995723664,0.0019998550415
84,240,0.833016881186,0.00456324804397,0.00300002098083
85,240,0.82855624426,0.00446063692608,0.0019998550415
86,240,0.824192682297,0.00436356196328,0.00200009346008
87,240,0.819931272476,0.00426140982007,0.00200009346008
88,240,0.815752406045,0.00417886643183,0.00200009346008
89,240,0.811676820422,0.00407558562264,0.00300002098083
90,240,0.807699283418,0.00397753700377,0.00300002098083
91,240,0.803816515605,0.00388276781355,0.0019998550415
92,240,0.800015330844,0.0038011847602,0.00300002098083
93,240,0.796292260185,0.00372307065933,0.00200009346008
94,240,0.792649378095,0.00364288208977,0.00300002098083
95,240,0.789079360356,0.00357001773895,0.0019998550415
96,240,0.785584069509,0.00349529084705,0.00200009346008
97,240,0.782154132904,0.00342993660579,0.00300002098083
98,240,0.778791070968,0.00336306193518,0.0019998550415
99,240,0.775492054773,0.00329901619563,0.0019998550415
100,240,0.772256260221,0.00323579455179,0.00300002098083
