1,460,2.28299072929,Nan,0.00300002098083
2,460,2.26711839238,0.0158723369148,0.00300002098083
3,460,2.2504033687,0.0167150236805,0.00300002098083
4,460,2.23338618545,0.0170171832446,0.00300002098083
5,460,2.2168040708,0.0165821146521,0.00300002098083
6,460,2.20063723333,0.0161668374672,0.00300002098083
7,460,2.18518188785,0.0154553454855,0.00300002098083
8,460,2.17016744436,0.0150144434864,0.00399994850159
9,460,2.1554129251,0.0147545192553,0.00300002098083
10,460,2.14092059757,0.0144923275302,0.00299978256226
11,460,2.12650645831,0.0144141392678,0.00300002098083
12,460,2.11208385918,0.0144225991291,0.00300002098083
13,460,2.09758681659,0.0144970425908,0.00300002098083
14,460,2.08303105017,0.0145557664196,0.00300002098083
15,460,2.06826256462,0.0147684855491,0.00300002098083
16,460,2.05315879798,0.0151037666368,0.00300002098083
17,460,2.03778514151,0.0153736564684,0.00300002098083
18,460,2.02201138727,0.0157737542383,0.00300002098083
19,460,2.00591369179,0.0160976954869,0.00300002098083
20,460,1.98963287898,0.0162808128025,0.00300002098083
21,460,1.97314012776,0.0164927512222,0.00300002098083
22,460,1.95626348768,0.0168766400829,0.00300002098083
23,460,1.93930087356,0.0169626141187,0.00300002098083
24,460,1.92237138807,0.0169294854869,0.00299978256226
25,460,1.90556322299,0.0168081650823,0.00300002098083
26,460,1.88894423135,0.0166189916386,0.00300002098083
27,460,1.87249029645,0.0164539349005,0.00300002098083
28,460,1.85616796505,0.0163223313989,0.00300002098083
29,460,1.84007915592,0.0160888091378,0.00300002098083
30,460,1.82422388799,0.0158552679216,0.00300002098083
31,460,1.80859475225,0.0156291357479,0.00300002098083
32,460,1.79316655331,0.0154281989388,0.00399994850159
33,460,1.77792978701,0.0152367662939,0.00300002098083
34,460,1.76291571907,0.0150140679401,0.00300002098083
35,460,1.74812740302,0.0147883160514,0.00300002098083
36,460,1.73359158557,0.0145358174484,0.00300002098083
37,460,1.71928659226,0.0143049933155,0.00299978256226
38,460,1.7051962041,0.0140903881618,0.00300002098083
39,460,1.69129627417,0.0138999299233,0.00300002098083
40,460,1.67759459833,0.0137016758415,0.00300002098083
41,460,1.66408373495,0.0135108633811,0.00300002098083
42,460,1.65073407096,0.0133496639891,0.00399994850159
43,460,1.63756873682,0.0131653341447,0.00300002098083
44,460,1.6245719572,0.0129967796136,0.00300002098083
45,460,1.6117675491,0.012804408103,0.00300002098083
46,460,1.59915901563,0.0126085334683,0.00300002098083
47,460,1.58673361725,0.0124253983823,0.00300002098083
48,460,1.5745152894,0.0122183278481,0.00300002098083
49,460,1.56251239244,0.0120028969664,0.00399994850159
50,460,1.55070984704,0.0118025453935,0.00300002098083
51,460,1.53910124998,0.0116085970624,0.00200009346008
52,460,1.5276680899,0.0114331600829,0.00300002098083
53,460,1.51641719771,0.011250892189,0.00400018692017
54,460,1.50536908274,0.0110481149662,0.00300002098083
55,460,1.49447533092,0.0108937518197,0.00300002098083
56,460,1.48370757666,0.0107677542645,0.00299978256226
57,460,1.47307739791,0.0106301787477,0.00500011444092
58,460,1.46257672636,0.0105006715526,0.00299978256226
59,460,1.45202957651,0.0105471498478,0.00300002098083
60,460,1.44150181113,0.0105277653807,0.00300002098083
61,460,1.43095064459,0.0105511665344,0.00300002098083
62,460,1.42024173796,0.0107089066357,0.00300002098083
63,460,1.40929405674,0.0109476812138,0.00300002098083
64,460,1.39801219857,0.0112818581717,0.00299978256226
65,460,1.38631544528,0.0116967532946,0.00399994850159
66,460,1.37381672178,0.012498723498,0.00299978256226
67,460,1.36046528313,0.0133514386527,0.0019998550415
68,460,1.3468081729,0.0136571102261,0.00300002098083
69,460,1.33312740859,0.0136807643108,0.00299978256226
70,460,1.31967781967,0.0134495889178,0.00300002098083
71,460,1.30659802952,0.0130797901509,0.00300002098083
72,460,1.29372806075,0.0128699687697,0.00300002098083
73,460,1.28119390559,0.0125341551644,0.00300002098083
74,460,1.26911691346,0.0120769921297,0.00300002098083
75,460,1.25750544767,0.0116114657858,0.00300002098083
76,460,1.24631833675,0.0111871109246,0.00400018692017
77,460,1.23548676035,0.0108315764007,0.00299978256226
78,460,1.22500201871,0.0104847416374,0.00300002098083
79,460,1.21486698411,0.0101350345967,0.00300002098083
80,460,1.20504081619,0.00982616791814,0.00300002098083
81,460,1.195483293,0.00955752319431,0.00300002098083
82,460,1.18615417836,0.00932911464146,0.00300002098083
83,460,1.17707216547,0.00908201288733,0.00300002098083
84,460,1.16822699908,0.00884516638999,0.00399994850159
85,460,1.15960909387,0.00861790520804,0.00300002098083
86,460,1.15121811577,0.00839097810828,0.00300002098083
87,460,1.14303259761,0.00818551815815,0.00300002098083
88,460,1.1350315325,0.00800106510613,0.00300002098083
89,460,1.12721333533,0.00781819716744,0.00300002098083
90,460,1.11956590629,0.00764742904568,0.00300002098083
91,460,1.11208486261,0.00748104367937,0.00300002098083
92,460,1.10477142452,0.00731343808381,0.00299978256226
93,460,1.09762273871,0.00714868581073,0.00300002098083
94,460,1.09063146662,0.00699127209113,0.00300002098083
95,460,1.08379487932,0.00683658730169,0.00300002098083
96,460,1.07711012349,0.00668475583473,0.00300002098083
97,460,1.07056911658,0.00654100690569,0.00300002098083
98,460,1.06416802199,0.00640109459065,0.00300002098083
99,460,1.05790453313,0.00626348886431,0.00300002098083
100,460,1.05177366245,0.00613087067693,0.00299978256226
