1,231,2.299567945075758,Nan,0.011335611343383789
2,231,2.270783923921131,0.02878402115462686,0.0037157535552978516
3,231,2.2844248850108224,-0.013640961089691483,0.003767728805541992
4,231,2.2659391593107414,0.018485725700081,0.0033152103424072266
5,231,2.2527056277056277,0.013233531605113757,0.004891395568847656
6,231,2.2749821386295994,-0.02227651092397176,0.005825519561767578
7,231,2.242813440628382,0.032168698001217244,0.0043430328369140625
8,231,2.2579031279592803,-0.015089687330898105,0.004285335540771484
9,231,2.214047386532738,0.04385574142654214,0.003918647766113281
10,231,2.2063175878483494,0.007729798684388722,0.004357576370239258
11,231,2.240230940121077,-0.033913352272727515,0.004538059234619141
12,231,2.227812531706575,0.012418408414502036,0.0034334659576416016
13,231,2.203721347825352,0.024091183881223,0.0035393238067626953
14,231,2.190538282518263,0.013183065307088793,0.0033636093139648438
15,231,2.1963664793864988,-0.005828196868235658,0.007857561111450195
16,231,2.196404791497565,-3.831211106630761e-05,0.007483243942260742
17,231,2.197635535037879,-0.0012307435403138278,0.0070002079010009766
18,231,2.213691744453463,-0.016056209415584277,0.006078481674194336
19,231,2.1711008311350106,0.04259091331845255,0.0037610530853271484
20,231,2.1898588370451164,-0.01875800591010579,0.011702775955200195
21,231,2.2107970662963337,-0.020938229251217244,0.004294872283935547
22,231,2.1802320604200487,0.030565005876284967,0.0034983158111572266
23,231,2.1804417201450894,-0.00020965972504072283,0.0044443607330322266
24,231,2.169049151532062,0.01139256861302762,0.0037796497344970703
25,231,2.1208430038386092,0.04820614769345255,0.004125356674194336
26,231,2.147524218538623,-0.026681214700013722,0.00416874885559082
27,231,2.1628641235880006,-0.015339905049377656,0.0038077831268310547
28,231,2.1412852894176138,0.021578834170386862,0.003877878189086914
29,231,2.120086009368236,0.021199280049377656,0.004058122634887695
30,231,2.1431883444517723,-0.023102335083536207,0.004532337188720703
31,231,2.123795810715977,0.019392533735795414,0.0032761096954345703
32,231,2.132484733284294,-0.008688922568317103,0.009188652038574219
33,231,2.11967303123309,0.012811702051203966,0.004724264144897461
34,231,2.1300067323626894,-0.010333701129599415,0.004659414291381836
35,231,2.1099253732920724,0.020081359070617033,0.004387617111206055
36,231,2.1165957760501217,-0.00667040275804931,0.004025936126708984
37,231,2.090963784750406,0.02563199129971583,0.00465846061706543
38,231,2.0945546864431144,-0.0035909016927084814,0.0044095516204833984
39,231,2.0720284862435743,0.022526200199540103,0.003851652145385742
40,231,2.071319315856669,0.0007091703869051003,0.003582477569580078
41,231,2.0334071039637447,0.037912211892924486,0.00430607795715332
42,231,2.059829249526515,-0.02642214556277045,0.0032410621643066406
43,231,2.082520059692911,-0.02269081016639607,0.0037491321563720703
44,231,2.0788549117711717,0.0036651479217395533,0.003419637680053711
45,231,2.0810126762885552,-0.002157764517383587,0.004190683364868164
46,231,2.0728076753162203,0.008205000972334897,0.005175352096557617
47,231,2.0559681813954276,0.01683949392079276,0.007185935974121094
48,231,2.040702522575081,0.015265658820346584,0.006272315979003906
49,231,2.0454287838626217,-0.004726261287540723,0.004828453063964844
50,231,2.0022771926153276,0.043151591247294174,0.0031282901763916016
51,231,2.0045586127739448,-0.002281420158617209,0.003593921661376953
52,231,2.0196522634266776,-0.015093650652732826,0.0035812854766845703
53,231,2.016250412185471,0.0034018512412066215,0.00408935546875
54,231,2.004491764745671,0.01175864743979993,0.004710197448730469
55,231,2.0035578740107547,0.0009338907349163428,0.004042863845825195
56,231,1.9999257537709687,0.0036321202397859853,0.005935192108154297
57,231,2.060730244690206,-0.06080449091923712,0.004233360290527344
58,231,2.0037567006561146,0.05697354403409127,0.003952503204345703
59,231,2.0295414119571835,-0.025784711301068963,0.00393366813659668
60,231,1.967530750093006,0.062010661864177585,0.003523588180541992
61,231,2.0075473537692776,-0.04001660367627169,0.0038633346557617188
62,231,1.9301187094155845,0.07742864435369312,0.004677534103393555
63,231,1.9901127010196835,-0.05999399160409902,0.004100799560546875
64,231,1.9697741223620129,0.020338578657670636,0.004642963409423828
65,231,1.9888919978946835,-0.019117875532670636,0.004469394683837891
66,231,1.9813861268939394,0.007505871000744069,0.003820657730102539
67,231,1.956593435048025,0.024792691845914483,0.004202604293823242
68,231,1.961258925400771,-0.0046654903527461045,0.004365682601928711
69,231,1.9495391185149487,0.011719806885822415,0.004174947738647461
70,231,1.9574036701417072,-0.007864551626758587,0.004273891448974609
71,231,1.979213301753585,-0.021809631611877656,0.004555940628051758
72,231,1.9099224140117694,0.06929088774181547,0.00441431999206543
73,231,1.9335768398268398,-0.02365442581507038,0.0042684078216552734
74,231,1.8916787151650434,0.04189812466179643,0.003932952880859375
75,231,1.9552834250710227,-0.06360470990597933,0.0038115978240966797
76,231,1.9286434289180872,0.026639996152935552,0.004290103912353516
77,231,1.9493091137378247,-0.020665684819737518,0.0036597251892089844
78,231,1.942097453327922,0.0072116604099026205,0.004270076751708984
79,231,1.9040322572121888,0.038065196115733224,0.02211451530456543
80,231,1.9017743527631223,0.0022579044490664835,0.0044765472412109375
81,231,1.8908326780641234,0.010941674698998982,0.0035059452056884766
82,231,1.902476521281453,-0.011643843217329586,0.0038509368896484375
83,231,1.8928686364904626,0.009607884790990395,0.004544258117675781
84,231,1.8487005853033684,0.044168051187094104,0.004403829574584961
85,231,1.8652127088406385,-0.01651212353727005,0.004267692565917969
86,231,1.8638073149181547,0.001405393922483844,0.0038192272186279297
87,231,1.86721590380648,-0.0034085888883252924,0.0037877559661865234
88,231,1.8643184513240665,0.002897452482413465,0.004032611846923828
89,231,1.9098848945650704,-0.045566443241003896,0.00442814826965332
90,231,1.94132526612385,-0.031440371558779656,0.003573179244995117
91,231,1.8341755392231467,0.10714972690070335,0.004392147064208984
92,231,1.7873418898809523,0.04683364934219436,0.006922721862792969
93,231,1.8478923318706033,-0.06055044198965098,0.009166717529296875
94,231,1.81082364697477,0.03706868489583326,0.1503438949584961
95,231,1.7942733434371618,0.016550303537608224,0.0040967464447021484
