1,60,2.2306625711,Nan,0.00200009346008
2,60,2.11940226582,0.111260305286,0.00200009346008
3,60,2.00965375846,0.109748507354,0.0019998550415
4,60,1.88803637553,0.121617382933,0.000999927520752
5,60,1.76760798309,0.120428392443,0.00200009346008
6,60,1.64477626132,0.122831721764,0.0019998550415
7,60,1.52478897989,0.119987281433,0.00200009346008
8,60,1.41802468704,0.106764292852,0.0019998550415
9,60,1.32493197231,0.09309271473,0.00200009346008
10,60,1.24468629266,0.0802456796506,0.00200009346008
11,60,1.17583936325,0.0688469294101,0.0019998550415
12,60,1.11701125883,0.0588281044179,0.00200009346008
13,60,1.06696923251,0.0500420263258,0.00200009346008
14,60,1.02381564156,0.0431535909405,0.00200009346008
15,60,0.98630817812,0.0375074634444,0.00200009346008
16,60,0.953453702442,0.0328544756787,0.000999927520752
17,60,0.924399455119,0.0290542473227,0.00200009346008
18,60,0.898566999274,0.0258324558452,0.00200009346008
19,60,0.875384596916,0.0231824023575,0.0019998550415
20,60,0.854458515792,0.020926081124,0.0019998550415
21,60,0.835451847012,0.0190066687805,0.00200009346008
22,60,0.818093797716,0.0173580492957,0.00200009346008
23,60,0.802220078646,0.0158737190699,0.00200009346008
24,60,0.787633679277,0.0145863993693,0.00200009346008
25,60,0.774169376072,0.0134643032052,0.0019998550415
26,60,0.761689521499,0.012479854573,0.00200009346008
27,60,0.750146694776,0.0115428267226,0.0019998550415
28,60,0.739394028443,0.0107526663333,0.00200009346008
29,60,0.729360896989,0.010033131454,0.00200009346008
30,60,0.71994986588,0.00941103110879,0.0019998550415
31,60,0.71112558936,0.00882427652003,0.00200009346008
32,60,0.702832675115,0.00829291424509,0.00200009346008
33,60,0.695019785294,0.00781288982111,0.0019998550415
34,60,0.687664019859,0.00735576543431,0.00200009346008
35,60,0.680685331592,0.00697868826699,0.00200009346008
36,60,0.674072078392,0.00661325320012,0.00200009346008
37,60,0.667779518386,0.00629256000627,0.0019998550415
38,60,0.661778990158,0.00600052822781,0.00100016593933
39,60,0.65602464622,0.00575434393802,0.00200009346008
40,60,0.650531782808,0.00549286341263,0.0019998550415
41,60,0.64528671658,0.00524506622789,0.000999927520752
42,60,0.640260474695,0.00502624188439,0.00200009346008
43,60,0.635419443637,0.00484103105836,0.0019998550415
44,60,0.630775401013,0.00464404262392,0.00200009346008
45,60,0.626316678861,0.00445872215228,0.0019998550415
46,60,0.622030271379,0.00428640748148,0.00200009346008
47,60,0.617895292293,0.00413497908641,0.0019998550415
48,60,0.613913179387,0.00398211290607,0.000999927520752
49,60,0.610082033125,0.00383114626179,0.00200009346008
50,60,0.606377330608,0.00370470251741,0.0019998550415
51,60,0.602802385449,0.00357494515888,0.00200009346008
52,60,0.599344691584,0.00345769386507,0.00200009346008
53,60,0.595991793595,0.00335289798887,0.0019998550415
54,60,0.592743267986,0.00324852560873,0.0019998550415
55,60,0.589595225437,0.00314804254952,0.00200009346008
56,60,0.586540738876,0.00305448656028,0.0019998550415
57,60,0.583581072597,0.00295966627908,0.00200009346008
58,60,0.580700837421,0.0028802351763,0.00200009346008
59,60,0.577903979242,0.00279685817869,0.0019998550415
60,60,0.575178931123,0.00272504811907,0.00200009346008
61,60,0.572542048848,0.00263688227551,0.00200009346008
62,60,0.569957263052,0.00258478579548,0.000999927520752
63,60,0.567457941023,0.00249932202916,0.00200009346008
64,60,0.565018864001,0.00243907702171,0.00200009346008
65,60,0.562647949908,0.00237091409285,0.00200009346008
66,60,0.560330730374,0.00231721953484,0.00100016593933
67,60,0.558072455455,0.0022582749189,0.00200009346008
68,60,0.55587647271,0.00219598274446,0.0019998550415
69,60,0.553727453846,0.00214901886417,0.00200009346008
70,60,0.551623010905,0.00210444294127,0.00200009346008
71,60,0.549559696381,0.00206331452407,0.0019998550415
72,60,0.547543325263,0.00201637111815,0.000999927520752
73,60,0.545570457588,0.00197286767475,0.0019998550415
74,60,0.543645684194,0.00192477339405,0.0019998550415
75,60,0.541754421676,0.00189126251781,0.00300002098083
76,60,0.539901637223,0.00185278445314,0.00200009346008
77,60,0.538083543616,0.00181809360698,0.00200009346008
78,60,0.536301568942,0.00178197467394,0.00200009346008
79,60,0.534554599503,0.00174696943854,0.00200009346008
80,60,0.532829721634,0.00172487786934,0.00200009346008
81,60,0.531136086297,0.0016936353371,0.0019998550415
82,60,0.529472149294,0.00166393700293,0.0019998550415
83,60,0.527838633155,0.00163351613923,0.00100016593933
84,60,0.526236336918,0.00160229623654,0.0019998550415
85,60,0.524658168911,0.00157816800694,0.0019998550415
86,60,0.52311051067,0.0015476582414,0.00200009346008
87,60,0.521593065855,0.00151744481534,0.0019998550415
88,60,0.520098687296,0.00149437855866,0.0019998550415
89,60,0.518635527832,0.00146315946417,0.0019998550415
90,60,0.517205016357,0.00143051147461,0.0019998550415
91,60,0.515793462527,0.00141155383008,0.0019998550415
92,60,0.514400026893,0.00139343563446,0.00200009346008
93,60,0.513025937916,0.00137408897702,0.0019998550415
94,60,0.511677427615,0.00134851030037,0.0019998550415
95,60,0.510355189426,0.00132223818935,0.00499987602234
96,60,0.509065452403,0.00128973702253,0.0019998550415
97,60,0.507774466714,0.00129098568932,0.00200009346008
98,60,0.506508770097,0.00126569661717,0.00200009346008
99,60,0.505264093377,0.00124467671928,0.0019998550415
100,60,0.504040556439,0.0012235369386,0.00200009346008
