1,40,2.14480522112,Nan,0.000999927520752
2,40,1.90048952861,0.244315692511,0.0
3,40,1.65174361792,0.248745910688,0.0
4,40,1.41588732004,0.235856297883,0.0
5,40,1.21181404699,0.204073273052,0.0
6,40,1.04956621257,0.162247834422,0.0
7,40,0.924321060289,0.125245152278,0.0
8,40,0.828981197964,0.095339862325,0.0
9,40,0.755794596672,0.073186601292,0.0
10,40,0.698387235403,0.057407361269,0.0
11,40,0.652392905951,0.0459943294525,0.0
12,40,0.61477157609,0.0376213298603,0.0
13,40,0.583491791649,0.031279784441,0.000999927520752
14,40,0.557009659572,0.0264821320772,0.0
15,40,0.534300747243,0.0227089123292,0.0
16,40,0.514577843113,0.0197229041295,0.0
17,40,0.497273714163,0.0173041289503,0.0
18,40,0.481929129362,0.015344584801,0.0
19,40,0.468188157136,0.0137409722263,0.0
20,40,0.455802497539,0.0123856595971,0.0
21,40,0.444584920731,0.0112175768072,0.0
22,40,0.434352208268,0.0102327124639,0.000999927520752
23,40,0.424959167296,0.00939304097132,0.0
24,40,0.416291027177,0.00866814011877,0.0
25,40,0.408246442947,0.00804458423094,0.0
26,40,0.400752775642,0.00749366730452,0.0
27,40,0.393796270544,0.00695650509813,0.0
28,40,0.387271160294,0.00652511025017,0.0
29,40,0.381157656149,0.00611350414428,0.0
30,40,0.375423322889,0.00573433326049,0.0
31,40,0.370012496005,0.00541082688353,0.0
32,40,0.364907079122,0.00510541688312,0.0
33,40,0.360064478083,0.00484260103919,0.0
34,40,0.355473603986,0.00459087409756,0.0
35,40,0.351096705009,0.00437689897689,0.0
36,40,0.346921545132,0.004175159877,0.0
37,40,0.342935631627,0.00398591350425,0.0
38,40,0.339128438722,0.00380719290538,0.0
39,40,0.335479039767,0.00364939895543,0.0
40,40,0.331978397749,0.00350064201788,0.0
41,40,0.328617558019,0.00336083972996,0.0
42,40,0.325381506709,0.00323605131019,0.0
43,40,0.322269846905,0.00311165980317,0.0
44,40,0.319265139645,0.00300470726057,0.0
45,40,0.316372550753,0.00289258889177,0.0
46,40,0.313572788645,0.00279976210811,0.0
47,40,0.310871734944,0.00270105370066,0.0
48,40,0.308248623393,0.00262311155146,0.0
49,40,0.30570676259,0.00254186080261,0.000999927520752
50,40,0.303240009194,0.00246675339612,0.0
51,40,0.300845122879,0.00239488631487,0.0
52,40,0.298514080048,0.00233104283159,0.0
53,40,0.296263553338,0.00225052670999,0.0
54,40,0.294066114182,0.0021974391558,0.0
55,40,0.291927452792,0.00213866139,0.0
56,40,0.289828858999,0.00209859379313,0.0
57,40,0.287788433107,0.00204042589123,0.0
58,40,0.285793972557,0.00199446055022,0.0
59,40,0.283846417205,0.00194755535234,0.0
60,40,0.281944595277,0.00190182192759,0.00100016593933
61,40,0.280086088045,0.00185850723223,0.0
62,40,0.278268856352,0.00181723169305,0.0
63,40,0.276490046219,0.00177881013263,0.0
64,40,0.274749945917,0.00174010030248,0.0
65,40,0.273045594313,0.00170435160398,0.0
66,40,0.271381853927,0.00166374038566,0.0
67,40,0.269741086797,0.00164076712998,0.0
68,40,0.268138795414,0.00160229138353,0.0
69,40,0.266572535851,0.00156625956297,0.0
70,40,0.265029584007,0.00154295184396,0.0
71,40,0.263527502526,0.00150208148089,0.0
72,40,0.262038820576,0.00148868195035,0.0
73,40,0.260586735742,0.00145208483393,0.0
74,40,0.259155866639,0.00143086910248,0.0
75,40,0.257743635638,0.00141223100099,0.0
76,40,0.256359215826,0.0013844198124,0.0
77,40,0.25499980409,0.00135941173543,0.0
78,40,0.253662822057,0.00133698203347,0.0
79,40,0.252344570309,0.00131825174798,0.0
80,40,0.251041245461,0.00130332484841,0.0
81,40,0.249756260487,0.00128498497334,0.000999927520752
82,40,0.248495339331,0.00126092115586,0.0
83,40,0.247230550444,0.00126478888772,0.0
84,40,0.245980992575,0.001249557869,0.0
85,40,0.244749044221,0.00123194835403,0.0
86,40,0.243534633856,0.00121441036463,0.000999927520752
87,40,0.24234173562,0.00119289823554,0.0
88,40,0.241147255491,0.00119448012926,0.0
89,40,0.239949176122,0.00119807936928,0.0
90,40,0.238788276301,0.00116089982065,0.0
91,40,0.237632071295,0.00115620500662,0.0
92,40,0.236500917646,0.00113115364855,0.0
93,40,0.235368882391,0.00113203525543,0.0
94,40,0.234253313528,0.00111556886272,0.0
95,40,0.233158685267,0.00109462826089,0.0
96,40,0.232060061734,0.00109862353314,0.000999927520752
97,40,0.23098541444,0.00107464729385,0.0
98,40,0.229910418865,0.00107499557463,0.0
99,40,0.228834824196,0.00107559466904,0.0
100,40,0.227761575715,0.00107324848121,0.0
101,40,0.226712481678,0.00104909403758,0.0
102,40,0.225649708713,0.00106277296489,0.0
103,40,0.224601791935,0.00104791677811,0.0
104,40,0.22355781482,0.00104397711429,0.0
105,40,0.222535603087,0.00102221173319,0.0
106,40,0.221513562582,0.0010220405053,0.0
107,40,0.220508310808,0.00100525177338,0.0
108,40,0.219529523497,0.000978787311099,0.0
109,40,0.218560530245,0.000968993251974,0.0
110,40,0.217595088821,0.000965441424738,0.0
111,40,0.216641647369,0.000953441451896,0.0
112,40,0.215696231276,0.000945416092873,0.0
113,40,0.214761454341,0.00093477693471,0.0
114,40,0.213815127584,0.000946326757019,0.0
115,40,0.212892793932,0.000922333652323,0.0
116,40,0.211976472492,0.000916321440177,0.0
117,40,0.211065498333,0.000910974158482,0.0
118,40,0.210162163255,0.000903335078196,0.0
119,40,0.209263366054,0.000898797200485,0.0
120,40,0.208371213146,0.000892152908173,0.0
121,40,0.207493094761,0.000878118384968,0.0
122,40,0.206612668999,0.000880425762047,0.0
123,40,0.205745752765,0.000866916233843,0.0
124,40,0.204863763939,0.000881988826123,0.0
125,40,0.204002815146,0.000860948792913,0.0
126,40,0.203144367446,0.000858447700739,0.0
127,40,0.202309435877,0.000834931568666,0.0
128,40,0.20148024112,0.000829194757071,0.0
129,40,0.200647455657,0.000832785462791,0.0
130,40,0.199826580151,0.000820875506509,0.000999927520752
131,40,0.199020124362,0.000806455788287,0.0
132,40,0.198195991801,0.000824132561684,0.0
133,40,0.197389659082,0.000806332718242,0.0
134,40,0.19658293995,0.000806719132445,0.0
135,40,0.195793674277,0.000789265673269,0.0
136,40,0.194991848076,0.000801826200702,0.0
137,40,0.194200904193,0.000790943882682,0.0
138,40,0.193407914042,0.000792990150777,0.0
139,40,0.192614789375,0.000793124667623,0.0
140,40,0.191837791963,0.000776997411793,0.0
141,40,0.1910654937,0.000772298262878,0.0
142,40,0.190307859331,0.00075763436881,0.0
143,40,0.189542905038,0.000764954293316,0.0
144,40,0.18879407055,0.000748834488067,0.0
145,40,0.188064937971,0.000729132579132,0.0
146,40,0.187322686884,0.000742251087319,0.0
147,40,0.186590270834,0.000732416050001,0.0
148,40,0.185856869343,0.000733401490883,0.0
149,40,0.18514393927,0.000712930072438,0.0
150,40,0.184423829683,0.000720109587366,0.0
151,40,0.183721742644,0.000702087039297,0.0
152,40,0.183018876748,0.0007028658959,0.0
153,40,0.182312971015,0.000705905732783,0.0
154,40,0.181595389342,0.000717581673102,0.0
155,40,0.180910394138,0.00068499520421,0.0
156,40,0.180220584097,0.000689810040322,0.0
157,40,0.179529754682,0.000690829415213,0.0
158,40,0.178844489767,0.000685264915228,0.0
159,40,0.178167376058,0.000677113709125,0.0
160,40,0.177497459203,0.000669916854663,0.0
161,40,0.176829208298,0.000668250904842,0.0
162,40,0.176177539405,0.000651668892665,0.0
163,40,0.175514058295,0.000663481110876,0.0
164,40,0.174861051007,0.000653007287871,0.0
165,40,0.174199465256,0.000661585750905,0.0
166,40,0.173537179828,0.000662285428156,0.0
167,40,0.172875193168,0.000661986659874,0.0
168,40,0.172218990461,0.000656202706424,0.0
169,40,0.171568060734,0.000650929727338,0.0
170,40,0.170932126181,0.000635934553363,0.0
171,40,0.170286575095,0.000645551085472,0.0
172,40,0.169654110819,0.000632464276119,0.0
173,40,0.16902651692,0.000627593899315,0.0
174,40,0.168387926234,0.000638590685346,0.0
175,40,0.16777821935,0.000609706884081,0.0
176,40,0.167146113583,0.000632105767727,0.000999927520752
177,40,0.166544227234,0.000601886348291,0.0
178,40,0.165933169018,0.000611058216203,0.0
179,40,0.165330832248,0.000602336769754,0.0
180,40,0.164723872867,0.000606959380887,0.0
181,40,0.164119023356,0.000604849511927,0.0
182,40,0.163522948121,0.000596075234088,0.0
183,40,0.162934634428,0.00058831369335,0.0
184,40,0.16234819591,0.000586438517679,0.0
185,40,0.161762213097,0.000585982813077,0.0
186,40,0.161183219471,0.000578993626616,0.0
187,40,0.160598875108,0.000584344362671,0.0
188,40,0.160031758587,0.000567116520621,0.0
189,40,0.159456395493,0.000575363094156,0.0
190,40,0.158887841552,0.000568553940816,0.0
191,40,0.158321563493,0.000566278059374,0.0
192,40,0.157758619569,0.000562943924557,0.0
193,40,0.157195618545,0.000563001023097,0.0
194,40,0.156646046178,0.00054957236756,0.0
195,40,0.15608706962,0.000558976558122,0.0
196,40,0.15554485531,0.000542214309627,0.0
197,40,0.154979007285,0.000565848025409,0.0
198,40,0.154454379393,0.000524627891454,0.0
199,40,0.153895525634,0.000558853759007,0.0
200,40,0.153366488692,0.000529036941853,0.0
201,40,0.152817000652,0.000549488040534,0.0
202,40,0.152289934456,0.000527066195553,0.0
203,40,0.151757784256,0.000532150200822,0.0
204,40,0.151231952553,0.000525831702081,0.0
205,40,0.150695245374,0.000536707179113,0.000999927520752
206,40,0.1501565474,0.000538697974248,0.0
207,40,0.149629619785,0.000526927614754,0.0
208,40,0.14909364344,0.000535976344889,0.0
209,40,0.148558341644,0.000535301796415,0.0
210,40,0.148031203449,0.000527138195255,0.0
211,40,0.147505986216,0.000525217232379,0.0
212,40,0.146985622766,0.00052036345005,0.0
213,40,0.146463377367,0.000522245398977,0.0
214,40,0.145955477384,0.000507899983363,0.0
215,40,0.145448283783,0.00050719360059,0.0
216,40,0.144937337664,0.000510946119373,0.0
217,40,0.144432184845,0.000505152818832,0.0
218,40,0.143927629427,0.000504555417733,0.0
219,40,0.143428530002,0.000499099425294,0.0
220,40,0.142930088395,0.00049844160676,0.0
221,40,0.142429813743,0.000500274652785,0.0
222,40,0.141924514689,0.000505299053409,0.0
223,40,0.141437694904,0.00048681978475,0.0
224,40,0.140936508301,0.00050118660385,0.0
225,40,0.140449099243,0.000487409057942,0.0
226,40,0.139945195209,0.000503904033791,0.0
227,40,0.139451445165,0.000493750043891,0.0
228,40,0.138951239261,0.000500205904245,0.0
229,40,0.138454671136,0.000496568124403,0.0
230,40,0.137973185629,0.000481485507705,0.0
231,40,0.137478639524,0.000494546104561,0.0
232,40,0.136999035153,0.000479604371569,0.0
233,40,0.136505106566,0.000493928586895,0.0
234,40,0.136039912701,0.000465193864974,0.0
235,40,0.135540668666,0.00049924403429,0.0
236,40,0.135069592907,0.000471075759693,0.0
237,40,0.134588193013,0.000481399893761,0.0
238,40,0.134106527608,0.00048166540536,0.0
239,40,0.133634617789,0.000471909818324,0.0
240,40,0.133179036054,0.000455581735481,0.0
241,40,0.132714582302,0.000464453751391,0.0
242,40,0.132257776707,0.000456805594943,0.0
243,40,0.131777986749,0.000479789958759,0.0
244,40,0.131323905221,0.000454081527211,0.0
245,40,0.13086281561,0.000461089611054,0.000999927520752
246,40,0.130400658534,0.000462157076055,0.0
247,40,0.129927006703,0.0004736518318,0.0
248,40,0.129477358339,0.000449648364024,0.0
249,40,0.129013460062,0.000463898276741,0.0
250,40,0.128563062711,0.000450397350571,0.0
251,40,0.128106969934,0.000456092777577,0.0
252,40,0.127675739134,0.000431230799718,0.0
253,40,0.127222048085,0.000453691049056,0.0
254,40,0.126767281782,0.000454766303301,0.0
255,40,0.126335663348,0.000431618433107,0.0
256,40,0.125888226859,0.000447436489842,0.0
257,40,0.125454521111,0.000433705747128,0.0
258,40,0.125022123144,0.000432397967035,0.0
259,40,0.124572265013,0.000449858131734,0.0
260,40,0.12414776229,0.000424502722242,0.0
261,40,0.123693269762,0.00045449252833,0.0
262,40,0.123271265626,0.000422004136172,0.0
263,40,0.122829517045,0.000441748581149,0.0
264,40,0.12241959897,0.000409918075258,0.0
265,40,0.121975917369,0.000443681600419,0.0
266,40,0.12155601301,0.000419904359362,0.0
267,40,0.121126799556,0.000429213453423,0.0
268,40,0.120702523738,0.000424275818196,0.0
269,40,0.120284800841,0.000417722897096,0.0
270,40,0.119868923724,0.000415877117352,0.0
271,40,0.119457256726,0.000411666997454,0.0
272,40,0.119038642266,0.000418614460663,0.0
273,40,0.11863523891,0.000403403355317,0.0
274,40,0.118220987103,0.000414251807061,0.0
275,40,0.117814096808,0.000406890294769,0.0
276,40,0.117410088263,0.000404008545659,0.0
277,40,0.117004459284,0.000405628979206,0.0
278,40,0.116608768092,0.000395691191608,0.0
279,40,0.116208751026,0.000400017066435,0.0
280,40,0.115820531276,0.000388219749386,0.0
281,40,0.115412129868,0.000408401407979,0.0
282,40,0.115031716973,0.000380412895571,0.0
283,40,0.11463438198,0.000397334992886,0.0
284,40,0.114238956638,0.000395425341346,0.0
285,40,0.113857001744,0.000381954894824,0.0
286,40,0.113451448354,0.000405553389679,0.0
287,40,0.11307595975,0.000375488603657,0.0
288,40,0.112678164108,0.000397795641964,0.0
289,40,0.112293305045,0.000384859063409,0.0
290,40,0.111925300211,0.00036800483411,0.0
291,40,0.111530832066,0.000394468144937,0.0
292,40,0.111154518209,0.000376313857057,0.0
293,40,0.110780088129,0.000374430079352,0.0
294,40,0.110405377434,0.00037471069531,0.0
295,40,0.110016028515,0.000389348918741,0.0
296,40,0.109658387913,0.000357640602372,0.0
297,40,0.109269038249,0.000389349663799,0.0
298,40,0.108888328956,0.000380709293214,0.0
299,40,0.108529492061,0.000358836894686,0.0
300,40,0.108147943494,0.000381548567252,0.0
301,40,0.107776199146,0.000371744348244,0.0
302,40,0.107422429594,0.000353769551624,0.0
303,40,0.107046306878,0.000376122715798,0.0
304,40,0.106683191115,0.000363115763122,0.0
305,40,0.10632013218,0.000363058935512,0.0
306,40,0.105966198715,0.000353933464397,0.000999927520752
307,40,0.10560341877,0.000362779945135,0.0
308,40,0.105231853913,0.000371564856984,0.0
309,40,0.104870620573,0.000361233340068,0.0
310,40,0.104528535428,0.000342085144737,0.000999927520752
311,40,0.104154965959,0.00037356946956,0.0
312,40,0.103799860315,0.000355105643923,0.0
313,40,0.103453984382,0.000345875932412,0.0
314,40,0.103097950532,0.0003560338508,0.0
315,40,0.10274074694,0.000357203591954,0.000999927520752
316,40,0.102390851284,0.000349895656109,0.0
317,40,0.10203273398,0.000358117304065,0.000999927520752
318,40,0.101687545058,0.000345188921148,0.0
319,40,0.101338164982,0.000349380075932,0.0
320,40,0.100987928022,0.000350236960433,0.0
321,40,0.100643356483,0.000344571538947,0.0
322,40,0.100306470083,0.000336886400526,0.0
323,40,0.099958050251,0.000348419831558,0.000999927520752
324,40,0.0996206680482,0.000337382202799,0.0
325,40,0.0992698563093,0.00035081173886,0.0
326,40,0.0989575829696,0.000312273339792,0.0
327,40,0.0986151304435,0.000342452526092,0.0
328,40,0.0982748393985,0.000340291044929,0.0
329,40,0.0979399033568,0.000334936041724,0.0
330,40,0.0976050646468,0.000334838710048,0.0
331,40,0.0972753861411,0.000329678505659,0.0
332,40,0.0969385634769,0.000336822664196,0.0
333,40,0.0966273974289,0.00031116604805,0.000999927520752
334,40,0.0962889094922,0.000338487936692,0.0
335,40,0.0959699762138,0.000318933278322,0.0
336,40,0.0956440338357,0.000325942378153,0.0
337,40,0.0953240996057,0.000319934229959,0.0
338,40,0.0949980726974,0.000326026908376,0.0
339,40,0.0946917810223,0.000306291675026,0.0
340,40,0.0943571996282,0.000334581394087,0.0
341,40,0.0940448742021,0.000312325426123,0.0
342,40,0.0937414115125,0.000303462689573,0.0
343,40,0.0934117989784,0.000329612534155,0.0
344,40,0.0930826460773,0.000329152901064,0.0
345,40,0.0927745422179,0.000308103859425,0.0
346,40,0.0924679148604,0.000306627357548,0.0
347,40,0.0921461741355,0.000321740724824,0.0
348,40,0.0918418821963,0.000304291939194,0.0
349,40,0.0915286123075,0.000313269888813,0.0
350,40,0.0912116431377,0.000316969169812,0.0
351,40,0.0909059200775,0.000305723060261,0.0
352,40,0.0906061083078,0.000299811769616,0.0
353,40,0.0902914610776,0.000314647230235,0.0
354,40,0.0899945194748,0.000296941602772,0.0
355,40,0.089687700231,0.000306819243865,0.0
356,40,0.0893859370188,0.000301763212139,0.0
357,40,0.0890925972976,0.000293339721181,0.0
358,40,0.0887843064964,0.000308290801265,0.000999927520752
359,40,0.0885060264306,0.000278280065818,0.0
360,40,0.0881948072802,0.00031121915037,0.000999927520752
361,40,0.087900137224,0.000294670056213,0.0
362,40,0.0876253820278,0.000274755196138,0.0
363,40,0.0873206662861,0.000304715741764,0.0
364,40,0.0870322652838,0.000288401002234,0.0
365,40,0.0867328973656,0.00029936791821,0.0
366,40,0.086445404386,0.000287492979657,0.0
367,40,0.086153453453,0.000291950932958,0.0
368,40,0.0858755193651,0.000277934087948,0.0
369,40,0.0855859664353,0.000289552929727,0.0
370,40,0.0853004670279,0.000285499407486,0.0
371,40,0.0850161831487,0.000284283879128,0.000999927520752
372,40,0.0847326992588,0.00028348388997,0.0
373,40,0.0844479409131,0.000284758345647,0.000999927520752
374,40,0.0841696995226,0.000278241390532,0.0
375,40,0.0838805546137,0.00028914490884,0.0
376,40,0.0836017415605,0.000278813053261,0.0
377,40,0.08332132521,0.000280416350473,0.0
378,40,0.0830444667827,0.000276858427308,0.0
379,40,0.0827621592717,0.000282307511026,0.0
380,40,0.0824909772385,0.000271182033149,0.0
381,40,0.0822080780837,0.000282899154858,0.0
382,40,0.0819271980362,0.000280880047516,0.0
383,40,0.0816644168713,0.000262781164863,0.0
384,40,0.0813836269081,0.000280789963224,0.0
385,40,0.0811165823178,0.000267044590278,0.0
386,40,0.0808317876675,0.000284794650295,0.0
387,40,0.0805802468549,0.000251540812579,0.0
388,40,0.0803056636995,0.000274583155459,0.0
389,40,0.0800414192406,0.000264244458892,0.0
390,40,0.0797691171142,0.000272302126343,0.0
391,40,0.0794867460701,0.000282371044159,0.0
392,40,0.0792392963713,0.000247449698773,0.0
393,40,0.0789724069563,0.000266889415004,0.0
394,40,0.0787074037574,0.000265003198927,0.0
395,40,0.0784307627515,0.000276641005819,0.0
396,40,0.0781716656278,0.000259097123688,0.0
397,40,0.0779156884009,0.000255977226929,0.0
398,40,0.0776474045759,0.000268283825029,0.00100016593933
399,40,0.0773812871088,0.000266117467122,0.0
400,40,0.0771350439977,0.000246243111112,0.0
401,40,0.0768749951639,0.00026004883376,0.0
402,40,0.0766184564341,0.000256538729776,0.0
403,40,0.076359104907,0.000259351527149,0.0
404,40,0.0760998064144,0.000259298492562,0.0
405,40,0.075854193487,0.000245612927458,0.0
406,40,0.0755963620137,0.000257831473242,0.0
407,40,0.0753415073183,0.000254854695363,0.0
408,40,0.0751010413874,0.000240465930917,0.000999927520752
409,40,0.0748269362883,0.000274105099114,0.0
410,40,0.0745933223177,0.000233613970605,0.0
411,40,0.0743421533568,0.000251168960875,0.0
412,40,0.0740853919224,0.000256761434403,0.0
413,40,0.0738556725735,0.000229719348929,0.0
414,40,0.0736018391495,0.000253833423961,0.0
415,40,0.0733625521037,0.000239287045869,0.0
416,40,0.073105099865,0.00025745223869,0.0
417,40,0.0728712290525,0.000233870812438,0.0
418,40,0.0726323699409,0.000238859111612,0.0
419,40,0.0723889659752,0.000243403965777,0.0
420,40,0.072149185159,0.000239780816165,0.0
421,40,0.0719105406241,0.000238644534891,0.0
422,40,0.0716702358967,0.000240304727446,0.0
423,40,0.0714405472306,0.000229688666084,0.000999927520752
424,40,0.0712090725249,0.000231474705718,0.0
425,40,0.0709519689733,0.000257103551518,0.0
426,40,0.0707349924201,0.000216976553202,0.0
427,40,0.0704928578301,0.000242134590041,0.000999927520752
428,40,0.0702678541568,0.000225003673272,0.0
429,40,0.070026907528,0.000240946628831,0.0
430,40,0.0698048559779,0.000222051550042,0.0
431,40,0.0695718247105,0.00023303126747,0.0
432,40,0.0693394100802,0.000232414630326,0.0
433,40,0.0691130604934,0.00022634958679,0.0
434,40,0.068888573484,0.000224487009374,0.0
435,40,0.0686631705273,0.000225402956659,0.0
436,40,0.0684382071549,0.000224963372404,0.0
437,40,0.0681980450045,0.000240162150426,0.0
438,40,0.0679895587265,0.000208486277949,0.0
439,40,0.0677627812732,0.000226777453314,0.0
440,40,0.0675303486938,0.000232432579452,0.0
441,40,0.0673234418035,0.000206906890327,0.0
442,40,0.0670864373446,0.000237004458904,0.0
443,40,0.0668763135645,0.000210123780099,0.0
444,40,0.066649823839,0.000226489725438,0.0
445,40,0.066425833106,0.000223990732973,0.0
446,40,0.0662146373229,0.000211195783182,0.0
447,40,0.0659854861146,0.000229151208292,0.0
448,40,0.0657689580863,0.00021652802825,0.0
449,40,0.065558884767,0.000210073319348,0.0
450,40,0.0653367285024,0.000222156264565,0.0
451,40,0.0651235230944,0.000213205407966,0.0
452,40,0.0648964188316,0.000227104262872,0.0
453,40,0.0646898430179,0.000206575813619,0.0
454,40,0.0644793435931,0.000210499424826,0.00100016593933
455,40,0.0642461830242,0.000233160568909,0.0
456,40,0.0640532824803,0.000192900543863,0.0
457,40,0.0638322733343,0.000221009146083,0.0
458,40,0.0636218274859,0.000210445848378,0.0
459,40,0.0634152814069,0.000206546079029,0.0
460,40,0.0632067030804,0.000208578326485,0.0
461,40,0.0629881511358,0.000218551944603,0.0
462,40,0.0627902599898,0.000197891145945,0.0
463,40,0.0625904054127,0.00019985457713,0.0
464,40,0.0623751573265,0.000215248086236,0.000999927520752
465,40,0.0621729645539,0.000202192772519,0.0
466,40,0.0619747469371,0.00019821761684,0.0
467,40,0.0617676696317,0.000207077305425,0.0
468,40,0.061575515636,0.000192153995687,0.0
469,40,0.061362637444,0.000212878192013,0.0
470,40,0.0611601032317,0.000202534212308,0.0
471,40,0.0609649583697,0.000195144861937,0.0
472,40,0.060770413415,0.000194544954733,0.0
473,40,0.0605570695617,0.0002133438533,0.0
474,40,0.0603766708211,0.000180398740552,0.0
475,40,0.0601777745919,0.000198896229267,0.0
476,40,0.0599859086627,0.000191865929148,0.0
477,40,0.0597816247154,0.000204283947294,0.0
478,40,0.0595990581946,0.000182566520843,0.0
479,40,0.0593989893117,0.000200068882921,0.0
480,40,0.0592125721276,0.000186417184093,0.0
481,40,0.0590176043185,0.000194967809049,0.0
482,40,0.0588267335838,0.000190870734778,0.0
483,40,0.0586348003962,0.000191933187571,0.0
484,40,0.0584500795061,0.000184720890089,0.0
485,40,0.0582529288124,0.000197150693698,0.0
486,40,0.0580741949379,0.000178733874451,0.0
487,40,0.0578776725991,0.000196522338824,0.0
488,40,0.0577006731521,0.000176999447021,0.0
489,40,0.0575089300221,0.000191743130034,0.0
490,40,0.0573277789761,0.000181151045994,0.0
491,40,0.0571453120221,0.000182466953993,0.0
492,40,0.056969062984,0.000176249038089,0.0
493,40,0.0567734401334,0.000195622850548,0.0
494,40,0.0565903975882,0.00018304254521,0.0
495,40,0.0564206188375,0.000169778750701,0.0
496,40,0.0562337223102,0.000186896527355,0.0
497,40,0.0560550575907,0.000178664719517,0.0
498,40,0.0558804167943,0.000174640796401,0.0
499,40,0.0556946929206,0.000185723873702,0.0
500,40,0.0555202707648,0.000174422155727,0.0
