1,31,2.3615870321950605,Nan,0.009150266647338867
2,31,2.2792186121786795,0.082368420016381,0.0038471221923828125
3,31,2.170841340095766,0.10837727208291348,0.0030744075775146484
4,31,2.124600810389365,0.04624052970640102,0.0030999183654785156
5,31,2.0614112115675405,0.06318959882182451,0.002258777618408203
6,31,2.1258131457913305,-0.06440193422379004,0.0030214786529541016
7,31,2.0923641573998237,0.033448988391506784,0.0031290054321289062
8,31,2.1132369502898185,-0.020872792889994773,0.002720355987548828
9,31,2.037470048473727,0.07576690181609136,0.002917051315307617
10,31,2.051331550844254,-0.013861502370526857,0.00822305679321289
11,31,2.050552983437815,0.0007785674064391124,0.0028192996978759766
12,31,1.8208714146767893,0.22968156876102563,0.0034618377685546875
13,31,1.9759710988690775,-0.15509968419228826,0.0034258365631103516
14,31,1.8146475515057963,0.16132354736328125,0.003002166748046875
15,31,1.7673093734248992,0.04733817808089702,0.002731800079345703
16,31,1.670718777564264,0.09659059586063523,0.0039000511169433594
17,31,1.7385429874543221,-0.06782420989005811,0.003787517547607422
18,31,1.664093509797127,0.07444947765719512,0.003104686737060547
19,31,1.5908526758993826,0.07324083389774438,0.004514455795288086
20,31,1.7465704641034525,-0.1557177882040699,0.003515958786010742
21,31,1.6459841574392011,0.10058630666425139,0.003836393356323242
22,31,1.4109454001149824,0.23503875732421875,0.002852201461791992
23,31,1.383239253874748,0.027706146240234375,0.002878427505493164
24,31,1.5595356110603578,-0.17629635718560976,0.0030126571655273438
25,31,1.425263927828881,0.13427168323147676,0.0034863948822021484
26,31,1.5597915649414062,-0.13452763711252524,0.006889820098876953
27,31,1.3954272116384199,0.16436435330298638,0.0026907920837402344
28,31,1.4190612300749748,-0.023634018436554882,0.0032196044921875
29,31,1.3618509846348916,0.05721024544008313,0.0036215782165527344
30,31,1.411193601546749,-0.04934261691185737,0.002406597137451172
31,31,1.3530889941800026,0.058104607366746386,0.0024504661560058594
32,31,1.3317591759466356,0.021329818233366993,0.0028171539306640625
33,31,1.182252207110005,0.14950696883663062,0.009850025177001953
34,31,1.2501341296780495,-0.06788192256804448,0.0031824111938476562
35,31,1.3342207631757181,-0.08408663349766865,0.004755258560180664
36,31,1.2871524441626765,0.04706831901304165,0.003524303436279297
37,31,1.2490951784195439,0.03805726574313262,0.0041332244873046875
38,31,1.0107476019090222,0.23834757651052163,0.003642559051513672
39,31,0.9693385708716608,0.04140903103736149,0.002451658248901367
40,31,1.059725115376134,-0.09038654450447325,0.0033855438232421875
41,31,1.0350201514459425,0.024704963930191504,0.0029344558715820312
42,31,1.0175565288912864,0.017463622554656055,0.003296375274658203
43,31,1.0529259712465349,-0.035369442355248415,0.0035293102264404297
44,31,0.9104547808247228,0.1424711904218121,0.002353191375732422
45,31,1.1081176265593498,-0.197662845734627,0.002445220947265625
46,31,1.109955326203377,-0.0018376996440272464,0.0022132396697998047
47,31,0.8815283006237399,0.22842702557963712,0.003293752670288086
48,31,0.8743878641436177,0.007140436480122192,0.0026581287384033203
49,31,0.9730235684302545,-0.09863570428663682,0.0043680667877197266
50,31,0.8492396570021107,0.12378391142814382,0.003236532211303711
51,31,0.7231610205865675,0.12607863641554318,0.003144979476928711
52,31,0.9170336569509199,-0.19387263636435237,0.0031692981719970703
53,31,0.8238526621172505,0.09318099483366937,0.0027561187744140625
54,31,0.8985659691595262,-0.07471330704227575,0.002601146697998047
55,31,0.8176940794913999,0.0808718896681263,0.0040476322174072266
56,31,0.8516744182955834,-0.033980338804183496,0.0029969215393066406
57,31,0.8559902560326361,-0.004315837737052686,0.004163980484008789
58,31,0.7250174245526714,0.13097283147996475,0.0025947093963623047
59,31,0.8873643567485194,-0.16234693219584806,0.002704620361328125
60,31,0.9473193383985951,-0.05995498165007562,0.0030562877655029297
61,31,0.8000728238013483,0.1472465145972468,0.0036346912384033203
62,31,0.5968694994526524,0.2032033243486958,0.002953767776489258
63,31,0.8392198624149445,-0.24235036296229207,0.003029346466064453
64,31,0.8447577568792528,-0.005537894464308302,0.003536701202392578
65,31,0.9522118722238848,-0.107454115344632,0.003145456314086914
66,31,0.861726330172631,0.09048554205125381,0.004893302917480469
67,31,1.0120556123795048,-0.1503292822068738,0.008459091186523438
68,31,0.8575781545331401,0.15447745784636469,0.0025632381439208984
69,31,0.7298320647208921,0.127746089812248,0.002475261688232422
70,31,0.5437655295095136,0.1860665352113785,0.002597808837890625
71,31,0.8496131281698903,-0.3058475986603767,0.003300905227661133
72,31,0.5328737074329007,0.3167394207369896,0.004438161849975586
73,31,0.6815435348018524,-0.14866982736895162,0.003004789352416992
74,31,0.6225112791984312,0.05903225560342118,0.0026731491088867188
75,31,0.6397779526249054,-0.017266673426474255,0.002835988998413086
76,31,0.7039549427647744,-0.064176990139869,0.0029087066650390625
77,31,0.5184503370715726,0.18550460569320182,0.0029382705688476562
78,31,0.6967327979303175,-0.17828246085874488,0.00812077522277832
79,31,0.5696787065075289,0.12705409142278856,0.002586841583251953
80,31,0.7047255116124307,-0.13504680510490175,0.003619670867919922
81,31,0.6700073365242251,0.03471817508820563,0.0024161338806152344
82,31,0.5644511561239919,0.10555618040023318,0.0034003257751464844
83,31,0.7372162726617628,-0.17276511653777094,0.002673625946044922
84,31,0.7305449824179372,0.006671290243825623,0.0023360252380371094
85,31,0.5565118482035976,0.17403313421433964,0.0028595924377441406
86,31,0.49397511636057206,0.0625367318430255,0.004464149475097656
87,31,0.793793709047379,-0.29981859268680694,0.0031347274780273438
88,31,0.4384513362761467,0.3553423727712323,0.003650665283203125
89,31,0.6880441481067289,-0.24959281183058218,0.0034551620483398438
90,31,0.8751610171410346,-0.1871168690343057,0.00341796875
91,31,0.5003234186480122,0.37483759849302234,0.0028638839721679688
92,31,0.6693455480760143,-0.1690221294280021,0.003011465072631836
93,31,0.39861971332180884,0.2707258347542055,0.003680706024169922
94,31,0.6215829541606288,-0.22296324083881996,0.002897500991821289
95,31,0.31356214707897556,0.30802080708165325,0.009109020233154297
96,31,0.5074823441043976,-0.19392019702542207,0.0024368762969970703
97,31,0.6157024752709174,-0.10822013116651974,0.00399470329284668
98,31,0.37248756039527153,0.24321491487564584,0.0028307437896728516
99,31,0.6479187626992503,-0.2754312023039788,0.004663705825805664
100,31,0.45302763292866366,0.19489112977058665,0.010340690612792969
