1,160,2.26820699023,Nan,0.00200009346008
2,160,2.22162294883,0.0465840413973,0.0019998550415
3,160,2.17787261567,0.0437503331667,0.00200009346008
4,160,2.13724798227,0.0406246333927,0.00200009346008
5,160,2.09749733442,0.0397506478545,0.00300002098083
6,160,2.05688624939,0.0406110850247,0.00300002098083
7,160,2.01432138666,0.0425648627343,0.0019998550415
8,160,1.96973331129,0.0445880753653,0.00300002098083
9,160,1.92357844811,0.0461548631841,0.00200009346008
10,160,1.87759590397,0.0459825441435,0.0019998550415
11,160,1.83280519263,0.044790711341,0.00200009346008
12,160,1.78964477886,0.0431604137668,0.00200009346008
13,160,1.7481281008,0.0415166780546,0.00300002098083
14,160,1.70825754017,0.0398705606337,0.0019998550415
15,160,1.66975842327,0.0384991168976,0.00200009346008
16,160,1.63221037171,0.0375480515616,0.0019998550415
17,160,1.59525845763,0.0369519140813,0.00200009346008
18,160,1.55827436447,0.0369840931583,0.0019998550415
19,160,1.51988326605,0.0383910984188,0.00300002098083
20,160,1.47865527388,0.0412279921693,0.0019998550415
21,160,1.43706960616,0.0415856677216,0.0019998550415
22,160,1.39720902814,0.0398605780168,0.00300002098083
23,160,1.35974947942,0.0374595487273,0.00200009346008
24,160,1.32497046334,0.0347790160736,0.00200009346008
25,160,1.29256017611,0.0324102872378,0.00200009346008
26,160,1.26222460425,0.0303355718588,0.00300002098083
27,160,1.23373781489,0.0284867893566,0.00200009346008
28,160,1.20703275792,0.0267050569708,0.00200009346008
29,160,1.18194641757,0.0250863403469,0.00200009346008
30,160,1.15839818112,0.0235482364506,0.00300002098083
31,160,1.13624205775,0.0221561233719,0.00300002098083
32,160,1.11540915749,0.0208329002579,0.00300002098083
33,160,1.0958149043,0.0195942531932,0.00200009346008
34,160,1.07732524005,0.0184896642512,0.00200009346008
35,160,1.05987277217,0.0174524678812,0.00200009346008
36,160,1.04337942507,0.0164933470937,0.0019998550415
37,160,1.02774574911,0.0156336759592,0.00300002098083
38,160,1.01291113891,0.0148346102083,0.00300002098083
39,160,0.998819784065,0.0140913548408,0.00200009346008
40,160,0.985445091322,0.0133746927435,0.00200009346008
41,160,0.972721672677,0.0127234186445,0.0019998550415
42,160,0.960587865037,0.0121338076406,0.00300002098083
43,160,0.948999074218,0.0115887908192,0.00200009346008
44,160,0.937927753894,0.0110713203232,0.00300002098083
45,160,0.927354489364,0.0105732645307,0.00200009346008
46,160,0.917240256148,0.0101142332151,0.00300002098083
47,160,0.907563155967,0.00967710018158,0.0019998550415
48,160,0.898288141907,0.00927501405988,0.00300002098083
49,160,0.889384363843,0.00890377806379,0.00200009346008
50,160,0.880838961106,0.00854540273741,0.0019998550415
51,160,0.872613725415,0.00822523569132,0.00200009346008
52,160,0.864677183969,0.00793654144584,0.0019998550415
53,160,0.857036549085,0.00764063488353,0.00200009346008
54,160,0.849678021282,0.0073585278028,0.00200009346008
55,160,0.84257975151,0.00709826977222,0.00300002098083
56,160,0.835704473396,0.00687527811372,0.00300002098083
57,160,0.829051304792,0.00665316860397,0.00300002098083
58,160,0.822618935325,0.0064323694675,0.00200009346008
59,160,0.816395044327,0.00622389099815,0.00300002098083
60,160,0.810369967176,0.00602507715101,0.00200009346008
61,160,0.804536849802,0.00583311737358,0.00200009346008
62,160,0.798902976668,0.00563387313446,0.00300002098083
63,160,0.793446254111,0.00545672255677,0.00200009346008
64,160,0.788156954963,0.00528929914747,0.0019998550415
65,160,0.783021001073,0.00513595389081,0.0019998550415
66,160,0.778038134203,0.00498286686934,0.00300002098083
67,160,0.773195474798,0.0048426594053,0.00200009346008
68,160,0.76847454294,0.00472093185821,0.0019998550415
69,160,0.76389798344,0.00457655950026,0.00200009346008
70,160,0.75945310283,0.00444488060939,0.0019998550415
71,160,0.755120573415,0.00433252941478,0.00200009346008
72,160,0.750904939701,0.00421563371435,0.00200009346008
73,160,0.746800678427,0.00410426127446,0.00300002098083
74,160,0.742806935001,0.00399374342584,0.0019998550415
75,160,0.738917540265,0.00388939473536,0.00200009346008
76,160,0.735122680664,0.00379485960131,0.00300002098083
77,160,0.731418845561,0.00370383510342,0.00300002098083
78,160,0.727803916436,0.00361492912491,0.0019998550415
79,160,0.724277872544,0.00352604389191,0.00200009346008
80,160,0.720832417847,0.00344545469656,0.0019998550415
81,160,0.717464425347,0.00336799250021,0.0019998550415
82,160,0.714176098093,0.00328832725426,0.0019998550415
83,160,0.710964297939,0.00321180015415,0.00300002098083
84,160,0.707825996659,0.00313830127964,0.00200009346008
85,160,0.704758472876,0.0030675237829,0.0019998550415
86,160,0.701760379061,0.00299809381559,0.00200009346008
87,160,0.698824571944,0.00293580711662,0.00300002098083
88,160,0.695946037615,0.0028785343294,0.0019998550415
89,160,0.693134694595,0.00281134301966,0.00200009346008
90,160,0.690381644608,0.0027530499867,0.00200009346008
91,160,0.687688736482,0.00269290812604,0.00299978256226
92,160,0.685048916433,0.00263982004934,0.00300002098083
93,160,0.682463718699,0.00258519773359,0.0019998550415
94,160,0.679928507433,0.00253521126586,0.00200009346008
95,160,0.677442001368,0.00248650606577,0.00300002098083
96,160,0.675003880959,0.00243812040849,0.00300002098083
97,160,0.672612669251,0.00239121170787,0.00299978256226
98,160,0.670267974556,0.00234469469492,0.00300002098083
99,160,0.667966315344,0.00230165921248,0.00200009346008
100,160,0.665707207965,0.00225910737917,0.00299978256226
