1,211,2.249917559149141,Nan,0.011680841445922852
2,211,2.2914764259663802,-0.04155886681723908,0.003962516784667969
3,211,2.2807588260885665,0.010717599877813733,0.004100322723388672
4,211,2.278935292320794,0.001823533767772556,0.003994941711425781
5,211,2.2660911523900324,0.0128441399307615,0.00435185432434082
6,211,2.284893307075681,-0.01880215468564872,0.003734588623046875
7,211,2.2529120422652547,0.03198126481042651,0.0032677650451660156
8,211,2.2611629251055243,-0.008250882840269647,0.003235340118408203
9,211,2.2339396544542356,0.02722327065128871,0.003431081771850586
10,211,2.245497572478525,-0.011557918024289293,0.0031855106353759766
11,211,2.2074094654824497,0.03808810699607523,0.0033512115478515625
12,211,2.196306997000889,0.011102468481560823,0.003024578094482422
13,211,2.2470727712622187,-0.05076577426132989,0.003239154815673828
14,211,2.189605712890625,0.057467058371593716,0.0032694339752197266
15,211,2.2082885452921355,-0.018682832401510474,0.003230571746826172
16,211,2.212970462455569,-0.004681917163433358,0.003935813903808594
17,211,2.207836422310056,0.005134040145512664,0.003173351287841797
18,211,2.1724075389699347,0.03542888334012151,0.0035202503204345703
19,211,2.1786332695405064,-0.006225730570571741,0.003612995147705078
20,211,2.1602553236541024,0.018377945886403957,0.0031807422637939453
21,211,2.1555979941128554,0.0046573295412470905,0.0038518905639648438
22,211,2.159222932788433,-0.0036249386755775603,0.0033311843872070312
23,211,2.1591575586400324,6.537414840046551e-05,0.0034322738647460938
24,211,2.1429431788729265,0.016214379767105935,0.0034818649291992188
25,211,2.1769358558112413,-0.03399267693831476,0.0035440921783447266
26,211,2.1431131227321534,0.0338227330790879,0.0035185813903808594
27,211,2.1456507099748223,-0.0025375872426689483,0.003934383392333984
28,211,2.128194944553466,0.017455765421356517,0.004387617111206055
29,211,2.1134650786341083,0.014729865919357543,0.003916501998901367
30,211,2.063597186481783,0.04986789215232523,0.0035347938537597656
31,211,2.1252977994945943,-0.06170061301281127,0.004507541656494141
32,211,2.0981871980061464,0.027110601488447905,0.00417637825012207
33,211,2.1240241606653583,-0.02583696265921187,0.008826732635498047
34,211,2.1310345256498073,-0.007010364984449069,0.006161212921142578
35,211,2.1030902591361817,0.027944266513625582,0.004688739776611328
36,211,2.099948828819239,0.003141430316942806,0.0044879913330078125
37,211,2.0597325908064277,0.04021623801281127,0.004027128219604492
38,211,2.079209458771475,-0.01947686796504744,0.004189729690551758
39,211,2.1130340720804948,-0.03382461330901965,0.004046440124511719
40,211,2.040959218102044,0.07207485397845081,0.0033960342407226562
41,211,2.082418866632109,-0.041459648530064896,0.0036716461181640625
42,211,2.0694313953273102,0.012987471304798603,0.0032737255096435547
43,211,2.0342624176170023,0.035168977710307914,0.0032122135162353516
44,211,2.0574638764440167,-0.02320145882701441,0.003590106964111328
45,211,2.0454622241558056,0.012001652288211151,0.003630399703979492
46,211,2.0341050568350116,0.011357167320793948,0.004606008529663086
47,211,2.0257150369797836,0.008390019855228026,0.004300355911254883
48,211,2.071521343213122,-0.04580630623333848,0.004110813140869141
49,211,1.9984670340732376,0.07305430913988453,0.0042302608489990234
50,211,2.04296788220157,-0.04450084812833244,0.003165721893310547
51,211,1.9619519563647807,0.0810159258367893,0.0035483837127685547
52,211,1.9945218777769549,-0.032569921412174185,0.003233671188354492
53,211,1.9749932311722453,0.019528646604709543,0.005599021911621094
54,211,1.9974044148955865,-0.022411183723341166,0.012122392654418945
55,211,2.01741309866521,-0.020008683769623614,0.0033783912658691406
56,211,2.0106159228284213,0.006797175836788849,0.003265380859375
57,211,2.0144578111115226,-0.00384188828310128,0.004685401916503906
58,211,1.9681549795430984,0.046302831568424185,0.0036127567291259766
59,211,1.9850244024918542,-0.01686942294875582,0.00497126579284668
60,211,1.9664549624185426,0.018569440073311627,0.0034742355346679688
61,211,2.000543964982598,-0.034089002564055226,0.0035238265991210938
62,211,1.9074598556446238,0.09308410933797395,0.004580020904541016
63,211,1.9933626437074201,-0.08590278806279628,0.005225419998168945
64,211,1.954705550207346,0.03865709350007407,0.00400853157043457
65,211,1.9600034596230747,-0.005297909415728608,0.004307746887207031
66,211,1.9152373544412766,0.04476610518179802,0.0037717819213867188
67,211,1.967763891717269,-0.052526537275992435,0.0048999786376953125
68,211,1.8779298321330717,0.08983405958419732,0.004195690155029297
69,211,1.9184882719934835,-0.040558439860411744,0.0036971569061279297
70,211,1.9107885857893958,0.007699686204087675,0.003312826156616211
71,211,1.914531255785323,-0.003742669995927095,0.004146099090576172
72,211,1.8812245735059983,0.03330668227932465,0.0038895606994628906
73,211,1.921106130590936,-0.03988155708493779,0.0032863616943359375
74,211,1.9412989322608116,-0.020192801669875582,0.0032646656036376953
75,211,1.8216815966565463,0.11961733560426535,0.003443479537963867
76,211,1.8537863781101895,-0.03210478145364326,0.003063201904296875
77,211,1.8835634349081753,-0.029777056797985813,0.0031185150146484375
78,211,1.8847744476173727,-0.0012110127091973233,0.003117084503173828
79,211,1.9483992590158472,-0.06362481139847453,0.0034296512603759766
80,211,1.8664435074792654,0.08195575153658186,0.003160715103149414
81,211,1.8271851743002074,0.039258333179057914,0.0031859874725341797
82,211,1.8652812361152251,-0.03809606181501768,0.0033805370330810547
83,211,1.866598554132109,-0.0013173180168839504,0.003261089324951172
84,211,1.8588946735689424,0.007703880563166621,0.003301858901977539
85,211,1.843133718481561,0.0157609550873814,0.0031473636627197266
86,211,1.857918834234301,-0.014785115752739886,0.005800724029541016
87,211,1.8276163254868927,0.030302508747408252,0.00458836555480957
88,211,1.829290597924689,-0.0016742724377962759,0.0039014816284179688
89,211,1.8374358986226302,-0.008145300697941282,0.00451350212097168
90,211,1.8093584250499852,0.028077473572645006,0.005027055740356445
91,211,1.823638048217195,-0.014279623167209765,0.004824638366699219
92,211,1.8094162782786583,0.014221769938536744,0.0038344860076904297
93,211,1.8079181689221713,0.0014981093564869763,0.004377126693725586
94,211,1.8119022315147364,-0.0039840625925651185,0.004122495651245117
95,211,1.7885283700662766,0.023373861448459765,0.003727436065673828
96,211,1.7766246343675949,0.01190373569868175,0.0038666725158691406
97,211,1.7597390125148105,0.016885621852784416,0.0046274662017822266
98,211,1.7857901767531843,-0.026051164238373836,0.004444599151611328
