1,370,2.28111108777,Nan,0.00399994850159
2,370,2.26122015051,0.0198909372594,0.00300002098083
3,370,2.2402869875,0.0209331630106,0.00300002098083
4,370,2.21981618569,0.0204708018098,0.00300002098083
5,370,2.20001287949,0.0198033062036,0.00300002098083
6,370,2.1811435674,0.0188693120862,0.00200009346008
7,370,2.16280190861,0.0183416587939,0.00300002098083
8,370,2.14481849319,0.0179834154187,0.00300002098083
9,370,2.12699161742,0.0178268757685,0.00300002098083
10,370,2.10907708245,0.0179145349645,0.00300002098083
11,370,2.09105754276,0.0180195396921,0.00200009346008
12,370,2.07276850132,0.0182890414434,0.00299978256226
13,370,2.05395878099,0.018809720329,0.0019998550415
14,370,2.0345622872,0.0193964937874,0.00300002098083
15,370,2.01456473783,0.0199975493754,0.00300002098083
16,370,1.99425763396,0.0203071038712,0.00300002098083
17,370,1.9735462629,0.0207113710534,0.00200009346008
18,370,1.95234501874,0.0212012441662,0.00200009346008
19,370,1.93119342167,0.0211515970639,0.00300002098083
20,370,1.91028285477,0.0209105669031,0.00300002098083
21,370,1.88961691609,0.0206659386761,0.0019998550415
22,370,1.86914890647,0.0204680096212,0.00200009346008
23,370,1.84894458813,0.0202043183392,0.00299978256226
24,370,1.82911709056,0.0198274975702,0.00300002098083
25,370,1.80960750804,0.0195095825195,0.00300002098083
26,370,1.79040780363,0.0191997044113,0.00300002098083
27,370,1.77153754982,0.0188702538131,0.00300002098083
28,370,1.75302839804,0.0185091517802,0.00300002098083
29,370,1.73488638922,0.0181420088193,0.00300002098083
30,370,1.71710030463,0.017786084586,0.00300002098083
31,370,1.69964542262,0.0174548820168,0.00300002098083
32,370,1.68249782787,0.0171475947491,0.00300002098083
33,370,1.66563053149,0.0168672963735,0.0019998550415
34,370,1.64900073854,0.0166297929579,0.00200009346008
35,370,1.63266374888,0.0163369896529,0.00300002098083
36,370,1.61663272439,0.0160310244901,0.00300002098083
37,370,1.60092156779,0.0157111566055,0.0019998550415
38,370,1.58551521435,0.0154063534395,0.00300002098083
39,370,1.57044099599,0.0150742183619,0.00300002098083
40,370,1.55566681684,0.0147741791402,0.00299978256226
41,370,1.54119143196,0.0144753848805,0.00300002098083
42,370,1.52705379856,0.014137633404,0.00300002098083
43,370,1.51322592149,0.013827877075,0.00300002098083
44,370,1.49966283704,0.0135630844432,0.00399994850159
45,370,1.48636578243,0.0132970546122,0.00300002098083
46,370,1.47337063012,0.0129951523143,0.00300002098083
47,370,1.46061245189,0.0127581782258,0.00300002098083
48,370,1.4480463122,0.0125661396942,0.0019998550415
49,370,1.43562058102,0.0124257311798,0.00299978256226
50,370,1.42315371612,0.0124668648967,0.00300002098083
51,370,1.41069703992,0.0124566761981,0.00300002098083
52,370,1.39803860445,0.0126584354758,0.00300002098083
53,370,1.38506850444,0.0129701000026,0.00299978256226
54,370,1.3714345428,0.0136339616396,0.00300002098083
55,370,1.35667647369,0.0147580691097,0.00300002098083
56,370,1.34065503507,0.0160214386229,0.00300002098083
57,370,1.32402163119,0.0166334038812,0.00300002098083
58,370,1.30744631162,0.0165753195661,0.00300002098083
59,370,1.29138364395,0.0160626676769,0.00300002098083
60,370,1.2757159812,0.0156676627494,0.00200009346008
61,370,1.26052335584,0.015192625352,0.00300002098083
62,370,1.24612320771,0.014400148134,0.00200009346008
63,370,1.23244823438,0.0136749733347,0.00300002098083
64,370,1.21937770001,0.013070534371,0.0019998550415
65,370,1.20686694559,0.0125107544139,0.00200009346008
66,370,1.19488299177,0.0119839538186,0.00300002098083
67,370,1.18332217485,0.011560816924,0.00399994850159
68,370,1.17212776948,0.0111944053662,0.00300002098083
69,370,1.16130424099,0.0108235284899,0.00300002098083
70,370,1.15083156859,0.0104726724064,0.00300002098083
71,370,1.1406830945,0.0101484740823,0.00300002098083
72,370,1.13084301219,0.0098400823111,0.00300002098083
73,370,1.12126893545,0.00957407673895,0.00200009346008
74,370,1.1119719149,0.00929702055284,0.00300002098083
75,370,1.10293601905,0.00903589585248,0.00299978256226
76,370,1.09415912622,0.00877689282731,0.00300002098083
77,370,1.08562391757,0.00853520864902,0.00300002098083
78,370,1.07731874645,0.00830517112356,0.0019998550415
79,370,1.06923933821,0.00807940824233,0.0019998550415
80,370,1.06136485623,0.00787448197745,0.00300002098083
81,370,1.053697862,0.00766699422524,0.00300002098083
82,370,1.04623488725,0.00746297475454,0.00200009346008
83,370,1.0389641189,0.00727076835208,0.00300002098083
84,370,1.03187739216,0.007086726736,0.00300002098083
85,370,1.02496157065,0.00691582150603,0.00300002098083
86,370,1.01821483764,0.00674673301806,0.00299978256226
87,370,1.01162733287,0.00658750476443,0.00300002098083
88,370,1.00519335894,0.00643397393401,0.00300002098083
89,370,0.998905108138,0.00628825080035,0.0019998550415
90,370,0.992758499412,0.00614660872564,0.00300002098083
91,370,0.986744265412,0.00601423400006,0.00300002098083
92,370,0.98086856181,0.00587570360241,0.00300002098083
93,370,0.975123575086,0.00574498672364,0.00300002098083
94,370,0.969506027391,0.00561754769475,0.00200009346008
95,370,0.964010521141,0.00549550625023,0.00300002098083
96,370,0.958631787323,0.00537873381841,0.00200009346008
97,370,0.953370773243,0.0052610140802,0.00200009346008
98,370,0.948223208866,0.00514756437705,0.00300002098083
99,370,0.943185483754,0.00503772511202,0.00399994850159
100,370,0.938251899513,0.00493358424055,0.0019998550415
