1,410,2.28216099331,Nan,0.00300002098083
2,410,2.26414107731,0.0180199160015,0.00300002098083
3,410,2.24505991009,0.0190811672244,0.00300002098083
4,410,2.22611751965,0.0189423904363,0.00399994850159
5,410,2.20781121998,0.0183062996762,0.00200009346008
6,410,2.19024390695,0.0175673130258,0.0019998550415
7,410,2.17328751802,0.0169563889298,0.00300002098083
8,410,2.15667777239,0.0166097456318,0.00399994850159
9,410,2.14039168939,0.0162860829949,0.00300002098083
10,410,2.12423370354,0.0161579858555,0.0019998550415
11,410,2.10801171986,0.0162219836754,0.00300002098083
12,410,2.09168960485,0.0163221150145,0.00300002098083
13,410,2.07522060811,0.016468996742,0.00300002098083
14,410,2.05835675834,0.0168638497686,0.00399994850159
15,410,2.04108639247,0.0172703658633,0.00399994850159
16,410,2.02335622806,0.0177301644163,0.00300002098083
17,410,2.00522284854,0.0181333795149,0.00300002098083
18,410,1.98683438598,0.0183884625601,0.00300002098083
19,410,1.96815741089,0.0186769750971,0.00300002098083
20,410,1.94910146446,0.0190559464272,0.00300002098083
21,410,1.93006211737,0.0190393470901,0.00300002098083
22,410,1.9111510144,0.0189111029641,0.00299978256226
23,410,1.89242283007,0.01872818433,0.00300002098083
24,410,1.87389753877,0.0185252913057,0.00300002098083
25,410,1.85554512665,0.0183524121202,0.00300002098083
26,410,1.83749546409,0.0180496625578,0.00300002098083
27,410,1.81973493322,0.0177605308726,0.00300002098083
28,410,1.80222856701,0.0175063662119,0.00300002098083
29,410,1.78497752932,0.0172510376879,0.00300002098083
30,410,1.76798568241,0.0169918469121,0.00300002098083
31,410,1.75127155899,0.0167141234179,0.00300002098083
32,410,1.73486164297,0.016409916019,0.00300002098083
33,410,1.71876435807,0.0160972848964,0.00300002098083
34,410,1.70294272457,0.0158216334999,0.00300002098083
35,410,1.68735281377,0.0155899108,0.0019998550415
36,410,1.67202196255,0.0153308512219,0.00300002098083
37,410,1.65691863683,0.0151033257228,0.00300002098083
38,410,1.64201083375,0.0149078030808,0.00300002098083
39,410,1.62732988928,0.0146809444724,0.0019998550415
40,410,1.61289297491,0.0144369143693,0.00300002098083
41,410,1.59870433521,0.0141886396988,0.00299978256226
42,410,1.58475395065,0.0139503845531,0.00200009346008
43,410,1.57106647139,0.013687479264,0.0019998550415
44,410,1.55764176208,0.0134247093079,0.00400018692017
45,410,1.54447047987,0.0131712822116,0.00300002098083
46,410,1.53154986998,0.0129206098926,0.00300002098083
47,410,1.51883787845,0.0127119915331,0.00300002098083
48,410,1.50636009372,0.0124777847219,0.00400018692017
49,410,1.49410549633,0.0122545973953,0.00200009346008
50,410,1.48204706967,0.0120584266589,0.0019998550415
51,410,1.47015950573,0.0118875639343,0.00300002098083
52,410,1.4584347868,0.0117247189345,0.00300002098083
53,410,1.44669663945,0.0117381473456,0.00300002098083
54,410,1.43496626887,0.0117303705885,0.00300002098083
55,410,1.42315036936,0.0118158995033,0.00300002098083
56,410,1.41115407594,0.0119962934262,0.00300002098083
57,410,1.39888093379,0.0122731421434,0.00300002098083
58,410,1.38607410319,0.0128068306024,0.00300002098083
59,410,1.37243215444,0.0136419487516,0.00300002098083
60,410,1.35781934484,0.0146128095997,0.00300002098083
61,410,1.34266931234,0.015150032504,0.00300002098083
62,410,1.32745707931,0.0152122330272,0.00300002098083
63,410,1.31255858525,0.0148984940541,0.00300002098083
64,410,1.29803925275,0.0145193325061,0.00300002098083
65,410,1.28380720463,0.0142320481155,0.00200009346008
66,410,1.27005650158,0.0137507030546,0.00200009346008
67,410,1.25694412641,0.0131123751659,0.00300002098083
68,410,1.24438987256,0.0125542538481,0.00300002098083
69,410,1.23233599159,0.0120538809758,0.00300002098083
70,410,1.22071830823,0.0116176833599,0.00300002098083
71,410,1.20951447563,0.0112038325958,0.00300002098083
72,410,1.19868373077,0.0108307448653,0.00200009346008
73,410,1.18815491332,0.0105288174505,0.00299978256226
74,410,1.17794531545,0.0102095978693,0.00300002098083
75,410,1.16802545375,0.00991986169695,0.00300002098083
76,410,1.15840203435,0.00962341940147,0.00300002098083
77,410,1.14905123564,0.00935079871096,0.00200009346008
78,410,1.13995644061,0.00909479502593,0.00300002098083
79,410,1.1310909338,0.00886550681525,0.00300002098083
80,410,1.12244462387,0.00864630993084,0.00300002098083
81,410,1.11401874235,0.00842588151667,0.00300002098083
82,410,1.10579879622,0.00821994613268,0.0019998550415
83,410,1.09779059088,0.00800820534145,0.00200009346008
84,410,1.08998087046,0.00780972041177,0.00300002098083
85,410,1.08236458048,0.00761628997946,0.00200009346008
86,410,1.07493352465,0.00743105583633,0.00300002098083
87,410,1.0676785349,0.00725498974808,0.00300002098083
88,410,1.0605994167,0.00707911820093,0.00300002098083
89,410,1.05368565674,0.00691375995569,0.00200009346008
90,410,1.04692721765,0.00675843909152,0.00300002098083
91,410,1.04032818422,0.00659903342808,0.00300002098083
92,410,1.0338810515,0.00644713272805,0.00300002098083
93,410,1.02757932048,0.00630173101658,0.00300002098083
94,410,1.02141465241,0.0061646680698,0.0019998550415
95,410,1.01537853447,0.00603611794091,0.00300002098083
96,410,1.00947003493,0.00590849954173,0.00300002098083
97,410,1.0036850844,0.00578495052889,0.0019998550415
98,410,0.998018896606,0.00566618779106,0.00300002098083
99,410,0.992467909477,0.005550987129,0.00300002098083
100,410,0.987025919875,0.00544198960264,0.00300002098083
