1,400,2.28183475071,Nan,0.00400018692017
2,400,2.26363647461,0.0181982760959,0.00300002098083
3,400,2.24415326154,0.0194832130715,0.00300002098083
4,400,2.22497573287,0.0191775286639,0.00399994850159
5,400,2.20647835626,0.0184973766186,0.00300002098083
6,400,2.18876958211,0.0177087741428,0.00300002098083
7,400,2.17165698016,0.0171126019513,0.00399994850159
8,400,2.15492709125,0.016729888916,0.00400018692017
9,400,2.13856103968,0.0163660515679,0.00300002098083
10,400,2.12227401168,0.0162870279948,0.00399994850159
11,400,2.10597371984,0.0163002918385,0.00300002098083
12,400,2.08959097968,0.016382740162,0.00300002098083
13,400,2.07303371853,0.0165572611491,0.00300002098083
14,400,2.05610900879,0.0169247097439,0.00300002098083
15,400,2.0388331491,0.0172758596915,0.00399994850159
16,400,2.0211094383,0.0177237108019,0.00399994850159
17,400,2.00299144038,0.0181179979112,0.00300002098083
18,400,1.98466226648,0.0183291739005,0.00299978256226
19,400,1.96604953907,0.0186127274125,0.00300002098083
20,400,1.94702928896,0.0190202501085,0.00300002098083
21,400,1.92797428272,0.0190550062391,0.00500011444092
22,400,1.90902901544,0.0189452672888,0.00399994850159
23,400,1.89027953536,0.0187494800709,0.00399994850159
24,400,1.87173777262,0.0185417627405,0.00300002098083
25,400,1.85337174027,0.0183660323532,0.00300002098083
26,400,1.83525915075,0.0181125895182,0.00300002098083
27,400,1.81743411029,0.017825040464,0.00300002098083
28,400,1.79990508468,0.0175290256076,0.00300002098083
29,400,1.78261911463,0.0172859700521,0.00300002098083
30,400,1.76559232359,0.0170267910428,0.00300002098083
31,400,1.7488710135,0.0167213100857,0.00300002098083
32,400,1.73245434796,0.0164166655364,0.00300002098083
33,400,1.71633610478,0.0161182431821,0.00299978256226
34,400,1.70048389011,0.0158522146719,0.00300002098083
35,400,1.68489090531,0.0155929848,0.00299978256226
36,400,1.66953180384,0.0153591014721,0.00399994850159
37,400,1.65439667878,0.0151351250543,0.00300002098083
38,400,1.63946758694,0.0149290918421,0.00300002098083
39,400,1.62473640724,0.0147311796965,0.00300002098083
40,400,1.61021715517,0.0145192520707,0.00300002098083
41,400,1.59592510082,0.0142920543529,0.00299978256226
42,400,1.58180500737,0.0141200934516,0.00300002098083
43,400,1.56789749711,0.0139075102629,0.00300002098083
44,400,1.55422467267,0.0136728244358,0.00300002098083
45,400,1.54074445371,0.013480218958,0.00300002098083
46,400,1.52732797693,0.0134164767795,0.00300002098083
47,400,1.51397344519,0.0133545317473,0.00299978256226
48,400,1.50070022018,0.0132732250072,0.00300002098083
49,400,1.48731206823,0.0133881519459,0.00300002098083
50,400,1.47379628499,0.0135157832393,0.00300002098083
51,400,1.45992435597,0.0138719290274,0.00300002098083
52,400,1.44563182124,0.0142925347222,0.00300002098083
53,400,1.43050708347,0.0151247377749,0.00399994850159
54,400,1.41457808318,0.0159290002894,0.00400018692017
55,400,1.39836289017,0.0162151930067,0.00300002098083
56,400,1.38214074029,0.0162221498843,0.00399994850159
57,400,1.36627473619,0.0158660040961,0.00300002098083
58,400,1.35070749919,0.0155672370063,0.00300002098083
59,400,1.33554378368,0.0151637155038,0.00300002098083
60,400,1.32080150463,0.0147422790527,0.00300002098083
61,400,1.30666276155,0.0141387430827,0.00300002098083
62,400,1.29304982503,0.0136129365144,0.00300002098083
63,400,1.27992391516,0.0131259098759,0.00300002098083
64,400,1.26723546911,0.0126884460449,0.00300002098083
65,400,1.25493325975,0.0123022093596,0.00300002098083
66,400,1.24301741706,0.0119158426921,0.00300002098083
67,400,1.23146494548,0.0115524715847,0.00399994850159
68,400,1.2202052731,0.0112596723768,0.00399994850159
69,400,1.20925211589,0.010953157213,0.00300002098083
70,400,1.19860847473,0.010643641154,0.00300002098083
71,400,1.18825303537,0.0103554393627,0.00299978256226
72,400,1.17817006429,0.0100829710784,0.00300002098083
73,400,1.16834782918,0.00982223510742,0.00300002098083
74,400,1.15878740099,0.00956042819553,0.00300002098083
75,400,1.14948375561,0.00930364538122,0.00400018692017
76,400,1.14041826601,0.00906548959238,0.00300002098083
77,400,1.13157259341,0.00884567260742,0.00299978256226
78,400,1.12294364081,0.00862895259151,0.00300002098083
79,400,1.11453353317,0.00841010764793,0.00300002098083
80,400,1.10634179574,0.00819173742224,0.00300002098083
81,400,1.09835687143,0.00798492431641,0.00300002098083
82,400,1.09055923744,0.00779763398347,0.00300002098083
83,400,1.0829435843,0.00761565314399,0.00300002098083
84,400,1.07550932142,0.00743426287616,0.00399994850159
85,400,1.06824947781,0.00725984361437,0.00300002098083
86,400,1.06115641559,0.00709306222421,0.00300002098083
87,400,1.05423206471,0.00692435087981,0.00300002098083
88,400,1.04746482001,0.0067672446922,0.00300002098083
89,400,1.04085233335,0.00661248666269,0.00299978256226
90,400,1.03438970778,0.00646262557418,0.00300002098083
91,400,1.02806464301,0.00632506476508,0.00300002098083
92,400,1.02187495196,0.00618969104908,0.00300002098083
93,400,1.01581314652,0.00606180544253,0.00300002098083
94,400,1.00987756235,0.00593558417426,0.00300002098083
95,400,1.00406946535,0.00580809699164,0.00300002098083
96,400,0.998385637071,0.00568382828324,0.00300002098083
97,400,0.992820349799,0.00556528727214,0.00300002098083
98,400,0.98736517447,0.00545517532914,0.00300002098083
99,400,0.982019099483,0.00534607498734,0.00300002098083
100,400,0.976778663353,0.0052404361301,0.00300002098083
