1,430,2.28058764567,Nan,0.00300002098083
2,430,2.26332782808,0.0172598175916,0.0019998550415
3,430,2.24527226727,0.0180555608127,0.00200009346008
4,430,2.2270018217,0.0182704455682,0.00299978256226
5,430,2.20929788989,0.0177039318101,0.00200009346008
6,430,2.1921595525,0.0171383373908,0.0019998550415
7,430,2.17565098975,0.0165085627435,0.0019998550415
8,430,2.15950006818,0.0161509215678,0.00300002098083
9,430,2.14356577805,0.0159342901343,0.00299978256226
10,430,2.12781979268,0.0157459853745,0.0019998550415
11,430,2.11197624239,0.015843550282,0.00300002098083
12,430,2.09604285123,0.0159333911669,0.00200009346008
13,430,2.07990327551,0.0161395757184,0.00200009346008
14,430,2.06340887512,0.0164944003924,0.00200009346008
15,430,2.04619856842,0.0172103066982,0.00200009346008
16,430,2.02811952832,0.0180790400936,0.0019998550415
17,430,2.00947278078,0.0186467475464,0.00200009346008
18,430,1.99050658963,0.0189661911497,0.0019998550415
19,430,1.97117634197,0.019330247654,0.00200009346008
20,430,1.95178455612,0.0193917858508,0.00200009346008
21,430,1.93252329535,0.019261260776,0.00300002098083
22,430,1.91347146507,0.0190518302819,0.0019998550415
23,430,1.89467192263,0.0187995424361,0.0019998550415
24,430,1.87616912421,0.0185027984172,0.0019998550415
25,430,1.85794373511,0.0182253890978,0.00200009346008
26,430,1.83997505674,0.0179686783717,0.0019998550415
27,430,1.82229959322,0.0176754635228,0.00200009346008
28,430,1.80489770526,0.0174018879577,0.0019998550415
29,430,1.7877154223,0.0171822829661,0.00299978256226
30,430,1.77081799897,0.0168974233228,0.00200009346008
31,430,1.75424788423,0.0165701147403,0.00200009346008
32,430,1.73793363481,0.0163142494248,0.00300002098083
33,430,1.72185444663,0.0160791881735,0.00200009346008
34,430,1.70597609882,0.0158783478125,0.00300002098083
35,430,1.69040934475,0.0155667540742,0.00300002098083
36,430,1.67506701217,0.0153423325755,0.0019998550415
37,430,1.65998101477,0.0150859974049,0.00300002098083
38,430,1.6451450476,0.0148359671633,0.00200009346008
39,430,1.63054998892,0.014595058681,0.00200009346008
40,430,1.61618226944,0.0143677194811,0.0019998550415
41,430,1.60202926287,0.0141530065676,0.00200009346008
42,430,1.58815092207,0.0138783408074,0.0019998550415
43,430,1.57450279676,0.013648125306,0.00300002098083
44,430,1.56112250197,0.0133802947867,0.00200009346008
45,430,1.54800561713,0.0131168848476,0.00200009346008
46,430,1.53517157385,0.012834043281,0.00200009346008
47,430,1.52260221207,0.0125693617762,0.0019998550415
48,430,1.51027658776,0.0123256243066,0.00200009346008
49,430,1.49822910483,0.0120474829333,0.0019998550415
50,430,1.48646882654,0.0117602782861,0.00200009346008
51,430,1.47497280656,0.0114960199795,0.00200009346008
52,430,1.4637428425,0.0112299640665,0.00200009346008
53,430,1.45276205472,0.0109807877783,0.00200009346008
54,430,1.44205029247,0.01071176225,0.00200009346008
55,430,1.43158908486,0.0104612076108,0.0019998550415
56,430,1.42136095426,0.0102281305936,0.00200009346008
57,430,1.41135279633,0.0100081579322,0.0019998550415
58,430,1.4015974835,0.00975531283172,0.00200009346008
59,430,1.39207399748,0.00952348602321,0.00200009346008
60,430,1.38278123821,0.00929275926693,0.00200009346008
61,430,1.37367666772,0.00910457049229,0.00200009346008
62,430,1.36475627942,0.00892038829978,0.0019998550415
63,430,1.35602845612,0.0087278233018,0.00200009346008
64,430,1.34747627153,0.00855218458545,0.0019998550415
65,430,1.33907753668,0.00839873485582,0.00200009346008
66,430,1.33081233068,0.00826520599444,0.00200009346008
67,430,1.32268354825,0.0081287824317,0.00200009346008
68,430,1.31464794695,0.00803560130459,0.0019998550415
69,430,1.30667048675,0.00797746019257,0.00200009346008
70,430,1.29874184746,0.00792863929611,0.00300002098083
71,430,1.29070847714,0.00803337031454,0.00300002098083
72,430,1.28244559874,0.00826287840483,0.00300002098083
73,430,1.27380997348,0.00863562525602,0.00200009346008
74,430,1.26475657415,0.00905339933489,0.00200009346008
75,430,1.25484043519,0.00991613895702,0.00200009346008
76,430,1.24392748791,0.010912947281,0.00200009346008
77,430,1.23129968471,0.0126278032012,0.00200009346008
78,430,1.21762473725,0.0136749474577,0.0019998550415
79,430,1.20350416349,0.0141205737552,0.00200009346008
80,430,1.18940762332,0.0140965401767,0.00300002098083
81,430,1.17583768846,0.0135699348548,0.00200009346008
82,430,1.16277992124,0.0130577672257,0.00200009346008
83,430,1.15065257576,0.012127345477,0.0019998550415
84,430,1.13934118154,0.0113113942175,0.0019998550415
85,430,1.12875199002,0.0105891915255,0.00200009346008
86,430,1.11878348719,0.00996850282339,0.0019998550415
87,430,1.10933583775,0.00944764944729,0.00200009346008
88,430,1.10030426761,0.00903157013229,0.00200009346008
89,430,1.09161796471,0.00868630290134,0.00200009346008
90,430,1.08324691171,0.00837105300075,0.0019998550415
91,430,1.07513596767,0.00811094403986,0.00200009346008
92,430,1.067273148,0.00786281966835,0.00300002098083
93,430,1.05964536199,0.007627786017,0.0019998550415
94,430,1.05222584563,0.00741951636052,0.00300002098083
95,430,1.0450136257,0.00721221992828,0.00200009346008
96,430,1.03798524691,0.00702837879138,0.00300002098083
97,430,1.03112681206,0.00685843484962,0.00300002098083
98,430,1.02443840477,0.00668840728681,0.00200009346008
99,430,1.01790550948,0.0065328952878,0.00200009346008
100,430,1.01152234648,0.00638316299872,0.0019998550415
