1,330,2.26303202816,Nan,0.0
2,330,2.22247995928,0.0405520688732,0.0
3,330,2.18651151379,0.0359684454968,0.0
4,330,2.15357652186,0.0329349919259,0.0
5,330,2.12258698519,0.0309895366742,0.0
6,330,2.09276667739,0.0298203077921,0.0
7,330,2.06328167918,0.0294849982143,0.0
8,330,2.03381999539,0.0294616837935,0.0
9,330,2.00406165467,0.0297583407147,0.0
10,330,1.97378526756,0.0302763871122,0.0
11,330,1.94300017848,0.0307850890777,0.0
12,330,1.91176994261,0.0312302358748,0.0
13,330,1.88021684841,0.0315530941966,0.0
14,330,1.84833789458,0.0318789538339,0.0
15,330,1.81635309351,0.0319848010691,0.0
16,330,1.78458375663,0.0317693368791,0.0
17,330,1.75290549706,0.0316782595632,0.0
18,330,1.72128978761,0.0316157094572,0.0
19,330,1.68987195186,0.0314178357505,0.0
20,330,1.65867616007,0.0311957917857,0.0
21,330,1.62775979791,0.0309163621634,0.0
22,330,1.59717243163,0.0305873662775,0.0
23,330,1.56687375828,0.0302986733513,0.0
24,330,1.53687097555,0.0300027827323,0.0
25,330,1.50716897886,0.0297019966903,0.0
26,330,1.47782631236,0.0293426664999,0.0
27,330,1.44885136039,0.0289749519621,0.0
28,330,1.42040652945,0.0284448309444,0.0
29,330,1.39256771161,0.0278388178381,0.0
30,330,1.36528877237,0.0272789392392,0.0
31,330,1.33853465645,0.0267541159217,0.0
32,330,1.31239454369,0.0261401127587,0.0
33,330,1.28691466234,0.0254798813497,0.0
34,330,1.26208177698,0.0248328853639,0.0
35,330,1.2379139348,0.0241678421819,0.0
36,330,1.21443392772,0.0234800070771,0.0
37,330,1.19165657338,0.0227773543429,0.0
38,330,1.16955808634,0.0220984870343,0.0
39,330,1.14809877527,0.0214593110728,0.0
40,330,1.12727673281,0.02082204246,0.000999927520752
41,330,1.10709369144,0.020183041365,0.0
42,330,1.08752481487,0.0195688765765,0.0
43,330,1.06859702139,0.0189277934765,0.0
44,330,1.05026103353,0.0183359878582,0.0
45,330,1.03248300347,0.0177780300592,0.0
46,330,1.01528369494,0.0171993085373,0.0
47,330,0.9986708609,0.0166128340372,0.0
48,330,0.982625432921,0.0160454279792,0.0
49,330,0.96714570584,0.0154797270804,0.0
50,330,0.952209385853,0.014936319987,0.0
51,330,0.937790369081,0.0144190167724,0.0
52,330,0.923856315298,0.0139340537836,0.0
53,330,0.910402247742,0.013454067556,0.0
54,330,0.897405525187,0.012996722555,0.0
55,330,0.88485157738,0.012553947806,0.0
56,330,0.872731624004,0.0121199533762,0.0
57,330,0.861022752704,0.0117088713002,0.0
58,330,0.849708193104,0.0113145596002,0.0
59,330,0.83877052097,0.0109376721343,0.0
60,330,0.828188829238,0.0105816917314,0.000999927520752
61,330,0.817944213825,0.0102446154129,0.0
62,330,0.808030657808,0.00991355601749,0.0
63,330,0.798428245103,0.00960241270459,0.0
64,330,0.789127279655,0.00930096544838,0.0
65,330,0.780120399202,0.00900688045281,0.0
66,330,0.771390800791,0.00872959841053,0.0
67,330,0.76292811244,0.00846268835147,0.0
68,330,0.754720446164,0.00820766627624,0.0
69,330,0.746758947872,0.00796149829202,0.0
70,330,0.739033826087,0.00772512178447,0.0
71,330,0.731533524274,0.00750030181296,0.00100016593933
72,330,0.724251037892,0.00728248638227,0.0
73,330,0.71717796725,0.00707307064172,0.0
74,330,0.710301993084,0.00687597416649,0.0
75,330,0.703621007956,0.0066809851276,0.0
76,330,0.697127956884,0.0064930510718,0.0
77,330,0.690811110147,0.00631684673719,0.0
78,330,0.684660863325,0.00615024682247,0.0
79,330,0.678671202016,0.00598966130869,0.0
80,330,0.672839113556,0.00583208845995,0.0
81,330,0.667160250661,0.00567886289486,0.0
82,330,0.661630108205,0.00553014245572,0.0
83,330,0.656240483959,0.00538962424622,0.0
84,330,0.650987530753,0.00525295320621,0.0
85,330,0.645865282526,0.00512224822662,0.0
86,330,0.640870148315,0.00499513421177,0.0
87,330,0.635996589556,0.00487355875903,0.0
88,330,0.631239925836,0.00475666371916,0.0
89,330,0.626593939621,0.00464598621547,0.0
90,330,0.622058226215,0.00453571340598,0.0
91,330,0.617626621152,0.00443160506319,0.0
92,330,0.613295777061,0.00433084409099,0.0
93,330,0.609064555102,0.0042312219583,0.0
94,330,0.604930178955,0.00413437614756,0.0
95,330,0.600887729865,0.00404244908945,0.0
96,330,0.59693164258,0.00395608728582,0.0
97,330,0.593060616738,0.00387102584208,0.0
98,330,0.589272614681,0.0037880020562,0.0
99,330,0.585564263609,0.0037083510722,0.0
100,330,0.581933672566,0.0036305910431,0.0
101,330,0.578377208552,0.00355646401397,0.0
102,330,0.574892585902,0.00348462265057,0.0
103,330,0.571478283885,0.00341430201675,0.0
104,330,0.568132588831,0.00334569505424,0.0
105,330,0.564852995649,0.00327959318135,0.0
106,330,0.561637254825,0.00321574082388,0.0
107,330,0.558482913708,0.00315434111708,0.0
108,330,0.55538733816,0.00309557554807,0.0
109,330,0.552348892065,0.00303844609536,0.0
110,330,0.549366456024,0.00298243604087,0.0
111,330,0.546439567125,0.00292688889937,0.0
112,330,0.543565223526,0.00287434359884,0.0
113,330,0.540743104183,0.00282211934239,0.0
114,330,0.537971811006,0.00277129317775,0.0
115,330,0.535252172612,0.0027196383936,0.0
116,330,0.532579564181,0.00267260843072,0.0
117,330,0.52995394042,0.0026256237608,0.0
118,330,0.527372047698,0.00258189272289,0.0
119,330,0.524834140116,0.00253790758201,0.0
120,330,0.522338923515,0.00249521660082,0.0
121,330,0.519885933511,0.00245299000385,0.0
122,330,0.517474987041,0.00241094647032,0.0
123,330,0.515103178103,0.00237180893743,0.0
124,330,0.512770249128,0.00233292897542,0.00100016593933
125,330,0.510474521963,0.00229572716495,0.0
126,330,0.508215931664,0.00225859029891,0.0
127,330,0.505992014651,0.0022239170127,0.0
128,330,0.503801821559,0.0021901930922,0.0
129,330,0.501645948762,0.00215587279685,0.0
130,330,0.499523389622,0.00212255914021,0.0
131,330,0.497432138637,0.00209125098447,0.0
132,330,0.495371993829,0.00206014480801,0.0
133,330,0.493343154235,0.00202883959473,0.0
134,330,0.491345358499,0.00199779573551,0.0
135,330,0.489376645995,0.00196871250457,0.0
136,330,0.487435338464,0.00194130753026,0.0
137,330,0.485522160281,0.00191317818382,0.0
138,330,0.48363609976,0.00188606052031,0.0
139,330,0.481775993683,0.00186010607675,0.0
140,330,0.47994292782,0.00183306586315,0.0
141,330,0.478136321349,0.00180660647137,0.0
142,330,0.476353748521,0.00178257282772,0.0
143,330,0.474594721834,0.00175902668766,0.0
144,330,0.472859206607,0.00173551522667,0.0
145,330,0.471146539735,0.00171266687146,0.0
146,330,0.469456368438,0.00169017129693,0.0
147,330,0.46778860255,0.00166776588797,0.0
148,330,0.466142615852,0.00164598669888,0.0
149,330,0.464518487368,0.00162412848354,0.0
150,330,0.462915336041,0.00160315132667,0.0
151,330,0.461333051004,0.00158228503771,0.000999927520752
152,330,0.459770796069,0.0015622549346,0.0
153,330,0.458228743372,0.00154205269722,0.0
154,330,0.456705828265,0.00152291510716,0.0
155,330,0.455200251324,0.00150557694028,0.0
156,330,0.453711859228,0.00148839209691,0.0
157,330,0.452241586838,0.00147027238998,0.0
158,330,0.450788954322,0.00145263251523,0.000999927520752
159,330,0.449352841233,0.00143611308957,0.0
160,330,0.447934485822,0.00141835541108,0.0
161,330,0.446532822181,0.00140166364097,0.0
162,330,0.445146686249,0.00138613593151,0.0
163,330,0.443776598844,0.00137008740554,0.0
164,330,0.442422777707,0.00135382113706,0.0
165,330,0.441084470933,0.00133830677379,0.0
166,330,0.439759830443,0.00132464048948,0.0
167,330,0.438449187266,0.00131064317772,0.0
168,330,0.437153199251,0.00129598801458,0.0
169,330,0.435871406009,0.00128179324232,0.0
170,330,0.434604230728,0.00126717528036,0.0
171,330,0.433351127898,0.00125310283062,0.0
172,330,0.432111309041,0.00123981885674,0.0
173,330,0.430885592584,0.00122571645689,0.000999927520752
174,330,0.429673007723,0.00121258486073,0.0
175,330,0.428473166158,0.00119984156501,0.0
176,330,0.42728567528,0.00118749087835,0.0
177,330,0.426111319256,0.00117435602446,0.0
178,330,0.424949508226,0.00116181102994,0.0
179,330,0.423800606531,0.00114890169506,0.0
180,330,0.422664648114,0.00113595841673,0.0
181,330,0.421539239594,0.0011254085194,0.000999927520752
182,330,0.420425015074,0.0011142245206,0.000999927520752
183,330,0.41932197781,0.00110303726406,0.0
184,330,0.41822946312,0.00109251468963,0.0
185,330,0.417148076207,0.00108138691295,0.0
186,330,0.41607664681,0.00107142939712,0.0
187,330,0.415015983371,0.0010606634387,0.0
188,330,0.413965861948,0.00105012142297,0.0
189,330,0.412924404197,0.00104145775157,0.000999927520752
190,330,0.411893185912,0.00103121828442,0.0
191,330,0.410871489344,0.00102169656885,0.0
192,330,0.409860133021,0.00101135632223,0.0
193,330,0.408858941659,0.00100119136253,0.0
194,330,0.40786639894,0.000992542718724,0.0
195,330,0.406881485721,0.000984913219105,0.0
196,330,0.405905854301,0.000975631419621,0.0
197,330,0.40493849552,0.000967358780958,0.0
198,330,0.403980263954,0.000958231566038,0.0
199,330,0.403030108512,0.000950155442083,0.0
200,330,0.402087878708,0.000942229804257,0.0
201,330,0.401155427139,0.000932451568688,0.0
202,330,0.400230804002,0.000924623137335,0.0
203,330,0.399313829911,0.000916974091333,0.0
204,330,0.398405437522,0.00090839238863,0.0
205,330,0.397505019952,0.000900417569583,0.0
206,330,0.396612722539,0.000892297413723,0.0
207,330,0.39572835896,0.000884363579028,0.0
208,330,0.394851339041,0.000877019918983,0.0
209,330,0.393981412357,0.000869926683831,0.0
210,330,0.393118900057,0.000862512299509,0.0
211,330,0.392263779128,0.000855120929476,0.0
212,330,0.391415658326,0.000848120802362,0.0
213,330,0.390575940681,0.000839717644305,0.0
214,330,0.389743045775,0.000832894905868,0.0
215,330,0.388917314409,0.000825731366791,0.0
216,330,0.388097990577,0.000819323831353,0.0
217,330,0.387285282776,0.000812707801167,0.0
218,330,0.386479216016,0.000806066760019,0.0
219,330,0.385680103144,0.000799112871659,0.0
220,330,0.384887618388,0.000792484756344,0.0
221,330,0.38410191423,0.000785704158226,0.0
222,330,0.383322147758,0.00077976647159,0.0
223,330,0.382548234272,0.000773913485945,0.00100016593933
224,330,0.381780408749,0.000767825523355,0.0
225,330,0.381017662132,0.0007627466165,0.0
226,330,0.38026018789,0.000757474242492,0.0
227,330,0.379508891776,0.00075129611433,0.0
228,330,0.378763469244,0.000745422531422,0.0
229,330,0.378023698139,0.000739771104713,0.0
230,330,0.377289861884,0.000733836255454,0.0
231,330,0.376561609694,0.000728252190204,0.0
232,330,0.375838220454,0.000723389239351,0.0
233,330,0.375120259225,0.000717961229897,0.0
234,330,0.374407599058,0.000712660166843,0.0
235,330,0.373699629497,0.000707969560439,0.0
236,330,0.372997071658,0.000702557839638,0.0
237,330,0.372299704959,0.000697366698714,0.0
238,330,0.371607362626,0.000692342332572,0.0
239,330,0.370919963952,0.000687398674074,0.0
240,330,0.370238117397,0.000681846555599,0.0
241,330,0.369560246954,0.000677870443045,0.0
242,330,0.368887260479,0.000672986474576,0.0
243,330,0.368218859313,0.000668401166427,0.0
244,330,0.367555197408,0.000663661904243,0.0
245,330,0.366896242084,0.000658955324451,0.0
246,330,0.366242038107,0.000654203977138,0.0
247,330,0.365593055431,0.000648982675936,0.0
248,330,0.364948242335,0.000644813096228,0.0
249,330,0.36430788203,0.000640360304147,0.0
250,330,0.36367194089,0.000635941140251,0.0
251,330,0.363040246885,0.000631694005541,0.0
252,330,0.36241267002,0.000627576864784,0.0
253,330,0.361789076939,0.000623593080799,0.0
254,330,0.361169738244,0.000619338695011,0.0
255,330,0.36055498801,0.00061475023422,0.000999927520752
256,330,0.359944110271,0.000610877738511,0.0
257,330,0.359337314889,0.000606795381909,0.0
258,330,0.358734386959,0.000602927930427,0.0
259,330,0.358135891381,0.000598495577978,0.0
260,330,0.357541242027,0.000594649354288,0.0
261,330,0.356950056638,0.000591185388486,0.0
262,330,0.356362505511,0.000587551127452,0.0
263,330,0.355778929445,0.000583576065778,0.0
264,330,0.355198547164,0.000580382281427,0.0
265,330,0.354621674246,0.000576872917575,0.0
266,330,0.354048547298,0.000573126947913,0.0
267,330,0.353478291724,0.000570255573788,0.0
268,330,0.352911958038,0.000566333686681,0.0
269,330,0.352349178587,0.00056277945022,0.0
270,330,0.351790213099,0.00055896548857,0.0
271,330,0.351235096514,0.000555116585135,0.0
272,330,0.350683209338,0.000551887175925,0.0
273,330,0.350134536649,0.000548672689222,0.0
274,330,0.349589747542,0.000544789106721,0.0
275,330,0.349048237498,0.000541510043394,0.0
276,330,0.348510158318,0.000538079180337,0.0
277,330,0.347974997802,0.000535160516576,0.0
278,330,0.347443240825,0.000531756976419,0.0
279,330,0.346914432042,0.000528808782909,0.0
280,330,0.346388687312,0.000525744729791,0.0
281,330,0.345865725683,0.000522961629652,0.0
282,330,0.345346045481,0.000519680201843,0.0
283,330,0.344829257461,0.000516788020278,0.0
284,330,0.344315713667,0.000513543793649,0.0
285,330,0.343804156091,0.000511557576413,0.0
286,330,0.343296149178,0.000508006912946,0.0
287,330,0.342791037126,0.000505112051635,0.0
288,330,0.342288677436,0.00050235968976,0.0
289,330,0.341789552515,0.000499124921058,0.0
290,330,0.341293249577,0.00049630293833,0.0
291,330,0.340799730947,0.000493518629678,0.0
292,330,0.340308746569,0.000490984378111,0.0
293,330,0.339820592318,0.000488154251057,0.0
294,330,0.339334540879,0.000486051438597,0.0
295,330,0.338851290879,0.000483250000589,0.0
296,330,0.338370073807,0.000481217071701,0.0
297,330,0.337892425684,0.000477648122908,0.0
298,330,0.33741686398,0.000475561704189,0.0
299,330,0.336944284413,0.000472579567229,0.0
300,330,0.336473803087,0.000470481326101,0.0
301,330,0.336005980752,0.000467822334983,0.0
302,330,0.335541453979,0.000464526772828,0.0
303,330,0.335078674506,0.000462779473339,0.0
304,330,0.334618400279,0.000460274226081,0.0
305,330,0.334160982558,0.000457417721919,0.0
306,330,0.333705892799,0.00045508975825,0.0
307,330,0.333253316275,0.000452576524298,0.0
308,330,0.332803440619,0.000449875655581,0.0
309,330,0.332355939902,0.000447500717541,0.0
310,330,0.331909840849,0.000446099052745,0.0
311,330,0.331466302688,0.000443538161349,0.0
312,330,0.331025056287,0.000441246400523,0.0
313,330,0.330585561285,0.000439495002599,0.0
314,330,0.330149022725,0.000436538559675,0.000999927520752
315,330,0.329715107532,0.000433915193416,0.0
316,330,0.329283282855,0.000431824676261,0.0
317,330,0.328853596249,0.000429686606751,0.0
318,330,0.328426285053,0.000427311195815,0.0
319,330,0.328000827243,0.000425457809911,0.0
320,330,0.327577598456,0.000423228786668,0.0
321,330,0.327156533223,0.000421065233299,0.0
322,330,0.326737658393,0.000418874829925,0.0
323,330,0.326321312823,0.000416345570041,0.0
324,330,0.325906302712,0.000415010110734,0.0
325,330,0.325493740576,0.000412562136479,0.0
326,330,0.32508295984,0.000410780735909,0.0
327,330,0.324674128383,0.000408831457133,0.0
328,330,0.324267426325,0.000406702057389,0.0
329,330,0.323862448238,0.000404978087454,0.0
330,330,0.323459779671,0.000402668566743,0.0
331,330,0.323058828874,0.000400950797005,0.0
332,330,0.322659196092,0.000399632782319,0.0
333,330,0.32226211427,0.000397081821746,0.0
334,330,0.321866572619,0.000395541650861,0.0
335,330,0.321472980772,0.000393591846645,0.0
336,330,0.321080830209,0.000392150563642,0.0
337,330,0.320690162543,0.00039066766576,0.0
338,330,0.320301196464,0.000388966079586,0.0
339,330,0.319913838652,0.000387357811626,0.0
340,330,0.319528868021,0.000384970630824,0.0
341,330,0.319145261486,0.000383606535016,0.0
342,330,0.318763284657,0.000381976829087,0.000999927520752
343,330,0.318382943629,0.000380341028051,0.0
344,330,0.31800462334,0.000378320289381,0.0
345,330,0.317627451505,0.00037717183431,0.0
346,330,0.317252407757,0.000375043748167,0.0
347,330,0.316879188863,0.000373218893676,0.0
348,330,0.316508160741,0.000371028122495,0.0
349,330,0.316138155546,0.000370005195134,0.0
350,330,0.31577008602,0.000368069525264,0.0
351,330,0.31540328659,0.000366799430742,0.0
352,330,0.315038383684,0.000364902906181,0.0
353,330,0.314675307839,0.000363075844841,0.0
354,330,0.314313789031,0.000361518807319,0.0
355,330,0.313953333873,0.000360455158328,0.0
356,330,0.313594085284,0.00035924858955,0.0
357,330,0.31323649367,0.000357591613265,0.0
358,330,0.312880307032,0.000356186638194,0.0
359,330,0.312525441141,0.000354865891218,0.0
360,330,0.312172246991,0.000353194150058,0.0
361,330,0.311820713075,0.000351533916043,0.0
362,330,0.311470587917,0.0003501251578,0.0
363,330,0.311122030673,0.000348557243662,0.0
364,330,0.310775223829,0.000346806844076,0.0
365,330,0.31042980956,0.000345414269397,0.0
366,330,0.310086013594,0.000343795965526,0.0
367,330,0.309743644305,0.000342369289766,0.0
368,330,0.309402816394,0.000340827910368,0.000999927520752
369,330,0.309063273291,0.000339543103515,0.0
370,330,0.308725320748,0.000337952542896,0.0
371,330,0.308388562478,0.000336758269423,0.0
372,330,0.30805339293,0.000335169547846,0.0
373,330,0.307720198881,0.000333194049593,0.0
374,330,0.307388030964,0.000332167917047,0.0
375,330,0.307057529744,0.000330501220115,0.0
376,330,0.306728062958,0.00032946678561,0.0
377,330,0.306399910562,0.000328152396462,0.0
378,330,0.306073187153,0.000326723408765,0.0
379,330,0.305747777976,0.000325409177249,0.0
380,330,0.305423452834,0.000324325141171,0.0
381,330,0.305101105661,0.000322347173349,0.0
382,330,0.304779489691,0.000321615970496,0.0
383,330,0.304459584869,0.000319904821307,0.0
384,330,0.304140260607,0.000319324262214,0.0
385,330,0.303822995231,0.000317265376572,0.0
386,330,0.30350615814,0.000316837090106,0.0
387,330,0.303190689034,0.000315469106038,0.0
388,330,0.302876977054,0.000313711980814,0.0
389,330,0.302563966273,0.000313010780608,0.0
390,330,0.302251149327,0.000312816945646,0.0
391,330,0.301939966291,0.000311183036195,0.0
392,330,0.301629870391,0.000310095900018,0.0
393,330,0.30132106429,0.000308806101481,0.0
394,330,0.301013034474,0.000308029815842,0.0
395,330,0.300706576303,0.000306458171077,0.0
396,330,0.300401220558,0.000305355744585,0.0
397,330,0.300096833988,0.000304386569777,0.0
398,330,0.299793423214,0.00030341077442,0.0
399,330,0.299491259888,0.000302163326379,0.0
400,330,0.299190131101,0.000301128786786,0.0
401,330,0.298890082619,0.000300048481334,0.0
402,330,0.298591740243,0.000298342376373,0.0
403,330,0.298294328317,0.000297411926522,0.0
404,330,0.297998183384,0.000296144932098,0.0
405,330,0.297702360652,0.000295822732048,0.0
406,330,0.297408532965,0.000293827687413,0.0
407,330,0.297114925542,0.0002936074228,0.0
408,330,0.296823088538,0.000291837003934,0.0
409,330,0.296531674356,0.000291414182048,0.0
410,330,0.296240644481,0.000291029874944,0.0
411,330,0.295951525686,0.000289118795684,0.0
412,330,0.295662843058,0.000288682627612,0.0
413,330,0.295375127398,0.000287715659654,0.0
414,330,0.295088904462,0.000286222936036,0.0
415,330,0.294803696362,0.000285208100458,0.0
416,330,0.294519680801,0.000284015560938,0.0
417,330,0.294236193097,0.000283487703518,0.0
418,330,0.293953781548,0.000282411549045,0.0
419,330,0.293672822054,0.000280959494515,0.0
420,330,0.293392705366,0.000280116688122,0.0
421,330,0.293113479194,0.00027922617174,0.0
422,330,0.29283519645,0.000278282743512,0.0
423,330,0.292557544446,0.000277652004862,0.000999927520752
424,330,0.292281448743,0.000276095702957,0.0
425,330,0.292006097221,0.000275351521726,0.0
426,330,0.291731503227,0.000274593994309,0.0
427,330,0.291457947345,0.000273555881721,0.0
428,330,0.291184934611,0.000273012733985,0.0
429,330,0.290913699337,0.000271235274218,0.0
430,330,0.290641898741,0.000271800595538,0.0
431,330,0.290372287918,0.000269610822693,0.0
432,330,0.290102716766,0.000269571151944,0.0
433,330,0.289835220894,0.000267495872561,0.0
434,330,0.289567061758,0.000268159135971,0.0
435,330,0.289300417677,0.000266644081137,0.0
436,330,0.289033854408,0.000266563268404,0.0
437,330,0.288768433447,0.000265420960986,0.0
438,330,0.288505043103,0.000263390344036,0.0
439,330,0.288240716845,0.000264326258468,0.0
440,330,0.287978398767,0.000262318077823,0.0
441,330,0.287716962378,0.000261436388841,0.0
442,330,0.287455095233,0.000261867144876,0.0
443,330,0.287195003604,0.000260091629239,0.0
444,330,0.286935180055,0.000259823549549,0.0
445,330,0.286676191009,0.000258989045114,0.0
446,330,0.286419380177,0.000256810831958,0.0
447,330,0.286161489618,0.000257890559425,0.0
448,330,0.285905865598,0.000255624019738,0.0
449,330,0.285650364584,0.000255501014142,0.0
450,330,0.285395858544,0.000254506040211,0.0
451,330,0.28514152716,0.000254331383823,0.0
452,330,0.28488941035,0.000252116810192,0.0
453,330,0.284636465603,0.000252944746622,0.0
454,330,0.284385703536,0.000250762067222,0.0
455,330,0.284134291184,0.000251412352255,0.0
456,330,0.283884312443,0.000249978740682,0.0
457,330,0.283635524981,0.000248787462219,0.0
458,330,0.28338673857,0.000248786411338,0.0
459,330,0.283139276636,0.000247461933735,0.0
460,330,0.282892811095,0.000246465541115,0.0
461,330,0.282645310068,0.0002475010265,0.0
462,330,0.282399617818,0.000245692250486,0.0
463,330,0.282154143047,0.000245474770706,0.0
464,330,0.281909080905,0.000245062142364,0.0
465,330,0.281665768479,0.00024331242585,0.0
466,330,0.281421074933,0.000244693545927,0.0
467,330,0.281178262201,0.000242812732035,0.0
468,330,0.280936708109,0.000241554092113,0.0
469,330,0.280694338533,0.000242369575606,0.0
470,330,0.280453711633,0.000240626899992,0.0
471,330,0.280214379103,0.000239332530124,0.0
472,330,0.27997475921,0.000239619893476,0.0
473,330,0.279736338161,0.000238421048671,0.0
474,330,0.279498351336,0.000237986824729,0.0
475,330,0.279261553531,0.00023679780566,0.0
476,330,0.279024314407,0.000237239123048,0.0
477,330,0.278787767605,0.000236546802783,0.0
478,330,0.278553029158,0.000234738447121,0.0
479,330,0.278318776322,0.000234252835108,0.0
480,330,0.278084298546,0.000234477776141,0.0
481,330,0.277850866922,0.000233431624315,0.0
482,330,0.277618537461,0.000232329460543,0.0
483,330,0.277385748083,0.000232789378521,0.000999927520752
484,330,0.277154659555,0.000231088527963,0.0
485,330,0.276924115331,0.000230544224258,0.0
486,330,0.276693413632,0.000230701698745,0.0
487,330,0.27646355474,0.000229858892351,0.0
488,330,0.276236693695,0.000226861044724,0.0
489,330,0.276007958089,0.000228735605876,0.000999927520752
490,330,0.27578140842,0.000226549668746,0.0
491,330,0.27555477321,0.000226635210442,0.0
492,330,0.275328694809,0.000226078401256,0.0
493,330,0.275103130919,0.000225563890021,0.0
494,330,0.274879159691,0.000223971227641,0.00100016593933
495,330,0.274654138949,0.000225020742285,0.0
496,330,0.274430979159,0.000223159790039,0.0
497,330,0.274208066483,0.000222912675421,0.0
498,330,0.27398546035,0.000222606133495,0.0
499,330,0.27376375356,0.000221706789716,0.0
500,330,0.27354359477,0.000220158789769,0.0
