1,150,2.26599682066,Nan,0.00200009346008
2,150,2.21578307682,0.0502137438456,0.0019998550415
3,150,2.16953759935,0.0462454774645,0.00200009346008
4,150,2.1258797031,0.0436578962538,0.00300002098083
5,150,2.08249040604,0.0433892970615,0.0019998550415
6,150,2.03713678996,0.0453536160787,0.00200009346008
7,150,1.98851987839,0.0486169115702,0.0019998550415
8,150,1.93795274523,0.0505671331618,0.0019998550415
9,150,1.8877560552,0.0501966900296,0.00300002098083
10,150,1.83906637616,0.0486896790398,0.00200009346008
11,150,1.79214468214,0.0469216940138,0.00200009346008
12,150,1.74720593982,0.0449387423197,0.0019998550415
13,150,1.70435189565,0.0428540441725,0.00200009346008
14,150,1.6631696913,0.0411822043525,0.00200009346008
15,150,1.62366348902,0.0395062022739,0.0019998550415
16,150,1.58581792408,0.0378455649482,0.0019998550415
17,150,1.54969631195,0.036121612125,0.0019998550415
18,150,1.51531454086,0.0343817710876,0.00200009346008
19,150,1.48245907678,0.0328554640876,0.00300002098083
20,150,1.45051710129,0.0319419754876,0.00200009346008
21,150,1.41843782425,0.0320792770386,0.00200009346008
22,150,1.38336976793,0.0350680563185,0.00200009346008
23,150,1.34316233317,0.0402074347602,0.00300002098083
24,150,1.302603533,0.0405588001675,0.00300002098083
25,150,1.26511265437,0.037490878635,0.0019998550415
26,150,1.23172292709,0.0333897272746,0.0019998550415
27,150,1.20153937022,0.0301835568746,0.00300002098083
28,150,1.17377095858,0.0277684116364,0.0019998550415
29,150,1.14804827478,0.0257226838006,0.00300002098083
30,150,1.12418233342,0.0238659413656,0.00200009346008
31,150,1.10189401521,0.0222883182102,0.0019998550415
32,150,1.0810634062,0.0208306090037,0.0019998550415
33,150,1.06154948235,0.0195139238569,0.0019998550415
34,150,1.04323272175,0.018316760593,0.0019998550415
35,150,1.02602238867,0.0172103330824,0.00200009346008
36,150,1.00981328646,0.0162091022068,0.00200009346008
37,150,0.994487181769,0.0153261046939,0.00300002098083
38,150,0.97998550521,0.0145016765594,0.00200009346008
39,150,0.96622900433,0.0137565008799,0.0019998550415
40,150,0.953171554142,0.0130574501885,0.00200009346008
41,150,0.940767865711,0.0124036884308,0.00200009346008
42,150,0.928983312183,0.0117845535278,0.00200009346008
43,150,0.917772084342,0.0112112278408,0.0019998550415
44,150,0.907089816199,0.0106822681427,0.00200009346008
45,150,0.896895795398,0.0101940208011,0.00300002098083
46,150,0.887160858578,0.00973493682014,0.00300002098083
47,150,0.877853032218,0.00930782636007,0.00200009346008
48,150,0.868929444419,0.00892358779907,0.0019998550415
49,150,0.860368675656,0.00856076876322,0.0019998550415
50,150,0.852139871385,0.00822880427043,0.00200009346008
51,150,0.844226658079,0.007913213306,0.00300002098083
52,150,0.836613929537,0.00761272854275,0.00200009346008
53,150,0.829281492233,0.00733243730333,0.00200009346008
54,150,0.822196978463,0.00708451377021,0.00200009346008
55,150,0.815377278858,0.00681969960531,0.0019998550415
56,150,0.808804279963,0.00657299889459,0.00200009346008
57,150,0.802467937469,0.00633634249369,0.00300002098083
58,150,0.796350841522,0.00611709594727,0.0019998550415
59,150,0.790438844893,0.0059119966295,0.00200009346008
60,150,0.784713128408,0.00572571648492,0.00200009346008
61,150,0.779155742857,0.00555738555061,0.00200009346008
62,150,0.773782514996,0.00537322786119,0.0019998550415
63,150,0.76857872857,0.00520378642612,0.00200009346008
64,150,0.763537345462,0.0050413831075,0.00200009346008
65,150,0.758655285305,0.00488206015693,0.00300002098083
66,150,0.75392484559,0.00473043971592,0.00200009346008
67,150,0.749334117042,0.00459072854784,0.00200009346008
68,150,0.74487920973,0.00445490731133,0.00200009346008
69,150,0.740551196204,0.00432801352607,0.00200009346008
70,150,0.736351077822,0.00420011838277,0.00300002098083
71,150,0.732265692817,0.00408538500468,0.0019998550415
72,150,0.728287271923,0.00397842089335,0.00200009346008
73,150,0.724413557053,0.00387371487088,0.00300002098083
74,150,0.720640561846,0.00377299520704,0.00200009346008
75,150,0.716971006393,0.00366955545213,0.0019998550415
76,150,0.713389805688,0.00358120070563,0.00200009346008
77,150,0.709898192088,0.00349161359999,0.00200009346008
78,150,0.70649362776,0.00340456432766,0.00300002098083
79,150,0.703171549903,0.00332207785712,0.0019998550415
80,150,0.699929069943,0.00324247996012,0.00200009346008
81,150,0.696760069529,0.00316900041368,0.00200009346008
82,150,0.693663892746,0.00309617678324,0.00300002098083
83,150,0.690638494492,0.00302539825439,0.00200009346008
84,150,0.687686784532,0.00295170995924,0.00200009346008
85,150,0.684792492125,0.00289429240757,0.0019998550415
86,150,0.681962372462,0.00283011966281,0.0019998550415
87,150,0.679194284015,0.00276808844672,0.00200009346008
88,150,0.676482958264,0.00271132575141,0.0019998550415
89,150,0.673831627104,0.0026513311598,0.00200009346008
90,150,0.671238437229,0.00259318987528,0.00200009346008
91,150,0.668694880803,0.00254355642531,0.00200009346008
92,150,0.666203490363,0.0024913904402,0.0019998550415
93,150,0.663760547638,0.00244294272529,0.00200009346008
94,150,0.661363770167,0.00239677747091,0.0019998550415
95,150,0.659012746811,0.00235102335612,0.00200009346008
96,150,0.65670437177,0.00230837504069,0.00200009346008
97,150,0.654441387388,0.00226298438178,0.0019998550415
98,150,0.652214342753,0.00222704463535,0.0019998550415
99,150,0.650022637049,0.00219170570374,0.0019998550415
100,150,0.647857933044,0.00216470400492,0.00200009346008
