1,490,2.26376014632,Nan,0.0
2,490,2.23216212526,0.0315980210596,0.0
3,490,2.20355594791,0.0286061773495,0.0
4,490,2.1769779906,0.026577957309,0.0
5,490,2.15195139282,0.0250265977821,0.0
6,490,2.12794057496,0.0240108178586,0.0
7,490,2.10470232672,0.0232382482412,0.0
8,490,2.08201135519,0.0226909715302,0.0
9,490,2.05958429843,0.0224270567602,0.0
10,490,2.03717046465,0.0224138337739,0.0
11,490,2.01469354046,0.0224769241956,0.0
12,490,1.99205239744,0.0226411430203,0.0
13,490,1.96918308881,0.0228693086274,0.0
14,490,1.94620738516,0.0229757036482,0.0
15,490,1.92306886011,0.0231385250481,0.0
16,490,1.89956619302,0.0235026670962,0.0
17,490,1.87574298236,0.0238232106579,0.0
18,490,1.85175320178,0.0239897805817,0.0
19,490,1.82759802293,0.0241551788486,0.0
20,490,1.80344624422,0.0241517787077,0.0
21,490,1.77947247369,0.0239737705309,0.0
22,490,1.75559804877,0.0238744249149,0.0
23,490,1.73181944088,0.023778607894,0.0
24,490,1.70813534211,0.0236840987692,0.0
25,490,1.68455571155,0.0235796305598,0.0
26,490,1.66111212944,0.0234435821066,0.0
27,490,1.63785167422,0.0232604552288,0.0
28,490,1.61470899777,0.0231426764508,0.0
29,490,1.59176235394,0.0229466438293,0.0
30,490,1.56902192563,0.0227404283018,0.0
31,490,1.54652112066,0.022500804979,0.0
32,490,1.52420343088,0.0223176897789,0.0
33,490,1.50211352329,0.0220899075878,0.0
34,490,1.48022145641,0.0218920668777,0.0
35,490,1.45860417035,0.0216172860593,0.0
36,490,1.43727871836,0.0213254519871,0.0
37,490,1.41623250416,0.021046214201,0.0
38,490,1.39547982702,0.020752677139,0.0
39,490,1.37506274788,0.020417079147,0.0
40,490,1.35495174174,0.0201110061334,0.0
41,490,1.33520502363,0.0197467181147,0.0
42,490,1.31584557708,0.019359446545,0.0
43,490,1.29683288652,0.0190126905636,0.0
44,490,1.27819841541,0.0186344711148,0.0
45,490,1.25991098248,0.0182874329236,0.0
46,490,1.24200021004,0.0179107724404,0.0
47,490,1.22444827021,0.0175519398281,0.0
48,490,1.20721061862,0.0172376515914,0.0
49,490,1.19037907464,0.0168315439808,0.0
50,490,1.17391445004,0.0164646245995,0.0
51,490,1.15780294769,0.0161115023555,0.0
52,490,1.14205597663,0.0157469710525,0.0
53,490,1.1266535759,0.0154024007369,0.0
54,490,1.11158442011,0.0150691557904,0.0
55,490,1.09685456607,0.0147298540388,0.0
56,490,1.08245632989,0.0143982361774,0.0
57,490,1.06841336951,0.014042960381,0.0
58,490,1.05472820827,0.0136851612402,0.00100016593933
59,490,1.04137433889,0.0133538693798,0.0
60,490,1.02834526081,0.0130290780749,0.0
61,490,1.01563542619,0.0127098346243,0.0
62,490,1.00324479706,0.0123906291261,0.0
63,490,0.991164613257,0.0120801838077,0.0
64,490,0.979384565353,0.0117800479033,0.0
65,490,0.967894042268,0.0114905230853,0.0
66,490,0.956700606249,0.0111934360193,0.0
67,490,0.945788049698,0.0109125565509,0.0
68,490,0.935158516436,0.0106295332617,0.0
69,490,0.924792696505,0.010365819931,0.0
70,490,0.914690782586,0.0101019139193,0.0
71,490,0.904844803713,0.00984597887312,0.0
72,490,0.895245867359,0.00959893635341,0.0
73,490,0.885884601243,0.00936126611671,0.0
74,490,0.876739094209,0.00914550703399,0.0
75,490,0.867816114426,0.00892297978304,0.0
76,490,0.859115975244,0.00870013918195,0.0
77,490,0.850630888647,0.00848508659674,0.0
78,490,0.842355170542,0.00827571810508,0.0
79,490,0.834278725605,0.00807644493726,0.0
80,490,0.82639440517,0.00788432043426,0.0
81,490,0.818687176218,0.00770722895252,0.0
82,490,0.811158799152,0.00752837706585,0.0
83,490,0.803808868175,0.00734993097733,0.0
84,490,0.796631045244,0.00717782293047,0.0
85,490,0.789623032784,0.0070080124602,0.0
86,490,0.78277819108,0.00684484170408,0.0
87,490,0.776088390545,0.00668980053493,0.0
88,490,0.769549374678,0.00653901586727,0.0
89,490,0.763159548506,0.00638982617125,0.00100016593933
90,490,0.756910840832,0.00624870767399,0.0
91,490,0.750795300153,0.00611554067962,0.0
92,490,0.744813739037,0.00598156111581,0.0
93,490,0.738959347472,0.00585439156513,0.0
94,490,0.733227962377,0.00573138509478,0.0
95,490,0.727617266713,0.00561069566376,0.0
96,490,0.722120144902,0.00549712181091,0.0
97,490,0.716739088175,0.0053810567272,0.0
98,490,0.711470309082,0.00526877909291,0.0
99,490,0.706311018613,0.00515929046942,0.0
100,490,0.70125754804,0.00505347057265,0.0
101,490,0.696308098034,0.00494945000629,0.0
102,490,0.691461770389,0.00484632764544,0.0
103,490,0.686711902035,0.00474986835402,0.0
104,490,0.682055667955,0.00465623407948,0.000999927520752
105,490,0.677492024947,0.00456364300786,0.0
106,490,0.673017585521,0.00447443942634,0.00100016593933
107,490,0.668630040422,0.00438754509906,0.0
108,490,0.66432593696,0.00430410346206,0.0
109,490,0.660102659342,0.00422327761747,0.0
110,490,0.655956432771,0.00414622657153,0.0
111,490,0.651890067665,0.00406636510577,0.0
112,490,0.647899198532,0.00399086913284,0.0
113,490,0.643980890391,0.00391830814128,0.0
114,490,0.640133343911,0.00384754648014,0.0
115,490,0.636356390739,0.00377695317171,0.0
116,490,0.63264701707,0.00370937366875,0.0
117,490,0.629005205388,0.00364181168225,0.0
118,490,0.625427251446,0.00357795394197,0.0
119,490,0.621911223567,0.00351602787874,0.0
120,490,0.618456144722,0.00345507884512,0.0
121,490,0.615060761997,0.00339538272546,0.0
122,490,0.611721231013,0.00333953098375,0.0
123,490,0.608438488415,0.00328274259762,0.0
124,490,0.605210363135,0.00322812528026,0.0
125,490,0.602035344377,0.00317501875819,0.0
126,490,0.598912416186,0.0031229281912,0.0
127,490,0.595840618075,0.00307179811049,0.0
128,490,0.592819404602,0.00302121347311,0.0
129,490,0.589845400927,0.00297400367503,0.0
130,490,0.58691961376,0.00292578716667,0.0
131,490,0.584040198034,0.00287941572618,0.0
132,490,0.581204540389,0.00283565764524,0.0
133,490,0.578412096841,0.00279244354793,0.0
134,490,0.575661868952,0.00275022788924,0.0
135,490,0.572951220006,0.0027106489454,0.0
136,490,0.570281526021,0.00266969398576,0.0
137,490,0.567651843538,0.00262968248251,0.0
138,490,0.565060886558,0.00259095697987,0.0
139,490,0.562507561275,0.00255332528328,0.0
140,490,0.559991498869,0.00251606240564,0.0
141,490,0.557511029925,0.00248046894463,0.000999927520752
142,490,0.555066596732,0.00244443319282,0.0
143,490,0.552656961947,0.00240963478478,0.0
144,490,0.550281041009,0.00237592093799,0.0
145,490,0.547937520669,0.00234352033965,0.0
146,490,0.545626217005,0.00231130366423,0.0
147,490,0.543346810827,0.00227940617775,0.0
148,490,0.541098944995,0.00224786583258,0.0
149,490,0.538882266259,0.00221667873616,0.0
150,490,0.536694977721,0.00218728853732,0.0
151,490,0.534536411324,0.00215856639706,0.0
152,490,0.532406078553,0.00213033277161,0.0
153,490,0.530303649027,0.00210242952619,0.0
154,490,0.528228506263,0.0020751427631,0.0
155,490,0.526180825428,0.00204768083533,0.0
156,490,0.52415882276,0.0020220026678,0.0
157,490,0.522163715168,0.00199510759237,0.0
158,490,0.520194027375,0.00196968779272,0.0
159,490,0.51824932147,0.00194470590475,0.0
160,490,0.51632850608,0.00192081538998,0.0
161,490,0.514431273694,0.00189723238653,0.0
162,490,0.512557905061,0.00187336863304,0.0
163,490,0.510707168676,0.00185073638449,0.0
164,490,0.508879211484,0.00182795719225,0.0
165,490,0.507073702618,0.0018055088666,0.0
166,490,0.505288622817,0.00178507980035,0.0
167,490,0.503525401135,0.00176322168233,0.0
168,490,0.501782923815,0.00174247731968,0.0
169,490,0.500061328071,0.0017215957447,0.0
170,490,0.49835821901,0.00170310906001,0.000999927520752
171,490,0.49667567185,0.00168254716056,0.0
172,490,0.495012781571,0.00166289027856,0.0
173,490,0.493368933152,0.00164384841919,0.0
174,490,0.491744199578,0.00162473357454,0.0
175,490,0.490138715627,0.0016054839504,0.0
176,490,0.48855123082,0.00158748480738,0.0
177,490,0.486982054613,0.00156917620678,0.0
178,490,0.485430687301,0.00155136731206,0.0
179,490,0.483897244687,0.00153344261403,0.0
180,490,0.482380714708,0.00151652997854,0.0
181,490,0.480879972906,0.00150074180292,0.0
182,490,0.479395865907,0.00148410699805,0.0
183,490,0.477927673106,0.00146819280118,0.0
184,490,0.476474786291,0.00145288681497,0.0
185,490,0.475037369923,0.0014374163686,0.0
186,490,0.473615352475,0.0014220174478,0.000999927520752
187,490,0.472208507694,0.00140684478137,0.0
188,490,0.47081668231,0.00139182538402,0.0
189,490,0.469439763926,0.00137691838401,0.0
190,490,0.468077004199,0.00136275972639,0.0
191,490,0.466727706851,0.00134929734833,0.0
192,490,0.465391572641,0.00133613420992,0.0
193,490,0.464069225837,0.00132234680409,0.0
194,490,0.462760414883,0.00130881095419,0.0
195,490,0.461464471233,0.00129594364945,0.0
196,490,0.460181082998,0.00128338823513,0.0
197,490,0.458910603426,0.00127047957206,0.0
198,490,0.457652678295,0.00125792513088,0.0
199,490,0.456407707078,0.00124497121694,0.0
200,490,0.455175082051,0.00123262502709,0.0
201,490,0.453954321024,0.00122076102665,0.0
202,490,0.452744923806,0.00120939721867,0.0
203,490,0.451547249483,0.0011976743231,0.0
204,490,0.450360682546,0.00118656693673,0.0
205,490,0.44918526484,0.00117541770546,0.0
206,490,0.448020916569,0.00116434827143,0.0
207,490,0.446867506358,0.0011534102109,0.0
208,490,0.445724393397,0.00114311296113,0.0
209,490,0.444591810265,0.0011325831316,0.0
210,490,0.443469795889,0.00112201437658,0.0
211,490,0.442358485047,0.00111131084209,0.0
212,490,0.441257265149,0.00110121989737,0.0
213,490,0.440166841234,0.00109042391485,0.0
214,490,0.439086424575,0.00108041665992,0.0
215,490,0.438015513517,0.00107091105714,0.0
216,490,0.436953997612,0.00106151590542,0.0
217,490,0.435901362555,0.00105263505663,0.0
218,490,0.434857765023,0.00104359753278,0.0
219,490,0.433823336387,0.00103442863542,0.0
220,490,0.432797970091,0.00102536629657,0.0
221,490,0.431781431607,0.00101653848376,0.0
222,490,0.430773924322,0.00100750728529,0.0
223,490,0.429775344109,0.000998580212496,0.0
224,490,0.428785365942,0.000989978167475,0.0
225,490,0.427803983494,0.000981382447846,0.0
226,490,0.426829802747,0.000974180747052,0.0
227,490,0.425864008495,0.00096579425189,0.0
228,490,0.424906140931,0.000957867563987,0.0
229,490,0.423956067708,0.000950073222725,0.0
230,490,0.423013254574,0.000942813133707,0.0
231,490,0.422077747267,0.000935507307247,0.0
232,490,0.421149985158,0.000927762109406,0.0
233,490,0.420229148378,0.000920836779536,0.00100016593933
234,490,0.41931617114,0.000912977238091,0.0
235,490,0.418410548385,0.000905622754778,0.0
236,490,0.417512177934,0.000898370450857,0.0
237,490,0.416620616524,0.000891561410865,0.0
238,490,0.415736108897,0.000884507626903,0.0
239,490,0.414858743609,0.000877365287469,0.0
240,490,0.41398796646,0.00087077714959,0.0
241,490,0.413123784746,0.000864181713182,0.0
242,490,0.412266124511,0.000857660235191,0.0
243,490,0.411415650893,0.000850473618021,0.0
244,490,0.410570870127,0.000844780766234,0.0
245,490,0.409731848386,0.000839021741127,0.0
246,490,0.40889921383,0.00083263455605,0.0
247,490,0.408073096859,0.000826116970607,0.0
248,490,0.407251385767,0.000821711092579,0.0
249,490,0.40643599228,0.000815393486801,0.0
250,490,0.405626332517,0.000809659763258,0.0
251,490,0.404822776756,0.000803555761065,0.0
252,490,0.404025377546,0.00079739920947,0.0
253,490,0.403233431067,0.000791946479252,0.0
254,490,0.402447412695,0.000786018371582,0.0
255,490,0.401667106152,0.000780306543623,0.0
256,490,0.400892801674,0.000774304477536,0.0
257,490,0.400124351346,0.000768450328282,0.0
258,490,0.399362003073,0.000762348272362,0.0
259,490,0.398605352032,0.000756651041459,0.0
260,490,0.397854365135,0.000750986897216,0.0
261,490,0.397108562139,0.00074580299611,0.0
262,490,0.396367969805,0.000740592333735,0.0
263,490,0.39563250493,0.000735464874579,0.0
264,490,0.394902925345,0.000729579584939,0.0
265,490,0.394178369824,0.000724555521595,0.0
266,490,0.393459001366,0.000719368457794,0.0
267,490,0.392744833596,0.000714167770074,0.0
268,490,0.392034817472,0.000710016124103,0.000999927520752
269,490,0.391329837332,0.00070498013983,0.0
270,490,0.390629671544,0.000700165787522,0.0
271,490,0.3899340705,0.000695601044869,0.0
272,490,0.389243161678,0.000690908821262,0.000999927520752
273,490,0.388556808841,0.000686352836842,0.0
274,490,0.387874754108,0.000682054733744,0.0
275,490,0.387197105252,0.000677648855715,0.0
276,490,0.386523867627,0.000673237625433,0.0
277,490,0.385855324901,0.000668542725699,0.0
278,490,0.38519092117,0.000664403730509,0.0
279,490,0.384530834276,0.000660086894522,0.0
280,490,0.383875185616,0.000655648659687,0.0
281,490,0.383223218577,0.000651967038914,0.0
282,490,0.38257560438,0.000647614196855,0.0
283,490,0.381932126259,0.000643478121076,0.0
284,490,0.38129227429,0.000639851969116,0.0
285,490,0.380656388584,0.000635885705753,0.0
286,490,0.38002471194,0.000631676644695,0.0
287,490,0.379396881376,0.000627830563759,0.0
288,490,0.378773521647,0.000623359728833,0.0
289,490,0.378153997538,0.00061952410912,0.0
290,490,0.377538335567,0.000615661971423,0.0
291,490,0.376926544734,0.000611790832208,0.0
292,490,0.376318773445,0.000607771289592,0.0
293,490,0.375714838748,0.000603934696742,0.0
294,490,0.375114597106,0.000600241641609,0.0
295,490,0.374518021515,0.000596575591029,0.0
296,490,0.373925211478,0.000592810037185,0.0
297,490,0.373336133665,0.000589077813285,0.0
298,490,0.372750018081,0.000586115584082,0.0
299,490,0.372167729115,0.000582288965887,0.0
300,490,0.371588444223,0.00057928489179,0.0
301,490,0.371012664328,0.000575779895393,0.0
302,490,0.370440464604,0.000572199724159,0.0
303,490,0.369871324909,0.000569139694681,0.0
304,490,0.36930585978,0.000565465129152,0.0
305,490,0.368743540316,0.000562319463613,0.0
306,490,0.368184579149,0.000558961167627,0.0
307,490,0.367629178689,0.000555400459134,0.0
308,490,0.367077226785,0.000551951904686,0.0
309,490,0.366528341478,0.000548885306533,0.0
310,490,0.365982531285,0.000545810193432,0.0
311,490,0.365439138364,0.000543392920981,0.0
312,490,0.364899049486,0.000540088877386,0.0
313,490,0.364362042534,0.000537006952325,0.0
314,490,0.363827760609,0.000534281925279,0.0
315,490,0.363296371333,0.000531389275376,0.0
316,490,0.362768024814,0.000528346519081,0.0
317,490,0.36224244614,0.000525578674005,0.0
318,490,0.361719671561,0.000522774579574,0.0
319,490,0.361199707401,0.000519964159751,0.0
320,490,0.360682758506,0.000516948894579,0.0
321,490,0.360168486225,0.000514272281102,0.0
322,490,0.359657360583,0.000511125642426,0.0
323,490,0.35914840382,0.000508956763209,0.0
324,490,0.358642633594,0.000505770225914,0.0
325,490,0.35813954436,0.000503089233321,0.0
326,490,0.357639195724,0.000500348636082,0.0
327,490,0.357141515917,0.000497679807702,0.0
328,490,0.356646495206,0.000495020710692,0.0
329,490,0.356154024358,0.000492470848317,0.0
330,490,0.355664244963,0.0004897793945,0.0
331,490,0.355177058249,0.000487186714095,0.0
332,490,0.354692296349,0.000484761899831,0.0
333,490,0.354210213982,0.000482082366943,0.0
334,490,0.353730376886,0.000479837096467,0.0
335,490,0.353253079191,0.000477297695316,0.0
336,490,0.352778263725,0.000474815465966,0.0
337,490,0.352305671147,0.000472592577642,0.0
338,490,0.351835535984,0.000470135163288,0.0
339,490,0.351367803739,0.000467732244608,0.0
340,490,0.350902615518,0.000465188221056,0.00100016593933
341,490,0.350439575497,0.000463040021001,0.0
342,490,0.349978986322,0.000460589175322,0.0
343,490,0.349520858453,0.000458127868419,0.0
344,490,0.349064957122,0.000455901330831,0.0
345,490,0.348611483769,0.000453473353873,0.0
346,490,0.348160376111,0.000451107657686,0.0
347,490,0.347711269223,0.000449106887895,0.0
348,490,0.347264306643,0.000446962580389,0.0
349,490,0.346819721193,0.000444585449842,0.0
350,490,0.346377298053,0.0004424231393,0.0
351,490,0.345937103641,0.000440194412154,0.0
352,490,0.345499072026,0.000438031615043,0.0
353,490,0.345063104435,0.000435967591344,0.0
354,490,0.344629320563,0.000433783871787,0.0
355,490,0.344197646696,0.000431673867362,0.0
356,490,0.343768165549,0.000429481146287,0.0
357,490,0.343340586643,0.000427578906624,0.0
358,490,0.342915404573,0.000425182070051,0.0
359,490,0.34249221865,0.000423185922662,0.0
360,490,0.342071046148,0.000421172502089,0.0
361,490,0.341651871253,0.000419174894995,0.0
362,490,0.341234711968,0.000417159284864,0.0
363,490,0.340819449571,0.000415262397455,0.0
364,490,0.340405862185,0.000413587385294,0.0
365,490,0.339993964653,0.000411897532794,0.0
366,490,0.339584053779,0.000409910873491,0.0
367,490,0.339175990893,0.000408062886219,0.0
368,490,0.338769587449,0.000406403444251,0.0
369,490,0.338365451414,0.000404136034907,0.0
370,490,0.33796296217,0.000402489243721,0.0
371,490,0.337562301694,0.000400660475906,0.0
372,490,0.337163530807,0.000398770887025,0.0
373,490,0.336766586012,0.000396944795336,0.0
374,490,0.336370975144,0.000395610867714,0.0
375,490,0.335977333906,0.00039364123831,0.0
376,490,0.335585396144,0.000391937761891,0.0
377,490,0.335195172563,0.000390223580964,0.0
378,490,0.33480687701,0.000388295553169,0.0
379,490,0.334420338456,0.000386538554211,0.0
380,490,0.334035436475,0.000384901980964,0.0
381,490,0.333651996145,0.000383440329104,0.0
382,490,0.333270236424,0.000381759721406,0.0
383,490,0.332890218618,0.000380017806073,0.0
384,490,0.332511951485,0.000378267132506,0.0
385,490,0.332135373719,0.000376577766574,0.0
386,490,0.331760456611,0.000374917108185,0.0
387,490,0.33138751789,0.000372938720547,0.0
388,490,0.331015681004,0.000371836886114,0.0
389,490,0.330645292389,0.000370388614888,0.0
390,490,0.330276550809,0.000368741580418,0.0
391,490,0.329909329268,0.000367221540334,0.0
392,490,0.329543620713,0.000365708555494,0.0
393,490,0.329179469663,0.000364151049633,0.0
394,490,0.328816762749,0.00036270691424,0.0
395,490,0.328455776828,0.000360985921354,0.00100016593933
396,490,0.328096164246,0.000359612581681,0.0
397,490,0.32773816026,0.000358003986125,0.0
398,490,0.327382035401,0.000356124858467,0.0
399,490,0.327026987806,0.000355047595744,0.0
400,490,0.326673981122,0.00035300668405,0.0
401,490,0.326322246814,0.000351734307348,0.0
402,490,0.325971892902,0.000350353912431,0.0
403,490,0.325623176536,0.000348716366048,0.0
404,490,0.325275710164,0.000347466371497,0.0
405,490,0.324929975733,0.000345734430819,0.0
406,490,0.3245855745,0.00034440123305,0.0
407,490,0.324242287266,0.000343287234404,0.000999927520752
408,490,0.323900604248,0.000341683017964,0.0
409,490,0.323560355391,0.000340248857226,0.0
410,490,0.323221710263,0.000338645127355,0.0
411,490,0.322884070873,0.000337639390206,0.000999927520752
412,490,0.322547958822,0.000336112051594,0.0
413,490,0.322213034727,0.000334924094531,0.0
414,490,0.321879485675,0.000333549051869,0.0
415,490,0.321547255224,0.000332230451156,0.0
416,490,0.32121646088,0.000330794344143,0.0
417,490,0.320887117483,0.00032934339679,0.0
418,490,0.320558737249,0.000328380234388,0.0
419,490,0.320231813557,0.000326923691497,0.0
420,490,0.319905745497,0.000326068060739,0.0
421,490,0.31958109262,0.000324652876173,0.0
422,490,0.319257770266,0.000323322354531,0.0
423,490,0.318935703015,0.000322067251011,0.0
424,490,0.318614902302,0.00032080071313,0.0
425,490,0.318295089809,0.000319812492449,0.0
426,490,0.317976772785,0.000318317024075,0.0
427,490,0.317659404813,0.00031736797216,0.0
428,490,0.317343426967,0.000315977845873,0.0
429,490,0.31702826753,0.000315159437608,0.0
430,490,0.316714745152,0.000313522377793,0.0
431,490,0.316402294198,0.000312450953892,0.0
432,490,0.316091128271,0.000311165926408,0.0
433,490,0.315781221584,0.000309906687055,0.0
434,490,0.315472317715,0.000308903869317,0.0
435,490,0.315164905665,0.000307412050208,0.0
436,490,0.314858305454,0.000306600210618,0.0
437,490,0.314552799293,0.000305506161281,0.0
438,490,0.314248739213,0.000304060079613,0.0
439,490,0.313945650811,0.000303088402262,0.0
440,490,0.313643688815,0.000301961996117,0.000999927520752
441,490,0.313343181902,0.000300506912932,0.0
442,490,0.313043861,0.000299320902143,0.0
443,490,0.312745575029,0.000298285970882,0.0
444,490,0.312448426169,0.000297148860231,0.0
445,490,0.312152203735,0.000296222433752,0.0
446,490,0.311857273141,0.000294930594308,0.0
447,490,0.311563170443,0.000294102697956,0.0
448,490,0.311270319199,0.0002928512437,0.0
449,490,0.310978350347,0.000291968851673,0.0
450,490,0.310687478951,0.000290871396357,0.0
451,490,0.310397831761,0.000289647189938,0.0
452,490,0.310108931211,0.000288900550531,0.0
453,490,0.309821483797,0.00028744741362,0.0
454,490,0.309534653839,0.000286829958157,0.0
455,490,0.309249024975,0.000285628863743,0.0
456,490,0.308964323754,0.000284701220843,0.0
457,490,0.308680360415,0.000283963339669,0.0
458,490,0.308397325691,0.000283034723632,0.0
459,490,0.308115339522,0.000281986168453,0.0
460,490,0.307834236962,0.000281102560004,0.0
461,490,0.307553670358,0.00028056660477,0.0
462,490,0.30727409538,0.000279574978108,0.0
463,490,0.306995301587,0.000278793792335,0.0
464,490,0.306717992315,0.000277309271754,0.0
465,490,0.306441423601,0.000276568714453,0.0
466,490,0.306166122884,0.000275300716867,0.0
467,490,0.30589153645,0.000274586434267,0.0
468,490,0.305618095398,0.00027344105195,0.0
469,490,0.305345721634,0.000272373763882,0.0
470,490,0.305074387181,0.000271334453505,0.0
471,490,0.30480397964,0.000270407540458,0.0
472,490,0.304534188095,0.0002697915447,0.0
473,490,0.304265735587,0.000268452508109,0.0
474,490,0.303997672821,0.000268062766717,0.0
475,490,0.30373100091,0.000266671910578,0.0
476,490,0.303464645512,0.00026635539775,0.0
477,490,0.303199559329,0.000265086183743,0.0
478,490,0.302935167721,0.000264391607168,0.0
479,490,0.302671871866,0.000263295854841,0.0
480,490,0.30240924334,0.000262628526104,0.0
481,490,0.302147571651,0.000261671689092,0.0
482,490,0.301886699151,0.000260872500283,0.0
483,490,0.301626734101,0.000259965049977,0.0
484,490,0.301367637089,0.000259097011722,0.0
485,490,0.301109407386,0.000258229703319,0.0
486,490,0.300851589806,0.000257817579775,0.0
487,490,0.300595035115,0.000256554691159,0.0
488,490,0.300339411959,0.000255623155711,0.0
489,490,0.300084258586,0.000255153373796,0.0
490,490,0.299830129925,0.000254128660474,0.0
491,490,0.299577046657,0.00025308326799,0.0
492,490,0.299324491316,0.000252555341137,0.0
493,490,0.299072983314,0.000251508002378,0.0
494,490,0.298821820532,0.000251162782007,0.0
495,490,0.298571913096,0.000249907435203,0.0
496,490,0.298322680045,0.000249233051222,0.0
497,490,0.298074409426,0.000248270618672,0.0
498,490,0.297826779862,0.000247629564636,0.0
499,490,0.297579994494,0.000246785368238,0.0
500,490,0.297333894457,0.000246100036465,0.0
