1,280,2.27773477743,Nan,0.00300002098083
2,280,2.25119110778,0.0265436696482,0.00200009346008
3,280,2.22390956669,0.0272815410907,0.0019998550415
4,280,2.19775551597,0.0261540507222,0.0019998550415
5,280,2.17310469072,0.024650825249,0.0019998550415
6,280,2.14924190647,0.0238627842494,0.00400018692017
7,280,2.1258003151,0.0234415913676,0.0019998550415
8,280,2.10230773255,0.0234925825517,0.00200009346008
9,280,2.0785599761,0.023747756455,0.00200009346008
10,280,2.05419408777,0.0243658883231,0.00300002098083
11,280,2.02882747441,0.0253666133671,0.00300002098083
12,280,2.00255363381,0.0262738406003,0.00400018692017
13,280,1.97567319765,0.0268804361532,0.00300002098083
14,280,1.94811339326,0.0275598043924,0.00300002098083
15,280,1.92055580223,0.0275575910296,0.00300002098083
16,280,1.89338672345,0.027169078785,0.00200009346008
17,280,1.86661143879,0.0267752846519,0.00300002098083
18,280,1.84029422802,0.0263172107738,0.00300002098083
19,280,1.81457740029,0.0257168277279,0.00300002098083
20,280,1.78940590659,0.025171493698,0.00200009346008
21,280,1.76480142782,0.0246044787732,0.00300002098083
22,280,1.74079235203,0.0240090757936,0.00300002098083
23,280,1.71740823264,0.0233841193901,0.0019998550415
24,280,1.69459598248,0.0228122501583,0.00300002098083
25,280,1.67228873117,0.0223072513119,0.00300002098083
26,280,1.65045904642,0.0218296847501,0.00300002098083
27,280,1.62909536676,0.0213636796553,0.00200009346008
28,280,1.60825252323,0.0208428435273,0.00200009346008
29,280,1.5879320501,0.0203204731365,0.0019998550415
30,280,1.56815479824,0.0197772518619,0.00300002098083
31,280,1.5489196945,0.0192351037329,0.00299978256226
32,280,1.5302074642,0.0187122303051,0.00300002098083
33,280,1.51205873594,0.0181487282554,0.00300002098083
34,280,1.49439889258,0.017659843361,0.00300002098083
35,280,1.47719810402,0.0172007885608,0.0019998550415
36,280,1.46042038635,0.0167777176742,0.00300002098083
37,280,1.44399740198,0.0164229843643,0.00200009346008
38,280,1.42766112443,0.016336277553,0.00200009346008
39,280,1.41128472129,0.0163764031379,0.00200009346008
40,280,1.39458992927,0.0166947920244,0.00300002098083
41,280,1.37704322731,0.0175467019553,0.00200009346008
42,280,1.35793834309,0.019104884221,0.00300002098083
43,280,1.33675310743,0.0211852356628,0.00300002098083
44,280,1.31507985042,0.0216732570103,0.00300002098083
45,280,1.29394824688,0.0211316035344,0.00300002098083
46,280,1.27347322401,0.0204750228714,0.00300002098083
47,280,1.25400810661,0.0194651174021,0.00200009346008
48,280,1.23582729298,0.0181808136322,0.00300002098083
49,280,1.21873875712,0.0170885358538,0.00300002098083
50,280,1.20258008517,0.0161586719555,0.00200009346008
51,280,1.18722423512,0.015355850052,0.0019998550415
52,280,1.17253826267,0.0146859724443,0.00200009346008
53,280,1.15846057095,0.0140776917175,0.00300002098083
54,280,1.14496686328,0.0134937076778,0.00300002098083
55,280,1.13202188513,0.0129449781481,0.00300002098083
56,280,1.11954278632,0.0124790988126,0.00300002098083
57,280,1.10752369807,0.0120190882421,0.00300002098083
58,280,1.09594459953,0.0115790985443,0.00200009346008
59,280,1.08478465657,0.0111599429623,0.00300002098083
60,280,1.07402084686,0.0107638097071,0.00399994850159
61,280,1.06362223363,0.0103986132276,0.0019998550415
62,280,1.05357744825,0.0100447853843,0.00299978256226
63,280,1.04387676532,0.00970068292303,0.00200009346008
64,280,1.03450239412,0.00937437120375,0.00300002098083
65,280,1.02541882022,0.00908357389681,0.0019998550415
66,280,1.01662367936,0.00879514086377,0.00299978256226
67,280,1.00810074859,0.00852293077406,0.0019998550415
68,280,0.999832212008,0.00826853657817,0.0019998550415
69,280,0.991809442541,0.00802276946686,0.0019998550415
70,280,0.984023720878,0.00778572166359,0.00200009346008
71,280,0.976465577346,0.00755814353188,0.00300002098083
72,280,0.969122318645,0.00734325870053,0.00300002098083
73,280,0.961982815082,0.00713950356284,0.00300002098083
74,280,0.955045620426,0.00693719465654,0.00200009346008
75,280,0.948298749819,0.00674687060681,0.00300002098083
76,280,0.941739423982,0.00655932583652,0.00300002098083
77,280,0.935360592014,0.0063788319682,0.00200009346008
78,280,0.929147758065,0.0062128339495,0.00400018692017
79,280,0.923103416359,0.00604434170566,0.00300002098083
80,280,0.917215724568,0.00588769179124,0.0019998550415
81,280,0.911478432456,0.00573729211158,0.0019998550415
82,280,0.905886719253,0.00559171320318,0.0019998550415
83,280,0.900436996628,0.0054497226254,0.0019998550415
84,280,0.895122461005,0.00531453562307,0.00300002098083
85,280,0.889937314882,0.00518514612219,0.00300002098083
86,280,0.884878548423,0.00505876645937,0.0019998550415
87,280,0.879936356597,0.00494219182612,0.00300002098083
88,280,0.875105415596,0.00483094100114,0.00300002098083
89,280,0.87037723667,0.00472817892557,0.00200009346008
90,280,0.8657491663,0.00462807037018,0.00200009346008
91,280,0.861222088992,0.00452707730807,0.00300002098083
92,280,0.856786417699,0.00443567129282,0.00300002098083
93,280,0.852446662987,0.00433975471245,0.00200009346008
94,280,0.84819689321,0.00424976977673,0.00200009346008
95,280,0.844030791063,0.00416610214736,0.00300002098083
96,280,0.839948159522,0.00408263154082,0.00300002098083
97,280,0.835949006971,0.00399915255033,0.00300002098083
98,280,0.832026328621,0.00392267835009,0.00200009346008
99,280,0.828182736072,0.00384359254942,0.00200009346008
100,280,0.824408499749,0.00377423632276,0.00300002098083
