1,130,2.23547368788,Nan,0.0
2,130,2.14930391049,0.0861697773875,0.0
3,130,2.07510927061,0.0741946398816,0.0
4,130,2.00224275689,0.0728665137223,0.0
5,130,1.92680674134,0.0754360155502,0.0
6,130,1.84938429699,0.0774224443427,0.0
7,130,1.77127157322,0.0781127237753,0.0
8,130,1.69370608425,0.0775654889693,0.0
9,130,1.61766001963,0.0760460646177,0.0
10,130,1.5432158721,0.0744441475284,0.0
11,130,1.47066125498,0.0725546171183,0.0
12,130,1.40075978735,0.0699014676376,0.0
13,130,1.33426291311,0.0664968742378,0.0
14,130,1.27152213905,0.062740774055,0.0
15,130,1.21281985639,0.0587022826656,0.0
16,130,1.1582333524,0.054586503988,0.0
17,130,1.10767746261,0.0505558897853,0.0
18,130,1.06092322079,0.0467542418274,0.00100016593933
19,130,1.01769234801,0.0432308727746,0.0
20,130,0.977873398073,0.0398189499394,0.0
21,130,0.941316863999,0.0365565340743,0.000999927520752
22,130,0.907759407782,0.0335574562167,0.0
23,130,0.876950262709,0.0308091450734,0.0
24,130,0.848650066126,0.0283001965833,0.0
25,130,0.82259653441,0.0260535317156,0.0
26,130,0.798554489846,0.0240420445644,0.0
27,130,0.776336996327,0.0222174935191,0.0
28,130,0.755755299335,0.0205816969912,0.0
29,130,0.736641160579,0.0191141387563,0.0
30,130,0.718864362124,0.0177767984548,0.0
31,130,0.70230443181,0.0165599303141,0.0
32,130,0.686842735088,0.0154616967226,0.0
33,130,0.672369494533,0.0144732405544,0.0
34,130,0.658793468602,0.0135760259311,0.0
35,130,0.646051531119,0.0127419374834,0.0
36,130,0.634070334838,0.0119811962812,0.0
37,130,0.622778052414,0.0112922824233,0.0
38,130,0.612123386676,0.0106546657377,0.0
39,130,0.602041685751,0.0100817009255,0.0
40,130,0.592487649293,0.00955403645833,0.0
41,130,0.583424983337,0.00906266595563,0.0
42,130,0.574816622105,0.00860836123243,0.0
43,130,0.566624053546,0.00819256855891,0.0
44,130,0.558815225781,0.00780882776519,0.0
45,130,0.551368887178,0.00744633860285,0.0
46,130,0.544262463007,0.00710642417046,0.0
47,130,0.537464649657,0.00679781335032,0.0
48,130,0.530959632435,0.00650501722171,0.0
49,130,0.524724884251,0.00623474818462,0.0
50,130,0.518744137846,0.00598074640417,0.0
51,130,0.512999835381,0.00574430246525,0.0
52,130,0.507476725039,0.00552311034171,0.0
53,130,0.502164555592,0.00531216944724,0.0
54,130,0.497047113399,0.00511744219353,0.0
55,130,0.492117992901,0.0049291204976,0.0
56,130,0.487362875309,0.00475511759208,0.0
57,130,0.482770108226,0.00459276708329,0.0
58,130,0.478332586823,0.00443752140288,0.0
59,130,0.474043152928,0.00428943389501,0.0
60,130,0.469891441378,0.00415171154997,0.0
61,130,0.465871807834,0.00401963354402,0.0
62,130,0.461979332314,0.00389247551942,0.0
63,130,0.458207290284,0.00377204203085,0.0
64,130,0.454548140469,0.00365914981476,0.0
65,130,0.450997527395,0.00355061307366,0.0
66,130,0.447547991391,0.00344953600384,0.0
67,130,0.444195653638,0.00335233775299,0.0
68,130,0.440935784618,0.00325986902032,0.0
69,130,0.437762580774,0.00317320384418,0.0
70,130,0.434674533253,0.00308804752027,0.0
71,130,0.431670565121,0.00300396813287,0.0
72,130,0.428744778357,0.00292578676374,0.0
73,130,0.425892872824,0.00285190553294,0.0
74,130,0.423112013039,0.00278085978509,0.0
75,130,0.42039889927,0.00271311376849,0.0
76,130,0.417749489225,0.00264941004493,0.0
77,130,0.415165017518,0.0025844717071,0.0
78,130,0.412635132752,0.00252988476586,0.0
79,130,0.410166935228,0.0024681975246,0.0
80,130,0.407750261475,0.00241667375266,0.0
81,130,0.40538992841,0.00236033306502,0.0
82,130,0.403081037244,0.00230889116597,0.0
83,130,0.40081963924,0.00226139800388,0.0
84,130,0.398603766732,0.00221587250828,0.0
85,130,0.396429511375,0.0021742553566,0.0
86,130,0.394302271529,0.00212723984678,0.0
87,130,0.392219166516,0.00208310501302,0.0
88,130,0.390181658275,0.00203750824091,0.0
89,130,0.388185460706,0.00199619756918,0.000999927520752
90,130,0.386226098784,0.00195936192135,0.0
91,130,0.38430672027,0.0019193785143,0.0
92,130,0.382425609817,0.00188111045309,0.00100016593933
93,130,0.380582496538,0.00184311327884,0.0
94,130,0.378772783506,0.00180971303217,0.0
95,130,0.376995762212,0.00177702129397,0.0
96,130,0.375251746381,0.00174401583042,0.0
97,130,0.373539025469,0.00171272091263,0.0
98,130,0.371855644034,0.00168338143475,0.0
99,130,0.370201855122,0.00165378891165,0.0
100,130,0.368575101564,0.00162675355801,0.0
101,130,0.366978278074,0.00159682349036,0.0
102,130,0.365406278735,0.00157199933884,0.0
103,130,0.363864051515,0.00154222722067,0.0
104,130,0.362347165494,0.00151688602009,0.0
105,130,0.360855078176,0.00149208731801,0.0
106,130,0.359384606118,0.00147047205868,0.0
107,130,0.35794147707,0.00144312904771,0.0
108,130,0.356520061819,0.00142141525109,0.0
109,130,0.355120899512,0.00139916230697,0.00100016593933
110,130,0.353742917016,0.00137798249552,0.0
111,130,0.352385935462,0.0013569815546,0.0
112,130,0.351048492457,0.00133744300487,0.0
113,130,0.34973097563,0.00131751682684,0.0
114,130,0.348433372845,0.00129760278483,0.0
115,130,0.347153415752,0.00127995709295,0.0
116,130,0.345892185454,0.00126123029848,0.0
117,130,0.344647981095,0.00124420435906,0.000999927520752
118,130,0.343421557101,0.00122642399352,0.0
119,130,0.342212231139,0.00120932596248,0.00100016593933
120,130,0.341018815507,0.00119341563182,0.0
121,130,0.339842342312,0.00117647319551,0.0
122,130,0.338680934498,0.00116140781305,0.0
123,130,0.337534559192,0.00114637530654,0.0
124,130,0.336405135152,0.00112942403991,0.0
125,130,0.335288465985,0.00111666916669,0.0
126,130,0.334182225514,0.00110624047086,0.0
127,130,0.333092595822,0.00108962969223,0.0
128,130,0.332015475611,0.00107712021128,0.0
129,130,0.330952324374,0.00106315123729,0.0
130,130,0.32990277255,0.00104955182343,0.0
131,130,0.328865367712,0.00103740483834,0.0
132,130,0.327840141738,0.00102522597354,0.0
133,130,0.326826971594,0.0010131701445,0.0
134,130,0.325826870455,0.00100010113838,0.0
135,130,0.324837855668,0.000989014787665,0.0
136,130,0.323859902778,0.000977952890134,0.0
137,130,0.322892175395,0.000967727382185,0.0
138,130,0.32193678039,0.000955395005707,0.0
139,130,0.32099091615,0.000945864239989,0.00100016593933
140,130,0.320056175031,0.000934741118921,0.0
141,130,0.319131629578,0.000924545452919,0.0
142,130,0.318217669593,0.000913959984992,0.0
143,130,0.317312497087,0.00090517250561,0.0
144,130,0.316417712839,0.000894784248113,0.0
145,130,0.315533157722,0.00088455511747,0.0
146,130,0.314655724776,0.000877432945447,0.0
147,130,0.313789285848,0.000866438928153,0.0
148,130,0.312931164038,0.000858121810362,0.0
149,130,0.312081395165,0.00084976887318,0.0
150,130,0.311241380034,0.000840015130618,0.0
151,130,0.3104102804,0.00083109963427,0.0
152,130,0.309585175736,0.000825104663628,0.0
153,130,0.308770276791,0.000814898944648,0.0
154,130,0.307962706377,0.000807570414892,0.000999927520752
155,130,0.307164059247,0.000798647129751,0.0
156,130,0.306373597142,0.000790462104457,0.0
157,130,0.305588976225,0.000784620917194,0.0
158,130,0.304811039225,0.000777937000633,0.0
159,130,0.304042259943,0.000768779281877,0.0
160,130,0.30327953681,0.000762723132982,0.000999927520752
161,130,0.302521414453,0.000758122356302,0.0
162,130,0.301774076496,0.000747337957167,0.0
163,130,0.30102733651,0.000746739986162,0.0
164,130,0.300291950501,0.00073538600889,0.00100016593933
165,130,0.299560770622,0.000731179879488,0.0
166,130,0.298839040133,0.000721730488544,0.0
167,130,0.298119932747,0.000719107386054,0.000999927520752
168,130,0.297408847954,0.000711084793323,0.0
169,130,0.29670022537,0.00070862258375,0.00100016593933
170,130,0.296000925609,0.000699299760694,0.0
171,130,0.295307268739,0.000693656870669,0.0
172,130,0.294618392466,0.000688876272493,0.0
173,130,0.293935344022,0.000683048443916,0.0
174,130,0.293260508996,0.000674835025755,0.0
175,130,0.292586853158,0.000673655838708,0.0
176,130,0.291922518874,0.000664334283595,0.0
177,130,0.29126272908,0.000659789794531,0.0
178,130,0.29060661392,0.000656115159689,0.0
179,130,0.289954799442,0.000651814477962,0.0
180,130,0.289311374445,0.00064342499685,0.0
181,130,0.288668831982,0.000642542463196,0.0
182,130,0.28803573334,0.000633098642145,0.0
183,130,0.287401440658,0.000634292682238,0.000999927520752
184,130,0.286775826412,0.000625614245959,0.0
185,130,0.286155771371,0.000620055040177,0.0
186,130,0.285538093272,0.000617678099774,0.0
187,130,0.284927391893,0.000610701378934,0.0
188,130,0.28432035813,0.000607033763063,0.0
189,130,0.283716537063,0.000603821067049,0.0
190,130,0.283120747826,0.000595789236447,0.0
191,130,0.282525077641,0.000595670185651,0.0
192,130,0.281938169077,0.00058690856325,0.0
193,130,0.281352827058,0.000585342019598,0.0
194,130,0.280769654262,0.00058317279544,0.0
195,130,0.280195765753,0.000573888508796,0.0
196,130,0.279621546493,0.0005742192608,0.0
197,130,0.27905443609,0.000567110402179,0.0
198,130,0.278487753347,0.000566682743098,0.0
199,130,0.277929385005,0.000558368342328,0.0
200,130,0.277372468639,0.000556916366389,0.00100016593933
201,130,0.276816723625,0.000555745013419,0.0
202,130,0.276269660942,0.000547062682743,0.0
203,130,0.275722234949,0.000547425993714,0.0
204,130,0.275182601144,0.00053963380435,0.0
205,130,0.274644452645,0.000538148499622,0.0
206,130,0.274106825134,0.000537627510875,0.0
207,130,0.27357680904,0.000530016093965,0.0
208,130,0.273046516399,0.000530292641403,0.0
209,130,0.272523437312,0.000523079086912,0.0
210,130,0.272000911908,0.000522525403348,0.0
211,130,0.271485131192,0.000515780716087,0.0
212,130,0.270972391049,0.000512740143344,0.0
213,130,0.270457516323,0.000514874725487,0.0
214,130,0.269949864888,0.000507651435004,0.0
215,130,0.269444261498,0.000505603389976,0.0
216,130,0.268942909069,0.000501352429729,0.0
217,130,0.268442738769,0.000500170299244,0.0
218,130,0.267948369355,0.000494369414457,0.0
219,130,0.267453556613,0.000494812741692,0.0
220,130,0.266965384316,0.000488172297464,0.0
221,130,0.266476897659,0.000488486656776,0.0
222,130,0.265995271208,0.000481626450846,0.0
223,130,0.265513973517,0.000481297691323,0.0
224,130,0.265039352859,0.000474620657882,0.0
225,130,0.264561613559,0.000477739299691,0.0
226,130,0.264090794195,0.000470819364586,0.0
227,130,0.263620261747,0.000470532447185,0.0
228,130,0.263153041892,0.000467219855371,0.0
229,130,0.262688270163,0.000464771729023,0.00100016593933
230,130,0.262225224739,0.000463045424546,0.0
231,130,0.261767017513,0.000458207225528,0.0
232,130,0.261307650074,0.000459367438712,0.0
233,130,0.260855456522,0.000452193552725,0.0
234,130,0.260399808639,0.00045564788246,0.0
235,130,0.259951604126,0.000448204513289,0.0
236,130,0.259500229891,0.00045137423509,0.000999927520752
237,130,0.259057378859,0.000442851031268,0.0
238,130,0.258614329848,0.00044304901152,0.0
239,130,0.258171826867,0.000442502980898,0.0
240,130,0.257737580867,0.000434245999835,0.0
241,130,0.257299916357,0.000437664510178,0.0
242,130,0.256867544558,0.000432371798857,0.0
243,130,0.256435209937,0.000432334620955,0.0
244,130,0.256004728551,0.00043048138632,0.0
245,130,0.255580554095,0.000424174456402,0.0
246,130,0.255155542569,0.00042501152524,0.0
247,130,0.254732574515,0.000422968053863,0.0
248,130,0.254312330547,0.000420243968764,0.0
249,130,0.253893847706,0.000418482841137,0.0
250,130,0.25347850008,0.000415347625501,0.0
251,130,0.253058873011,0.000419627069182,0.0
252,130,0.252649235839,0.000409637172224,0.0
253,130,0.252240547405,0.000408688433829,0.0
254,130,0.25183134165,0.000409205754598,0.0
255,130,0.251427598375,0.000403743274758,0.0
256,130,0.251022559082,0.0004050392937,0.0
257,130,0.250620801134,0.000401757947627,0.0
258,130,0.250217641023,0.000403160111517,0.0
259,130,0.249819672142,0.000397968880924,0.0
260,130,0.249420489568,0.000399182574135,0.0
261,130,0.24902396501,0.000396524557927,0.0
262,130,0.248631444752,0.00039252025789,0.0
263,130,0.248237798198,0.000393646553597,0.0
264,130,0.247846331601,0.000391466597207,0.0
265,130,0.247457239001,0.000389092600244,0.0
266,130,0.247071079696,0.00038615930454,0.0
267,130,0.246686200335,0.000384879361304,0.0
268,130,0.246298388131,0.000387812204171,0.0
269,130,0.245920477792,0.000377910338689,0.0
270,130,0.245537174801,0.000383302991094,0.0
271,130,0.245159733511,0.000377441290324,0.0
272,130,0.244780154287,0.000379579223459,0.0
273,130,0.24440297528,0.000377179007245,0.0
274,130,0.24402883354,0.00037414174021,0.0
275,130,0.243656441742,0.000372391797652,0.0
276,130,0.243280871256,0.000375570485621,0.0
277,130,0.242911321508,0.000369549748565,0.000999927520752
278,130,0.242540036806,0.000371284702225,0.0
279,130,0.242171701973,0.000368334832694,0.0
280,130,0.241804724835,0.000366977137378,0.0
281,130,0.241438474365,0.000366250470153,0.000999927520752
282,130,0.241071451129,0.000367023236165,0.0
283,130,0.24070534842,0.000366102709503,0.0
284,130,0.240336889827,0.000368458592994,0.0
285,130,0.239974573784,0.000362316042836,0.0
286,130,0.239613632508,0.000360941275572,0.0
287,130,0.239253055404,0.000360577104212,0.0
288,130,0.238892796418,0.000360258986354,0.0
289,130,0.238535248384,0.000357548033523,0.0
290,130,0.238177530401,0.000357717983177,0.00100016593933
291,130,0.237822942607,0.000354587794029,0.0
292,130,0.237468154161,0.000354788446019,0.0
293,130,0.237116029799,0.000352124361797,0.0
294,130,0.236761795173,0.000354234626603,0.0
295,130,0.23640695696,0.000354838212784,0.0
296,130,0.236055026729,0.000351930230658,0.0
297,130,0.235702657428,0.000352369301226,0.0
298,130,0.235354761068,0.000347896360377,0.0
299,130,0.235007370028,0.000347391039784,0.0
300,130,0.234661636642,0.000345733385367,0.0
301,130,0.234311536823,0.000350099818999,0.0
302,130,0.233964072605,0.000347464218212,0.0
303,130,0.233614978084,0.000349094521286,0.0
304,130,0.233270787287,0.000344190796782,0.0
305,130,0.232926029086,0.000344758201302,0.0
306,130,0.232584588956,0.000341440130163,0.0
307,130,0.232243560771,0.000341028184519,0.0
308,130,0.231902280809,0.000341279961784,0.0
309,130,0.231566151776,0.000336129033667,0.0
310,130,0.231230986333,0.000335165442225,0.0
311,130,0.23089524212,0.000335744212948,0.0
312,130,0.230564959029,0.000330283091619,0.0
313,130,0.230233654926,0.000331304102768,0.0
314,130,0.229902420243,0.000331234682886,0.0
315,130,0.229574580025,0.000327840218177,0.0
316,130,0.229247994074,0.000326585950788,0.0
317,130,0.228920212,0.000327782073931,0.0
318,130,0.228593738987,0.000326473013288,0.0
319,130,0.22826716001,0.000326578977101,0.0
320,130,0.227938037131,0.000329122878434,0.0
321,130,0.227612546321,0.000325490810253,0.0
322,130,0.2272866754,0.000325870921469,0.0
323,130,0.226959427402,0.0003272479982,0.0
324,130,0.226638999624,0.00032042777776,0.0
325,130,0.226317057605,0.000321942018761,0.00100016593933
326,130,0.225994258728,0.000322798876568,0.0
327,130,0.225675486748,0.000318771979974,0.0
328,130,0.225357195364,0.00031829138427,0.0
329,130,0.225038566707,0.000318628657125,0.00100016593933
330,130,0.224723718151,0.000314848556591,0.0
331,130,0.224409724188,0.000313993962968,0.0
332,130,0.2240936527,0.000316071487673,0.0
333,130,0.223784344103,0.000309308596373,0.0
334,130,0.223471402579,0.000312941524944,0.0
335,130,0.223159252114,0.000312150464325,0.0
336,130,0.222850133302,0.000309118812467,0.0
337,130,0.222539459267,0.000310674035198,0.0
338,130,0.222227238296,0.000312220971016,0.0
339,130,0.221922150365,0.000305087930909,0.0
340,130,0.221613868802,0.000308281562494,0.0
341,130,0.221306130417,0.000307738384743,0.0
342,130,0.221000725863,0.000305404554405,0.0
343,130,0.220696805662,0.000303920200634,0.0
344,130,0.22039055376,0.000306251902639,0.0
345,130,0.220088544123,0.00030200963686,0.0
346,130,0.219786290679,0.000302253444197,0.0
347,130,0.219486335427,0.000299955252116,0.0
348,130,0.219187903789,0.000298431637394,0.0
349,130,0.21888553709,0.000302366698683,0.0
350,130,0.218587985949,0.000297551141505,0.0
351,130,0.218291733317,0.00029625263196,0.0
352,130,0.217998428472,0.000293304845478,0.0
353,130,0.217702091204,0.000296337267159,0.000999927520752
354,130,0.21740561469,0.000296476514478,0.0
355,130,0.217113927106,0.000291687584104,0.0
356,130,0.216819269773,0.000294657333171,0.0
357,130,0.216529018225,0.000290251548021,0.0
358,130,0.216234903028,0.000294115196945,0.0
359,130,0.215943891393,0.000291011634602,0.0
360,130,0.215652002885,0.000291888507796,0.00100016593933
361,130,0.215357651579,0.000294351306057,0.0
362,130,0.215069157446,0.000288494133655,0.0
363,130,0.214777142189,0.000292015256818,0.0
364,130,0.214486384822,0.000290757366735,0.0
365,130,0.214197523211,0.000288861610724,0.00100016593933
366,130,0.21390722561,0.000290297601524,0.0
367,130,0.213620197581,0.000287028029207,0.0
368,130,0.213330304634,0.000289892946553,0.0
369,130,0.213044344303,0.000285960330583,0.000999927520752
370,130,0.212754877386,0.000289466917685,0.0
371,130,0.212473064452,0.000281812934115,0.0
372,130,0.21218479094,0.000288273511562,0.0
373,130,0.21190454387,0.000280247069718,0.0
374,130,0.211619742032,0.000284801838178,0.0
375,130,0.211340413451,0.000279328580822,0.0
376,130,0.211057654722,0.000282758729071,0.0
377,130,0.210778162531,0.00027949219076,0.0
378,130,0.210499755474,0.000278407057919,0.0
379,130,0.210220371647,0.000279383826912,0.0
380,130,0.209945826879,0.000274544767505,0.0
381,130,0.209664120769,0.000281706109912,0.0
382,130,0.209391522792,0.000272597976786,0.0
383,130,0.209113816771,0.000277706021257,0.0
384,130,0.208841872419,0.000271944352138,0.0
385,130,0.208564555973,0.000277316445752,0.0
386,130,0.208294965829,0.000269590144144,0.000999927520752
387,130,0.208018605729,0.000276360099698,0.0
388,130,0.20774310611,0.000275499619197,0.0
389,130,0.207471919173,0.000271186937294,0.0
390,130,0.20719875438,0.000273164792618,0.0
391,130,0.206926329885,0.000272424495005,0.0
392,130,0.206653224822,0.000273105063443,0.0
393,130,0.206385543204,0.000267681618135,0.0
394,130,0.20611304707,0.000272496133788,0.0
395,130,0.205846341406,0.000266705664248,0.0
396,130,0.205577455921,0.000268885484788,0.0
397,130,0.205310523068,0.000266932852474,0.0
398,130,0.205042324582,0.000268198486067,0.0
399,130,0.204779144841,0.000263179741014,0.0
400,130,0.204514251883,0.000264892958508,0.0
401,130,0.204245466973,0.000268784909733,0.0
402,130,0.203982481726,0.000262985247606,0.0
403,130,0.203717865858,0.000264615867665,0.000999927520752
404,130,0.203455837137,0.000262028720417,0.0
405,130,0.203191989553,0.000263847584738,0.0
406,130,0.202932602592,0.00025938696105,0.0
407,130,0.2026714094,0.000261193191224,0.0
408,130,0.202415628334,0.000255781066837,0.0
409,130,0.202155535264,0.000260093069484,0.0
410,130,0.201899175427,0.00025635983756,0.0
411,130,0.201638533836,0.000260641590709,0.0
412,130,0.201385738503,0.000252795332631,0.0
413,130,0.201125625147,0.000260113356573,0.0
414,130,0.200874583651,0.000251041495675,0.0
415,130,0.200614007495,0.00026057615579,0.0
416,130,0.200357398416,0.000256609078939,0.0
417,130,0.200104002486,0.000253395930088,0.0
418,130,0.199848859285,0.00025514320091,0.0
419,130,0.199594690725,0.000254168560249,0.0
420,130,0.199338695964,0.000255994760526,0.00100016593933
421,130,0.199087942654,0.000250753310331,0.0
422,130,0.198834552294,0.000253390360196,0.0
423,130,0.198582199202,0.000252353092204,0.0
424,130,0.198329572913,0.00025262628865,0.0
425,130,0.198079582497,0.000249990416162,0.0
426,130,0.197831870937,0.000247711560212,0.0
427,130,0.197582542342,0.000249328595168,0.0
428,130,0.197335571215,0.000246971126748,0.0
429,130,0.197087006419,0.000248564795325,0.0
430,130,0.196842472596,0.0002445338232,0.0
431,130,0.196599234747,0.000243237849541,0.0
432,130,0.196353388693,0.0002458460537,0.0
433,130,0.196111490425,0.000241898267697,0.0
434,130,0.195868826456,0.000242663969455,0.0
435,130,0.195629422006,0.000239404450115,0.0
436,130,0.195386591845,0.000242830160563,0.0
437,130,0.195145472819,0.000241119026119,0.0
438,130,0.19490342181,0.000242051009552,0.0
439,130,0.194667825513,0.000235596296341,0.0
440,130,0.194427810843,0.000240014670355,0.0
441,130,0.194192293204,0.000235517638588,0.0
442,130,0.19395157469,0.000240718514604,0.0
443,130,0.193719610824,0.000231963865891,0.00100016593933
444,130,0.193481410444,0.000238200379686,0.00100016593933
445,130,0.193247205851,0.000234204592981,0.000999927520752
446,130,0.1930071125,0.00024009335075,0.0
447,130,0.192774255369,0.000232857131777,0.0
448,130,0.192540708023,0.000233547345639,0.0
449,130,0.19230446657,0.000236241452941,0.0
450,130,0.192071563815,0.000232902755085,0.0
451,130,0.191835159114,0.00023640470061,0.0
452,130,0.191598837328,0.00023632178619,0.0
453,130,0.19136700234,0.000231834988535,0.00100016593933
454,130,0.191130138191,0.000236864148835,0.0
455,130,0.190895110408,0.000235027782371,0.00100016593933
456,130,0.190660891483,0.000234218925266,0.0
457,130,0.19042832985,0.000232561633118,0.0
458,130,0.190191968644,0.000236361205634,0.0
459,130,0.189961693928,0.000230274716673,0.0
460,130,0.189728894057,0.000232799870563,0.0
461,130,0.189495547409,0.000233346648366,0.0
462,130,0.189268649021,0.000226898388079,0.000999927520752
463,130,0.189034549576,0.000234099444274,0.0
464,130,0.188809303046,0.000225246529973,0.0
465,130,0.188575453274,0.000233849772701,0.0
466,130,0.188349456484,0.000225996789996,0.0
467,130,0.188118752432,0.00023070405125,0.0
468,130,0.187892897629,0.000225854803015,0.0
469,130,0.187663857776,0.000229039853341,0.0
470,130,0.187434359493,0.000229498282683,0.0
471,130,0.187207739781,0.000226619712308,0.0
472,130,0.186979181769,0.000228558012336,0.0
473,130,0.186753981428,0.000225200340619,0.0
474,130,0.186525768206,0.000228213222391,0.0
475,130,0.186299124697,0.000226643508882,0.000999927520752
476,130,0.186072591567,0.00022653312991,0.0
477,130,0.185847710771,0.000224880796326,0.0
478,130,0.185625115804,0.000222594966689,0.0
479,130,0.185402326276,0.000222789528023,0.0
480,130,0.185177904883,0.000224421393385,0.0
481,130,0.184956910128,0.000220994754621,0.0
482,130,0.184734682525,0.000222227602829,0.0
483,130,0.184510326544,0.000224355981108,0.000999927520752
484,130,0.184288530721,0.000221795822933,0.0
485,130,0.184072384784,0.00021614593658,0.0
486,130,0.183844473174,0.000227911610436,0.0
487,130,0.183625341707,0.000219131467009,0.0
488,130,0.183408328158,0.000217013549261,0.0
489,130,0.183183945165,0.000224382992823,0.0
490,130,0.182963626881,0.000220318284356,0.0
491,130,0.182749127164,0.000214499716292,0.0
492,130,0.182526601527,0.000222525637374,0.0
493,130,0.18231436158,0.000212239947414,0.0
494,130,0.18209295814,0.00022140343984,0.0
495,130,0.181876898967,0.000216059173048,0.0
496,130,0.181664810538,0.000212088428218,0.000999927520752
497,130,0.181444917173,0.000219893364938,0.0
498,130,0.181232349916,0.000212567257859,0.0
499,130,0.181017442782,0.000214907133568,0.0
500,130,0.180803613355,0.00021382942725,0.0
