1,260,2.27671623789,Nan,0.00300002098083
2,260,2.2480607714,0.0286554664919,0.00300002098083
3,260,2.21871283395,0.0293479374477,0.00300002098083
4,260,2.19090631506,0.02780651889,0.0019998550415
5,260,2.16461839641,0.0262879186498,0.00300002098083
6,260,2.13916401846,0.0254543779534,0.00300002098083
7,260,2.11399006547,0.02517395299,0.00300002098083
8,260,2.08862562214,0.0253644433214,0.0019998550415
9,260,2.0628420966,0.0257835255438,0.00200009346008
10,260,2.03607618381,0.0267659127931,0.00200009346008
11,260,2.00825076959,0.0278254142174,0.00300002098083
12,260,1.97955733219,0.0286934374016,0.00200009346008
13,260,1.95006064041,0.0294966917772,0.00600004196167
14,260,1.92034119267,0.0297194477403,0.00300002098083
15,260,1.89104812818,0.0292930644947,0.00300002098083
16,260,1.86227321415,0.0287749140254,0.00300002098083
17,260,1.83401664832,0.0282565658346,0.00300002098083
18,260,1.80642929147,0.0275873568468,0.0019998550415
19,260,1.77949800037,0.0269312910981,0.0019998550415
20,260,1.75325453063,0.0262434697413,0.00300002098083
21,260,1.72775461106,0.02549991957,0.0019998550415
22,260,1.70292130774,0.0248333033188,0.00300002098083
23,260,1.67872747205,0.0241938356951,0.0019998550415
24,260,1.65509963053,0.0236278415163,0.00300002098083
25,260,1.63201847775,0.0230811527797,0.00300002098083
26,260,1.60951694307,0.0225015346821,0.0019998550415
27,260,1.58761223873,0.021904704335,0.00200009346008
28,260,1.56631741925,0.021294819479,0.0019998550415
29,260,1.54565418299,0.0206632362617,0.00300002098083
30,260,1.52560354729,0.0200506357046,0.00300002098083
31,260,1.50613664201,0.0194669052795,0.00200009346008
32,260,1.48723653926,0.0189001027481,0.00200009346008
33,260,1.46880216703,0.0184343722277,0.00200009346008
34,260,1.45080681825,0.0179953487801,0.00300002098083
35,260,1.43290635762,0.017900460631,0.00200009346008
36,260,1.41498500139,0.0179213562291,0.00200009346008
37,260,1.39658594795,0.0183990534409,0.00299978256226
38,260,1.37699884757,0.0195871003818,0.00200009346008
39,260,1.35538228423,0.0216165633429,0.00200009346008
40,260,1.33191427503,0.0234680091942,0.00300002098083
41,260,1.30844101888,0.0234732561496,0.00300002098083
42,260,1.28589270455,0.0225483143286,0.00300002098083
43,260,1.26425787957,0.0216348249834,0.00300002098083
44,260,1.24414212084,0.0201157587352,0.00300002098083
45,260,1.22536730784,0.0187748129988,0.00200009346008
46,260,1.20768019498,0.0176871128571,0.00299978256226
47,260,1.19091704232,0.016763152657,0.00300002098083
48,260,1.17492647765,0.0159905646747,0.00300002098083
49,260,1.15965501555,0.0152714621016,0.00299978256226
50,260,1.14505871015,0.0145963054,0.00200009346008
51,260,1.13108222039,0.0139764897553,0.00200009346008
52,260,1.11765977908,0.0134224413079,0.00200009346008
53,260,1.1047671601,0.0128926189828,0.00200009346008
54,260,1.09237472548,0.0123924346197,0.00200009346008
55,260,1.0804556382,0.0119190872807,0.00200009346008
56,260,1.06898472126,0.0114709169437,0.00300002098083
57,260,1.05793214456,0.0110525767008,0.00200009346008
58,260,1.04729029896,0.0106418455913,0.00200009346008
59,260,1.03702936836,0.0102609306028,0.0019998550415
60,260,1.02713393117,0.00989543719169,0.00200009346008
61,260,1.01756721259,0.00956671858009,0.00300002098083
62,260,1.00830368838,0.00926352420569,0.00200009346008
63,260,0.999341073228,0.00896261515635,0.0019998550415
64,260,0.99067370516,0.00866736806793,0.00300002098083
65,260,0.982280471299,0.00839323386168,0.00200009346008
66,260,0.974147445902,0.00813302539644,0.00200009346008
67,260,0.96625936075,0.0078880851522,0.00200009346008
68,260,0.958604455256,0.00765490549388,0.00299978256226
69,260,0.951187853411,0.00741660184476,0.00200009346008
70,260,0.943988910088,0.00719894332327,0.00300002098083
71,260,0.937001246847,0.0069876632411,0.0019998550415
72,260,0.930218883486,0.00678236336062,0.0019998550415
73,260,0.923631211166,0.00658767232091,0.00200009346008
74,260,0.917231483949,0.00639972721701,0.0019998550415
75,260,0.91100382473,0.00622765921848,0.00200009346008
76,260,0.904946913737,0.00605691099342,0.00300002098083
77,260,0.89905472745,0.00589218628712,0.00200009346008
78,260,0.893317615593,0.00573711185665,0.00200009346008
79,260,0.887732239957,0.00558537563562,0.0019998550415
80,260,0.882288711674,0.00544352828365,0.00200009346008
81,260,0.876979397155,0.00530931451818,0.0019998550415
82,260,0.871801896846,0.00517750030909,0.00300002098083
83,260,0.866740575029,0.00506132181747,0.00200009346008
84,260,0.861796005654,0.00494456937462,0.00200009346008
85,260,0.856956086141,0.00483991951296,0.00200009346008
86,260,0.852226248242,0.00472983789968,0.00200009346008
87,260,0.847608020279,0.00461822796217,0.00300002098083
88,260,0.843087783576,0.0045202367035,0.00300002098083
89,260,0.838665751572,0.00442203200344,0.00300002098083
90,260,0.834342622932,0.00432312864087,0.00300002098083
91,260,0.830109180898,0.00423344203404,0.00200009346008
92,260,0.825968095409,0.00414108548846,0.0019998550415
93,260,0.821911447825,0.00405664758368,0.00300002098083
94,260,0.817933112972,0.00397833485306,0.00200009346008
95,260,0.814045292991,0.00388781998184,0.00300002098083
96,260,0.810244944506,0.00380034848447,0.00200009346008
97,260,0.806521532038,0.00372341246832,0.00300002098083
98,260,0.802874007592,0.00364752444592,0.00200009346008
99,260,0.799307346693,0.00356666089851,0.00300002098083
100,260,0.79581162554,0.00349572115329,0.00300002098083
