1,50,2.1891623677,Nan,0.000999927520752
2,50,2.05955747363,0.129604894074,0.0
3,50,1.92396057989,0.13559689374,0.000999927520752
4,50,1.7834238638,0.140536716085,0.0
5,50,1.65458550037,0.128838363433,0.000999927520752
6,50,1.52597351182,0.128611988551,0.0
7,50,1.39609606353,0.129877448283,0.000999927520752
8,50,1.2865881842,0.109507879338,0.0
9,50,1.196341398,0.0902467861981,0.0
10,50,1.12190969225,0.0744317057435,0.0
11,50,1.06061100919,0.061298683059,0.000999927520752
12,50,1.00945963363,0.0511513755691,0.0
13,50,0.966142634002,0.0433169996235,0.0
14,50,0.929086231715,0.037056402287,0.0
15,50,0.8969940293,0.0320922024149,0.000999927520752
16,50,0.868982210831,0.0280118184694,0.000999927520752
17,50,0.844214691377,0.0247675194539,0.000999927520752
18,50,0.822126940875,0.022087750502,0.00100016593933
19,50,0.802258245979,0.0198686948964,0.00100016593933
20,50,0.784377993731,0.0178802522471,0.0
21,50,0.76819571804,0.0161822756915,0.000999927520752
22,50,0.753416752345,0.0147789656948,0.0
23,50,0.739880194328,0.0135365580169,0.0
24,50,0.727469040777,0.0124111535516,0.0
25,50,0.71601520001,0.0114538407662,0.0
26,50,0.705386718965,0.0106284810456,0.000999927520752
27,50,0.695505230326,0.00988148863886,0.000999927520752
28,50,0.686312441759,0.00919278856734,0.00100016593933
29,50,0.677746470277,0.00856597148197,0.0
30,50,0.669709777832,0.00803669244471,0.0
31,50,0.66216954191,0.00754023592237,0.0
32,50,0.655031203149,0.00713833876059,0.000999927520752
33,50,0.648254326297,0.00677687685255,0.0
34,50,0.641845769748,0.00640855654864,0.000999927520752
35,50,0.635781104934,0.00606466481383,0.00100016593933
36,50,0.630015816487,0.00576528844699,0.0
37,50,0.624486345103,0.00552947138397,0.0
38,50,0.619222981628,0.00526336347553,0.00100016593933
39,50,0.61420037686,0.00502260476771,0.000999927520752
40,50,0.609388520147,0.00481185671309,0.000999927520752
41,50,0.604773132432,0.00461538771508,0.0
42,50,0.600375534649,0.00439759778305,0.00100016593933
43,50,0.596141927746,0.00423360690265,0.0
44,50,0.59209055914,0.00405136860592,0.0
45,50,0.58818320637,0.00390735276988,0.000999927520752
46,50,0.584417663091,0.00376554327951,0.0
47,50,0.580785002641,0.00363266044939,0.000999927520752
48,50,0.577299759287,0.00348524335405,0.0
49,50,0.573917247074,0.00338251221348,0.000999927520752
50,50,0.570643269176,0.00327397789754,0.0
51,50,0.56747000251,0.00317326666604,0.00100016593933
52,50,0.564399829918,0.00307017259195,0.0
53,50,0.561425548607,0.00297428131104,0.00100016593933
54,50,0.558559752988,0.00286579561905,0.000999927520752
55,50,0.555780541595,0.00277921139354,0.0
56,50,0.553074572657,0.0027059689374,0.0
57,50,0.550458737226,0.0026158354316,0.000999927520752
58,50,0.547893488441,0.00256524878488,0.000999927520752
59,50,0.545395963158,0.00249752528231,0.0
60,50,0.542972775312,0.00242318784687,0.0
61,50,0.540603669664,0.00236910564799,0.0
62,50,0.538304572576,0.00229909708802,0.000999927520752
63,50,0.536052605535,0.00225196704059,0.0
64,50,0.533858369908,0.00219423562708,0.0
65,50,0.531712174214,0.00214619569375,0.0
66,50,0.529608170147,0.00210400406743,0.000999927520752
67,50,0.527553233294,0.00205493685225,0.0
68,50,0.525539660387,0.00201357290778,0.000999927520752
69,50,0.523567596489,0.00197206389736,0.00100016593933
70,50,0.52164177129,0.00192582519961,0.0
71,50,0.519764274275,0.00187749701487,0.0
72,50,0.517925542643,0.00183873163143,0.000999927520752
73,50,0.516144093527,0.00178144911645,0.0
74,50,0.514362774701,0.00178131882574,0.000999927520752
75,50,0.512624097206,0.00173867749496,0.0
76,50,0.510914412754,0.00170968445254,0.000999927520752
77,50,0.50924295318,0.00167145957409,0.000999927520752
78,50,0.507606435964,0.00163651721578,0.0
79,50,0.506004090108,0.00160234585614,0.000999927520752
80,50,0.50443643167,0.00156765843781,0.0
81,50,0.502895499753,0.00154093191657,0.000999927520752
82,50,0.501385457751,0.0015100420025,0.000999927520752
83,50,0.499899650627,0.00148580712332,0.00100016593933
84,50,0.498445767416,0.00145388321138,0.0
85,50,0.497015754539,0.00143001287756,0.0
86,50,0.495616607935,0.00139914660387,0.0
87,50,0.494241628781,0.00137497915349,0.0
88,50,0.492886930116,0.00135469866471,0.0
89,50,0.491556117367,0.00133081274973,0.00200009346008
90,50,0.490240058362,0.00131605900509,0.000999927520752
91,50,0.48894804968,0.00129200868204,0.000999927520752
92,50,0.487671171645,0.00127687803456,0.00100016593933
93,50,0.486411343695,0.00125982794963,0.0
94,50,0.485166395752,0.00124494794389,0.000999927520752
95,50,0.483924449598,0.00124194615324,0.000999927520752
96,50,0.482708550037,0.00121589956149,0.000999927520752
97,50,0.481497467471,0.00121108256595,0.0
98,50,0.480312620082,0.00118484738847,0.000999927520752
99,50,0.479146400774,0.00116621930834,0.000999927520752
100,50,0.477990871215,0.0011555295595,0.000999927520752
