1,10,1.79780813081,Nan,0.0
2,10,1.02668791267,0.771120218141,0.0
3,10,0.695187813691,0.331500098978,0.0
4,10,0.559161897319,0.136025916372,0.0
5,10,0.486181427751,0.0729804695674,0.0
6,10,0.439508084774,0.0466733429773,0.0
7,10,0.406512307474,0.0329957773004,0.0
8,10,0.381631368433,0.0248809390409,0.0
9,10,0.361914052112,0.019717316321,0.0
10,10,0.345741467782,0.0161725843293,0.0
11,10,0.33209779409,0.0136436736924,0.0
12,10,0.320356059722,0.0117417343685,0.0
13,10,0.310031212057,0.0103248476642,0.0
14,10,0.300815476962,0.00921573509489,0.0
15,10,0.292566721099,0.00824875586373,0.0
16,10,0.285011925255,0.00755479584421,0.0
17,10,0.278122841222,0.0068890840326,0.0
18,10,0.27178956621,0.00633327501161,0.0
19,10,0.265878790924,0.00591077528681,0.0
20,10,0.260282504865,0.00559628605843,0.0
21,10,0.254918871198,0.00536363366672,0.0
22,10,0.249834009273,0.00508486192567,0.0
23,10,0.245012577295,0.00482143197741,0.0
24,10,0.24035154295,0.00466103434563,0.0
25,10,0.235934610571,0.0044169323785,0.0
26,10,0.231679607051,0.00425500352042,0.0
27,10,0.227569944586,0.00410966246469,0.00100016593933
28,10,0.223603856598,0.00396608798844,0.0
29,10,0.219718395948,0.00388546064922,0.0
30,10,0.215983251469,0.00373514447893,0.0
31,10,0.212350324699,0.00363292677062,0.0
32,10,0.208876091446,0.00347423325266,0.0
33,10,0.205491712945,0.00338437850135,0.0
34,10,0.202185443606,0.00330626933915,0.0
35,10,0.199013651303,0.00317179230281,0.0
36,10,0.195914685794,0.0030989655086,0.0
37,10,0.192946778161,0.0029679076331,0.0
38,10,0.190019124167,0.00292765399388,0.0
39,10,0.187163339274,0.00285578489304,0.0
40,10,0.184332020555,0.00283131871905,0.0
41,10,0.181564078331,0.00276794222423,0.0
42,10,0.178867941516,0.00269613681521,0.000999927520752
43,10,0.176241485459,0.00262645605632,0.0
44,10,0.173708514827,0.00253297063283,0.0
45,10,0.171280763694,0.00242775113242,0.0
46,10,0.168836213316,0.00244455037798,0.0
47,10,0.166491002764,0.00234521055222,0.0
48,10,0.164110844203,0.00238015856062,0.0
49,10,0.161888912133,0.0022219320706,0.0
50,10,0.159598012788,0.00229089934485,0.0
51,10,0.157378883702,0.00221912908554,0.000999927520752
52,10,0.155209991864,0.00216889183862,0.0
53,10,0.153043642657,0.00216634920665,0.0
54,10,0.150950117792,0.00209352486474,0.0
55,10,0.148844151429,0.00210596636363,0.0
56,10,0.14679414681,0.00205000461851,0.0
57,10,0.144818246501,0.00197590030943,0.0
58,10,0.142841737679,0.00197650882176,0.0
59,10,0.140901272842,0.00194046483721,0.0
60,10,0.13897974675,0.00192152609144,0.0
61,10,0.137098493883,0.00188125286784,0.0
62,10,0.135264443977,0.00183404990605,0.0
63,10,0.133459735564,0.00180470841272,0.0
64,10,0.131665051324,0.0017946842398,0.0
65,10,0.12995486566,0.00171018566404,0.0
66,10,0.128224942207,0.00172992345265,0.0
67,10,0.126503030334,0.00172191187314,0.0
68,10,0.124844249044,0.00165878129005,0.0
69,10,0.123235950947,0.00160829809734,0.0
70,10,0.121565030439,0.00167092050825,0.0
71,10,0.119966002124,0.00159902831486,0.0
72,10,0.118391145842,0.00157485628128,0.0
73,10,0.116799657345,0.0015914884976,0.000999927520752
74,10,0.115305123125,0.00149453422001,0.0
75,10,0.113779403687,0.00152571943828,0.0
76,10,0.112284799985,0.001494603702,0.0
77,10,0.110827556338,0.00145724364689,0.0
78,10,0.109376169886,0.00145138645172,0.0
79,10,0.107981118952,0.00139505093438,0.0
80,10,0.10660381903,0.00137729992185,0.0
81,10,0.105187719345,0.00141609968458,0.0
82,10,0.103825053147,0.00136266619819,0.0
83,10,0.102451302869,0.00137375027793,0.0
84,10,0.101164820535,0.00128648233414,0.0
85,10,0.099837471962,0.00132734857287,0.0
86,10,0.0985522080149,0.00128526394708,0.00100016593933
87,10,0.0972912124906,0.00126099552427,0.0
88,10,0.0960126968111,0.0012785156795,0.0
89,10,0.0948063133104,0.00120638350078,0.0
90,10,0.0935950164795,0.00121129683086,0.0
91,10,0.0923818484715,0.00121316800799,0.0
92,10,0.0912169587272,0.00116488974435,0.0
93,10,0.0900079473087,0.00120901141848,0.0
94,10,0.0888697624207,0.00113818488802,0.0
95,10,0.0877521771022,0.00111758531843,0.0
96,10,0.0865499560492,0.00120222105299,0.00100016593933
97,10,0.0855264195715,0.00102353647777,0.0
98,10,0.0843782313892,0.00114818818229,0.0
99,10,0.0832751857894,0.0011030455998,0.0
100,10,0.0822138368062,0.00106134898322,0.0
101,10,0.0811993853705,0.00101445143563,0.0
102,10,0.0800975982802,0.0011017870903,0.0
103,10,0.079098736218,0.000998862062182,0.0
104,10,0.0780836233412,0.00101511287689,0.0
105,10,0.0770719115394,0.0010117118018,0.0
106,10,0.0760991559029,0.000972755636488,0.0
107,10,0.0751679010391,0.000931254863739,0.0
108,10,0.0741300885337,0.00103781250545,0.0
109,10,0.0732183061327,0.000911782400949,0.0
110,10,0.0722662589209,0.000952047211783,0.0
111,10,0.0713566900662,0.000909568854741,0.0
112,10,0.0704538168907,0.000902873175485,0.0
113,10,0.0695535543306,0.000900262560163,0.0
114,10,0.0686407334464,0.00091282088416,0.0
115,10,0.0677997311865,0.000841002259936,0.0
116,10,0.0669311454637,0.000868585722787,0.0
117,10,0.0661132134369,0.000817932026727,0.0
118,10,0.0652314070293,0.000881806407656,0.0
119,10,0.0644221818788,0.000809225150517,0.0
120,10,0.0635995207514,0.000822661127363,0.0
121,10,0.0627811773845,0.000818343366895,0.0
122,10,0.0619872482164,0.000793929168156,0.0
123,10,0.0611953451293,0.000791903087071,0.000999927520752
124,10,0.0604037189484,0.000791626180921,0.0
125,10,0.0596236536162,0.00078006533214,0.0
126,10,0.0588749811309,0.000748672485352,0.0
127,10,0.0581221153396,0.000752865791321,0.0
128,10,0.0573603358269,0.000761779512678,0.0
129,10,0.0566629770824,0.000697358744485,0.0
130,10,0.0559400480815,0.000722929000855,0.0
131,10,0.0552111171995,0.000728930882045,0.0
132,10,0.0545442900658,0.000666827133724,0.0
133,10,0.053832146849,0.000712143216814,0.0
134,10,0.0531903061186,0.000641840730395,0.0
135,10,0.0525223802158,0.000667925902775,0.0
136,10,0.051858160087,0.000664220128741,0.0
137,10,0.0511872309276,0.000670929159437,0.00100016593933
138,10,0.0506099396433,0.000577291284289,0.0
139,10,0.0499446980613,0.000665241582053,0.0
140,10,0.049343670232,0.000601027829306,0.0
141,10,0.0487087448665,0.000634925365448,0.0
142,10,0.048136104175,0.000572640691485,0.0
143,10,0.0475513796125,0.000584724562509,0.0
144,10,0.0469479111944,0.000603468418121,0.0
145,10,0.0463848633766,0.000563047817775,0.0
146,10,0.0458404689516,0.000544394424983,0.0
147,10,0.0452495502063,0.000590918745313,0.0
148,10,0.0447523238318,0.00049722637449,0.0
149,10,0.0441665099008,0.000585813931056,0.0
150,10,0.0436539901325,0.000512519768306,0.0
151,10,0.0431363263811,0.00051766375133,0.0
152,10,0.0426152588981,0.000521067483085,0.0
153,10,0.0421123967852,0.000502862112863,0.0
154,10,0.0416387340682,0.000473662717002,0.0
155,10,0.041125751836,0.00051298223223,0.0
156,10,0.0406621603966,0.000463591439383,0.0
157,10,0.0401986192976,0.000463541099003,0.0
158,10,0.0397319141797,0.000466705117907,0.0
159,10,0.0392753539767,0.000456560203007,0.0
160,10,0.0388131619181,0.000462192058563,0.0
161,10,0.0383670559611,0.000446105957031,0.0
162,10,0.0379315814291,0.000435474531991,0.0
163,10,0.0375113324438,0.000420248985291,0.0
164,10,0.0371038070406,0.000407525403159,0.0
165,10,0.036664089816,0.000439717224666,0.000999927520752
166,10,0.0362871671404,0.000376922675541,0.0
167,10,0.0358636863572,0.00042348078319,0.0
168,10,0.0354675326347,0.000396153722491,0.0
169,10,0.035071995667,0.000395536967686,0.0
170,10,0.0346734730857,0.000398522581373,0.0
171,10,0.0342922733171,0.000381199768611,0.0
172,10,0.0339333902087,0.000358883108412,0.0
173,10,0.0335667031833,0.000366687025343,0.0
174,10,0.0331871062006,0.000379596982683,0.0
175,10,0.0328281780652,0.000358928135463,0.0
176,10,0.0324683897836,0.000359788281577,0.0
177,10,0.032159289905,0.000309099878584,0.0
178,10,0.0317805017744,0.000378788130624,0.0
179,10,0.0314429940496,0.000337507724762,0.0
180,10,0.0311102931159,0.000332700933729,0.0
181,10,0.0307939395905,0.000316353525434,0.0
182,10,0.0304802883693,0.000313651221139,0.0
183,10,0.0301572587149,0.000323029654367,0.0
184,10,0.0298317953518,0.000325463363103,0.0
185,10,0.0295230760574,0.000308719294412,0.0
186,10,0.0292382065909,0.000284869466509,0.0
187,10,0.0289228782654,0.000315328325544,0.0
188,10,0.028626270771,0.000296607494354,0.0
189,10,0.0283396172523,0.000286653518677,0.0
190,10,0.0280203551565,0.00031926209586,0.0
191,10,0.0277627120699,0.00025764308657,0.000999927520752
192,10,0.0274866206987,0.000276091371264,0.000999927520752
193,10,0.0271756410599,0.000310979638781,0.0
194,10,0.0269217352186,0.000253905841282,0.0
195,10,0.0266382139751,0.000283521243504,0.0
196,10,0.0263737261636,0.000264487811497,0.0
197,10,0.0261187461444,0.000254980019161,0.0
198,10,0.0258644212995,0.000254324844905,0.0
199,10,0.0256070498739,0.000257371425629,0.0
200,10,0.0253406395912,0.00026641028268,0.000999927520752
201,10,0.0251102147784,0.000230424812862,0.0
202,10,0.0248672614779,0.000242953300476,0.0
203,10,0.0246146378517,0.000252623626164,0.0
204,10,0.0243848250253,0.000229812826429,0.0
205,10,0.0241599752562,0.000224849769047,0.0
206,10,0.0239285349846,0.00023144027165,0.0
207,10,0.0237020472118,0.000226487772805,0.0
208,10,0.0234736190523,0.000228428159441,0.0
209,10,0.0232478385653,0.000225780487061,0.0
210,10,0.0230354191916,0.000212419373649,0.0
211,10,0.0228209129742,0.000214506217412,0.0
212,10,0.0226100594657,0.000210853508541,0.0
213,10,0.0224009923254,0.000209067140307,0.0
214,10,0.0221893188613,0.000211673464094,0.0
215,10,0.0219942325183,0.000195086342948,0.0
216,10,0.0217846807071,0.000209551811218,0.0
217,10,0.0215983879907,0.000186292716435,0.0
218,10,0.0214001392637,0.000198248726981,0.0
219,10,0.0212127498899,0.000187389373779,0.0
220,10,0.0210081585475,0.000204591342381,0.0
221,10,0.0208324582236,0.000175700323922,0.0
222,10,0.0206511541775,0.000181304046086,0.0
223,10,0.0204695064,0.000181647777557,0.0
224,10,0.0202770633698,0.000192443030221,0.0
225,10,0.0201107905933,0.000166272776467,0.0
226,10,0.019946954046,0.000163836547307,0.0
227,10,0.0197752667836,0.000171687262399,0.0
228,10,0.0195971208981,0.000178145885468,0.0
229,10,0.0194255988938,0.000171522004264,0.0
230,10,0.0192634608405,0.000162138053349,0.0
231,10,0.0191074969428,0.000155963897705,0.0
232,10,0.0189474670546,0.000160029888153,0.0
233,10,0.0187881473814,0.000159319673266,0.0
234,10,0.0186400997979,0.000148047583444,0.0
235,10,0.0184781458037,0.000161953994206,0.0
236,10,0.0183341398239,0.00014400597981,0.000999927520752
237,10,0.018179254055,0.00015488576889,0.0
238,10,0.0180341066633,0.000145147391728,0.0
239,10,0.0178866684096,0.000147438253675,0.00200009346008
240,10,0.0177410332816,0.000145635128021,0.0
241,10,0.0175979322706,0.000143101011004,0.0
242,10,0.0174602037157,0.000137728554862,0.0
243,10,0.0173340989522,0.000126104763576,0.0
244,10,0.0171951234681,0.000138975484031,0.0
245,10,0.0170566718919,0.000138451576233,0.0
246,10,0.0169110738891,0.000145598002842,0.0
247,10,0.0167927867344,0.000118287154606,0.0
248,10,0.0166548367228,0.000137950011662,0.0
249,10,0.016529419899,0.000125416823796,0.0
250,10,0.016410095283,0.000119324616023,0.0
251,10,0.0162772305352,0.000132864747729,0.0
252,10,0.0161599354744,0.000117295060839,0.0
253,10,0.0160267915045,0.000133143969945,0.0
254,10,0.0159155635834,0.000111227921077,0.0
255,10,0.0158013234138,0.000114240169525,0.0
256,10,0.0156705389023,0.000130784511566,0.0
257,10,0.0155631328991,0.000107406003135,0.0
258,10,0.0154403386797,0.000122794219426,0.0
259,10,0.0153293486323,0.000110990047455,0.0
260,10,0.0152205922944,0.000108756337847,0.0
261,10,0.0151111392294,0.000109453065055,0.0
262,10,0.0149951598304,0.000115979399,0.0
263,10,0.0148939214434,0.000101238386972,0.0
264,10,0.0147818302427,0.000112091200692,0.0
265,10,0.0146756228038,0.000106207438878,0.0
266,10,0.0145692525591,0.000106370244707,0.0
267,10,0.0144668940135,0.000102358545576,0.0
268,10,0.0143700246811,9.68693324498e-05,0.0
269,10,0.0142635439464,0.000106480734689,0.000999927520752
270,10,0.0141565486363,0.000106995310102,0.0
271,10,0.0140618288858,9.47197505406e-05,0.0
272,10,0.0139593016761,0.000102527209691,0.0
273,10,0.0138632808413,9.60208347865e-05,0.0
274,10,0.0137717804228,9.15004185268e-05,0.0
275,10,0.0136694386346,0.000102341788156,0.000999927520752
276,10,0.0135830658504,8.63727842058e-05,0.000999927520752
277,10,0.0134850517,9.8014150347e-05,0.000999927520752
278,10,0.0133933172226,9.17344774519e-05,0.000999927520752
279,10,0.0133029257911,9.0391431536e-05,0.0
280,10,0.013217565264,8.53605270386e-05,0.0
281,10,0.0131247528621,9.28124019078e-05,0.0
282,10,0.01304210295,8.2649912153e-05,0.0
283,10,0.0129465642657,9.55386843e-05,0.0
284,10,0.0128660076686,8.05565970285e-05,0.0
285,10,0.012783672469,8.23351996286e-05,0.0
286,10,0.0126948667254,8.88057436262e-05,0.0
287,10,0.012612229211,8.26375143869e-05,0.0
288,10,0.0125355138779,7.67153331212e-05,0.0
289,10,0.0124498517173,8.56621606009e-05,0.0
290,10,0.012366938591,8.29131262643e-05,0.0
291,10,0.0122896118164,7.73267745972e-05,0.0
292,10,0.0122126797267,7.69320896694e-05,0.0
293,10,0.0121393634251,7.33163016183e-05,0.0
294,10,0.012054954665,8.44087600708e-05,0.0
295,10,0.0119832074302,7.17472348895e-05,0.0
296,10,0.0118988394056,8.43680245536e-05,0.0
297,10,0.0118306497846,6.81896209717e-05,0.0
298,10,0.0117602505003,7.03992843628e-05,0.0
299,10,0.0116818440301,7.84064701625e-05,0.0
300,10,0.011613388334,6.84556961059e-05,0.0
301,10,0.01154229205,7.10962840489e-05,0.0
302,10,0.0114667895181,7.55025318691e-05,0.000999927520752
303,10,0.0113985930852,6.81964329311e-05,0.0
304,10,0.0113307469232,6.78461619786e-05,0.0
305,10,0.0112614064898,6.93404333932e-05,0.0
306,10,0.0111907280513,7.06784384591e-05,0.0
307,10,0.0111301505225,6.05775288173e-05,0.0
308,10,0.0110605822972,6.95682253156e-05,0.0
309,10,0.0109936293193,6.69529778617e-05,0.0
310,10,0.0109284925461,6.51367732457e-05,0.0
311,10,0.0108627913339,6.57012122018e-05,0.0
312,10,0.0108023484094,6.04429244995e-05,0.0
313,10,0.0107350912094,6.72571999686e-05,0.0
314,10,0.0106769447327,5.81464767456e-05,0.0
315,10,0.0106143906457,6.25540869577e-05,0.0
316,10,0.0105491862978,6.5204347883e-05,0.0
317,10,0.0104955528804,5.3633417402e-05,0.0
318,10,0.0104271415983,6.84112821306e-05,0.0
319,10,0.0103722468785,5.4894719805e-05,0.00100016593933
320,10,0.0103102320262,6.20148522513e-05,0.0
321,10,0.0102565909794,5.36410467965e-05,0.0
322,10,0.0101945364816,6.20544978551e-05,0.0
323,10,0.0101403294972,5.42069843837e-05,0.0
324,10,0.0100815354756,5.87940216064e-05,0.0
325,10,0.0100242340905,5.73013850621e-05,0.0
326,10,0.00997291156224,5.13225282941e-05,0.0
327,10,0.00991720581055,5.57057516916e-05,0.0
328,10,0.00986186626979,5.5339540754e-05,0.0
329,10,0.00981100804465,5.08582251413e-05,0.0
330,10,0.00975379507882,5.7212965829e-05,0.0
331,10,0.00969630064283,5.74944359916e-05,0.0
332,10,0.00964617688315,5.01237596784e-05,0.0
333,10,0.00959447274889,5.17041342599e-05,0.0
334,10,0.00954584407806,4.86286708287e-05,0.0
335,10,0.00949473966871,5.11044093541e-05,0.0
336,10,0.00944160202571,5.31376429966e-05,0.0
337,10,0.00939180769239,4.97943333217e-05,0.0
338,10,0.00934040641785,5.14012745449e-05,0.0
339,10,0.00929370934623,4.66970716204e-05,0.0
340,10,0.00924381051745,4.98988287789e-05,0.0
341,10,0.0091940140043,4.97965131487e-05,0.0
342,10,0.00914398629325,5.00277110509e-05,0.0
343,10,0.00910079574585,4.31905473982e-05,0.0
344,10,0.00905140849522,4.93872506278e-05,0.0
345,10,0.00900598335266,4.54251425607e-05,0.0
346,10,0.00896065126147,4.53320911952e-05,0.0
347,10,0.00891443579538,4.62154660906e-05,0.0
348,10,0.00886719880785,4.72369875227e-05,0.0
349,10,0.0088206483296,4.65504782541e-05,0.0
350,10,0.0087796421051,4.1006224496e-05,0.0
351,10,0.0087348620551,4.47800500052e-05,0.0
352,10,0.00869150597709,4.33560780116e-05,0.0
353,10,0.00864730003902,4.42059380668e-05,0.0
354,10,0.00860391657693,4.33834620884e-05,0.0
355,10,0.00855809157235,4.58250045777e-05,0.0
356,10,0.00851671232496,4.13792473929e-05,0.0
357,10,0.00847624138423,4.04709407261e-05,0.0
358,10,0.00843491159167,4.13297925677e-05,0.0
359,10,0.00839447048732,4.0441104344e-05,0.0
360,10,0.00834881264823,4.56578390939e-05,0.0
361,10,0.0083177513395,3.10613087245e-05,0.0
362,10,0.00826891776494,4.88335745675e-05,0.000999927520752
363,10,0.00823006698063,3.88507843018e-05,0.0
364,10,0.00819079630716,3.92706734794e-05,0.0
365,10,0.0081536763055,3.71200016567e-05,0.0
366,10,0.00811201027461,4.16660308838e-05,0.0
367,10,0.00807804734366,3.39629309518e-05,0.000999927520752
368,10,0.00803919410706,3.88532366071e-05,0.0
369,10,0.0079969329834,4.22611236572e-05,0.0
370,10,0.00796176310948,3.51698739188e-05,0.0
371,10,0.00792215456281,3.96085466657e-05,0.0
372,10,0.00788650826045,3.56463023595e-05,0.0
373,10,0.00785208702087,3.44212395804e-05,0.0
374,10,0.00781204754966,4.00394712176e-05,0.0
375,10,0.00777809974125,3.39478084019e-05,0.0
376,10,0.00773924268995,3.88570513044e-05,0.0
377,10,0.00770469801767,3.45446722848e-05,0.0
378,10,0.00766804136549,3.66566521781e-05,0.0
379,10,0.00763737515041,3.06662150792e-05,0.0
380,10,0.00759903253828,3.83426121303e-05,0.0
381,10,0.00756648853847,3.25439998082e-05,0.0
382,10,0.00753333650317,3.31520353045e-05,0.000999927520752
383,10,0.00749788693019,3.54495729719e-05,0.0
384,10,0.00746403217316,3.38547570365e-05,0.0
385,10,0.00742970643725,3.43257359096e-05,0.0
386,10,0.00739689282009,3.28136171613e-05,0.0
387,10,0.0073651133946,3.17794254848e-05,0.0
388,10,0.0073314277104,3.36856842041e-05,0.0
389,10,0.00730209732056,2.93303898403e-05,0.0
390,10,0.00726684297834,3.52543422154e-05,0.0
391,10,0.00723427609035,3.25668879918e-05,0.0
392,10,0.00720200838361,3.22677067348e-05,0.0
393,10,0.00717491313389,2.7095249721e-05,0.0
394,10,0.00714116300855,3.375012534e-05,0.0
395,10,0.00711085660117,3.03064073835e-05,0.0
396,10,0.00707829911368,3.25574874878e-05,0.0
397,10,0.00704917907715,2.91200365339e-05,0.0
398,10,0.00701985590799,2.93231691633e-05,0.0
399,10,0.00698716436114,3.26915468488e-05,0.000999927520752
400,10,0.00695998341697,2.71809441703e-05,0.0
401,10,0.00693014431,2.98391069685e-05,0.0
402,10,0.0068984872273,3.16570826939e-05,0.0
403,10,0.00686793136597,3.05558613368e-05,0.0
404,10,0.0068394536972,2.84776687622e-05,0.0
405,10,0.00681276226044,2.66914367676e-05,0.0
406,10,0.00678294985635,2.98124040876e-05,0.0
407,10,0.00675582190922,2.71279471261e-05,0.0
408,10,0.00672877924783,2.70426613944e-05,0.0
409,10,0.00669941874913,2.93604987008e-05,0.0
410,10,0.0066720192773,2.73994718279e-05,0.0
411,10,0.00664211082458,2.99084527152e-05,0.000999927520752
412,10,0.00661608355386,2.60272707258e-05,0.0
413,10,0.00658859920502,2.74843488421e-05,0.0
414,10,0.00656218011039,2.64190946306e-05,0.0
415,10,0.00653648362841,2.56964819772e-05,0.0
416,10,0.00650931440081,2.71692276001e-05,0.0
417,10,0.00648199776241,2.73166384016e-05,0.0
418,10,0.00645667266846,2.53250939505e-05,0.0
419,10,0.0064299155644,2.67571040562e-05,0.0
420,10,0.00640435464042,2.55609239851e-05,0.0
421,10,0.00637848567963,2.58689607893e-05,0.0
422,10,0.00635504082271,2.34448569162e-05,0.0
423,10,0.00632799380166,2.70470210484e-05,0.0
424,10,0.00630287606376,2.51177379063e-05,0.0
425,10,0.00627811132159,2.47647421701e-05,0.0
426,10,0.00625364685059,2.44644709996e-05,0.00100016593933
427,10,0.00622918265206,2.44641985212e-05,0.0
428,10,0.00620431450435,2.48681477138e-05,0.0
429,10,0.00617904417855,2.52703257969e-05,0.0
430,10,0.00615611607688,2.29281016758e-05,0.0
431,10,0.00613175732749,2.43587493897e-05,0.0
432,10,0.0061085389001,2.32184273856e-05,0.0
433,10,0.00608580166953,2.27372305734e-05,0.0
434,10,0.00606059987204,2.52017974854e-05,0.0
435,10,0.00603824002402,2.23598480225e-05,0.0
436,10,0.00601485647474,2.33835492815e-05,0.0
437,10,0.00599156870161,2.32877731323e-05,0.000999927520752
438,10,0.00597034508841,2.12236131941e-05,0.0
439,10,0.00594653606415,2.38090242658e-05,0.0
440,10,0.00592304365976,2.34924043928e-05,0.0
441,10,0.00590279797145,2.02456883022e-05,0.0
442,10,0.0058805676869,2.22302845546e-05,0.0
443,10,0.00585678236825,2.37853186471e-05,0.0
444,10,0.00583617782593,2.06045423235e-05,0.0
445,10,0.00581270422254,2.34736033848e-05,0.0
446,10,0.00579240049635,2.03037261963e-05,0.000999927520752
447,10,0.00577280507769,1.95954186576e-05,0.0
448,10,0.00574810709272,2.46979849679e-05,0.00100016593933
449,10,0.00572884600503,1.92610876901e-05,0.0
450,10,0.00570750944955,2.1336555481e-05,0.0
451,10,0.00568695872171,2.05507278442e-05,0.0
452,10,0.00566507066999,2.18880517142e-05,0.0
453,10,0.00564377811977,2.12925502232e-05,0.0
454,10,0.00562472643171,1.9051688058e-05,0.0
455,10,0.0056040788378,2.06475939069e-05,0.0
456,10,0.00558389173235,2.01871054513e-05,0.0
457,10,0.00556403705052,1.98546818325e-05,0.0
458,10,0.00554380893707,2.02281134469e-05,0.0
459,10,0.00552341093336,2.03980037144e-05,0.0
460,10,0.00550490556444,1.85053689139e-05,0.0
461,10,0.00548302841187,2.18771525792e-05,0.0
462,10,0.00546481146131,1.82169505528e-05,0.0
463,10,0.00544478525434,2.00262069702e-05,0.0
464,10,0.00542593996865,1.88452856881e-05,0.0
465,10,0.0054075050354,1.84349332537e-05,0.0
466,10,0.00538743686676,2.00681686401e-05,0.0
467,10,0.0053698494775,1.75873892648e-05,0.0
468,10,0.00534943689619,2.04125813075e-05,0.0
469,10,0.00533194133214,1.7495564052e-05,0.0
470,10,0.00531412601471,1.78153174264e-05,0.0
471,10,0.005293472835,2.06531797137e-05,0.0
472,10,0.00527519702911,1.8275805882e-05,0.0
473,10,0.00525838742937,1.68095997402e-05,0.0
474,10,0.00523929895673,1.90884726388e-05,0.0
475,10,0.00522269739423,1.66015625e-05,0.0
476,10,0.00520488834381,1.78090504238e-05,0.0
477,10,0.00518554183415,1.9346509661e-05,0.0
478,10,0.00516851261684,1.70292173113e-05,0.0
479,10,0.00515122263772,1.72899791173e-05,0.0
480,10,0.00513398102352,1.72416142055e-05,0.0
481,10,0.00511523532867,1.87456948417e-05,0.0
482,10,0.00509722859519,1.80067334856e-05,0.0
483,10,0.00508262756893,1.46010262625e-05,0.0
484,10,0.00506398909433,1.86384746007e-05,0.0
485,10,0.00504612663814,1.78624561855e-05,0.0
486,10,0.00503158596584,1.45406723022e-05,0.00100016593933
487,10,0.00501197801317,1.96079526629e-05,0.0
488,10,0.00499761036464,1.43676485334e-05,0.0
489,10,0.00497992937905,1.7680985587e-05,0.0
490,10,0.00496419361659,1.57357624599e-05,0.0
491,10,0.00494701453618,1.71790804182e-05,0.0
492,10,0.00493094457899,1.60699571882e-05,0.000999927520752
493,10,0.00491349874224,1.74458367484e-05,0.0
494,10,0.0048985313688,1.49673734392e-05,0.0
495,10,0.0048817987442,1.67326245989e-05,0.0
496,10,0.00486660534995,1.51933942522e-05,0.000999927520752
497,10,0.00485053116935,1.6074180603e-05,0.0
498,10,0.00483545466832,1.50765010289e-05,0.0
499,10,0.00481893457685,1.65200914655e-05,0.0
500,10,0.00480376734052,1.51672363281e-05,0.0
