1,360,2.28095540104,Nan,0.00300002098083
2,360,2.2605124084,0.0204429926424,0.00300002098083
3,360,2.23894257766,0.0215698307396,0.00300002098083
4,360,2.2179208687,0.0210217089531,0.00300002098083
5,360,2.19770490467,0.020215964032,0.00300002098083
6,360,2.178491387,0.0192135176699,0.0019998550415
7,360,2.15982596764,0.0186654193585,0.00300002098083
8,360,2.1415918373,0.0182341303377,0.00300002098083
9,360,2.12357735006,0.0180144872421,0.00300002098083
10,360,2.10549538767,0.0180819623898,0.00399994850159
11,360,2.08730947902,0.0181859086518,0.00400018692017
12,360,2.06886978541,0.0184396936139,0.0019998550415
13,360,2.04998328184,0.0188865035619,0.00300002098083
14,360,2.03057247847,0.0194108033792,0.00300002098083
15,360,2.01064749693,0.019924981533,0.00200009346008
16,360,1.99032709888,0.0203203980536,0.00300002098083
17,360,1.9696697672,0.0206573316786,0.00300002098083
18,360,1.94858341706,0.0210863501394,0.00300002098083
19,360,1.92744825706,0.021135160006,0.00300002098083
20,360,1.90645776341,0.020990493644,0.00300002098083
21,360,1.88570444873,0.0207533146785,0.00300002098083
22,360,1.86517461011,0.0205298386272,0.00300002098083
23,360,1.84491431342,0.020260296683,0.00299978256226
24,360,1.82503366584,0.0198806475778,0.00300002098083
25,360,1.80547447009,0.0195591957549,0.00399994850159
26,360,1.78624003614,0.0192344339485,0.00300002098083
27,360,1.76732403356,0.0189160025833,0.00300002098083
28,360,1.7487611011,0.0185629324628,0.00300002098083
29,360,1.73057558369,0.0181855174008,0.00300002098083
30,360,1.71275597858,0.0178196051182,0.00300002098083
31,360,1.69525791005,0.0174980685242,0.00300002098083
32,360,1.67806412787,0.0171937821869,0.00300002098083
33,360,1.66114120875,0.0169229191185,0.00300002098083
34,360,1.64446275499,0.0166784537552,0.00300002098083
35,360,1.62803177793,0.0164309770633,0.00399994850159
36,360,1.61186379718,0.0161679807484,0.00300002098083
37,360,1.59592251639,0.0159412807888,0.00300002098083
38,360,1.5802180168,0.0157044995952,0.00300002098083
39,360,1.56479598347,0.0154220333262,0.00300002098083
40,360,1.54962370783,0.015172275641,0.00300002098083
41,360,1.53452194605,0.0151017617772,0.00300002098083
42,360,1.51948903923,0.0150329068176,0.00399994850159
43,360,1.50453865769,0.014950381548,0.00399994850159
44,360,1.48939725957,0.015141398112,0.00300002098083
45,360,1.47406413804,0.0153331215361,0.00299978256226
46,360,1.45819279728,0.0158713407598,0.00300002098083
47,360,1.44146062802,0.0167321692573,0.00300002098083
48,360,1.42373315469,0.0177274733323,0.00300002098083
49,360,1.40563233074,0.0181008239485,0.00300002098083
50,360,1.38754255768,0.018089773064,0.00300002098083
51,360,1.36989403162,0.0176485260531,0.00300002098083
52,360,1.35265533447,0.0172386971498,0.00300002098083
53,360,1.33591139508,0.0167439393916,0.00300002098083
54,360,1.31978340019,0.016127994896,0.00399994850159
55,360,1.30430571923,0.0154776809562,0.00299978256226
56,360,1.2894413653,0.0148643539298,0.00300002098083
57,360,1.2751330123,0.0143083530002,0.00399994850159
58,360,1.26131275992,0.0138202523778,0.00300002098083
59,360,1.24796539176,0.0133473681588,0.00300002098083
60,360,1.23505688333,0.0129085084312,0.00300002098083
61,360,1.22251000103,0.0125468823034,0.00300002098083
62,360,1.21034048944,0.0121695115831,0.00300002098083
63,360,1.19854455671,0.0117959327372,0.00300002098083
64,360,1.1871055114,0.011439045311,0.00300002098083
65,360,1.17598703368,0.0111184777154,0.00300002098083
66,360,1.16518448919,0.0108025444878,0.00300002098083
67,360,1.15470720144,0.0104772877489,0.00300002098083
68,360,1.14452919332,0.0101780081203,0.00300002098083
69,360,1.13462819026,0.00990100306323,0.00300002098083
70,360,1.12499644809,0.00963174216768,0.00300002098083
71,360,1.11563260983,0.00936383826101,0.00300002098083
72,360,1.1065372128,0.0090953970363,0.00300002098083
73,360,1.09769636757,0.00884084522215,0.00300002098083
74,360,1.08908424573,0.00861212184287,0.00300002098083
75,360,1.08069131378,0.00839293194632,0.00300002098083
76,360,1.07251763433,0.00817367944962,0.00299978256226
77,360,1.06455675044,0.00796088389861,0.00300002098083
78,360,1.05680484087,0.00775190956572,0.00300002098083
79,360,1.0492472585,0.00755758236616,0.00300002098083
80,360,1.04188147325,0.00736578525641,0.00300002098083
81,360,1.03469591385,0.00718555939503,0.00300002098083
82,360,1.02768832737,0.00700758648734,0.00300002098083
83,360,1.02083971659,0.00684861077203,0.00300002098083
84,360,1.01415113465,0.00668858193944,0.00300002098083
85,360,1.00762141953,0.00652971512232,0.00300002098083
86,360,1.00124502981,0.00637638972356,0.00300002098083
87,360,0.995017027244,0.00622800256452,0.00300002098083
88,360,0.98892786727,0.00608915997367,0.00300002098083
89,360,0.982975481473,0.00595238579644,0.00300002098083
90,360,0.977152541723,0.00582293975048,0.00300002098083
91,360,0.971455821502,0.0056967202211,0.00300002098083
92,360,0.965885793572,0.0055700279301,0.00300002098083
93,360,0.960432606232,0.00545318733933,0.00300002098083
94,360,0.955095080514,0.00533752571823,0.00400018692017
95,360,0.949873944796,0.00522113571819,0.00300002098083
96,360,0.944762208075,0.00511173672146,0.00300002098083
97,360,0.939753331894,0.00500887618106,0.00300002098083
98,360,0.934846009475,0.004907322419,0.00299978256226
99,360,0.93003714537,0.00480886410444,0.00300002098083
100,360,0.925324782021,0.00471236334907,0.00300002098083
