1,36,2.20825199431,Nan,0.401000022888
2,36,2.0826309811,0.125621013208,0.373999834061
3,36,2.22060473182,-0.137973750721,0.361999988556
4,36,2.02371711297,0.196887618845,0.361000061035
5,36,2.32586546378,-0.302148350802,0.352999925613
6,36,2.22047379884,0.105391664938,0.351000070572
7,36,2.00399095795,0.216482840885,0.352999925613
8,36,1.96902658072,0.0349643772299,0.363000154495
9,36,2.34179680564,-0.372770224918,0.40700006485
10,36,2.30775016221,0.0340466434305,0.375999927521
11,36,2.30565470132,0.00209546089172,0.34500002861
12,36,2.30508024909,0.000574452226811,0.356999874115
13,36,2.30482236906,0.000257880037482,0.361000061035
14,36,2.30466838316,0.000153985890475,0.365000009537
15,36,2.30456246679,0.000105916370045,0.391999959946
16,36,2.30448399891,7.84678892662e-05,0.361999988556
17,36,2.30442333221,6.06666911733e-05,0.351000070572
18,36,2.30437499827,4.83339483091e-05,0.356999874115
19,36,2.30433570038,3.92978841601e-05,0.479000091553
20,36,2.30430311073,3.25896523208e-05,0.480000019073
21,36,2.30427566225,2.74484807803e-05,0.526999950409
22,36,2.30425221487,2.34473835339e-05,0.519000053406
23,36,2.30423190594,2.03089280557e-05,0.453000068665
24,36,2.3042141004,1.78055329765e-05,0.432999849319
25,36,2.30419830192,1.57984820266e-05,0.544000148773
26,36,2.3041841637,1.41382217413e-05,0.366999864578
27,36,2.30417135195,1.28117474643e-05,0.378000020981
28,36,2.30415964777,1.17041847933e-05,0.374000072479
29,36,2.30414888425,1.07635151232e-05,0.483000040054
30,36,2.30413889451,9.98973846578e-06,0.385999917984
31,36,2.30412955284,9.3416734166e-06,0.393000125885
32,36,2.30412077687,8.77597115467e-06,0.37099981308
33,36,2.30411245606,8.32080840851e-06,0.361999988556
34,36,2.30410457091,7.88515264505e-06,0.427999973297
35,36,2.30409702171,7.54919918933e-06,0.359000205994
36,36,2.30408980413,7.2175806225e-06,0.37299990654
37,36,2.3040828358,6.96832483538e-06,0.423000097275
38,36,2.30407610373,6.73207369717e-06,0.360999822617
39,36,2.30406958623,6.51749697544e-06,0.427999973297
40,36,2.3040632443,6.3419342049e-06,0.355000019073
41,36,2.30405708877,6.15553422323e-06,0.343000173569
42,36,2.30405106978,6.01898540165e-06,0.357999801636
43,36,2.30404518951,5.88026913828e-06,0.402000188828
44,36,2.30403943929,5.75022263893e-06,0.343999862671
45,36,2.3040337801,5.65919009299e-06,0.358000040054
46,36,2.30402820761,5.57249242394e-06,0.370000123978
47,36,2.30402276949,5.43811104592e-06,0.368999958038
48,36,2.30401742242,5.34707849464e-06,0.368999958038
49,36,2.30401214686,5.27555292296e-06,0.361000061035
50,36,2.30400695151,5.19535758503e-06,0.346999883652
51,36,2.30400182551,5.12599945024e-06,0.365000009537
52,36,2.30399679704,5.02846457717e-06,0.34500002861
53,36,2.30399182276,4.97427853619e-06,0.371999979019
54,36,2.30398691568,4.90708784628e-06,0.361000061035
55,36,2.30398208878,4.82689250747e-06,0.348000049591
56,36,2.3039772944,4.7943808803e-06,0.352999925613
57,36,2.30397256938,4.7250227504e-06,0.34500002861
58,36,2.30396791588,4.65349717516e-06,0.361000061035
59,36,2.3039633014,4.6144832262e-06,0.356999874115
60,36,2.30395876278,4.53862277006e-06,0.348999977112
61,36,2.30395425666,4.50611114333e-06,0.348999977112
62,36,2.30394980474,4.4519251059e-06,0.345999956131
63,36,2.303945394,4.41074371427e-06,0.424000024796
64,36,2.30394106778,4.32621348923e-06,0.355000019073
65,36,2.30393675024,4.31754372299e-06,0.355999946594
66,36,2.30393249338,4.2568553571e-06,0.355000019073
67,36,2.30392827771,4.21567396769e-06,0.394000053406
68,36,2.30392412706,4.15065071735e-06,0.391999959946
69,36,2.30392000892,4.11813909373e-06,0.4390001297
70,36,2.30391593846,4.07045537765e-06,0.375
71,36,2.30391190919,4.02927398646e-06,0.463999986649
72,36,2.30390788859,4.02060422022e-06,0.355000019073
73,36,2.30390392434,3.96425073834e-06,0.351999998093
74,36,2.30390002077,3.90356237334e-06,0.375999927521
75,36,2.30389613238,3.88839027998e-06,0.391999959946
76,36,2.30389227217,3.86021354082e-06,0.353000164032
77,36,2.30388845964,3.81252982384e-06,0.356999874115
78,36,2.30388468612,3.77351587399e-06,0.394000053406
79,36,2.30388092128,3.76484610731e-06,0.346999883652
80,36,2.30387718461,3.73666936859e-06,0.357000112534
81,36,2.30387349562,3.68898565117e-06,0.4359998703
82,36,2.30386982614,3.66947867558e-06,0.419000148773
83,36,2.30386617834,3.64780426088e-06,0.384000062943
84,36,2.30386255438,3.62396240261e-06,0.356999874115
85,36,2.30385896509,3.58928333588e-06,0.358999967575
86,36,2.30385539315,3.57194380385e-06,0.351000070572
87,36,2.30385182988,3.56327403628e-06,0.394999980927
88,36,2.30384829695,3.53292985444e-06,0.355000019073
89,36,2.3038448052,3.49174846148e-06,0.348999977112
90,36,2.30384131778,3.48741358147e-06,0.370000123978
91,36,2.30383783687,3.48091125346e-06,0.417000055313
92,36,2.3038343733,3.46357172232e-06,0.353999853134
93,36,2.30383095091,3.42239033113e-06,0.381999969482
94,36,2.30382752419,3.42672521558e-06,0.373000144958
95,36,2.30382412564,3.39854847065e-06,0.375999927521
96,36,2.30382071408,3.411553124e-06,0.384000062943
97,36,2.30381735021,3.36386940702e-06,0.353999853134
98,36,2.30381401452,3.3356926652e-06,0.396000146866
99,36,2.30381063765,3.37687405727e-06,0.531999826431
100,36,2.30380731279,3.32485545895e-06,0.457000017166
101,36,2.3038039901,3.32268801362e-06,0.410000085831
102,36,2.30380068042,3.30968336826e-06,0.351000070572
103,36,2.30379739241,3.28800894911e-06,0.359999895096
104,36,2.30379409357,3.29884615846e-06,0.364000082016
105,36,2.30379080339,3.29017639089e-06,0.375999927521
106,36,2.30378754572,3.25766476816e-06,0.351999998093
107,36,2.30378428372,3.26199964906e-06,0.355000019073
108,36,2.30378103906,3.24466011747e-06,0.359999895096
109,36,2.30377782041,3.21865081787e-06,0.384000062943
110,36,2.30377459093,3.22948802678e-06,0.421000003815
111,36,2.30377138094,3.20998104986e-06,0.400000095367
112,36,2.30376818397,3.19697640183e-06,0.352999925613
113,36,2.30376500216,3.18180431025e-06,0.417999982834
114,36,2.30376180519,3.19697640272e-06,0.401999950409
115,36,2.30375865373,3.15146012664e-06,0.389000177383
116,36,2.3037554871,3.16663221867e-06,0.43700003624
117,36,2.30375235297,3.13412059549e-06,0.382999897003
118,36,2.30374923836,3.11461361857e-06,0.418999910355
119,36,2.30374611508,3.12328338747e-06,0.404000043869
120,36,2.30374300913,3.10594385278e-06,0.358000040054
121,36,2.30373991186,3.09727408609e-06,0.352999925613
122,36,2.30373685577,3.05609269624e-06,0.351999998093
123,36,2.303733778,3.07776711184e-06,0.413000106812
124,36,2.30373073058,3.04742292956e-06,0.366999864578
125,36,2.30372768099,3.0495903709e-06,0.351999998093
126,36,2.30372466391,3.01707874684e-06,0.343000173569
127,36,2.3037216555,3.00840897927e-06,0.358000040054
128,36,2.3037186666,2.98890200456e-06,0.389999866486
129,36,2.30371568853,2.97806479876e-06,0.34299993515
130,36,2.3037127213,2.96722758719e-06,0.355000019073
131,36,2.30370977142,2.94988805649e-06,0.380000114441
132,36,2.30370685621,2.91520899065e-06,0.381999969482
133,36,2.30370391065,2.94555317293e-06,0.34299993515
134,36,2.30370102145,2.88919968927e-06,0.358000040054
135,36,2.30369813876,2.88269736615e-06,0.348999977112
136,36,2.30369527557,2.863190391e-06,0.345999956131
137,36,2.30369242321,2.85235318342e-06,0.343000173569
138,36,2.30368959687,2.82634388205e-06,0.34299993515
139,36,2.3036867922,2.80466946689e-06,0.355999946594
140,36,2.30368400704,2.78516249219e-06,0.430000066757
141,36,2.30368120237,2.80466946645e-06,0.477999925613
142,36,2.30367846055,2.741813661e-06,0.361000061035
143,36,2.30367571007,2.75048342502e-06,0.361000061035
144,36,2.3036729856,2.72447412764e-06,0.378000020981
145,36,2.30367027846,2.70713459161e-06,0.375999927521
146,36,2.30366759083,2.68762762001e-06,0.391000032425
147,36,2.30366494005,2.65078111195e-06,0.348999977112
148,36,2.30366229794,2.64211134571e-06,0.339999914169
149,36,2.30365968184,2.61610204433e-06,0.350000143051
150,36,2.30365707658,2.6052648372e-06,0.34099984169
151,36,2.30365448432,2.59226018695e-06,0.345999956131
152,36,2.30365191156,2.57275321403e-06,0.34600019455
153,36,2.30364937132,2.5402415873e-06,0.338999986649
154,36,2.30364686142,2.50989740547e-06,0.348999977112
155,36,2.30364437537,2.48605554809e-06,0.343999862671
156,36,2.30364186981,2.50556252102e-06,0.417000055313
157,36,2.30363942276,2.44704159869e-06,0.365000009537
158,36,2.30363697355,2.44920904091e-06,0.358000040054
159,36,2.30363455686,2.41669741374e-06,0.358000040054
160,36,2.30363215967,2.39719044171e-06,0.398000001907
161,36,2.30362976898,2.39068811547e-06,0.375999927521
162,36,2.30362740647,2.36251137498e-06,0.433000087738
163,36,2.30362508297,2.32349742602e-06,0.37099981308
164,36,2.30362275297,2.32999975047e-06,0.34500002861
165,36,2.30362046198,2.29098579929e-06,0.447000026703
166,36,2.30361819918,2.26280906102e-06,0.413000106812
167,36,2.30361591469,2.28448347572e-06,0.355999946594
168,36,2.30361368873,2.22596255162e-06,0.34500002861
169,36,2.30361149961,2.18911604577e-06,0.358999967575
170,36,2.30360931266,2.18694860177e-06,0.374000072479
171,36,2.30360713439,2.17827883686e-06,0.347999811172
172,36,2.30360500162,2.13276256167e-06,0.354000091553
173,36,2.30360284502,2.15660441905e-06,0.391000032425
174,36,2.30360072526,2.11975791364e-06,0.365999937057
175,36,2.30359865102,2.07424163889e-06,0.341000080109
176,36,2.30359658761,2.0634044291e-06,0.358999967575
177,36,2.30359451771,2.06990675622e-06,0.348000049591
178,36,2.30359251066,2.00705094722e-06,0.345999956131
179,36,2.30359048627,2.02439048014e-06,0.351000070572
180,36,2.30358850089,1.98537653207e-06,0.34299993515
181,36,2.30358653069,1.97020443871e-06,0.349999904633
182,36,2.30358456048,1.97020444137e-06,0.351999998093
183,36,2.3035826618,1.89867886569e-06,0.344000101089
184,36,2.30358073711,1.92468816662e-06,0.351999998093
185,36,2.3035788341,1.90301374925e-06,0.352999925613
186,36,2.3035769636,1.87050212563e-06,0.342000007629
187,36,2.3035751126,1.85099514916e-06,0.351000070572
188,36,2.30357326811,1.84449282647e-06,0.355000019073
189,36,2.30357144963,1.8184835251e-06,0.345999956131
190,36,2.30356964415,1.80547887574e-06,0.37299990654
191,36,2.30356785601,1.78813934371e-06,0.371000051498
192,36,2.30356609821,1.75779516054e-06,0.361000061035
193,36,2.30356435126,1.74695795341e-06,0.361000061035
194,36,2.30356260863,1.74262306762e-06,0.43700003624
195,36,2.30356091586,1.69277191331e-06,0.428999900818
196,36,2.30355920575,1.71011144356e-06,0.352999925613
197,36,2.30355751948,1.68626958619e-06,0.40499997139
198,36,2.30355584188,1.67759981995e-06,0.383000135422
199,36,2.30355421847,1.62341378074e-06,0.381000041962
200,36,2.30355257121,1.64725563723e-06,0.392999887466
