1,24,2.12641722506,Nan,0.343000173569
2,24,1.91896301183,0.207454213229,0.315999984741
3,24,1.78626252846,0.132700483365,0.260999917984
4,24,1.69176104177,0.0945014866916,0.296000003815
5,24,1.61243441105,0.0793266307224,0.324000120163
6,24,1.70231042667,-0.0898760156198,0.290999889374
7,24,1.58772137599,0.114589050683,0.263999938965
8,24,1.45970844355,0.128012932431,0.270000219345
9,24,1.39876608957,0.0609423539855,0.324999809265
10,24,1.39415366975,0.004612419822,0.28400015831
11,24,1.38046030673,0.0136933630163,0.328999996185
12,24,2.08741475994,-0.706954453208,0.286999940872
13,24,2.35635998466,-0.268945224719,0.286000013351
14,24,1.84430970279,0.512050281871,0.311000108719
15,24,1.54813080267,0.296178900112,0.31200003624
16,24,1.48966339068,0.0584674119949,0.292999982834
17,24,1.40073029995,0.0889330907301,0.321000099182
18,24,1.38090237054,0.0198279294101,0.288999795914
19,24,1.37383859049,0.00706378004768,0.269000053406
20,24,1.45075594729,-0.0769173567945,0.28400015831
21,24,1.35140995763,0.0993459896608,0.269999980927
22,24,1.37768039812,-0.0262704404918,0.289999961853
23,24,1.5619811058,-0.184300707687,0.27999997139
24,24,1.74249024174,-0.18050913594,0.40700006485
25,24,1.57194972147,0.170540520278,0.338999986649
26,24,1.38905991533,0.182889806141,0.27799987793
27,24,1.27211146463,0.116948450695,0.285000085831
28,24,1.33880323388,-0.0666917692531,0.270999908447
29,24,1.32809396224,0.0107092716477,0.27999997139
30,24,1.25470118306,0.0733927791769,0.262000083923
31,24,1.19115568725,0.0635454958135,0.305999994278
32,24,1.21050482555,-0.0193491383032,0.283999919891
33,24,1.37448010878,-0.163975283233,0.273000001907
34,24,1.23791772669,0.136562382091,0.262000083923
35,24,1.24347526594,-0.0055575392463,0.299999952316
36,24,1.4565960754,-0.213120809468,0.271000146866
37,24,1.58924524459,-0.132649169185,0.273999929428
38,24,1.47645805532,0.112787189267,0.303999900818
39,24,1.39652671922,0.0799313360995,0.275000095367
40,24,1.31320977428,0.0833169449459,0.269000053406
41,24,1.24348152876,0.0697282455184,0.269999980927
42,24,1.22882598855,0.0146555402062,0.276000022888
43,24,1.40395284349,-0.17512685494,0.317999839783
44,24,1.52879107215,-0.124838228659,0.268000125885
45,24,1.44561044194,0.0831806302071,0.270999908447
46,24,1.34933958487,0.096270857074,0.301000118256
47,24,1.45601987947,-0.1066802946,0.286000013351
48,24,1.46332688873,-0.00730700926347,0.273000001907
49,24,1.39216472127,0.0711621674624,0.289999961853
50,24,2.39107986472,-0.998915143446,0.317999839783
51,24,2.25743424676,0.133645617962,0.262000083923
52,24,2.17154735002,0.0858868967403,0.320000171661
53,24,2.10101292784,0.0705344221809,0.290999889374
54,24,2.0877378312,0.0132750966332,0.288000106812
55,24,2.08535316857,0.00238466262817,0.296999931335
56,24,2.17774827914,-0.0923951105638,0.302000045776
57,24,2.04846875668,0.129279522462,0.3109998703
58,24,2.0578290896,-0.0093603329225,0.277000188828
59,24,2.05978151668,-0.0019524270838,0.304999828339
60,24,2.1822855841,-0.122504067421,0.296000003815
61,24,2.17228834412,0.00999723997983,0.394000053406
62,24,2.1539329182,0.0183554259214,0.447999954224
63,24,2.10557452982,0.0483583883806,0.508000135422
64,24,2.17302218784,-0.0674476580186,0.487999916077
65,24,2.30992833051,-0.136906142668,0.339999914169
66,24,2.30727072412,0.00265760638497,0.309000015259
67,24,2.30685480291,0.000415921211243,0.332999944687
68,24,2.30668023283,0.000174570083618,0.359000205994
69,24,2.30657885942,0.000101373412392,0.332000017166
70,24,2.30650973537,6.9124048407e-05,0.286000013351
71,24,2.30645815242,5.15829433088e-05,0.266999959946
72,24,2.30641752807,4.06243584377e-05,0.286000013351
73,24,2.30638437705,3.31510197027e-05,0.550999879837
74,24,2.30635671182,2.76652249429e-05,0.328999996185
75,24,2.30633321892,2.34928998077e-05,0.374000072479
76,24,2.30631306388,2.01550397008e-05,0.386999845505
77,24,2.30629561598,1.7447905106e-05,0.266000032425
78,24,2.30628035502,1.52609565038e-05,0.295000076294
79,24,2.30626697757,1.33774497302e-05,0.290999889374
80,24,2.30625515418,1.18233940829e-05,0.280000209808
81,24,2.30624466809,1.04860825965e-05,0.268999814987
82,24,2.30623529391,9.37418504154e-06,0.294000148773
83,24,2.30622690157,8.3923339842e-06,0.368000030518
84,24,2.30621933287,7.56870616581e-06,0.309000015259
85,24,2.30621251193,6.82093880355e-06,0.286000013351
86,24,2.30620629137,6.22055747357e-06,0.282999992371
87,24,2.30620063218,5.6591900921e-06,0.27999997139
88,24,2.30619543249,5.19969246549e-06,0.266999959946
89,24,2.30619067279,4.7597018149e-06,0.276000022888
90,24,2.30618625771,4.4150785965e-06,0.319999933243
91,24,2.30618216775,4.08996235235e-06,0.283999919891
92,24,2.30617839206,3.77568331755e-06,0.287000179291
93,24,2.30617483963,3.55243682737e-06,0.263000011444
94,24,2.30617150177,3.33786010831e-06,0.329999923706
95,24,2.30616838932,3.11244617857e-06,0.269999980927
96,24,2.3061654481,2.94121828937e-06,0.279000043869
97,24,2.30616266944,2.77866016729e-06,0.263999938965
98,24,2.306160036,2.63344157814e-06,0.302999973297
99,24,2.30615753261,2.50339507968e-06,0.298000097275
100,24,2.30615513975,2.39285555814e-06,0.318000078201
101,24,2.30615288344,2.25630673478e-06,0.273000001907
102,24,2.30615069649,2.18694860354e-06,0.280999898911
103,24,2.30614860925,2.08724628781e-06,0.296999931335
104,24,2.30614658486,2.02439047969e-06,0.331000089645
105,24,2.30614465583,1.92902305018e-06,0.289000034332
106,24,2.30614277666,1.87917189098e-06,0.303999900818
107,24,2.30614097118,1.80547887618e-06,0.296000003815
108,24,2.30613922639,1.74479051029e-06,0.296000003815
109,24,2.30613752712,1.69927423688e-06,0.292000055313
110,24,2.30613587336,1.65375796346e-06,0.313999891281
111,24,2.30613426512,1.60824168649e-06,0.438000202179
112,24,2.30613269156,1.57356262287e-06,0.418999910355
113,24,2.30613117652,1.51504169743e-06,0.638999938965
114,24,2.30612967231,1.50420449074e-06,0.365000009537
115,24,2.30612823963,1.43267891639e-06,0.308000087738
116,24,2.30612679612,1.44351612397e-06,0.28200006485
117,24,2.30612540462,1.39149752565e-06,0.297999858856
118,24,2.30612403696,1.3676556665e-06,0.271000146866
119,24,2.30612269315,1.34381380956e-06,0.270999908447
120,24,2.306121358,1.33514404377e-06,0.368000030518
121,24,2.30612007054,1.28746032635e-06,0.615999937057
122,24,2.30611879609,1.27445567832e-06,0.34500002861
123,24,2.30611754114,1.25494870229e-06,0.285000085831
124,24,2.30611630787,1.23327428625e-06,0.266999959946
125,24,2.30611507676,1.23110684536e-06,0.31299996376
126,24,2.30611389767,1.17908824526e-06,0.299999952316
127,24,2.30611270991,1.18775801194e-06,0.291000127792
128,24,2.30611152866,1.18125568838e-06,0.273000001907
129,24,2.30611037558,1.15307894477e-06,0.300999879837
130,24,2.30610923767,1.13790685541e-06,0.305999994278
131,24,2.30610813011,1.1075626718e-06,0.299999952316
132,24,2.30610701388,1.11623243892e-06,0.281000137329
133,24,2.30610591282,1.10106034645e-06,0.31500005722
134,24,2.30610482476,1.08805569843e-06,0.290999889374
135,24,2.30610373454,1.09022313888e-06,0.275000095367
136,24,2.30610268549,1.04904174769e-06,0.27599978447
137,24,2.30610162778,1.05771151482e-06,0.267000198364
138,24,2.30610056357,1.06421383927e-06,0.270999908447
139,24,2.30609954921,1.01436268141e-06,0.267999887466
140,24,2.3060985175,1.03170221522e-06,0.331000089645
141,24,2.3060974923,1.02519989031e-06,0.322999954224
142,24,2.30609650178,9.90520824029e-07,0.325999975204
143,24,2.30609548309,1.01869756497e-06,1.45100021362
144,24,2.30609450557,9.77516175116e-07,0.341999769211
145,24,2.30609351505,9.90520824473e-07,0.340000152588
146,24,2.30609254187,9.73181291108e-07,0.335000038147
147,24,2.30609157952,9.62344082645e-07,0.313999891281
148,24,2.30609063235,9.47171990173e-07,0.295000076294
149,24,2.30608968301,9.49339434619e-07,0.283999919891
150,24,2.30608873151,9.51506875069e-07,0.276000022888
151,24,2.30608779734,9.3416734126e-07,0.276000022888
152,24,2.30608686534,9.31999900811e-07,0.388000011444
153,24,2.30608593767,9.27665015027e-07,0.27799987793
154,24,2.30608502952,9.08158043877e-07,0.272000074387
155,24,2.30608412136,9.08158040769e-07,0.276000022888
156,24,2.30608321103,9.10325484771e-07,0.381000041962
157,24,2.30608231805,8.92985950962e-07,0.273999929428
158,24,2.30608142939,8.88651066955e-07,0.276000022888
159,24,2.30608054725,8.82148742054e-07,0.270999908447
160,24,2.30607966293,8.84316184724e-07,0.286000013351
161,24,2.30607878945,8.7347897626e-07,0.292999982834
162,24,2.30607793114,8.58306885121e-07,0.317000150681
163,24,2.306077062,8.69144093141e-07,0.280999898911
164,24,2.30607619719,8.64809209133e-07,0.276999950409
165,24,2.30607536273,8.34465026411e-07,0.272000074387
166,24,2.30607452176,8.40967351312e-07,0.266999959946
167,24,2.30607367429,8.47469677989e-07,0.266999959946
168,24,2.30607282899,8.45302234875e-07,0.261000156403
169,24,2.30607200753,8.2146037661e-07,0.263000011444
170,24,2.3060711774,8.30130143292e-07,0.274999856949
171,24,2.3060703516,8.25795259729e-07,0.267000198364
172,24,2.30606954965,8.01953402796e-07,0.264999866486
173,24,2.30606872819,8.21460378386e-07,0.263999938965
174,24,2.30606792623,8.0195340324e-07,0.266000032425
175,24,2.30606710694,8.1929293394e-07,0.263999938965
176,24,2.30606632233,7.84613869431e-07,0.262000083923
177,24,2.30606553338,7.88948752994e-07,0.282999992371
178,24,2.3060647531,7.80278986312e-07,0.278000116348
179,24,2.30606395331,7.99785959682e-07,0.260999917984
180,24,2.3060631817,7.71609220962e-07,0.263000011444
181,24,2.30606239059,7.91116193888e-07,0.272000074387
182,24,2.30606162548,7.65106895173e-07,0.260999917984
183,24,2.30606086254,7.62939452503e-07,0.263000011444
184,24,2.30606008876,7.73776661855e-07,0.266999959946
185,24,2.30605931932,7.69441778292e-07,0.269999980927
186,24,2.30605857372,7.45599919583e-07,0.266000032425
187,24,2.30605781729,7.56437127158e-07,0.262000083923
188,24,2.30605706735,7.49934804034e-07,0.263999938965
189,24,2.30605632392,7.43432478689e-07,0.266999959946
190,24,2.30605559132,7.32595270225e-07,0.269000053406
191,24,2.30605483489,7.56437128047e-07,0.273000001907
192,24,2.3060541283,7.06585971955e-07,0.27799987793
193,24,2.30605338487,7.43432476913e-07,0.269999980927
194,24,2.30605265444,7.30427829332e-07,0.269000053406
195,24,2.30605192184,7.32595269781e-07,0.263000011444
196,24,2.30605120876,7.13088295967e-07,0.269000053406
197,24,2.30605048483,7.23925503987e-07,0.262000083923
198,24,2.30604977174,7.13088295523e-07,0.263999938965
199,24,2.30604905649,7.15255737305e-07,0.264999866486
200,24,2.30604834773,7.0875341196e-07,0.301000118256
