1,2.3128121074948993,311,7.907740116119385,Nan
2,2.2311650969641548,311,0.15625524520874023,0.08164701053074452
3,2.156232744216919,311,0.14063000679016113,0.07493235274723586
4,2.085495633465903,311,0.18750739097595215,0.07073711075101574
5,2.017340692281723,311,0.15625500679016113,0.0681549411841802
6,1.9516551209177289,311,0.14063048362731934,0.06568557136399411
7,1.8882533650398254,311,0.15625619888305664,0.06340175587790342
8,1.827226673432759,311,0.15625619888305664,0.06102669160706653
9,1.7678164576802935,311,0.14062905311584473,0.05941021575246541
10,1.7103416907446725,311,0.15625596046447754,0.057474766935621036
