1,2.2283725850241525,361,8.29493236541748,Nan
2,2.1580731870787484,361,0.14062952995300293,0.07029939794540407
3,2.093861388206482,361,0.14063000679016113,0.06421179887226636
4,2.033480895246778,361,0.12500429153442383,0.060380492959704046
5,1.975820927619934,361,0.14063239097595215,0.05765996762684389
6,1.920126900264195,361,0.14062809944152832,0.05569402735573914
7,1.8662153660229275,361,0.15625524520874023,0.05391153424126749
8,1.8139959463732582,361,0.12500548362731934,0.05221941964966925
9,1.7633811621325357,361,0.14063239097595215,0.05061478424072252
10,1.713961243220738,361,0.14062809944152832,0.049419918911797645
