1,2.173760279587337,241,7.719028472900391,Nan
2,2.0747135562215533,241,0.17188429832458496,0.09904672336578368
3,1.9864069670949664,241,0.17187857627868652,0.08830658912658684
4,1.9035791483947209,241,0.15625572204589844,0.08282781870024558
5,1.8247997713429587,241,0.17188358306884766,0.07877937705176219
6,1.7493613216195787,241,0.17187905311584473,0.07543844972337999
7,1.677168989794595,241,0.17188167572021484,0.07219233182498375
8,1.6078700723648072,241,0.17188096046447754,0.06929891742978778
9,1.541929687363761,241,0.15625476837158203,0.06594038500104626
10,1.47898876782826,241,0.1731266975402832,0.06294091953550085
