1,2.3166808834757124,411,8.20456600189209,Nan
2,2.256548166547503,411,0.12500262260437012,0.06013271692820954
3,2.2001132224627904,411,0.12500381469726562,0.0564349440847125
4,2.1467391133989606,411,0.12500667572021484,0.05337410906382978
5,2.0952405913897922,411,0.12500262260437012,0.05149852200916838
6,2.045188073498862,411,0.12500429153442383,0.050052517890930126
7,1.9967060479436602,411,0.12500476837158203,0.04848202555520187
8,1.9490435556684222,411,0.14063096046447754,0.047662492275238
9,1.9026941905362265,411,0.12500500679016113,0.046349365132195786
10,1.8572277140276772,411,0.15625500679016113,0.04546647650854929
