1,2.3027955852236066,321,7.75407338142395,Nan
2,2.21574239219938,321,0.14104962348937988,0.08705319302422643
3,2.138772454670497,321,0.12859439849853516,0.07696993752888304
4,2.0680317167554585,321,0.14063072204589844,0.07074073791503865
5,2.0018439237390244,321,0.14063048362731934,0.06618779301643407
6,1.9387169551508767,321,0.14062857627868652,0.0631269685881477
7,1.8783880444254193,321,0.12500500679016113,0.06032891072545743
8,1.8202602516583033,321,0.14063000679016113,0.05812779276711599
9,1.7641513777800968,321,0.12500405311584473,0.05610887387820651
10,1.709897316489901,321,0.14063024520874023,0.05425406129019583
