1,2.3105983672142028,331,7.778458118438721,Nan
2,2.237493969304221,331,0.12500452995300293,0.07310439790998169
3,2.1687498626708983,331,0.14063215255737305,0.06874410663332275
4,2.10314112002509,331,0.15625667572021484,0.06560874264580852
5,2.0403675154277257,331,0.1250014305114746,0.06277360459736414
6,1.9795467285769326,331,0.14063143730163574,0.06082078685079306
7,1.9204785264900752,331,0.12500309944152832,0.05906820208685737
8,1.8630203890119281,331,0.12500429153442383,0.0574581374781471
9,1.8068242122786387,331,0.14063096046447754,0.05619617673328947
10,1.7523282374995095,331,0.14062976837158203,0.05449597477912915
