1,2.3023062839508057,441,8.031540155410767,Nan
2,2.2431563959121705,441,0.10937786102294922,0.05914988803863519
3,2.1870913500785827,441,0.10937929153442383,0.056065045833587845
4,2.133765016555786,441,0.12500429153442383,0.0533263335227967
5,2.082498564720154,441,0.10938072204589844,0.051266451835632054
6,2.032869622707367,441,0.12500357627868652,0.049628942012787114
7,1.9848613879680634,441,0.10938096046447754,0.04800823473930338
8,1.9381255803108215,441,0.15625262260437012,0.046735807657241946
9,1.892645295381546,441,0.14063048362731934,0.04548028492927547
10,1.848259407043457,441,0.15625619888305664,0.044385888338088986
