1,2.2947600872857232,281,8.015729427337646,Nan
2,2.2057621442931037,281,0.18750786781311035,0.08899794299261954
3,2.124262662887573,281,0.18750643730163574,0.08149948140553054
4,2.047442909513201,281,0.18750596046447754,0.07681975337437219
5,1.9745584379945482,281,0.18750691413879395,0.07288447151865274
6,1.9054212882518768,281,0.20313334465026855,0.06913714974267138
7,1.8387268331050872,281,0.17188000679016113,0.06669445514678962
8,1.7745547927447727,281,0.18751001358032227,0.06417204036031454
9,1.7127034222398485,281,0.17187809944152832,0.061851370504924175
10,1.6530737473964692,281,0.18750882148742676,0.05962967484337933
