1,2.308627335003444,471,8.485856771469116,Nan
2,2.2432781769888743,471,0.10938000679016113,0.06534915801456975
3,2.184575219086238,471,0.10937809944152832,0.05870295790263613
4,2.130136959825243,471,0.12500452995300293,0.0544382592609951
5,2.079348688057491,471,0.12500405311584473,0.050788271767752136
6,2.0306317334515707,471,0.10938000679016113,0.04871695460592029
7,1.9836552944523949,471,0.12500476837158203,0.04697643899917581
8,1.938729469197137,471,0.10937905311584473,0.04492582525525779
9,1.8952292660645076,471,0.10937809944152832,0.04350020313262948
10,1.8530635288783481,471,0.12500524520874023,0.04216573718615946
