1,2.2909285766737804,491,8.551146745681763,Nan
2,2.233698838029589,491,0.12500452995300293,0.05722973864419156
3,2.180210368292672,491,0.12500524520874023,0.05348846973691668
4,2.128492554324014,491,0.10937786102294922,0.051717813968658266
5,2.0795621333122254,491,0.12500476837158203,0.04893042101178846
6,2.031951425143651,491,0.12500429153442383,0.0476107081685746
7,1.986335932152612,491,0.14063000679016113,0.04561549299103884
8,1.9417603303023747,491,0.12500452995300293,0.044575601850237234
9,1.8984931918552943,491,0.12500548362731934,0.04326713844708041
10,1.8564459776197162,491,0.12500333786010742,0.04204721423557811
