1,2.2936800546646117,301,8.20464539527893,Nan
2,2.210881359577179,301,0.15625405311584473,0.08279869508743287
3,2.134394067764282,301,0.15625548362731934,0.07648729181289671
4,2.06235155582428,301,0.15625548362731934,0.07204251194000211
5,1.9936613006591797,301,0.15625643730163574,0.0686902551651003
6,1.927647117137909,301,0.15625500679016113,0.06601418352127064
7,1.8637509195804596,301,0.17188310623168945,0.06389619755744946
8,1.8021281661987305,301,0.18750524520874023,0.06162275338172907
9,1.742112986087799,301,0.15625691413879395,0.06001518011093143
10,1.6842331175804137,301,0.15625452995300293,0.05787986850738536
