1,2.220831644126347,101,7.876472234725952,Nan
2,2.0011745794500624,101,0.3906393051147461,0.21965706467628454
3,1.8139499965735844,101,0.4218912124633789,0.18722458287647803
4,1.6458155952181135,101,0.3593878746032715,0.16813440135547086
5,1.4939474075181143,101,0.3281371593475342,0.1518681876999992
6,1.3594827976567405,101,0.3593897819519043,0.13446460986137376
7,1.2418939534936633,101,0.32813596725463867,0.11758884416307724
8,1.140359827041626,101,0.3281364440917969,0.1015341264520373
9,1.053241560816765,101,0.34376072883605957,0.08711826622486107
10,0.9792420826639447,101,0.328139066696167,0.07399947815282015
