1,2.2855276184763227,221,7.485841751098633,Nan
2,2.186193314688546,221,0.17188119888305664,0.09933430378777652
3,2.09734093945367,221,0.17188501358032227,0.08885237523487621
4,2.014343414783478,221,0.18750357627868652,0.08299752467019195
5,1.9349395320074898,221,0.17188191413879395,0.0794038827759882
6,1.858312417302813,221,0.17188000679016113,0.07662711470467687
7,1.7842696810109275,221,0.17188119888305664,0.0740427362918854
8,1.7123830671310425,221,0.17188096046447754,0.07188661387988504
9,1.6432829114709582,221,0.17188143730163574,0.06910015566008432
10,1.5766429040772574,221,0.18750667572021484,0.0666400073937008
