1,2.3237353147779194,211,7.890909671783447,Nan
2,2.1995476959092275,211,0.18750524520874023,0.1241876188686919
3,2.095666998386383,211,0.18750619888305664,0.10388069752284457
4,2.0020152488776617,211,0.17188096046447754,0.09365174950872124
5,1.9145191139153073,211,0.18750739097595215,0.08749613496235442
6,1.8314474927016666,211,0.18750643730163574,0.08307162121364065
7,1.7517798074994768,211,0.18750667572021484,0.07966768520218981
8,1.675307006767818,211,0.18750715255737305,0.07647280073165885
9,1.6020416297572,211,0.17188119888305664,0.07326537701061797
10,1.5322860757963999,211,0.18750643730163574,0.06975555396080013
