1,2.3157576901572092,351,7.875286340713501,Nan
2,2.246201389312744,351,0.14062905311584473,0.06955630084446529
3,2.1812008888380867,351,0.12500548362731934,0.06500050047465722
4,2.1197250743593488,351,0.14062809944152832,0.061475814478737956
5,2.061041005883898,351,0.14063072204589844,0.0586840684754506
6,2.004649610723768,351,0.14063048362731934,0.05639139516013003
7,1.9499857440676007,351,0.14063024520874023,0.054663866656167404
8,1.897111870765686,351,0.15625452995300293,0.05287387330191473
9,1.8459405034610203,351,0.12500476837158203,0.05117136730466565
10,1.796073070355824,351,0.14063072204589844,0.04986743310519626
