1,2.3174138922691343,431,8.20341968536377,Nan
2,2.2555548300061905,431,0.12500500679016113,0.0618590622629438
3,2.1973969236101425,431,0.12500476837158203,0.05815790639604801
4,2.1417830473354886,431,0.12500452995300293,0.05561387627465386
5,2.0883046176774163,431,0.12500405311584473,0.05347842965807237
6,2.036873278617859,431,0.12500476837158203,0.051431339059557324
7,1.986658850124904,431,0.12500452995300293,0.05021442849295488
8,1.9375870693070547,431,0.12500524520874023,0.04907178081784935
9,1.8893747770786284,431,0.12500405311584473,0.04821229222842627
10,1.8425718637193953,431,0.12500357627868652,0.046802913359233145
