1,1.8689742853641511,21,8.515930414199829,Nan
2,1.2168925025463104,21,1.046912431716919,0.6520817828178407
3,0.8672548731565476,21,1.0312871932983398,0.34963762938976284
4,0.6910702648758889,21,1.0469136238098145,0.17618460828065874
5,0.5892632695436477,21,1.0312862396240234,0.10180699533224113
6,0.524334197640419,21,1.0469133853912354,0.06492907190322872
7,0.47750894036889074,21,1.0484261512756348,0.04682525727152825
8,0.4428440218269825,21,1.0312869548797607,0.03466491854190823
9,0.41521253156661986,21,1.031287431716919,0.027631490260362657
10,0.39371556481719017,21,1.0312871932983398,0.02149696674942969
