1,2.264267590045929,251,7.765905857086182,Nan
2,2.1640979384013583,251,0.18750786781311035,0.10016965164457048
3,2.0739979289599826,251,0.18750667572021484,0.09010000944137575
4,1.9906342905589511,251,0.18750524520874023,0.08336363840103145
5,1.9122171002796717,251,0.18750834465026855,0.0784171902792794
6,1.8372321331160408,251,0.18750572204589844,0.0749849671636309
7,1.7653559374468668,251,0.18750619888305664,0.07187619566917403
8,1.6962744609969003,251,0.18750667572021484,0.06908147644996654
9,1.63003729731696,251,0.18750810623168945,0.06623716367994037
10,1.566605463368552,251,0.18750548362731934,0.0634318339484079
