1,2.2815943779945376,171,7.719028949737549,Nan
2,2.136509416784559,171,0.18750667572021484,0.1450849612099785
3,2.0133935752255576,171,0.20313239097595215,0.12311584155900146
4,1.9011736214501518,171,0.20313382148742676,0.11221995377540583
5,1.7962928369726454,171,0.20313048362731934,0.10488078447750637
6,1.696792514187949,171,0.20313262939453125,0.09950032278469645
7,1.6027705125468117,171,0.18750643730163574,0.09402200164113728
8,1.5142371966838837,171,0.20313286781311035,0.08853331586292801
9,1.4318376696109771,171,0.20313215255737305,0.08239952707290654
10,1.3549790114334652,171,0.20313310623168945,0.07685865817751192
