1,36,1.5774890902367504,Nan,0.08502984046936035
2,36,0.6584602042355321,0.9190288860012183,0.09803509712219238
3,36,0.45888746970079164,0.19957273453474045,0.10103678703308105
4,36,0.3841212969273329,0.07476617277345876,0.09403300285339355
5,36,0.3427287372337146,0.04139255969361827,0.09203243255615234
6,36,0.31461013751951133,0.028118599714203274,0.09103226661682129
7,36,0.29331065053966915,0.021299486979842186,0.09403276443481445
8,36,0.2759861344132911,0.01732451612637803,0.10403776168823242
9,36,0.2614000573415648,0.014586077071726322,0.09503364562988281
10,36,0.24871427134018054,0.012685786001384258,0.11103963851928711
11,36,0.237412944520739,0.011301326819441543,0.08803033828735352
12,36,0.22726827207952738,0.010144672441211616,0.08202910423278809
13,36,0.21794152911752462,0.009326742962002754,0.08703088760375977
14,36,0.20897601028396326,0.008965518833561364,0.1000359058380127
15,36,0.20047160568223757,0.00850440460172569,0.09103155136108398
16,36,0.19232171414081345,0.00814989154142412,0.09003162384033203
17,36,0.1846799190918153,0.007641795048998146,0.08503031730651855
18,36,0.17715039311654188,0.007529525975273427,0.0840301513671875
19,36,0.1701535491526804,0.0069968439638614655,0.09003210067749023
20,36,0.16327837240797552,0.006875176744704892,0.125044584274292
21,36,0.1568953046490523,0.006383067758923222,0.10003495216369629
22,36,0.15056958595629444,0.006325718692757859,0.08603119850158691
23,36,0.14479941620745443,0.0057701697488400094,0.08703017234802246
24,36,0.13922692390836097,0.005572492299093457,0.08803129196166992
25,36,0.13376350387592206,0.005463420032438909,0.09703469276428223
26,36,0.1287809806791219,0.004982523196800176,0.10403680801391602
27,36,0.12392839713191445,0.00485258354720744,0.08903098106384277
28,36,0.11916000573811206,0.00476839139380239,0.0930330753326416
29,36,0.11486751014705408,0.004292495591057974,0.08803224563598633
30,36,0.1105066227557307,0.004360887391323384,0.0860295295715332
31,36,0.10646171571517532,0.004044907040555379,0.08803176879882812
32,36,0.10246277805841104,0.003998937656764276,0.08703064918518066
33,36,0.09880291050384668,0.003659867554564364,0.08002805709838867
34,36,0.09499280266887085,0.0038101078349758316,0.0840296745300293
35,36,0.09157279557125135,0.0034200070976194985,0.09003186225891113
36,36,0.08838402661918239,0.00318876895206896,0.08803176879882812
37,36,0.08502453243867918,0.003359494180503214,0.08903145790100098
38,36,0.08220745354298163,0.0028170788956975445,0.0840303897857666
39,36,0.0791886372872713,0.0030188162557103354,0.08502912521362305
40,36,0.07643546832894738,0.0027531689583239205,0.09003186225891113
41,36,0.0738463445185599,0.002589123810387478,0.08503055572509766
42,36,0.0711969039191238,0.002649440599436101,0.07902812957763672
43,36,0.06863132443025032,0.0025655794888734818,0.08603024482727051
44,36,0.06624414890327236,0.0023871755269779527,0.09403324127197266
45,36,0.06394556564786895,0.0022985832554034136,0.08202862739562988
46,36,0.061748870415613055,0.0021966952322558936,0.09203314781188965
47,36,0.05957612516993487,0.002172745245678183,0.08603024482727051
48,36,0.057574636387554085,0.002001488782380788,0.08603048324584961
49,36,0.05549610560675236,0.002078530780801724,0.08703112602233887
50,36,0.05353922539771619,0.0019568802090361714,0.08502984046936035
51,36,0.051758877456780865,0.0017803479409353243,0.0910329818725586
52,36,0.0498742199587551,0.0018846574980257644,0.0840301513671875
53,36,0.04818111032628539,0.0016931096324697137,0.08603072166442871
54,36,0.04647448851557618,0.0017066218107092065,0.08903074264526367
55,36,0.04490669776516205,0.001567790750414133,0.0840299129486084
56,36,0.04332473568237302,0.001581962082789025,0.09003162384033203
57,36,0.04182229690592398,0.0015024387764490457,0.0840303897857666
58,36,0.04041451495140791,0.0014077819545160672,0.0930325984954834
59,36,0.03907437678638168,0.0013401381650262265,0.08803105354309082
60,36,0.03773366490548307,0.0013407118808986124,0.09203219413757324
61,36,0.03639503901782022,0.001338625887662849,0.0910329818725586
62,36,0.03533021567008374,0.001064823347736485,0.09703445434570312
63,36,0.034154017265378075,0.0011761984047056612,0.09003186225891113
64,36,0.03298567927611822,0.001168337989259853,0.08903121948242188
65,36,0.03200964108956131,0.0009760381865569143,0.08503007888793945
66,36,0.03093207950322804,0.0010775615863332678,0.08302950859069824
67,36,0.030036142582751134,0.0008959369204769065,0.08002805709838867
68,36,0.02910765706011179,0.0009284855226393447,0.08903193473815918
69,36,0.028097932539160618,0.0010097245209511711,0.09103274345397949
70,36,0.02734598167642782,0.0007519508627327996,0.08903074264526367
71,36,0.026522155496588148,0.0008238261798396707,0.08603096008300781
72,36,0.025706332954789766,0.0008158225417983812,0.09103178977966309
73,36,0.024986133937173607,0.0007201990176161598,0.08803224563598633
74,36,0.02426966673440554,0.0007164672027680681,0.09203195571899414
75,36,0.023617070327004927,0.0006525964074006116,0.08803129196166992
76,36,0.02290423793337223,0.0007128323936326959,0.08703398704528809
77,36,0.022304950255519627,0.0005992876778526043,0.09102892875671387
78,36,0.021699811511842363,0.0006051387436772637,0.08703136444091797
79,36,0.021158786829222332,0.000541024682620031,0.08302903175354004
80,36,0.02056785806780681,0.0005909287614155219,0.09803485870361328
81,36,0.02005735820222815,0.0005104998655786584,0.08903217315673828
82,36,0.019566346002234655,0.0004910121999934965,0.08603024482727051
83,36,0.019039109836078504,0.0005272361661561517,0.0770273208618164
84,36,0.018592260365205057,0.00044684947087344704,0.08202862739562988
85,36,0.01812256069917401,0.0004696996660310468,0.0840299129486084
86,36,0.017680176449092953,0.0004423842500810571,0.09503388404846191
87,36,0.017287692060397767,0.00039248438869518565,0.08102846145629883
88,36,0.016897737942847678,0.0003899541175500891,0.08803129196166992
89,36,0.01649923803581094,0.00039849990703673746,0.08502984046936035
90,36,0.01610578758515079,0.0003934504506601516,0.0930333137512207
91,36,0.015770855576688933,0.0003349320084618558,0.0860300064086914
92,36,0.015428040073443712,0.0003428155032452213,0.09103226661682129
93,36,0.01506834380614402,0.0003596962672996924,0.0840303897857666
94,36,0.01477753385287625,0.0002908099532677698,0.08002758026123047
95,36,0.014444731215586547,0.000332802637289702,0.08903169631958008
96,36,0.014155766156777232,0.00028896505880931546,0.08603024482727051
97,36,0.013862660887587646,0.00029310526918958565,0.08903169631958008
98,36,0.013589756886093792,0.00027290400149385455,0.10103678703308105
99,36,0.013315310749352317,0.00027444613674147515,0.10403609275817871
100,36,0.013052602936196226,0.00026270781315609025,0.08102846145629883
101,36,0.012801963108358905,0.0002506398278373217,0.08102941513061523
102,36,0.012554609071230516,0.0002473540371283889,0.08102893829345703
103,36,0.012321107422890649,0.0002335016483398667,0.09103155136108398
104,36,0.01209805201241662,0.00022305541047402955,0.09203290939331055
105,36,0.011868423954266209,0.00022962805815041065,0.09503364562988281
106,36,0.011651935931612652,0.0002164880226535569,0.08302927017211914
107,36,0.011448376187631353,0.00020355974398129917,0.08102869987487793
108,36,0.011235810321522877,0.00021256586610847623,0.08503055572509766
109,36,0.011044423275796527,0.00019138704572634925,0.09903502464294434
110,36,0.01084906345667233,0.00019535981912419814,0.09903478622436523
111,36,0.010666616734604097,0.00018244672206823263,0.08803129196166992
112,36,0.010496000370370562,0.00017061636423353413,0.08903169631958008
113,36,0.010308445362501185,0.00018755500786937773,0.08502984046936035
114,36,0.010140733333008195,0.00016771202949299006,0.11704230308532715
115,36,0.009981220590733838,0.0001595127422743571,0.170060396194458
116,36,0.009818605467444286,0.0001626151232895518,0.1520531177520752
117,36,0.009664475986607034,0.00015412948083725134,0.12104392051696777
118,36,0.009507457588121972,0.00015701839848506274,0.08202886581420898
119,36,0.009356631011045962,0.00015082657707600998,0.08702993392944336
120,36,0.009216895393117076,0.00013973561792888535,0.08503031730651855
121,36,0.009084468964085152,0.0001324264290319243,0.08102917671203613
122,36,0.008942764884771102,0.00014170407931404956,0.09103178977966309
123,36,0.008814110920701007,0.00012865396407009573,0.09403324127197266
124,36,0.008678454940143803,0.0001356559805572033,0.08302950859069824
125,36,0.008552160480493594,0.00012629445965020927,0.08202886581420898
126,36,0.00843367593717465,0.00011848454331894395,0.08503103256225586
127,36,0.008303031797616066,0.00013064413955858438,0.08402895927429199
128,36,0.008189449451906099,0.00011358234570996682,0.08503031730651855
129,36,0.008079179813979532,0.00011026963792656712,0.08002805709838867
130,36,0.007961229853787121,0.00011794996019241083,0.11304163932800293
131,36,0.007858272988497365,0.00010295686528975605,0.13104510307312012
132,36,0.007742749120966023,0.00011552386753134209,0.08503031730651855
133,36,0.007650935796184719,9.18133247813039e-05,0.0840299129486084
134,36,0.007540979618418284,0.00010995617776643485,0.08202886581420898
135,36,0.00744531739143316,9.56622269851241e-05,0.08503055572509766
136,36,0.007342807378418828,0.0001025100130143319,0.0840291976928711
137,36,0.0072518281297313724,9.097924868745576e-05,0.10503768920898438
138,36,0.0071550656694770705,9.676246025430192e-05,0.10503697395324707
139,36,0.007070461385989223,8.460428348784719e-05,0.1090385913848877
140,36,0.0069761854300106115,9.427595597861181e-05,0.08703088760375977
141,36,0.006893124252780002,8.306117723060925e-05,0.09803438186645508
142,36,0.006804326202572239,8.879805020776347e-05,0.1000356674194336
143,36,0.006724936670666052,7.938953190618665e-05,0.10603761672973633
144,36,0.006642122500290332,8.281417037572011e-05,0.09603500366210938
145,36,0.006566336153561927,7.57863467284051e-05,0.09003162384033203
146,36,0.0064869260611224245,7.941009243950248e-05,0.09403276443481445
147,36,0.006408947047682225,7.79790134401992e-05,0.08803129196166992
148,36,0.006335745450500822,7.320159718140345e-05,0.09103226661682129
149,36,0.00626042519103397,7.53202594668519e-05,0.08803081512451172
150,36,0.006188837090369568,7.15881006644022e-05,0.08603072166442871
151,36,0.006122509548070163,6.632754229940474e-05,0.08603048324584961
152,36,0.006044819481427443,7.769006664272004e-05,0.10703849792480469
153,36,0.00598296733964658,6.185214178086335e-05,0.11604070663452148
154,36,0.005913473832399838,6.949350724674147e-05,0.08202934265136719
155,36,0.005853526955682107,5.994687671773136e-05,0.08703088760375977
156,36,0.005784723252872936,6.880370280917033e-05,0.08502984046936035
157,36,0.005727360235389576,5.7363017483360625e-05,0.08102869987487793
158,36,0.005660645172941837,6.6715062447739e-05,0.0840306282043457
159,36,0.005600664285752414,5.99808871894229e-05,0.09003090858459473
160,36,0.005539064323370853,6.159996238156058e-05,0.11604166030883789
161,36,0.005483529994803989,5.553432856686413e-05,0.09603357315063477
162,36,0.005428880916125226,5.464907867876352e-05,0.08503150939941406
163,36,0.005370753595012833,5.8127321112392584e-05,0.08002734184265137
164,36,0.005314810351013544,5.5943243999288794e-05,0.08002805709838867
165,36,0.005263696832116693,5.1113518896851035e-05,0.11003947257995605
166,36,0.005209065645679154,5.4631186437539316e-05,0.12604498863220215
167,36,0.005154682253222828,5.438339245632598e-05,0.08803081512451172
168,36,0.005106682352065532,4.799990115729631e-05,0.08803105354309082
169,36,0.0050541422956898304,5.254005637570121e-05,0.0930333137512207
170,36,0.005008666736433621,4.54755592562096e-05,0.09203267097473145
171,36,0.004954937899707478,5.372883672614265e-05,0.0840294361114502
172,36,0.00491231489947743,4.2623000230048065e-05,0.09103178977966309
173,36,0.004865231839093295,4.708306038413504e-05,0.0930333137512207
174,36,0.0048174431404649195,4.7788698628375634e-05,0.08903169631958008
175,36,0.004770061220783232,4.738191968168756e-05,0.08903193473815918
176,36,0.004729088760954751,4.097245982848108e-05,0.09003186225891113
177,36,0.004686426219202324,4.266254175242651e-05,0.08002829551696777
178,36,0.0046399025212105535,4.6523697991770856e-05,0.0930323600769043
179,36,0.004598624259498055,4.127826171249852e-05,0.08903169631958008
180,36,0.004555079197664533,4.354506183352168e-05,0.10503792762756348
181,36,0.004516227525362576,3.88516723019575e-05,0.15005254745483398
182,36,0.004477018923022446,3.920860234012981e-05,0.08903169631958008
183,36,0.0044356036345231005,4.141528849934545e-05,0.09103250503540039
184,36,0.004396792115585413,3.881151893768767e-05,0.09503364562988281
185,36,0.004358352638849861,3.8439476735551564e-05,0.07802724838256836
186,36,0.00432234767239689,3.600496645297154e-05,0.08102917671203613
187,36,0.004283946463891136,3.840120850575387e-05,0.08302950859069824
188,36,0.004246787240845151,3.715922304598461e-05,0.08502960205078125
189,36,0.004212167983165604,3.461925767954746e-05,0.08603024482727051
190,36,0.004176031528252431,3.6136454913173084e-05,0.0840306282043457
191,36,0.004140729251296513,3.530227695591748e-05,0.07902789115905762
192,36,0.0041063464853902006,3.4382765906312666e-05,0.08803105354309082
193,36,0.004071569048392121,3.477743699807981e-05,0.07602643966674805
194,36,0.004038247869836844,3.3321178555276686e-05,0.08803129196166992
195,36,0.004007692436888729,3.055543294811468e-05,0.09003257751464844
196,36,0.003971221998984798,3.647043790393125e-05,0.08002781867980957
197,36,0.003940294769894204,3.0927229090593755e-05,0.08703112602233887
198,36,0.00390814068139827,3.2154088495934055e-05,0.0910332202911377
199,36,0.003877379423515363,3.076125788290711e-05,0.08302855491638184
200,36,0.003845056428955021,3.232299456034206e-05,0.08202862739562988
