1,48,1.65803927521814,Nan,0.12004375457763672
2,48,0.6851764863187616,0.9728627888993785,0.11203885078430176
3,48,0.4679087542674758,0.2172677320512858,0.09003210067749023
4,48,0.38894952986050735,0.07895922440696845,0.08503031730651855
5,48,0.3458479295738719,0.043101600286635455,0.09103226661682129
6,48,0.31681941432709043,0.02902851524678146,0.09503340721130371
7,48,0.29489214887673204,0.02192726545035839,0.08803081512451172
8,48,0.27721202991564164,0.017680118961090396,0.08903288841247559
9,48,0.2622167854993181,0.01499524441632355,0.09103131294250488
10,48,0.24919173781844703,0.013025047680871066,0.09503388404846191
11,48,0.23756918692114679,0.011622550897300243,0.09203243255615234
12,48,0.22686373442411423,0.010705452497032558,0.09603404998779297
13,48,0.21702825421975416,0.009835480204360064,0.09103202819824219
14,48,0.20800822494890203,0.009020029270852131,0.09203338623046875
15,48,0.19948161228305913,0.008526612665842898,0.09403276443481445
16,48,0.19147174572572112,0.008009866557338013,0.08703231811523438
17,48,0.1838610329326581,0.007610712793063024,0.09803366661071777
18,48,0.17664707519791342,0.007213957734744675,0.09403371810913086
19,48,0.16983888006176462,0.0068081951361488036,0.09503293037414551
20,48,0.16318181521174582,0.006657064850018796,0.09803509712219238
21,48,0.15678005322644656,0.006401761985299265,0.09203219413757324
22,48,0.15060622947798533,0.006173823748461232,0.08903217315673828
23,48,0.14475627378983932,0.005849955688146002,0.0930333137512207
24,48,0.1389726580713283,0.00578361571851102,0.09403228759765625
25,48,0.13353136406195434,0.005441294009373959,0.0930337905883789
26,48,0.12828959344716911,0.005241770614785229,0.08703064918518066
27,48,0.12330044033429162,0.004989153112877495,0.09503364562988281
28,48,0.11848474296063861,0.004815697373653005,0.09003162384033203
29,48,0.11379579734057188,0.004688945620066734,0.09003162384033203
30,48,0.1094133469318463,0.004382450408725577,0.10303711891174316
31,48,0.10515684945593504,0.004256497475911267,0.09503340721130371
32,48,0.10098961357619952,0.004167235879735512,0.0930333137512207
33,48,0.09706897356293419,0.003920640013265336,0.09403276443481445
34,48,0.09312380467202853,0.003945168890905654,0.09703421592712402
35,48,0.08950792894360017,0.003615875728428364,0.09203362464904785
36,48,0.08594039802185514,0.003567530921745027,0.08903098106384277
37,48,0.0825545433908701,0.0033858546309850496,0.0910332202911377
38,48,0.07929032452573831,0.003264218865131785,0.0840291976928711
39,48,0.07615143191916021,0.0031388926065780975,0.09003114700317383
40,48,0.07326478538611396,0.0028866465330462526,0.09203338623046875
41,48,0.07036355169574646,0.0029012336903675023,0.09103202819824219
42,48,0.06765813232314857,0.0027054193725978837,0.09003233909606934
43,48,0.06511112068652768,0.0025470116366208967,0.0860300064086914
44,48,0.06256559417075054,0.0025455265157771356,0.08302974700927734
45,48,0.06023302261548286,0.0023325715552676776,0.08502960205078125
46,48,0.05793678766878491,0.0022962349466979504,0.09203267097473145
47,48,0.05568812856323679,0.002248659105548126,0.08903169631958008
48,48,0.053664054023101926,0.002024074540134861,0.0930325984954834
49,48,0.05165375468575142,0.0020102993373505088,0.08803129196166992
50,48,0.04968379788227718,0.0019699568034742404,0.09003210067749023
51,48,0.047855330620553686,0.0018284672617234904,0.09403324127197266
52,48,0.0460760908159004,0.0017792398046532834,0.09103274345397949
53,48,0.04438921229236505,0.0016868785235353498,0.08502960205078125
54,48,0.042726613909260115,0.001662598383104938,0.0840299129486084
55,48,0.041175623424351215,0.0015509904849088998,0.09503340721130371
56,48,0.03967134185685692,0.0015042815674942978,0.0980379581451416
57,48,0.038305533097379586,0.0013658087594773313,0.0950307846069336
58,48,0.03694419205104085,0.0013613410463387335,0.0930335521697998
59,48,0.035650962868451395,0.0012932291825894573,0.09603404998779297
60,48,0.03436709781685336,0.0012838650515980335,0.08703041076660156
61,48,0.03323422927959738,0.001132868537255985,0.09403300285339355
62,48,0.03209303405178203,0.0011411952278153475,0.08803129196166992
63,48,0.031016877481967887,0.001076156569814142,0.09003186225891113
64,48,0.030025615981272,0.0009912615006958878,0.08803153038024902
65,48,0.029065360039980573,0.0009602559412914269,0.08302903175354004
66,48,0.028099625445479018,0.000965734594501555,0.08302927017211914
67,48,0.027226920361334287,0.0008727050841447308,0.0910329818725586
68,48,0.02633818503024734,0.0008887353310869477,0.09103202819824219
69,48,0.0255732919533991,0.0007648930768482387,0.09003186225891113
70,48,0.024764403960117223,0.0008088879932818781,0.09003210067749023
71,48,0.02404497224647044,0.0007194317136467836,0.08803129196166992
72,48,0.023334431297950108,0.0007105409485203308,0.11404085159301758
73,48,0.022657041893001984,0.0006773894049481241,0.10503625869750977
74,48,0.021993274525315923,0.0006637673676860613,0.08903193473815918
75,48,0.02138902620539408,0.0006042483199218442,0.08202934265136719
76,48,0.02080121080242944,0.0005878154029646393,0.08903074264526367
77,48,0.020213455030567606,0.0005877557718618337,0.08603096008300781
78,48,0.019691334989726205,0.0005221200408414006,0.08002877235412598
79,48,0.019151699438225478,0.0005396355515007271,0.08302903175354004
80,48,0.018655695650853555,0.0004960037873719229,0.08002924919128418
81,48,0.018178631419273603,0.0004770642315799524,0.0930318832397461
82,48,0.01770368577721952,0.00047494564205408096,0.10503745079040527
83,48,0.017279840143270452,0.0004238456339490694,0.07602763175964355
84,48,0.01683649674735286,0.00044334339591759267,0.09103155136108398
85,48,0.016433296307117085,0.0004032004402357743,0.0930335521697998
86,48,0.016038852262268352,0.0003944440448487331,0.0930321216583252
87,48,0.015662024760703473,0.0003768275015648796,0.08302998542785645
88,48,0.015295088016004725,0.0003669367446987471,0.08502960205078125
89,48,0.014939519698435271,0.0003555683175694539,0.09603404998779297
90,48,0.014625134406907653,0.0003143852915276184,0.09103274345397949
91,48,0.014292184205260128,0.0003329502016475253,0.08102846145629883
92,48,0.013979789949106898,0.0003123942561532294,0.09403371810913086
93,48,0.01367543982765214,0.0003043501214547578,0.08502960205078125
94,48,0.013388002952772447,0.0002874368748796933,0.10203671455383301
95,48,0.013109082615383986,0.00027892033738846113,0.09603381156921387
96,48,0.012848383744395423,0.0002606988709885627,0.09003138542175293
97,48,0.012566104367248376,0.00028227937714704783,0.08803129196166992
98,48,0.01232968305174092,0.00023642131550745578,0.10003519058227539
99,48,0.012075810275167565,0.0002538727765733547,0.08503079414367676
100,48,0.011847094878744842,0.00022871539642272364,0.08502960205078125
101,48,0.011612942783606493,0.0002341520951383482,0.0840296745300293
102,48,0.011397879266455262,0.00021506351715123127,0.09103226661682129
103,48,0.011181252233324234,0.00021662703313102792,0.09203290939331055
104,48,0.010971176953965121,0.00021007527935911277,0.08202958106994629
105,48,0.010775096410229295,0.00019608054373582672,0.0860295295715332
106,48,0.010567713817264039,0.00020738259296525577,0.09903478622436523
107,48,0.010402715799335221,0.00016499801792881769,0.09203338623046875
108,48,0.01020969992863353,0.0001930158707016908,0.08503055572509766
109,48,0.010031737553865903,0.0001779623747676269,0.08102822303771973
110,48,0.009859753169373354,0.00017198438449254894,0.0860300064086914
111,48,0.009684653857468882,0.00017509931190447248,0.08703184127807617
112,48,0.009536069693488324,0.00014858416398055851,0.09603333473205566
113,48,0.009373538751705464,0.0001625309417828593,0.08703064918518066
114,48,0.009214608461744237,0.00015893028996122674,0.08803153038024902
115,48,0.009077417436690832,0.00013719102505340558,0.08703064918518066
116,48,0.008927847795844586,0.0001495696408462463,0.09003210067749023
117,48,0.008787689481819556,0.00014015831402502954,0.08903169631958008
118,48,0.008646365289512853,0.0001413241923067035,0.09103226661682129
119,48,0.008514886703448032,0.00013147858606482078,0.09403300285339355
120,48,0.008390573379901152,0.00012431332354687942,0.0840296745300293
121,48,0.008259373796384105,0.00013119958351704743,0.08703184127807617
122,48,0.008139083662006835,0.00012029013437727006,0.09203195571899414
123,48,0.008016650983005424,0.0001224326790014111,0.09203243255615234
124,48,0.007900722438617695,0.00011592854438772886,0.09003210067749023
125,48,0.007790845752672546,0.00010987668594514884,0.09703445434570312
126,48,0.007677073471396315,0.0001137722812762313,0.09003162384033203
127,48,0.007566766366256739,0.00011030710513957546,0.07902884483337402
128,48,0.007459864126179706,0.00010690224007703364,0.08903074264526367
129,48,0.007362217745553194,9.764638062651192e-05,0.0910329818725586
130,48,0.0072587524747094985,0.0001034652708436952,0.09903430938720703
131,48,0.007161809343167327,9.694313154217163e-05,0.09403347969055176
132,48,0.00706880043303086,9.300891013646652e-05,0.09703469276428223
133,48,0.006971910402750258,9.689003028060233e-05,0.08703064918518066
134,48,0.006874517617027529,9.739278572272903e-05,0.09003257751464844
135,48,0.006794855334605513,7.966228242201577e-05,0.09803366661071777
136,48,0.006703477215275846,9.137811932966727e-05,0.09103250503540039
137,48,0.00661314808530733,9.032912996851609e-05,0.09203243255615234
138,48,0.0065358697690747,7.727831623262956e-05,0.0840306282043457
139,48,0.006454669621730732,8.120014734396865e-05,0.09003138542175293
140,48,0.006376813447621482,7.785617410924987e-05,0.09703445434570312
141,48,0.006294395801060918,8.24176465605642e-05,0.10103559494018555
142,48,0.006219098679139279,7.52971219216388e-05,0.08603048324584961
143,48,0.006144409532267177,7.468914687210147e-05,0.09703469276428223
144,48,0.006074620798410086,6.978873385709173e-05,0.0840294361114502
145,48,0.006001039648915387,7.358114949469838e-05,0.07902812957763672
146,48,0.005928909097829918,7.213055108546904e-05,0.09703421592712402
147,48,0.0058646429679356515,6.426612989426667e-05,0.09703469276428223
148,48,0.005792597943747585,7.204502418806623e-05,0.09603404998779297
149,48,0.005729538309176199,6.305963457138661e-05,0.08102893829345703
150,48,0.005662086204128255,6.74521050479434e-05,0.09703397750854492
151,48,0.005599719903495332,6.23663006329234e-05,0.08803153038024902
152,48,0.0055393389233028174,6.0380980192514463e-05,0.09103202819824219
153,48,0.00547667722937397,6.266169392884786e-05,0.09503412246704102
154,48,0.005418909478149461,5.776775122450818e-05,0.08603024482727051
155,48,0.005358545673185621,6.0363804963840285e-05,0.09203243255615234
156,48,0.00530213805375917,5.640761942645074e-05,0.09203290939331055
157,48,0.005244122803560458,5.8015250198712245e-05,0.08302927017211914
158,48,0.005191675612216138,5.244719134432033e-05,0.0930330753326416
159,48,0.005135790604981594,5.5885007234544e-05,0.09403324127197266
160,48,0.005080228585442951,5.5562019538642725e-05,0.09203290939331055
161,48,0.005031673598833467,4.8554986609484346e-05,0.09403300285339355
162,48,0.004977524316266433,5.414928256703387e-05,0.08603048324584961
163,48,0.004927264092574743,5.026022369169006e-05,0.08603024482727051
164,48,0.004878802328180013,4.846176439472945e-05,0.09503483772277832
165,48,0.004828200614693659,5.0601713486354144e-05,0.08702969551086426
166,48,0.0047829781357325955,4.522247896106366e-05,0.08903169631958008
167,48,0.004734325247806159,4.865288792643696e-05,0.08703088760375977
168,48,0.004690297448012809,4.4027799793349906e-05,0.08603096008300781
169,48,0.004642028836480511,4.826861153229764e-05,0.08803057670593262
170,48,0.004600309826359576,4.17190101209353e-05,0.09703516960144043
171,48,0.0045563099979930985,4.399982836647727e-05,0.09103131294250488
172,48,0.004512384916200641,4.392508179245757e-05,0.08302998542785645
173,48,0.0044684208458585836,4.3964070342057335e-05,0.08302950859069824
174,48,0.004427585389666175,4.083545619240885e-05,0.08603048324584961
175,48,0.004387200758422047,4.038463124412736e-05,0.09003162384033203
176,48,0.004347351886363785,3.984887205826272e-05,0.08903169631958008
177,48,0.004306861072440039,4.049081392374591e-05,0.0910329818725586
178,48,0.004269819795312783,3.704127712725585e-05,0.09003138542175293
179,48,0.00422947231113953,4.034748417325318e-05,0.09403300285339355
180,48,0.004193001601379365,3.6470709760164956e-05,0.09003162384033203
181,48,0.004156420816963708,3.658078441565703e-05,0.09303402900695801
182,48,0.004119217377261852,3.7203439701856064e-05,0.0930330753326416
183,48,0.004082919401381249,3.629797588060226e-05,0.11303949356079102
184,48,0.004047418740810826,3.5500660570422955e-05,0.09003138542175293
185,48,0.004012658205200833,3.476053560999299e-05,0.09603428840637207
186,48,0.003978210586038503,3.444761916233073e-05,0.07902860641479492
187,48,0.003945608973894691,3.260161214381149e-05,0.09203195571899414
188,48,0.0039115949290465905,3.401404484810067e-05,0.08503079414367676
189,48,0.003880415061509914,3.1179867536676713e-05,0.09203219413757324
190,48,0.003844671870782887,3.5743190727027026e-05,0.08703088760375977
191,48,0.0038145277688851243,3.014410189776254e-05,0.09403347969055176
192,48,0.0037845299547453496,2.9997814139774617e-05,0.08202886581420898
193,48,0.003752114158652892,3.241579609245763e-05,0.08302950859069824
194,48,0.003722288659032942,2.982549961994983e-05,0.08903169631958008
195,48,0.0036921630883377725,3.012557069516971e-05,0.08703064918518066
196,48,0.0036615376990415493,3.062538929622313e-05,0.09403324127197266
197,48,0.0036336452136641706,2.7892485377378762e-05,0.08903169631958008
198,48,0.003604180810560303,2.946440310386744e-05,0.08803176879882812
199,48,0.003576558567477729,2.7622243082574185e-05,0.09803485870361328
200,48,0.00354816566422497,2.839290325275896e-05,0.08603024482727051
