1,32,1.7917125827886842,Nan,0.10503697395324707
2,32,0.7665399844673547,1.0251725983213293,0.08603048324584961
3,32,0.5044133300808343,0.2621266543865204,0.08503031730651855
4,32,0.4100457768548619,0.09436755322597246,0.09603404998779297
5,32,0.3606849209490148,0.0493608559058471,0.09203195571899414
6,32,0.32903987948190083,0.031645041467113944,0.09003210067749023
7,32,0.3059208884157918,0.02311899106610904,0.08903145790100098
8,32,0.28736240535297175,0.01855848306282004,0.08302927017211914
9,32,0.2718239542604847,0.015538451092487027,0.0840299129486084
10,32,0.2582361384887587,0.01358781577172602,0.10603785514831543
11,32,0.24636756154623898,0.01186857694251972,0.09203314781188965
12,32,0.2359473756937818,0.010420185852457187,0.08703017234802246
13,32,0.22646249585192313,0.009484879841858668,0.08503007888793945
14,32,0.21748556844382125,0.008976927408101881,0.08202886581420898
15,32,0.20923738537186926,0.008248183071951992,0.08903169631958008
16,32,0.20152626749636096,0.007711117875508294,0.08002829551696777
17,32,0.1940927355211567,0.007433531975204272,0.07102584838867188
18,32,0.18726249691098928,0.006830238610167405,0.0860297679901123
19,32,0.1808609935793687,0.006401503331620595,0.10403728485107422
20,32,0.17467985361475835,0.006181139964610338,0.08803081512451172
21,32,0.16881693785332821,0.0058629157614301375,0.07902836799621582
22,32,0.16324422893707047,0.005572708916257746,0.09103202819824219
23,32,0.15780676770108668,0.005437461235983793,0.08202934265136719
24,32,0.15261127236722546,0.005195495333861211,0.08202862739562988
25,32,0.14752856972204012,0.005082702645185344,0.08102893829345703
26,32,0.14270190162245522,0.004826668099584902,0.08202934265136719
27,32,0.13798649024895646,0.004715411373498762,0.07402586936950684
28,32,0.13345655257051642,0.004529937678440038,0.08302974700927734
29,32,0.12908390858633953,0.004372643984176888,0.08202934265136719
30,32,0.12483662292784588,0.004247285658493652,0.08002781867980957
31,32,0.12059313086369498,0.004243492064150894,0.08303022384643555
32,32,0.1166198101021688,0.003973320761526178,0.08503031730651855
33,32,0.1127109350213273,0.003908875080841506,0.09103155136108398
34,32,0.10910271666944027,0.0036082183518870298,0.0770273208618164
35,32,0.105426575882699,0.0036761407867412638,0.08603072166442871
36,32,0.1019434216008945,0.0034831542818045125,0.08503007888793945
37,32,0.09851335035637021,0.0034300712445242826,0.09603381156921387
38,32,0.09515439795160835,0.0033589524047618613,0.08302903175354004
39,32,0.09200697485357523,0.0031474230980331197,0.08903193473815918
40,32,0.08893438898534937,0.003072585868225855,0.07302546501159668
41,32,0.08597285412675278,0.0029615348585965984,0.08503079414367676
42,32,0.08297765748152001,0.0029951966452327616,0.09003186225891113
43,32,0.08021669498306107,0.0027609624984589465,0.08803129196166992
44,32,0.0774390107782727,0.0027776842047883693,0.08102917671203613
45,32,0.0748144247230481,0.002624586055224601,0.07802772521972656
46,32,0.07228800074451348,0.0025264239785346143,0.08502936363220215
47,32,0.06982092864134094,0.0024670721031725407,0.08002829551696777
48,32,0.06741733451119879,0.002403594130142156,0.08803129196166992
49,32,0.06505854817276652,0.00235878633843227,0.08002805709838867
50,32,0.06282971388745037,0.0022288342853161447,0.08603072166442871
51,32,0.06065136797472157,0.0021783459127288005,0.09003186225891113
52,32,0.058510215233334086,0.0021411527413874865,0.09203267097473145
53,32,0.05650039620443501,0.0020098190288990736,0.08102846145629883
54,32,0.05447390759152106,0.0020264886129139487,0.09003233909606934
55,32,0.052595147640783,0.0018787599507380653,0.08302927017211914
56,32,0.05079148545734246,0.001803662183440538,0.07102537155151367
57,32,0.04892212320754135,0.0018693622498011098,0.07702755928039551
58,32,0.0472419421527196,0.0016801810548217472,0.08002853393554688
59,32,0.045659608810886064,0.001582333341833539,0.08302879333496094
60,32,0.04405404719397087,0.001605561616915191,0.09003281593322754
61,32,0.0425312135537917,0.0015228336401791748,0.09003162384033203
62,32,0.04106974766843698,0.0014614658853547152,0.0930323600769043
63,32,0.03973527779718014,0.0013344698712568423,0.07602691650390625
64,32,0.038338088493963536,0.0013971893032166047,0.09503388404846191
65,32,0.03712867158041759,0.001209416913545945,0.08002805709838867
66,32,0.035895820019174025,0.0012328515612435656,0.08302950859069824
67,32,0.0347491137852723,0.0011467062339017287,0.08703112602233887
68,32,0.033558985885148024,0.0011901279001242729,0.08102893829345703
69,32,0.032537561365064575,0.0010214245200834485,0.08703112602233887
70,32,0.03148367707829245,0.0010538842867721249,0.09403300285339355
71,32,0.03051548246929253,0.000968194608999922,0.08002853393554688
72,32,0.029502239438112487,0.0010132430311800417,0.08002853393554688
73,32,0.02870658355426382,0.0007956558838486671,0.07602643966674805
74,32,0.027767330027100714,0.0009392535271631058,0.08002805709838867
75,32,0.02692916332109069,0.0008381667060100226,0.0770273208618164
76,32,0.02614969398233701,0.0007794693387536827,0.07202577590942383
77,32,0.025410912063142114,0.0007387819191948947,0.0840296745300293
78,32,0.02464353092628616,0.0007673811368559547,0.08703112602233887
79,32,0.02394632634241134,0.0006972045838748199,0.10303616523742676
80,32,0.023260541577738793,0.0006857847646725458,0.09003090858459473
81,32,0.022629341639747672,0.0006311999379911212,0.07202553749084473
82,32,0.022014677016572518,0.0006146646231751547,0.08202934265136719
83,32,0.021443670700219544,0.000571006316352974,0.09003210067749023
84,32,0.020840446940961887,0.0006032237592576567,0.08102941513061523
85,32,0.02033830566374077,0.0005021412772211152,0.07202458381652832
86,32,0.019791243169245055,0.0005470624944957161,0.08903145790100098
87,32,0.019298944040201604,0.0004922991290434511,0.08703112602233887
88,32,0.01882521198025312,0.0004737320599484847,0.07202553749084473
89,32,0.018356160959228873,0.0004690510210242464,0.07902812957763672
90,32,0.0179114437460984,0.00044471721313047233,0.07802724838256836
91,32,0.017474973822986198,0.0004364699231122031,0.0840303897857666
92,32,0.017086931059814313,0.00038804276317188496,0.0930328369140625
93,32,0.016685801193075764,0.00040112986673854906,0.08302927017211914
94,32,0.01630549607480961,0.00038030511826615473,0.07802748680114746
95,32,0.015930711521915244,0.00037478455289436524,0.07902836799621582
96,32,0.015605257548899814,0.00032545397301543023,0.07902789115905762
97,32,0.015246751263145019,0.0003585062857547946,0.09703397750854492
98,32,0.014916590647771955,0.0003301606153730645,0.08503103256225586
99,32,0.01460452401608398,0.00031206663168797423,0.08803057670593262
100,32,0.014307828159706498,0.0002966958563774824,0.07702755928039551
101,32,0.013991491324056617,0.0003163368356498813,0.07902812957763672
102,32,0.013720459775702859,0.00027103154835375794,0.08903121948242188
103,32,0.01345474515851079,0.0002657146171920685,0.08202910423278809
104,32,0.013181698677892035,0.0002730464806187556,0.07402610778808594
105,32,0.012917644079689953,0.0002640545982020813,0.08303117752075195
106,32,0.012667985569516366,0.00024965851017358723,0.11904096603393555
107,32,0.012438219040632248,0.0002297665288841181,0.08603024482727051
108,32,0.012207664083689451,0.0002305549569427967,0.08503055572509766
109,32,0.011962129202650183,0.00024553488103926796,0.09603404998779297
110,32,0.011757750664731826,0.00020437853791835728,0.08402895927429199
111,32,0.011542521620867774,0.0002152290438640521,0.09503412246704102
112,32,0.011331940506352112,0.0002105811145156622,0.08202886581420898
113,32,0.011141319198279896,0.0001906213080722155,0.07802867889404297
114,32,0.010948702711506154,0.00019261648677374246,0.07602620124816895
115,32,0.0107542155707382,0.00019448714076795298,0.08002853393554688
116,32,0.010572087924546477,0.00018212764619172407,0.09203338623046875
117,32,0.010402135614475066,0.0001699523100714105,0.0770263671875
118,32,0.010230591933412308,0.00017154368106275797,0.08903074264526367
119,32,0.010065109299665148,0.00016548263374716043,0.08203125
120,32,0.009888368378266354,0.00017674092139879395,0.08302807807922363
121,32,0.009735387318704108,0.0001529810595622457,0.0840294361114502
122,32,0.009584971790900454,0.00015041552780365418,0.07202553749084473
123,32,0.009434173452477395,0.00015079833842305927,0.07902812957763672
124,32,0.00928980757387101,0.0001443658786063843,0.08803129196166992
125,32,0.0091461578770329,0.00014364969683811069,0.07902789115905762
126,32,0.009002124975350771,0.0001440329016821288,0.08503079414367676
127,32,0.00887217964521948,0.00012994533013129146,0.08302879333496094
128,32,0.008736061384710907,0.00013611826050857236,0.09103178977966309
129,32,0.008608646092894063,0.00012741529181684377,0.0840306282043457
130,32,0.008492331297020428,0.0001163147958736354,0.08503150939941406
131,32,0.008359430876391178,0.0001329004206292502,0.08302760124206543
132,32,0.00824704615727321,0.00011238471911796839,0.07902789115905762
133,32,0.008127936188512567,0.00011910996876064207,0.08202838897705078
134,32,0.008019695186786439,0.00010824100172612816,0.07902860641479492
135,32,0.007909429033382119,0.00011026615340431999,0.08002877235412598
136,32,0.00779949174400165,0.0001099372893804693,0.08703017234802246
137,32,0.007695654785493389,0.00010383695850826099,0.0840296745300293
138,32,0.007594670359553261,0.00010098442594012793,0.08202958106994629
139,32,0.00748817304900678,0.00010649731054648056,0.07602643966674805
140,32,0.007399959628607824,8.821342039895628e-05,0.11104321479797363
141,32,0.00730186494580597,9.809468280185408e-05,0.0880274772644043
142,32,0.007207597494760359,9.426745104561089e-05,0.08703088760375977
143,32,0.007112820861617696,9.477663314266284e-05,0.09003186225891113
144,32,0.007027822168311104,8.499869330659202e-05,0.08503127098083496
145,32,0.006938519324070181,8.930284424092313e-05,0.06902313232421875
146,32,0.006853918641519902,8.46006825502791e-05,0.08302950859069824
147,32,0.006768349621614272,8.556901990562985e-05,0.07302594184875488
148,32,0.006690474500911395,7.78751207028772e-05,0.08503055572509766
149,32,0.00660960306678052,8.087143413087507e-05,0.07802772521972656
150,32,0.006527896266726946,8.17068000535737e-05,0.08302927017211914
151,32,0.006454245233643715,7.36510330832307e-05,0.10703778266906738
152,32,0.006373968839232641,8.027639441107477e-05,0.09003210067749023
153,32,0.0063031015518142585,7.086728741838213e-05,0.0840294361114502
154,32,0.00622844967504286,7.465187677139877e-05,0.07602691650390625
155,32,0.006162954086903483,6.54955881393771e-05,0.0840299129486084
156,32,0.0060886326219505545,7.432146495292818e-05,0.08903169631958008
157,32,0.006025849140397358,6.278348155319691e-05,0.08803176879882812
158,32,0.0059574421823278744,6.840695806948315e-05,0.07402610778808594
159,32,0.005888706648627042,6.873553370083212e-05,0.08302903175354004
160,32,0.0058284661354264244,6.0240513200617886e-05,0.08903169631958008
161,32,0.005762904377082701,6.556175834372333e-05,0.0840301513671875
162,32,0.005701528179501606,6.137619758109485e-05,0.08302903175354004
163,32,0.005646213076860559,5.531510264104693e-05,0.08703088760375977
164,32,0.005582918954050084,6.329412281047553e-05,0.07602787017822266
165,32,0.0055226724891161375,6.024646493394629e-05,0.07902717590332031
166,32,0.005469969227719544,5.2703261396593905e-05,0.08903121948242188
167,32,0.005410664437063547,5.930479065599688e-05,0.10804033279418945
168,32,0.005356729559769685,5.393487729386196e-05,0.0860285758972168
169,32,0.0053023383648409935,5.439119492869123e-05,0.09003186225891113
170,32,0.005249112155235542,5.3226209605451887e-05,0.0840296745300293
171,32,0.005196561036758463,5.255111847707848e-05,0.09903645515441895
172,32,0.00514250428320586,5.405675355260337e-05,0.08402872085571289
173,32,0.00509557634756096,4.692793564489966e-05,0.0770273208618164
174,32,0.0050455474358221345,5.0028911738825635e-05,0.09603404998779297
175,32,0.004998048378514464,4.749905730767022e-05,0.09503340721130371
176,32,0.0049492027517937295,4.884562672073482e-05,0.08803129196166992
177,32,0.004902478733459826,4.6724018333903564e-05,0.10303831100463867
178,32,0.004857181218209338,4.529751525048781e-05,0.07402467727661133
179,32,0.004809155433163555,4.802578504578287e-05,0.08102869987487793
180,32,0.0047649744440356944,4.418098912786078e-05,0.10603713989257812
181,32,0.004722872201289812,4.2102242745882014e-05,0.09203338623046875
182,32,0.0046782184098529715,4.4653791436840944e-05,0.09803414344787598
183,32,0.004635984142871827,4.223426698114416e-05,0.07402634620666504
184,32,0.004593315376868387,4.266876600344041e-05,0.07102513313293457
185,32,0.004554103100831112,3.921227603727491e-05,0.08202886581420898
186,32,0.004511575043910521,4.252805692059065e-05,0.08102917671203613
187,32,0.004472648141514087,3.892690239643438e-05,0.08803176879882812
188,32,0.00443482723494526,3.7820906568826994e-05,0.08202910423278809
189,32,0.0043973054165359245,3.752181840933552e-05,0.07602667808532715
190,32,0.004357231351605151,4.007406493077362e-05,0.08502912521362305
191,32,0.004318724758129313,3.85065934758377e-05,0.09003305435180664
192,32,0.004283563978705471,3.5160779423842534e-05,0.09103226661682129
193,32,0.004243823562071405,3.97404166340657e-05,0.0930323600769043
194,32,0.0042139181783899075,2.9905383681497373e-05,0.09203267097473145
195,32,0.004176349249477921,3.756892891198637e-05,0.08803105354309082
196,32,0.004141945004944732,3.440424453318887e-05,0.08703041076660156
197,32,0.004107340133156289,3.460487178844323e-05,0.08002877235412598
198,32,0.00407445071191019,3.288942124609912e-05,0.08002877235412598
199,32,0.004040317664806604,3.4133047103586216e-05,0.09003210067749023
200,32,0.00400779671988196,3.252094492464403e-05,0.09803414344787598
