1,24,1.7036361653696408,Nan,0.08202838897705078
2,24,0.7317918325689706,0.9718443328006702,0.08102989196777344
3,24,0.5027291398834098,0.2290626926855608,0.08702969551086426
4,24,0.4190492652017962,0.08367987468161364,0.08703088760375977
5,24,0.3725530242716724,0.04649624093012378,0.08002853393554688
6,24,0.3405692670494318,0.031983757222240616,0.08102846145629883
7,24,0.31716488039290364,0.023404386656528164,0.08503031730651855
8,24,0.2984474796632474,0.01871740072965622,0.0840299129486084
9,24,0.2830086905847896,0.015438789078457804,0.08002781867980957
10,24,0.26981375324116513,0.01319493734362448,0.0820305347442627
11,24,0.25819884037429636,0.011614912866868776,0.0930333137512207
12,24,0.24795887170528824,0.010239968669008115,0.09503316879272461
13,24,0.23871367585591294,0.009245195849375304,0.0860297679901123
14,24,0.2302383098073981,0.008475366048514843,0.08503007888793945
15,24,0.2224174549972469,0.007820854810151184,0.08102893829345703
16,24,0.2150150079026141,0.007402447094632808,0.10003542900085449
17,24,0.20807587228376756,0.0069391356188465425,0.09403324127197266
18,24,0.2015936756083234,0.0064821966754441684,0.09103202819824219
19,24,0.1955756073478948,0.006018068260428583,0.08202886581420898
20,24,0.18981184827333147,0.005763759074563335,0.08803153038024902
21,24,0.18430939177051187,0.005502456502819608,0.07402634620666504
22,24,0.17899007807401093,0.0053193136965009324,0.08102846145629883
23,24,0.17388196213340218,0.005108115940608754,0.08302950859069824
24,24,0.16903462438759478,0.004847337745807395,0.08302974700927734
25,24,0.16431829549202864,0.004716328895566141,0.0750269889831543
26,24,0.1597898751920597,0.004528420299968944,0.0840296745300293
27,24,0.1553070954131809,0.004482779778878787,0.07902741432189941
28,24,0.15102209836583247,0.004284997047348443,0.08203005790710449
29,24,0.14671666695821015,0.004305431407622323,0.09003090858459473
30,24,0.14259570735422047,0.004120959603989671,0.08803129196166992
31,24,0.13857149025848645,0.004024217095734028,0.08202886581420898
32,24,0.1347192129628225,0.003852277295663953,0.07402610778808594
33,24,0.13083780798214403,0.00388140498067846,0.09503483772277832
34,24,0.12716486711393704,0.003672940868206992,0.08302903175354004
35,24,0.12343713603067127,0.0037277310832657673,0.10103583335876465
36,24,0.1199873019729487,0.0034498340577225756,0.08703041076660156
37,24,0.11659357785670595,0.0033937241162427523,0.08102941513061523
38,24,0.11316097631457854,0.003432601542127406,0.07802677154541016
39,24,0.10986155938272449,0.0032994169318540517,0.0840303897857666
40,24,0.10667437475851992,0.0031871846242045726,0.08102869987487793
41,24,0.10364380436526104,0.00303057039325888,0.09103178977966309
42,24,0.1007989697073671,0.002844834657893938,0.08102917671203613
43,24,0.09783231441608885,0.00296665529127825,0.0860300064086914
44,24,0.09504696140489118,0.002785353011197672,0.08302950859069824
45,24,0.09229073599404232,0.002756225410848856,0.08102869987487793
46,24,0.08966465965336697,0.002626076340675354,0.0840301513671875
47,24,0.08713329259560189,0.002531367057765077,0.07602643966674805
48,24,0.08460851737552068,0.00252477522008121,0.09203267097473145
49,24,0.08219872108152644,0.0024097962939942374,0.09603452682495117
50,24,0.07969387671486898,0.0025048443666574605,0.1360492706298828
51,24,0.07735125616785478,0.0023426205470142014,0.0930318832397461
52,24,0.07503262037326666,0.002318635794588117,0.08903217315673828
53,24,0.07279483899897472,0.002237781374291939,0.08102798461914062
54,24,0.07060964771715755,0.00218519128181717,0.08803081512451172
55,24,0.06846623842350462,0.002143409293652934,0.0750284194946289
56,24,0.06634678882123395,0.0021194496022706732,0.08302760124206543
57,24,0.06436189799569547,0.001984890825538474,0.08002972602844238
58,24,0.06242422903464599,0.0019376689610494796,0.07802653312683105
59,24,0.060534877427430314,0.001889351607215678,0.08202910423278809
60,24,0.058579350715841756,0.001955526711588558,0.08002829551696777
61,24,0.0568305654451251,0.0017487852707166532,0.07102489471435547
62,24,0.05497149514584718,0.0018590702992779262,0.08703207969665527
63,24,0.05327444830486043,0.0016970468409867462,0.08702993392944336
64,24,0.051669858396053314,0.0016045899088071164,0.08903169631958008
65,24,0.0499651514692232,0.001704706926830113,0.0840294361114502
66,24,0.048414131213741544,0.0015510202554816568,0.08703136444091797
67,24,0.04683932112741538,0.0015748100863261644,0.07802748680114746
68,24,0.04542321662037549,0.0014161045070398906,0.08202862739562988
69,24,0.04395759568168697,0.0014656209386885166,0.08002853393554688
70,24,0.04262701064263555,0.001330585039051424,0.07402682304382324
71,24,0.041182864235121415,0.0014441464075141339,0.07802748680114746
72,24,0.03998404672496359,0.0011988175101578236,0.0840299129486084
73,24,0.03876474345187572,0.0012193032730878697,0.08302879333496094
74,24,0.0374977192629806,0.0012670241888951203,0.08503079414367676
75,24,0.03637697329660031,0.0011207459663802946,0.07602643966674805
76,24,0.035261708332903006,0.0011152649636973003,0.07802796363830566
77,24,0.03416698006913066,0.0010947282637723474,0.07802748680114746
78,24,0.03317125830587677,0.0009957217632538887,0.07702803611755371
79,24,0.03220523266248743,0.0009660256433893372,0.08302950859069824
80,24,0.031187807135707277,0.0010174255267801566,0.08903050422668457
81,24,0.030349004897288978,0.0008388022384182986,0.0910332202911377
82,24,0.02945616397879679,0.0008928409184921875,0.08302855491638184
83,24,0.028578346341171047,0.0008778176376257434,0.08803153038024902
84,24,0.027796626154502683,0.0007817201866683644,0.08102869987487793
85,24,0.027000005859669975,0.0007966202948327082,0.09703421592712402
86,24,0.02627776568988338,0.0007222401697865935,0.09703493118286133
87,24,0.025486778092189608,0.0007909875976937729,0.0860297679901123
88,24,0.02486739126139913,0.0006193868307904776,0.08903169631958008
89,24,0.024215558586134153,0.0006518326752649774,0.0770273208618164
90,24,0.02356451093642549,0.0006510476497086637,0.0770273208618164
91,24,0.02296390757493844,0.0006006033614870503,0.08303046226501465
92,24,0.022371354438787835,0.0005925531361506038,0.08502984046936035
93,24,0.021838854056444357,0.000532500382343478,0.08603048324584961
94,24,0.021289454529654573,0.0005493995267897844,0.07902812957763672
95,24,0.02075741818936711,0.0005320363402874645,0.08803105354309082
96,24,0.020269049299796196,0.0004883688895709129,0.0930333137512207
97,24,0.019775691891978073,0.0004933574078181228,0.10003519058227539
98,24,0.019353629603177647,0.00042206228880042537,0.09903502464294434
99,24,0.01886683410901407,0.0004867954941635763,0.09403419494628906
100,24,0.01845800477630374,0.00040882933271033095,0.08202838897705078
101,24,0.01805652503389865,0.0004014797424050885,0.07902812957763672
102,24,0.017647754977753557,0.0004087700561450948,0.08302927017211914
103,24,0.01727159529797394,0.00037615967977961545,0.09203267097473145
104,24,0.016898811667818914,0.0003727836301550269,0.07402610778808594
105,24,0.016533012046817352,0.00036579962100156266,0.08202910423278809
106,24,0.016199106625704604,0.00033390542111274776,0.08002877235412598
107,24,0.015867778031282465,0.00033132859442213877,0.07802772521972656
108,24,0.015544921614822339,0.00032285641646012664,0.07102441787719727
109,24,0.015244068614926866,0.00030085299989547273,0.10703849792480469
110,24,0.014926804293116385,0.00031726432181048043,0.10303640365600586
111,24,0.014635848283598369,0.0002909560095180168,0.08202886581420898
112,24,0.014357607875188643,0.0002782404084097252,0.07402729988098145
113,24,0.014095500847113064,0.0002621070280755793,0.0770261287689209
114,24,0.013819349331738935,0.0002761515153741293,0.0840299129486084
115,24,0.013558340703391215,0.0002610086283477194,0.1000356674194336
116,24,0.013316822505492548,0.00024151819789866753,0.10603785514831543
117,24,0.01306699351830916,0.00024982898718338767,0.09903526306152344
118,24,0.012863080194537442,0.00020391332377171778,0.09003210067749023
119,24,0.012611439448929477,0.00025164074560796515,0.09803390502929688
120,24,0.012396261569599366,0.00021517787933011089,0.09703469276428223
121,24,0.012183091582053086,0.00021316998754628003,0.10703778266906738
122,24,0.011977702138458633,0.0002053894435944531,0.10603785514831543
123,24,0.011771763669623231,0.00020593846883540205,0.1000356674194336
124,24,0.011572018519721249,0.00019974514990198262,0.09803438186645508
125,24,0.011391783551185985,0.00018023496853526375,0.09803485870361328
126,24,0.011199964019893245,0.00019181953129274003,0.1020359992980957
127,24,0.011020062816731463,0.0001799012031617822,0.10003542900085449
128,24,0.010847860235530376,0.00017220258120108703,0.09803485870361328
129,24,0.010672447573266585,0.00017541266226379047,0.0840301513671875
130,24,0.010513524019519205,0.0001589235537473796,0.11204123497009277
131,24,0.010354398337023502,0.0001591256824957036,0.08402872085571289
132,24,0.010184651013167406,0.00016974732385609606,0.08202886581420898
133,24,0.010044325344179842,0.00014032566898756343,0.08502936363220215
134,24,0.00989212110818533,0.00015220423599451166,0.0840296745300293
135,24,0.009746341174997558,0.00014577993318777224,0.0840306282043457
136,24,0.009604847275609658,0.00014149389938790044,0.09003090858459473
137,24,0.00946525265780193,0.00013959461780772842,0.09603452682495117
138,24,0.0093311316952829,0.00013412096251902948,0.0840299129486084
139,24,0.009190351517066698,0.00014078017821620228,0.08502984046936035
140,24,0.0090757120792246,0.00011463943784209736,0.08202886581420898
141,24,0.008943744255123998,0.0001319678241006022,0.08302974700927734
142,24,0.008820051279723306,0.0001236929754006924,0.09403347969055176
143,24,0.008711504432457414,0.00010854684726589216,0.08903241157531738
144,24,0.008580685762519186,0.00013081866993822772,0.09803390502929688
145,24,0.008470136182784865,0.00011054957973432103,0.0840303897857666
146,24,0.00837013599547473,0.00010000018731013555,0.08102822303771973
147,24,0.008256347704445943,0.00011378829102878622,0.09003186225891113
148,24,0.008149199230088429,0.00010714847435751469,0.0860300064086914
149,24,0.008042877704032104,0.00010632152605632474,0.07702755928039551
150,24,0.007940605258971284,0.00010227244506082027,0.09003210067749023
151,24,0.007840713583970104,9.989167500117947e-05,0.09103202819824219
152,24,0.007741859574294226,9.885400967587794e-05,0.08503031730651855
153,24,0.007655201974557713,8.665759973651346e-05,0.08503007888793945
154,24,0.007558632938360626,9.656903619708647e-05,0.08002853393554688
155,24,0.007465523493010551,9.310944535007547e-05,0.07802772521972656
156,24,0.007375277880452235,9.024561255831579e-05,0.15505504608154297
157,24,0.007287314079638401,8.796380081383358e-05,0.1430501937866211
158,24,0.007202595162776892,8.471891686150958e-05,0.13905096054077148
159,24,0.007116068572610278,8.652659016661346e-05,0.09603333473205566
160,24,0.0070390071751634505,7.706139744682785e-05,0.07602620124816895
161,24,0.006959072549679232,7.99346254842185e-05,0.07302737236022949
162,24,0.0068759720015805215,8.310054809871053e-05,0.08402895927429199
163,24,0.0068020248436369,7.394715794362128e-05,0.09003162384033203
164,24,0.0067219732419206675,8.005160171623265e-05,0.08502960205078125
165,24,0.0066470514099240645,7.492183199660305e-05,0.11204028129577637
166,24,0.0065766049678627906,7.044644206127392e-05,0.09003186225891113
167,24,0.006504835980277593,7.176898758519748e-05,0.08302927017211914
168,24,0.006435003970347514,6.983200993007904e-05,0.08202862739562988
169,24,0.006363485718876208,7.151825147130603e-05,0.08303022384643555
170,24,0.006295526058899916,6.795965997629175e-05,0.08903098106384277
171,24,0.006231338559618135,6.418749928178112e-05,0.08202981948852539
172,24,0.0061653094704855575,6.602908913257762e-05,0.0930321216583252
173,24,0.006100750479328615,6.455899115694226e-05,0.08002829551696777
174,24,0.006033009714552794,6.774076477582096e-05,0.08803105354309082
175,24,0.0059803557656282055,5.265394892458881e-05,0.08102941513061523
176,24,0.005916414036288519,6.394172933968639e-05,0.0840296745300293
177,24,0.005859063226539133,5.735080974938588e-05,0.09603357315063477
178,24,0.005798718278211626,6.034494832750717e-05,0.091033935546875
179,24,0.0057413460758239535,5.737220238767257e-05,0.11003804206848145
180,24,0.005685909517606805,5.5436558217148574e-05,0.11103940010070801
181,24,0.005623578682637096,6.233083496970902e-05,0.09703397750854492
182,24,0.005575946780895306,4.763190174178998e-05,0.09603404998779297
183,24,0.005518226754661141,5.7720026234164834e-05,0.11103987693786621
184,24,0.005466522324819711,5.170442984143032e-05,0.10703730583190918
185,24,0.00541652694069357,4.9995384126140345e-05,0.08503103256225586
186,24,0.005364459165403704,5.206777528986642e-05,0.07502627372741699
187,24,0.0053129147947236725,5.154437068003153e-05,0.0840291976928711
188,24,0.005264715401360511,4.8199393363161126e-05,0.07402658462524414
189,24,0.005216679813615469,4.803558774504196e-05,0.08502984046936035
190,24,0.005169261674216779,4.74181393986901e-05,0.08703088760375977
191,24,0.005121851223520935,4.7410450695844694e-05,0.08503031730651855
192,24,0.005077605965198018,4.4245258322916925e-05,0.07902789115905762
193,24,0.0050299245379971,4.768142720091781e-05,0.08703160285949707
194,24,0.004983099804535,4.682473346210008e-05,0.08202838897705078
195,24,0.0049418476357294076,4.12521688055922e-05,0.0840296745300293
196,24,0.00489879490156785,4.305273416155796e-05,0.07602715492248535
197,24,0.0048562438076425515,4.255109392529814e-05,0.08903169631958008
198,24,0.004811121156142855,4.5122651499696076e-05,0.07902789115905762
199,24,0.004771707038426856,3.941411771599904e-05,0.0680246353149414
200,24,0.0047316312054383825,4.0075832988473864e-05,0.07802748680114746
