1,16,1.7654623206366191,Nan,0.08202958106994629
2,16,0.7550803907215595,1.0103819299150596,0.09903526306152344
3,16,0.49616237289526244,0.2589180178262971,0.08903098106384277
4,16,0.40946373546665366,0.08669863742860878,0.07802867889404297
5,16,0.36436060832982714,0.045103127136826515,0.08002758026123047
6,16,0.33455376665700565,0.029806841672821494,0.07802772521972656
7,16,0.3124870259992101,0.02206674065779557,0.08202862739562988
8,16,0.29486562506380404,0.01762140093540604,0.08503127098083496
9,16,0.28021183457564225,0.014653790488161789,0.09203147888183594
10,16,0.26726911902766337,0.012942715547978878,0.07402634620666504
11,16,0.2561005881394852,0.011168530888178152,0.08503150939941406
12,16,0.24611263442784548,0.009987953711639741,0.09403252601623535
13,16,0.23697523577985438,0.009137398647991096,0.0860300064086914
14,16,0.22856489340351385,0.00841034237634053,0.08603096008300781
15,16,0.22084170084616,0.007723192557353847,0.08503007888793945
16,16,0.21364675466479224,0.007194946181367762,0.09003210067749023
17,16,0.20688600482588465,0.006760749838907593,0.08502984046936035
18,16,0.20052115712314844,0.006364847702736209,0.07102513313293457
19,16,0.19457801850512624,0.0059431386180222034,0.07202577590942383
20,16,0.1889470708133145,0.005630947691811744,0.08603072166442871
21,16,0.18361461120234293,0.005332459610971563,0.09703397750854492
22,16,0.17850151810456405,0.005113093097778881,0.08502984046936035
23,16,0.17366819608617912,0.0048333220183849335,0.0750269889831543
24,16,0.1689869908785278,0.004681205207651307,0.07602667808532715
25,16,0.16446156042035331,0.004525430458174495,0.08503031730651855
26,16,0.16011004111814228,0.004351519302211032,0.0930335521697998
27,16,0.15585734000937504,0.004252701108767243,0.09203219413757324
28,16,0.1517859542615373,0.004071385747837747,0.09703469276428223
29,16,0.14779919318177484,0.003986761079762452,0.07802724838256836
30,16,0.14382869125851852,0.00397050192325632,0.07102489471435547
31,16,0.14012299594469368,0.003705695313824836,0.08503055572509766
32,16,0.13655846187082882,0.0035645340738648668,0.08102846145629883
33,16,0.13312863433648917,0.0034298275343396523,0.0680243968963623
34,16,0.129833594980565,0.0032950393559241786,0.08703017234802246
35,16,0.12662973140620373,0.0032038635743612542,0.08202958106994629
36,16,0.12346003826876933,0.0031696931374343984,0.07102489471435547
37,16,0.12049558549188077,0.00296445277688856,0.07702827453613281
38,16,0.11767356451177462,0.0028220209801061574,0.08102822303771973
39,16,0.11479413105090233,0.0028794334608722855,0.08002829551696777
40,16,0.11212168932384388,0.0026724417270584527,0.0840294361114502
41,16,0.10949090152809565,0.0026307877957482267,0.07902836799621582
42,16,0.10687434601343491,0.002616555514660737,0.0770270824432373
43,16,0.10434268914501775,0.0025316568684171648,0.08502984046936035
44,16,0.10188765836540949,0.0024550307796082638,0.08202958106994629
45,16,0.09950585424138064,0.002381804124028844,0.0840296745300293
46,16,0.0971724483057518,0.002333405935628849,0.08302927017211914
47,16,0.09484193245456977,0.002330515851182019,0.0840311050415039
48,16,0.09258890607055616,0.0022530263840136178,0.08402848243713379
49,16,0.09048006308942357,0.0021088429811325915,0.07502627372741699
50,16,0.0883540025150234,0.0021260605744001654,0.08002877235412598
51,16,0.08629319128919054,0.002060811225832862,0.07302594184875488
52,16,0.08424299629405141,0.002050194995139129,0.08703088760375977
53,16,0.08224833578887311,0.0019946605051782973,0.0840299129486084
54,16,0.0804765871302648,0.0017717486586083103,0.0770273208618164
55,16,0.07860692074014382,0.0018696663901209831,0.08102822303771973
56,16,0.07674654221839526,0.0018603785217485569,0.08202958106994629
57,16,0.07500866991044446,0.0017378723079508052,0.0680246353149414
58,16,0.07329975745894692,0.0017089124514975407,0.07502579689025879
59,16,0.07155662125230512,0.0017431362066417933,0.07302594184875488
60,16,0.06989294644021853,0.0016636748120865963,0.07602691650390625
61,16,0.06830765658312223,0.0015852898570963003,0.06902456283569336
62,16,0.06669611240398478,0.0016115441791374474,0.07502603530883789
63,16,0.06510143587365746,0.001594676530327313,0.07202672958374023
64,16,0.06364398479292338,0.0014574510807340846,0.0840291976928711
65,16,0.06217775566884401,0.0014662291240793712,0.07402610778808594
66,16,0.06074289165818217,0.0014348640106618404,0.07102560997009277
67,16,0.0592584999341687,0.0014843917240134688,0.07802820205688477
68,16,0.05796696330336007,0.0012915366308086304,0.07602596282958984
69,16,0.056653656319461086,0.0013133069838989833,0.07802748680114746
70,16,0.05525173598223112,0.0014019203372299671,0.07802796363830566
71,16,0.05401275565170429,0.0012389803305268288,0.08202981948852539
72,16,0.05277001502161676,0.0012427406300875299,0.07802677154541016
73,16,0.051592762994749304,0.0011772520268674563,0.08102893829345703
74,16,0.0503984083506194,0.0011943546441299038,0.07802796363830566
75,16,0.04914454733741216,0.0012538610132072428,0.08202958106994629
76,16,0.048125555072064424,0.0010189922653477332,0.08102774620056152
77,16,0.04709393611516465,0.0010316189568997727,0.07902765274047852
78,16,0.04598061304370111,0.0011133230714635428,0.07002592086791992
79,16,0.04491188942285424,0.0010687236208468676,0.08002829551696777
80,16,0.043884412554854695,0.0010274768679995466,0.07502579689025879
81,16,0.042975627573799684,0.0009087849810550108,0.07802796363830566
82,16,0.04191926575731486,0.001056361816484823,0.07902789115905762
83,16,0.041014114818112415,0.0009051509392024454,0.08102869987487793
84,16,0.04008333855943585,0.0009307762586765675,0.08303022384643555
85,16,0.039164450940337374,0.000918887619098474,0.08302855491638184
86,16,0.038237792905420065,0.000926658034917309,0.07902860641479492
87,16,0.03751003316772932,0.0007277597376907433,0.08002829551696777
88,16,0.03658651099116965,0.0009235221765596727,0.0750267505645752
89,16,0.035766061204908925,0.0008204497862607241,0.08703064918518066
90,16,0.03496051643213088,0.0008055447727780482,0.07902836799621582
91,16,0.03416850842239166,0.0007920080097392201,0.11504030227661133
92,16,0.03347159454345026,0.0006969138789413992,0.08202886581420898
93,16,0.03266808749388226,0.0008035070495679975,0.08202958106994629
94,16,0.03193274316039275,0.0007353443334895127,0.08102798461914062
95,16,0.03127154775641181,0.0006611954039809353,0.0840301513671875
96,16,0.030560994954695078,0.0007105528017167344,0.07802796363830566
97,16,0.02989225677976554,0.0006687381749295382,0.07602691650390625
98,16,0.029229723911901765,0.0006625328678637743,0.08302950859069824
99,16,0.02858921251556074,0.0006405113963410258,0.07902741432189941
100,16,0.027976310007612814,0.0006129025079479253,0.08302950859069824
101,16,0.027411175658926368,0.0005651343486864462,0.08302974700927734
102,16,0.02680474540366876,0.0006064302552576083,0.07702779769897461
103,16,0.026226340189830145,0.0005784052138386141,0.07302522659301758
104,16,0.025666664058173246,0.0005596761316568992,0.0840294361114502
105,16,0.025176790172488174,0.0004898738856850722,0.07802820205688477
106,16,0.024633214047009296,0.0005435761254788778,0.08202886581420898
107,16,0.02413867529354651,0.0004945387534627879,0.0840296745300293
108,16,0.02364859233652665,0.0004900829570198585,0.08503031730651855
109,16,0.023189553715796632,0.0004590386207300179,0.07602691650390625
110,16,0.022689572731244632,0.0004999809845519995,0.07802724838256836
111,16,0.02225262523014945,0.00043694750109518274,0.07002520561218262
112,16,0.021848999657033182,0.00040362557311626746,0.07902789115905762
113,16,0.02139270218851214,0.00045629746852104275,0.08202981948852539
114,16,0.021009061003992843,0.0003836411845192962,0.08302855491638184
115,16,0.02060440347783945,0.0004046575261533944,0.07402658462524414
116,16,0.020207543386442758,0.0003968600913966912,0.08102846145629883
117,16,0.019873459373643113,0.00033408401279964514,0.07302713394165039
118,16,0.01945288037479093,0.00042057899885218283,0.0770270824432373
119,16,0.01910785312595015,0.00034502724884077907,0.07202458381652832
120,16,0.01878413367508487,0.00032371945086527923,0.08603048324584961
121,16,0.018435277849097143,0.0003488558259877282,0.08503031730651855
122,16,0.018114007702520626,0.0003212701465765168,0.0840299129486084
123,16,0.017805905261246317,0.00030810244127430983,0.0770268440246582
124,16,0.017501935468647967,0.0003039697925983492,0.08303046226501465
125,16,0.017187803502152252,0.00031413196649571554,0.08002758026123047
126,16,0.016909703315997667,0.0002781001861545847,0.07702755928039551
127,16,0.01661495693472468,0.0002947463812729874,0.08302879333496094
128,16,0.016340763789643956,0.0002741931450807242,0.08603096008300781
129,16,0.016062133950816296,0.0002786298388276591,0.07902836799621582
130,16,0.015815951612735676,0.0002461823380806201,0.0770270824432373
131,16,0.015541340896478769,0.00027461071625690774,0.08102846145629883
132,16,0.015326643897093494,0.00021469699938527452,0.08503031730651855
133,16,0.015051715404049239,0.0002749284930442554,0.07302618026733398
134,16,0.014825281941077927,0.00022643346297131217,0.08102822303771973
135,16,0.01460127786479213,0.000224004076285797,0.0840301513671875
136,16,0.014374397406672042,0.0002268804581200875,0.06602287292480469
137,16,0.014165801228955388,0.00020859617771665402,0.07602739334106445
138,16,0.013959562210154465,0.00020623901880092305,0.0750269889831543
139,16,0.013723961225795474,0.0002356009843589909,0.07802748680114746
140,16,0.013535646052332595,0.00018831517346287914,0.06902480125427246
141,16,0.013349359354999086,0.00018628669733350943,0.0770273208618164
142,16,0.013157246819570322,0.00019211253542876332,0.0840294361114502
143,16,0.012942165411500768,0.0002150814080695545,0.08903145790100098
144,16,0.012776219696123999,0.00016594571537676892,0.08703064918518066
145,16,0.012593028381657363,0.00018319131446663597,0.07402658462524414
146,16,0.012436257241378453,0.00015677114027891,0.07602834701538086
147,16,0.012244977424746718,0.00019127981663173525,0.08102703094482422
148,16,0.012079526138470763,0.00016545128627595482,0.08302927017211914
149,16,0.011915865838421847,0.00016366030004891577,0.07802844047546387
150,16,0.0117509345873259,0.00016493125109594622,0.07902812957763672
151,16,0.011607130867725407,0.00014380371960049342,0.08102798461914062
152,16,0.011453000183047896,0.00015413068467751145,0.08002829551696777
153,16,0.011311170843493363,0.00014182933955453336,0.08203005790710449
154,16,0.011149609130701389,0.00016156171279197405,0.0750265121459961
155,16,0.011009301281195472,0.00014030784950591624,0.0770266056060791
156,16,0.010872813788327303,0.00013648749286816926,0.0770270824432373
157,16,0.010733995285012166,0.00013881850331513672,0.07802820205688477
158,16,0.010598049292721871,0.00013594599229029523,0.07802724838256836
159,16,0.010463061565215785,0.00013498772750608623,0.08903121948242188
160,16,0.010346105062953111,0.00011695650226267382,0.07902884483337402
161,16,0.010217067690312186,0.0001290373726409253,0.08202886581420898
162,16,0.010087002362442117,0.0001300653278700683,0.08302974700927734
163,16,0.009969804285157641,0.00011719807728447634,0.07802772521972656
164,16,0.009855723357759416,0.00011408092739822497,0.07802772521972656
165,16,0.00973108449993147,0.00012463885782794566,0.07902765274047852
166,16,0.009620044652944092,0.00011103984698737808,0.08903121948242188
167,16,0.009506830159807578,0.00011321449313651463,0.07902836799621582
168,16,0.009406320515236903,0.00010050964457067497,0.0770270824432373
169,16,0.009293492375449701,0.00011282813978720149,0.08703064918518066
170,16,0.009187469264196063,0.00010602311125363847,0.07602715492248535
171,16,0.009089600392723118,9.786887147294511e-05,0.09003162384033203
172,16,0.008975859956329012,0.00011374043639410594,0.07602739334106445
173,16,0.00889364715178751,8.221280454150104e-05,0.08002805709838867
174,16,0.008784127911150625,0.00010951924063688605,0.08102917671203613
175,16,0.008694495376072486,8.9632535078139e-05,0.07802677154541016
176,16,0.008594768174754625,9.97272013178608e-05,0.07702779769897461
177,16,0.00850310120519928,9.166696955534466e-05,0.07602667808532715
178,16,0.008419146700444717,8.395450475456347e-05,0.07802844047546387
179,16,0.008321779737757011,9.736696268770537e-05,0.07902717590332031
180,16,0.008243903864323247,7.787587343376437e-05,0.08603096008300781
181,16,0.008152854843170975,9.104902115227194e-05,0.07302546501159668
182,16,0.008068965873628093,8.388896954288245e-05,0.07902812957763672
183,16,0.007991101907629689,7.786396599840373e-05,0.0750272274017334
184,16,0.00790224061082964,8.886129680004892e-05,0.08102822303771973
185,16,0.007827421561656096,7.481904917354398e-05,0.07602667808532715
186,16,0.00774000028799161,8.742127366448589e-05,0.08202910423278809
187,16,0.007675923055186021,6.40772328055891e-05,0.07802891731262207
188,16,0.007591413707070222,8.450934811579918e-05,0.07302451133728027
189,16,0.007520268844514662,7.114486255555951e-05,0.07702755928039551
190,16,0.007444220326512798,7.604851800186406e-05,0.07602715492248535
191,16,0.0073791557833002034,6.506454321259479e-05,0.08703088760375977
192,16,0.007298494907445274,8.066087585492914e-05,0.07902789115905762
193,16,0.007233127348378978,6.536755906629606e-05,0.0840299129486084
194,16,0.007166459906412373,6.66674419666051e-05,0.0770273208618164
195,16,0.007103720451017249,6.273945539512441e-05,0.07002544403076172
196,16,0.0070305032674117356,7.321718360551316e-05,0.07302498817443848
197,16,0.006969257939172993,6.124532823874231e-05,0.08503031730651855
198,16,0.0068984508014347575,7.080713773823574e-05,0.07802796363830566
199,16,0.006845910238387825,5.254056304693222e-05,0.08202886581420898
200,16,0.006779154785115018,6.675545327280725e-05,0.08803057670593262
