1,44,1.6766882477836176,Nan,0.09403347969055176
2,44,0.6992388079789552,0.9774494398046624,0.09503293037414551
3,44,0.4777566919272596,0.2214821160516956,0.09603381156921387
4,44,0.3955274209041487,0.0822292710231109,0.09703421592712402
5,44,0.3511479071934115,0.04437951371073723,0.08703112602233887
6,44,0.3214482194320722,0.0296996877613393,0.09703469276428223
7,44,0.2987996499816125,0.022648569450459677,0.0910329818725586
8,44,0.28016959046098316,0.01863005952062935,0.09103131294250488
9,44,0.2641949931328947,0.01597459732808848,0.09703421592712402
10,44,0.2502450391819531,0.013949953950941563,0.08603119850158691
11,44,0.23767631289295174,0.01256872628900138,0.09103155136108398
12,44,0.22602459458126264,0.011651718311689097,0.09803438186645508
13,44,0.2152049315416,0.010819663039662641,0.10103607177734375
14,44,0.20505640431391922,0.010148527227680781,0.11204004287719727
15,44,0.19570155695758082,0.009354847356338403,0.09003186225891113
16,44,0.18702155114574867,0.008680005811832148,0.08903384208679199
17,44,0.17900973477993498,0.00801181636581369,0.09603166580200195
18,44,0.17137366435913878,0.007636070420796198,0.09803462028503418
19,44,0.16422115977514873,0.007152504583990055,0.08503055572509766
20,44,0.1573659384369173,0.0068552213382314375,0.09403300285339355
21,44,0.1506596537814899,0.006706284655427386,0.09003186225891113
22,44,0.1440493997017091,0.006610254079780803,0.09403324127197266
23,44,0.13787342988970605,0.0061759698120030515,0.08703088760375977
24,44,0.1320934057743712,0.0057800241153348475,0.09403300285339355
25,44,0.12657643029127608,0.005516975483095127,0.11004018783569336
26,44,0.12140292018143968,0.005173510109836396,0.09203171730041504
27,44,0.1163596418178217,0.005043278363617981,0.09603404998779297
28,44,0.11171722556041046,0.0046424162574112415,0.09903526306152344
29,44,0.10721807308833707,0.004499152472073387,0.09703493118286133
30,44,0.1030301007823172,0.004187972306019874,0.10003423690795898
31,44,0.09886983350257982,0.004160267279737381,0.09303474426269531
32,44,0.09505172905681486,0.0038181044457649554,0.09203195571899414
33,44,0.09123275225812738,0.003818976798687479,0.09803462028503418
34,44,0.0877054651394825,0.0035272871186448757,0.09503412246704102
35,44,0.0843407403127375,0.0033647248267450053,0.09203195571899414
36,44,0.08113443296910687,0.0032063073436306294,0.09103226661682129
37,44,0.0779898074794222,0.003144625489684666,0.08703112602233887
38,44,0.07511424624615094,0.002875561233271262,0.09503316879272461
39,44,0.07221578929403966,0.0028984569521112863,0.09803581237792969
40,44,0.06945985062471167,0.0027559386693279814,0.09003210067749023
41,44,0.06681461475620215,0.002645235868509524,0.09203267097473145
42,44,0.06434687493707646,0.0024677398191256944,0.09003067016601562
43,44,0.06192774130878123,0.0024191336282952253,0.09503364562988281
44,44,0.05959196989847855,0.002335771410302681,0.09103226661682129
45,44,0.0573350775944577,0.0022568923040208466,0.08603096008300781
46,44,0.05528547350232574,0.0020496040921319653,0.0860300064086914
47,44,0.053190160426311195,0.0020953130760145433,0.10503721237182617
48,44,0.05130677117796784,0.001883389248343352,0.09803509712219238
49,44,0.04926462764640085,0.002042143531566995,0.10603737831115723
50,44,0.04751423663798381,0.0017503910084170349,0.09203267097473145
51,44,0.04575597615489228,0.0017582604830915297,0.08703112602233887
52,44,0.043996062722395764,0.0017599134324965196,0.0930330753326416
53,44,0.042457532613876865,0.0015385301085188985,0.09203290939331055
54,44,0.04081520584242588,0.001642326771450986,0.09003186225891113
55,44,0.0394016742515801,0.0014135315908457777,0.08703088760375977
56,44,0.037899492964656514,0.0015021812869235873,0.1360487937927246
57,44,0.03658322276632217,0.0013162701983343433,0.10103535652160645
58,44,0.03521887475455349,0.0013643480117686776,0.09203219413757324
59,44,0.033944633080285384,0.001274241674268109,0.08603048324584961
60,44,0.032748127694834366,0.0011965053854510188,0.09403324127197266
61,44,0.03168457887262444,0.0010635488222099226,0.09603548049926758
62,44,0.030613097341053865,0.0010714815315705783,0.12804388999938965
63,44,0.029525315590118142,0.0010877817509357228,0.09203290939331055
64,44,0.028556593852540987,0.0009687217375771544,0.09103155136108398
65,44,0.02760436918205497,0.0009522246704860189,0.09203267097473145
66,44,0.026749809420752255,0.0008545597613027131,0.0930333137512207
67,44,0.02587749339661307,0.0008723160241391852,0.1000368595123291
68,44,0.025043158696710387,0.0008343346999026835,0.09603285789489746
69,44,0.02427434182027355,0.0007688168764368383,0.08903145790100098
70,44,0.023547945475332777,0.0007263963449407711,0.09103250503540039
71,44,0.022837968633129178,0.0007099768422035996,0.09203243255615234
72,44,0.0221780302553353,0.0006599383777938783,0.09003210067749023
73,44,0.021496078094721517,0.0006819521606137822,0.10003519058227539
74,44,0.020907048464075408,0.0005890296306461096,0.09703397750854492
75,44,0.020318216453729707,0.0005888320103457009,0.0930333137512207
76,44,0.019764408717905593,0.0005538077358241134,0.09103202819824219
77,44,0.019210405451965264,0.0005540032659403296,0.1000359058380127
78,44,0.01869423566809432,0.0005161697838709442,0.09603381156921387
79,44,0.018204335334964773,0.0004899003331295462,0.1000363826751709
80,44,0.017731581661130556,0.00047275367383421696,0.09403228759765625
81,44,0.017286033660639077,0.00044554800049147886,0.09503364562988281
82,44,0.016843503335787154,0.00044253032485192315,0.09803462028503418
83,44,0.016430299496278167,0.0004132038395089875,0.0910332202911377
84,44,0.01604116093155674,0.00038913856472142655,0.09903478622436523
85,44,0.015645412818147717,0.0003957481134090231,0.08803057670593262
86,44,0.015289751767837019,0.0003556610503106985,0.08903193473815918
87,44,0.014920678238426759,0.0003690735294102597,0.0840303897857666
88,44,0.01458313304465264,0.00033754519377411814,0.09203195571899414
89,44,0.014268995868571272,0.000314137176081369,0.09203338623046875
90,44,0.013935475509656086,0.0003335203589151861,0.08803105354309082
91,44,0.01364064747361805,0.00029482803603803585,0.08603048324584961
92,44,0.013344737145499412,0.0002959103281186381,0.09403276443481445
93,44,0.013075054078151217,0.00026968306734819446,0.08503055572509766
94,44,0.012784030965783379,0.0002910231123678386,0.09003090858459473
95,44,0.012535323939201507,0.0002487070265818712,0.09703469276428223
96,44,0.012280517765744165,0.000254806173457342,0.09103274345397949
97,44,0.012027036467440088,0.00025348129830407747,0.08703136444091797
98,44,0.011792925591263074,0.0002341108761770138,0.08903121948242188
99,44,0.01156779510942711,0.00022513048183596396,0.09503316879272461
100,44,0.01134355577365072,0.0002242393357763904,0.0840306282043457
101,44,0.01113710847990164,0.0002064472937490791,0.09003162384033203
102,44,0.010928984977495433,0.00020812350240620794,0.08502984046936035
103,44,0.010721376403869892,0.00020760857362554092,0.08202862739562988
104,44,0.010526993809352543,0.00019438259451734843,0.08903145790100098
105,44,0.010335942621829665,0.00019105118752287854,0.08503055572509766
106,44,0.010156602601372551,0.0001793400204571135,0.08503007888793945
107,44,0.009975991375871341,0.00018061122550121038,0.08503055572509766
108,44,0.009802552429557016,0.00017343894631432523,0.09603404998779297
109,44,0.009639514417027716,0.00016303801252929954,0.09503388404846191
110,44,0.009468494157772511,0.000171020259255205,0.08702993392944336
111,44,0.009322009755785322,0.00014648440198718887,0.08302998542785645
112,44,0.00916716959909536,0.00015484015668996293,0.09003210067749023
113,44,0.009013061747695743,0.0001541078513996163,0.09203410148620605
114,44,0.008862802102653817,0.00015025964504192593,0.09003019332885742
115,44,0.008729958229444244,0.0001328438732095729,0.08903145790100098
116,44,0.008592062097952956,0.00013789613149128854,0.0840296745300293
117,44,0.008457096947081895,0.00013496515087106122,0.07802820205688477
118,44,0.008326884224185382,0.00013021272289651283,0.09003162384033203
119,44,0.008201355577594686,0.00012552864659069567,0.08803105354309082
120,44,0.008076668055516413,0.00012468752207827304,0.09503364562988281
121,44,0.007957271715647286,0.00011939633986912668,0.09603476524353027
122,44,0.00784517820945687,0.00011209350619041658,0.08903145790100098
123,44,0.007724894872146912,0.00012028333730995742,0.08302855491638184
124,44,0.007610189506191422,0.0001147053659554904,0.08703064918518066
125,44,0.007509282256995159,0.00010090724919626336,0.0930337905883789
126,44,0.0074014138795477765,0.00010786837744738206,0.09603357315063477
127,44,0.007295726020608775,0.00010568785893900166,0.08603072166442871
128,44,0.007195465208496898,0.00010026081211187646,0.0930330753326416
129,44,0.007095366774592549,0.0001000984339043498,0.08703088760375977
130,44,0.007007906380088322,8.74603945042263e-05,0.08803057670593262
131,44,0.006910912150157277,9.699422993104511e-05,0.1000363826751709
132,44,0.00681949712717059,9.141502298668728e-05,0.08302855491638184
133,44,0.006731293000153859,8.820412701673105e-05,0.09003305435180664
134,44,0.006641479803048159,8.981319710570004e-05,0.08803081512451172
135,44,0.006556815245527436,8.466455752072308e-05,0.09103178977966309
136,44,0.0064734896917467595,8.332555378067624e-05,0.08703112602233887
137,44,0.0063930076271803546,8.048206456640495e-05,0.08603048324584961
138,44,0.0063147012260742486,7.8306401106106e-05,0.08302927017211914
139,44,0.006237604783646847,7.70964424274016e-05,0.0840294361114502
140,44,0.006159855156015096,7.774962763175061e-05,0.08503103256225586
141,44,0.006085397149118679,7.445800689641693e-05,0.08703017234802246
142,44,0.006011388232846829,7.400891627185047e-05,0.08603096008300781
143,44,0.005942250332075425,6.913790077140401e-05,0.09703373908996582
144,44,0.005872215984378603,7.003434769682192e-05,0.11004018783569336
145,44,0.00580601712201976,6.619886235884314e-05,0.10203695297241211
146,44,0.005738004978576844,6.801214344291564e-05,0.09103035926818848
147,44,0.005669471694008363,6.853328456848159e-05,0.09703445434570312
148,44,0.005607034972688945,6.24367213194173e-05,0.09103202819824219
149,44,0.005541624330693263,6.541064199568243e-05,0.0930333137512207
150,44,0.005483761354381303,5.786297631195977e-05,0.08503031730651855
151,44,0.005421298127409748,6.246322697155485e-05,0.08703064918518066
152,44,0.005362416679748672,5.8881447661075954e-05,0.09703469276428223
153,44,0.005303724262789315,5.869241695935761e-05,0.0910329818725586
154,44,0.005246928486898964,5.679577589035034e-05,0.09003186225891113
155,44,0.0051920987276720225,5.4829759226941895e-05,0.09603309631347656
156,44,0.005135538995752789,5.655973191923385e-05,0.09403324127197266
157,44,0.005081770871501331,5.376812425145726e-05,0.08703112602233887
158,44,0.005031487774844704,5.028309665662707e-05,0.0770268440246582
159,44,0.004978519153982316,5.2968620862388e-05,0.0840299129486084
160,44,0.004925434000059878,5.308515392243862e-05,0.08703136444091797
161,44,0.004875699177236212,4.9734822823666036e-05,0.08903145790100098
162,44,0.004829111563264054,4.658761397215768e-05,0.11103940010070801
163,44,0.004778458451090211,5.065311217384259e-05,0.09103202819824219
164,44,0.0047324721672339365,4.598628385627489e-05,0.0930333137512207
165,44,0.004684605265290223,4.786690194371387e-05,0.10703778266906738
166,44,0.004640725975729187,4.387928956103588e-05,0.11303973197937012
167,44,0.0045942317599176686,4.6494215811518184e-05,0.08803105354309082
168,44,0.004551051425303079,4.318033461458981e-05,0.08803153038024902
169,44,0.004506708431025882,4.434299427719633e-05,0.07902765274047852
170,44,0.0044652694619303065,4.14389690955759e-05,0.09203267097473145
171,44,0.004423570746439509,4.169871549079742e-05,0.08903241157531738
172,44,0.004381292085533708,4.22786609058012e-05,0.08903193473815918
173,44,0.004340280372575348,4.1011712958359536e-05,0.08903098106384277
174,44,0.004301149892853573,3.913047972177539e-05,0.08903121948242188
175,44,0.004261342303255911,3.98075895976617e-05,0.09103226661682129
176,44,0.0042223936655897305,3.894863766618073e-05,0.08703064918518066
177,44,0.004186548254272731,3.5845411316999184e-05,0.07902836799621582
178,44,0.004148077871915038,3.847038235769377e-05,0.0930325984954834
179,44,0.004109347445509312,3.8730426405725674e-05,0.09403371810913086
180,44,0.004074326173973863,3.502127153544917e-05,0.08703088760375977
181,44,0.004039203588035889,3.5122585937973766e-05,0.08502984046936035
182,44,0.004004634108489633,3.456947954625592e-05,0.08503055572509766
183,44,0.003969118247782303,3.551586070732991e-05,0.08803057670593262
184,44,0.003936649794923142,3.2468452859161535e-05,0.08603143692016602
185,44,0.003900810151456178,3.583964346696349e-05,0.08202862739562988
186,44,0.003869340752399611,3.1469399056566986e-05,0.08803081512451172
187,44,0.0038380651411981407,3.127561120147039e-05,0.08703136444091797
188,44,0.0038046713750439017,3.339376615423906e-05,0.0930330753326416
189,44,0.0037730882951026697,3.158307994123198e-05,0.08803105354309082
190,44,0.0037418285792227834,3.125971587988625e-05,0.10303616523742676
191,44,0.0037113634012216194,3.0465178001164075e-05,0.09203267097473145
192,44,0.0036806074898446573,3.075591137696211e-05,0.08903169631958008
193,44,0.0036525394369329497,2.8068052911707584e-05,0.08903169631958008
194,44,0.0036233594523351217,2.917998459782802e-05,0.08703112602233887
195,44,0.0035925501202159053,3.0809332119216375e-05,0.09203219413757324
196,44,0.003565754828741774,2.679529147413132e-05,0.09203290939331055
197,44,0.0035367058563596484,2.9048972382125608e-05,0.0840294361114502
198,44,0.0035102156252833083,2.6490231076340028e-05,0.0840299129486084
199,44,0.0034819747816072777,2.8240843676030636e-05,0.08703064918518066
200,44,0.003455384158852129,2.659062275514861e-05,0.08603024482727051
