2,1,1,0.08803878530859947,0.08803887665271759,0.989648033126294,0.8698257080610022
3,1,1,0.08741971821784973,0.08741968870162964,0.9917184265010351,0.8737480231945176
4,1,1,0.08379829545617104,0.0837983638048172,0.9917184265010351,0.8721643981852149
2,2,1,0.0859903036057949,0.085990771651268,0.9875776397515528,0.8642186165670367
3,2,1,0.08210281162261963,0.08210357278585434,0.9875776397515528,0.8642186165670367
4,2,1,0.0773028574258089,0.07730357348918915,0.9937888198757764,0.855072463768116
2,3,1,0.08376160860061646,0.08376286178827286,0.989648033126294,0.8607226107226107
3,3,1,0.07978547145128251,0.0797870084643364,0.989648033126294,0.8641273450824332
4,3,1,0.07635786450505257,0.0763595849275589,0.9937888198757764,0.8546775658492279
2,4,1,0.0835604502826929,0.08356170356273651,0.9875776397515528,0.8606078316773816
3,4,1,0.07955059541165829,0.0795520693063736,0.989648033126294,0.8636622932116372
4,4,1,0.07469343262910842,0.07469543069601059,0.9937888198757764,0.8520345252774353
2,5,1,0.08347322582006454,0.08347468078136444,0.9875776397515528,0.8602811950790861
3,5,1,0.0787990141928196,0.07880013436079025,0.989648033126294,0.8624460431654676
4,5,1,0.07410246433615685,0.07410375773906708,0.9937888198757764,0.8515769944341373
2,6,1,0.0830083915680647,0.08300964534282684,0.9875776397515528,0.8580779529901815
3,6,1,0.07855931198894978,0.07856031507253647,0.989648033126294,0.861809771610292
4,6,1,0.0739825994849205,0.07398352026939392,0.9937888198757764,0.8518975624807158
2,7,1,0.08366470083892345,0.08366747945547104,0.9875776397515528,0.8568427370948379
3,7,1,0.07856427241265773,0.07856529206037521,0.989648033126294,0.8617698091382302
4,7,1,0.07387970401644707,0.07388158142566681,0.9937888198757764,0.8507462686567164
2,8,1,0.08344956603050233,0.08345193415880203,0.9875776397515528,0.8560217325686689
3,8,1,0.07833436799645424,0.07833535224199295,0.989648033126294,0.8614492753623189
4,8,1,0.07351859048306943,0.07351928949356079,0.9937888198757764,0.8513011152416357
2,9,1,0.08252424816787243,0.08252517879009247,0.9875776397515528,0.8563253012048193
3,9,1,0.07839516779482365,0.07839623093605042,0.989648033126294,0.8610868933449579
4,9,1,0.0630455563083291,0.06304771453142166,0.9917184265010351,0.8366859870439822
2,10,1,0.08498247865438462,0.08498279750347137,0.9875776397515528,0.8576544315129812
3,10,1,0.07794578300714493,0.07794657349586487,0.989648033126294,0.8608037274315666
4,10,1,0.07305111915767193,0.07305192947387695,0.9937888198757764,0.8504206918043004
2,11,1,0.08207631916999816,0.08207717537879944,0.9875776397515528,0.855191256830601
3,11,1,0.07813646534979343,0.07813741266727448,0.989648033126294,0.8606820169046925
4,11,1,0.0730124143898487,0.0730130597949028,0.9937888198757764,0.8506998444790047
2,12,1,0.08190169341415167,0.081902414560318,0.9875776397515528,0.8545288197621226
3,12,1,0.0807911559611559,0.0807914212346077,0.9875776397515528,0.8584569732937686
4,12,1,0.06144363282620907,0.06144499033689499,0.989648033126294,0.8338547097671185
2,13,1,0.08201664799451829,0.0820176750421524,0.9875776397515528,0.854262144821265
3,13,1,0.0658731365069747,0.0658821389079094,0.989648033126294,0.8467457518435396
4,13,1,0.060436988820135595,0.06044485419988632,0.9917184265010351,0.8312191684284708
2,14,1,0.07060833383500575,0.07060889899730682,0.9875776397515528,0.8389057750759878
3,14,1,0.06412849845141172,0.06413043290376663,0.989648033126294,0.8416694269625704
4,14,1,0.08377438596189023,0.08377424627542496,0.9917184265010351,0.871719335832887
2,15,1,0.06989202070981264,0.06989286839962006,0.9875776397515528,0.8380305602716469
3,15,1,0.06381202613264322,0.06381429731845856,0.989648033126294,0.8392737054472091
4,15,1,0.06129906911551952,0.0613001212477684,0.989648033126294,0.8340853870183964
2,16,1,0.07082912175655365,0.07082996517419815,0.9875776397515528,0.8388513513513514
3,16,1,0.05915440507531166,0.059150684624910355,0.9917184265010351,0.8493710691823899
4,16,1,0.058009865844249726,0.05801032856106758,0.9917184265010351,0.8297796730632552
2,17,1,0.08795885261297226,0.08795886486768723,0.989648033126294,0.8687534321801208
3,17,1,0.056206544149667026,0.05620947852730751,0.9855072463768116,0.8357487922705314
4,17,1,0.05816047459617257,0.05816102400422096,0.9937888198757764,0.8285714285714286
2,18,1,0.07003779819160699,0.07003907114267349,0.9875776397515528,0.8355739400206825
3,18,1,0.05520007895827293,0.055201783776283264,0.9875776397515528,0.8307310149041873
4,18,1,0.05793976156637073,0.05794041231274605,0.9917184265010351,0.8280071813285458
2,19,1,0.07060990631729365,0.07061182707548141,0.9875776397515528,0.839609952925353
3,19,1,0.06059087869822979,0.06059226021170616,0.9937888198757764,0.855072463768116
4,19,1,0.057573388171195984,0.05757370591163635,0.9937888198757764,0.8297268534941469
2,20,1,0.08475073354244232,0.08475090563297272,0.9875776397515528,0.8571856287425149
3,20,1,0.0611849382892251,0.06118805706501007,0.9917184265010351,0.851103512589369
4,20,1,0.08377491639256478,0.08377587795257568,0.9917184265010351,0.8716161886893594
2,1,2,0.08675642039477825,0.08675655722618103,0.989648033126294,0.8661814109742442
3,1,2,0.08608721177279949,0.08608727902173996,0.989648033126294,0.8689692982456141
4,1,2,0.08271016727089882,0.08271020650863647,0.9917184265010351,0.8667223149693934
2,2,2,0.08235251501500607,0.08235478401184082,0.989648033126294,0.8643201816633551
3,2,2,0.06758504984974861,0.0675860345363617,0.9875776397515528,0.8526413345690455
4,2,2,0.07518404141664504,0.07518454641103745,0.9917184265010351,0.8405459387483355
2,3,2,0.07843456508219242,0.0784347802400589,0.9917184265010351,0.8663131454088753
3,3,2,0.0639338653549552,0.06393449008464813,0.9875776397515528,0.8538155072019614
4,3,2,0.07153833803534508,0.07153953611850739,0.9937888198757764,0.8546775658492279
2,4,2,0.07665028310269117,0.07665108889341354,0.989648033126294,0.8677365799667958
3,4,2,0.07506069103181362,0.0750628262758255,0.989648033126294,0.8531941031941032
4,4,2,0.05448091067969799,0.054583869874477386,0.9958592132505176,0.8347646856750258
2,5,2,0.07592445101737975,0.07592565566301346,0.9875776397515528,0.8457807953443259
3,5,2,0.0716447621166706,0.0716465413570404,0.9937888198757764,0.8678414096916299
4,5,2,0.047887245067209004,0.04789451137185097,0.9958592132505176,0.813710302091402
2,6,2,0.0745350230962038,0.07453658431768417,0.989648033126294,0.8664058133035215
3,6,2,0.05040549636781216,0.05040932446718216,0.9958592132505176,0.824260138838144
4,6,2,0.04309699903056025,0.04309916868805885,0.9917184265010351,0.8276358402302987
2,7,2,0.07407981924116612,0.07408014684915543,0.9917184265010351,0.8579478054567022
3,7,2,0.046630558792129156,0.04663264751434326,0.9979296066252588,0.8326388888888889
4,7,2,0.03844906864613295,0.03845079243183136,1.0,0.8367691787766137
2,8,2,0.07505481434315443,0.07505634427070618,0.989648033126294,0.8462528144097781
3,8,2,0.06487141809463501,0.0648726299405098,0.9979296066252588,0.8489028213166144
4,8,2,0.036991131776571276,0.03699299693107605,0.9937888198757764,0.8051948051948052
2,9,2,0.07059096369743346,0.07059205323457718,0.9958592132505176,0.8485993075228203
3,9,2,0.05097772768512368,0.05098000913858414,0.9979296066252588,0.8256150506512301
4,9,2,0.03534352769386023,0.03534558415412903,0.9937888198757764,0.8015708970649028
2,10,2,0.05893878522962332,0.058940257877111435,0.9917184265010351,0.8252462604888727
3,10,2,0.04559058237895369,0.04558486491441727,0.9958592132505176,0.8178030303030303
4,10,2,0.027256262482888996,0.02726796641945839,0.9979296066252588,0.7603182496270512
2,11,2,0.056531977654993536,0.05653403326869011,0.989648033126294,0.820839580209895
3,11,2,0.043840694067627195,0.043799735605716705,0.9979296066252588,0.812597200622084
4,11,2,0.03263320226240903,0.03261672332882881,0.9979296066252588,0.7776752767527675
2,12,2,0.060054868887364866,0.0600605271756649,0.9937888198757764,0.8497652582159625
3,12,2,0.04244707015901804,0.04245087876915932,0.9979296066252588,0.815396399846802
4,12,2,0.030835835769027473,0.030838921666145325,0.9958592132505176,0.7675205413243112
2,13,2,0.053506059242784974,0.053559862077236176,0.9979296066252588,0.8345348438036388
3,13,2,0.0502801974080503,0.05028318613767624,0.9979296066252588,0.84970377299657
4,13,2,0.02868851804472506,0.02869044803082943,1.0,0.7586206896551724
2,14,2,0.06775252796411514,0.06775345653295517,1.0,0.856335514574658
3,14,2,0.04198582839742303,0.042000774294137955,0.9958592132505176,0.8187641296156745
4,14,2,0.032759042707830664,0.032771144062280655,0.9937888198757764,0.7558494404883012
2,15,2,0.05265038994848728,0.052785906940698624,0.9979296066252588,0.8326969802152031
3,15,2,0.04318843871578574,0.043189886957407,1.0,0.8380824673147838
4,15,2,0.03150194451129064,0.03146592155098915,1.0,0.7688995215311005
2,16,2,0.06606872248798609,0.06607061624526978,1.0,0.853857791225416
3,16,2,0.03889076109565794,0.03889181837439537,1.0,0.8069544364508393
4,16,2,0.027694635370187463,0.02769395150244236,0.9979296066252588,0.7644183773216031
2,17,2,0.047325397685170176,0.047326959669589996,0.9937888198757764,0.8123534010946052
3,17,2,0.040398777682334186,0.04039721190929413,1.0,0.7973993288590604
4,17,2,0.029152306477352976,0.029257318004965782,1.0,0.7633512983831455
2,18,2,0.04920251327902079,0.04919779673218727,1.0,0.8235938641344047
3,18,2,0.04283994750156998,0.04287416487932205,1.0,0.8013163307280954
4,18,2,0.027984002861753107,0.02799970470368862,1.0,0.775974025974026
2,19,2,0.04683423207178712,0.04683541879057884,1.0,0.8189655172413793
3,19,2,0.038652457995712756,0.03865319862961769,1.0,0.8081810961080222
4,19,2,0.02805058364700526,0.028112493455410004,1.0,0.7624200688637481
2,20,2,0.049671767139434816,0.049673765897750854,1.0,0.8180105501130369
3,20,2,0.03926188330538571,0.03927399590611458,1.0,0.8083333333333333
4,20,2,0.02816441429136321,0.02816818840801716,0.9979296066252588,0.7761263353460288
2,1,3,0.08651906315982341,0.0865190401673317,0.989648033126294,0.8652002256063169
3,1,3,0.085821980163455,0.0858209952712059,0.989648033126294,0.8680651393872482
4,1,3,0.08248392763137817,0.08248406648635864,0.9917184265010351,0.865411632481034
2,2,3,0.0731330913722515,0.07313384115695953,0.989648033126294,0.8644356211003971
3,2,3,0.06461654432117939,0.06462305039167404,0.9875776397515528,0.8291547277936963
4,2,3,0.07450319285988807,0.07450341433286667,0.989648033126294,0.8356258596973866
2,3,3,0.07009008894264698,0.07009093463420868,0.9855072463768116,0.8487448363520813
3,3,3,0.06262287632599473,0.06263870000839233,0.9875776397515528,0.8551032806804374
4,3,3,0.07148805577158927,0.07149725407361984,0.989648033126294,0.8271872740419378
2,4,3,0.06980130977332592,0.06980295479297638,0.9875776397515528,0.841948310139165
3,4,3,0.05922749589160085,0.05917717143893242,0.989648033126294,0.8536883991429446
4,4,3,0.061879074731469155,0.061887096613645554,0.9979296066252588,0.8318800139518661
2,5,3,0.06668236147910357,0.0666799247264862,0.9875776397515528,0.8141799766264122
3,5,3,0.07060335958898067,0.07060493528842926,0.9958592132505176,0.8480732785849653
4,5,3,0.06515979734063149,0.06516923755407333,0.9917184265010351,0.8270758122743682
2,6,3,0.06715635841339826,0.0671536847949028,0.9875776397515528,0.8146132918771861
3,6,3,0.07409409336745738,0.07435984164476395,0.9875776397515528,0.8438625204582652
4,6,3,0.0536780627399683,0.05368625372648239,0.9979296066252588,0.8296217744786144
2,7,3,0.061926127713918686,0.06192776933312416,0.989648033126294,0.8160123171670516
3,7,3,0.04894499788656831,0.048974450677633286,0.9979296066252588,0.8307584269662921
4,7,3,0.03770000058012083,0.03768378123641014,1.0,0.8282361308677099
2,8,3,0.06304811247587204,0.0630517527461052,0.989648033126294,0.8240058910162003
3,8,3,0.05544112661480904,0.055453650653362274,0.9958592132505176,0.8506674945669047
4,8,3,0.03645635229870677,0.03645891696214676,0.9917184265010351,0.7746942615239887
2,9,3,0.05478476928174496,0.05478750169277191,0.9937888198757764,0.8343685300207039
3,9,3,0.04706109394095838,0.04758148267865181,0.9958592132505176,0.8160611854684512
4,9,3,0.039748112654685974,0.03976209834218025,1.0,0.7920792079207921
2,10,3,0.05955130000114441,0.05955445393919945,0.9958592132505176,0.8384279475982532
3,10,3,0.05421985969170928,0.054232921451330185,0.9979296066252588,0.83515731874145
4,10,3,0.03612801307924092,0.03636261448264122,0.9937888198757764,0.7778806108283203
2,11,3,0.049944049730151895,0.049921389669179916,1.0,0.8257575757575758
3,11,3,0.04692102956473827,0.046924225986003876,0.9979296066252588,0.8214153390144497
4,11,3,0.03614205664768815,0.036143578588962555,0.9979296066252588,0.7793040293040293
2,12,3,0.06105477424710989,0.06106162071228027,0.9979296066252588,0.8672541999449187
3,12,3,0.05319257023185492,0.05319593474268913,0.9958592132505176,0.8326374391092554
4,12,3,0.030835648886859416,0.03084832988679409,1.0,0.7610094012864919
2,13,3,0.051837304796278474,0.05184042826294899,0.9979296066252588,0.8198130841121495
3,13,3,0.040876709328591825,0.04088043048977852,0.9979296066252588,0.8024590163934426
4,13,3,0.029190373075194658,0.029196076095104218,1.0,0.7593423019431988
2,14,3,0.05418723125606775,0.054201457649469376,0.9979296066252588,0.8299223712067749
3,14,3,0.06258719335049391,0.06261027604341507,0.9979296066252588,0.8358310626702997
4,14,3,0.028225707004219294,0.02822844311594963,0.9958592132505176,0.7679691268692715
2,15,3,0.056838661040365696,0.05684477463364601,0.9958592132505176,0.8451384417256922
3,15,3,0.04916951770856977,0.04917176067829132,1.0,0.8339635613612926
4,15,3,0.022491404438763858,0.02246224321424961,1.0,0.7366412213740458
2,16,3,0.065515437720716,0.0655275359749794,0.9958592132505176,0.8472045743329097
3,16,3,0.03622887721955776,0.03626445308327675,1.0,0.7839892665474061
4,16,3,0.038465038450807336,0.038505908101797104,0.9979296066252588,0.7777777777777778
2,17,3,0.05061524185985327,0.05062573030591011,0.9937888198757764,0.804798698657991
3,17,3,0.0542298182696104,0.054221056401729584,0.9979296066252588,0.8500311138767891
4,17,3,0.04405476493984461,0.04412965103983879,0.9979296066252588,0.8004966887417219
2,18,3,0.06028747238516807,0.0602986142039299,0.9855072463768116,0.8214553638409603
3,18,3,0.04045143197402358,0.04045533388853073,0.9979296066252588,0.7999169779991698
4,18,3,0.029819239026121797,0.029824091121554375,0.9979296066252588,0.7761263353460288
2,19,3,0.05021599550694227,0.05024188384413719,0.9937888198757764,0.8142414860681114
3,19,3,0.04487136108018458,0.04487437754869461,1.0,0.8392678868552412
4,19,3,0.03308189173676074,0.03311075270175934,1.0,0.8118426178418388
2,20,3,0.05031874002367258,0.05032067373394966,1.0,0.8497667185069985
3,20,3,0.048889087407290935,0.04889453202486038,0.9979296066252588,0.8132506780317706
4,20,3,0.031603181260451675,0.03160455450415611,1.0,0.7923473774720551
2,1,4,0.08642758168876172,0.08642768859863281,0.989648033126294,0.8648954211418881
3,1,4,0.08579295559823513,0.08583160489797592,0.989648033126294,0.8655793025871766
4,1,4,0.08240440904200078,0.08240438997745514,0.9917184265010351,0.8649943630214205
2,2,4,0.07106424082666636,0.07106413692235947,0.9875776397515528,0.8580779529901815
3,2,4,0.06483055448979139,0.06483155488967896,0.9875776397515528,0.8522762465159492
4,2,4,0.07361941407322883,0.07361952215433121,0.9917184265010351,0.837296195652174
2,3,4,0.07000832199007273,0.06999410688877106,0.9875776397515528,0.8422619047619048
3,3,4,0.06183291482850909,0.061817675828933716,0.9875776397515528,0.8467223650385605
4,3,4,0.06999115124046802,0.06999251246452332,0.9917184265010351,0.8323416170808541
2,4,4,0.07069997434914112,0.07070042937994003,0.9875776397515528,0.8429888084265964
3,4,4,0.05848062224984169,0.05849453806877136,0.989648033126294,0.8200301204819277
4,4,4,0.07263005752265453,0.07263229042291641,0.989648033126294,0.8269996380745567
2,5,4,0.06680578806698323,0.06681747734546661,0.9855072463768116,0.8153607447633825
3,5,4,0.0646269773259759,0.06522148102521896,0.989648033126294,0.8493539237314844
4,5,4,0.06830767676234245,0.06831090152263641,0.9917184265010351,0.8296586059743954
2,6,4,0.06624518265426159,0.06624597311019897,0.9875776397515528,0.8144690781796966
3,6,4,0.06954904606640339,0.07021349668502808,0.989648033126294,0.858033858033858
4,6,4,0.05229329049512744,0.05224934220314026,0.9917184265010351,0.826825741142444
2,7,4,0.07020334731116891,0.06782426685094833,0.9834368530020704,0.8123271434215725
3,7,4,0.06278380225002765,0.06278494745492935,0.989648033126294,0.849163774061218
4,7,4,0.04769598553404212,0.047808680683374405,0.9958592132505176,0.8248361252731246
2,8,4,0.05672975170016289,0.05673615261912346,0.9958592132505176,0.8308720112517581
3,8,4,0.06091214182972908,0.06091327965259552,0.989648033126294,0.849163774061218
4,8,4,0.06624533634483815,0.06624552607536316,0.9917184265010351,0.8259447674418605
2,9,4,0.0548519081890583,0.05485998094081879,0.9958592132505176,0.8341951051361599
3,9,4,0.06142406140491367,0.061436474323272705,0.9875776397515528,0.8495742667928098
4,9,4,0.04795728580653667,0.048566095530986786,0.9917184265010351,0.7935344827586207
2,10,4,0.061829672718048095,0.06182350590825081,0.9875776397515528,0.8011671529804085
3,10,4,0.05580932813510299,0.06704144179821014,0.9979296066252588,0.8631070718545868
4,10,4,0.0409317023858428,0.040934376418590546,0.9958592132505176,0.7879188712522046
2,11,4,0.06466953702569007,0.06627234816551208,0.989648033126294,0.8181126331811264
3,11,4,0.05780829837471247,0.057838719338178635,0.9958592132505176,0.845585874799358
4,11,4,0.03608523353971541,0.03608834370970726,1.0,0.7948173322005098
2,12,4,0.06173872507959604,0.06181022897362709,0.9937888198757764,0.846252402306214
3,12,4,0.06284146729111671,0.062842957675457,0.9875776397515528,0.8450795712893797
4,12,4,0.03934807723090052,0.03936080262064934,0.9917184265010351,0.7873001776198935
2,13,4,0.06651042440235615,0.06651163101196289,0.9958592132505176,0.8637779665817049
3,13,4,0.06302376175224782,0.06302724778652191,0.9875776397515528,0.8459302325581395
4,13,4,0.03202915063127875,0.03203658014535904,0.9979296066252588,0.7757096323871568
2,14,4,0.06465416376590728,0.06403867155313492,0.9937888198757764,0.8406374501992032
3,14,4,0.05672567031234503,0.05673141032457352,0.9875776397515528,0.8154024767801857
4,14,4,0.03936969544216991,0.039382170885801315,0.9958592132505176,0.7837230215827338
2,15,4,0.053385388887673614,0.05339102819561958,0.9958592132505176,0.8163421153111875
3,15,4,0.05980190132558346,0.060904957354068756,0.9937888198757764,0.8599358039101255
4,15,4,0.03234967419952154,0.03235822170972824,0.9979296066252588,0.7722117202268431
2,16,4,0.06312455168440938,0.06942301988601685,0.9958592132505176,0.8692934782608696
3,16,4,0.04942486535087228,0.04943790286779404,0.9979296066252588,0.8312324929971989
4,16,4,0.037513372812792656,0.037455372512340546,0.9979296066252588,0.8201492537313433
2,17,4,0.047428037901967764,0.04747240990400314,0.9937888198757764,0.7958315610378562
3,17,4,0.07578383519649505,0.07578971236944199,0.9855072463768116,0.8450520833333334
4,17,4,0.031962530317157505,0.03197363764047623,1.0,0.7929704243463352
2,18,4,0.04787420020252466,0.047885097563266754,0.9937888198757764,0.8181818181818182
3,18,4,0.06099415127336979,0.06092986464500427,0.989648033126294,0.8325157673440785
4,18,4,0.09484271486029029,0.10681285709142685,0.9958592132505176,0.8563750373245745
2,19,4,0.056328486320376396,0.05637567117810249,0.9937888198757764,0.8235294117647058
3,19,4,0.05738938672095537,0.05812392756342888,0.9979296066252588,0.8492808005003127
4,19,4,0.031623727191612126,0.0316343829035759,0.9958592132505176,0.7592592592592593
2,20,4,0.05253583208173514,0.053417958319187164,0.9937888198757764,0.8233345601766654
3,20,4,0.05884972784668207,0.05774890258908272,0.9875776397515528,0.8197959954665659
4,20,4,0.029042648354917766,0.029048198834061623,1.0,0.7909995672868888
2,1,5,0.0864078202188015,0.08640780299901962,0.989648033126294,0.864704217378998
3,1,5,0.08568542948663235,0.0856841653585434,0.989648033126294,0.8674063800277393
4,1,5,0.08237210484147071,0.08237224072217941,0.9917184265010351,0.8646127755794234
2,2,5,0.07119615387320519,0.07119612395763397,0.9875776397515528,0.8543956043956044
3,2,5,0.06442804842889309,0.06444118171930313,0.9875776397515528,0.8434011818778726
4,2,5,0.07356345024853944,0.07356376200914383,0.989648033126294,0.8281193815174398
2,3,5,0.08614850287735462,0.08649425953626633,0.989648033126294,0.8612481857764877
3,3,5,0.058020749907195565,0.05802235007286072,0.9979296066252588,0.8406084656084656
4,3,5,0.07201536226570607,0.07201611250638962,0.9917184265010351,0.8342560553633218
2,4,5,0.08724064576923847,0.08610934764146805,0.989648033126294,0.8665549972082636
3,4,5,0.06053592663109302,0.06053707376122475,0.9875776397515528,0.8171713300114987
4,4,5,0.07374848985671997,0.07374875992536545,0.9917184265010351,0.8404928404928405
2,5,5,0.0703122976794839,0.07031344622373581,0.989648033126294,0.8561540776406861
3,5,5,0.08000444370806217,0.07999393343925476,0.989648033126294,0.8487341772151898
4,5,5,0.06860114962756633,0.06860361248254776,0.9917184265010351,0.833795975017349
2,6,5,0.08846096071004868,0.09115137904882431,0.989648033126294,0.8597829275447345
3,6,5,0.07830878287255764,0.07833106815814972,0.989648033126294,0.8502975258377701
4,6,5,0.06975708848834038,0.06975751370191574,0.9937888198757764,0.844609906118485
2,7,5,0.08811238307356835,0.09031251072883606,0.989648033126294,0.8628800917957544
3,7,5,0.08018463489115238,0.08023123443126678,0.989648033126294,0.8502036979003447
4,7,5,0.06651796125471592,0.06835076957941055,0.9855072463768116,0.8315640481245576
2,8,5,0.08416758932173252,0.0838470309972763,0.989648033126294,0.856110776640578
3,8,5,0.06446466560065746,0.06446537375450134,0.989648033126294,0.8491161616161617
4,8,5,0.051976497761905195,0.05198013409972191,0.9917184265010351,0.8208676140613314
2,9,5,0.08249922076463699,0.08249993622303009,0.9875776397515528,0.8536360846885548
3,9,5,0.06124930764138699,0.061285194009542465,0.989648033126294,0.8491161616161617
4,9,5,0.0575753489241004,0.057579852640628815,0.9917184265010351,0.8139083139083139
2,10,5,0.06986510519385337,0.06965059787034988,0.9855072463768116,0.8229825213834139
3,10,5,0.06376020754873753,0.06376095116138458,0.989648033126294,0.8487341772151898
4,10,5,0.06267429464459419,0.05994614213705063,0.9875776397515528,0.8260393873085339
2,11,5,0.07301823363304139,0.07593630254268646,0.9875776397515528,0.8342022940563086
3,11,5,0.06197101009339094,0.061973925679922104,0.9875776397515528,0.8398253861652115
4,11,5,0.0478494903743267,0.04788840934634209,0.9937888198757764,0.8172820708031976
2,12,5,0.06619815957695245,0.06620099395513535,0.9937888198757764,0.8647125140924464
3,12,5,0.07416575329303741,0.07419373840093613,0.9979296066252588,0.8650238028563427
4,12,5,0.042450547079741954,0.042480867356061935,0.9937888198757764,0.8
2,13,5,0.06565365374833346,0.06569023430347443,0.9937888198757764,0.8488188976377953
3,13,5,0.07929754305779933,0.07937674224376678,0.989648033126294,0.8497800125707102
4,13,5,0.06508730033189059,0.06755643337965012,0.9917184265010351,0.8454838709677419
2,14,5,0.05797066270709038,0.058003466576337814,0.9937888198757764,0.8277099784637473
3,14,5,0.07015206201374531,0.07028797268867493,0.9855072463768116,0.8354649153128241
4,14,5,0.04374520964175463,0.03871509060263634,0.9875776397515528,0.7797783933518005
2,15,5,0.07063675279915332,0.06875687092542648,0.9834368530020704,0.8218304576144037
3,15,5,0.058528588524460794,0.05854237079620361,0.989648033126294,0.8305565402339596
4,15,5,0.03847920894920826,0.03866351395845413,0.9958592132505176,0.7859368046283934
2,16,5,0.06279886623471975,0.06281710416078568,0.9937888198757764,0.853836784409257
3,16,5,0.060498247355222703,0.06233126297593117,0.989648033126294,0.8300142247510669
4,16,5,0.044177462847530845,0.044196717441082,0.9958592132505176,0.8540655339805825
2,17,5,0.06126282591223717,0.06040939316153526,0.9917184265010351,0.8472576530612245
3,17,5,0.061927765805274246,0.061953943222761154,0.9917184265010351,0.8474036317298502
4,17,5,0.05020637608021498,0.05085194110870361,0.9958592132505176,0.8427590715920236
2,18,5,0.06917577973306178,0.07499914616346359,0.9875776397515528,0.832983193277311
3,18,5,0.05484792919158935,0.054849784821271896,0.9979296066252588,0.8411338167435728
4,18,5,0.06679288117066026,0.06657782196998596,0.9937888198757764,0.864406779661017
2,19,5,0.06676129104197025,0.06834647059440613,0.989648033126294,0.8344302043643921
3,19,5,0.06085760043263436,0.06086007133126259,0.9875776397515528,0.817101226993865
4,19,5,0.05843404255509377,0.06703449785709381,0.9917184265010351,0.8054427294882209
2,20,5,0.06453397651463746,0.059839509427547455,0.9917184265010351,0.8501720362840163
3,20,5,0.06391417630016803,0.06453016400337219,0.989648033126294,0.8474792597319719
4,20,5,0.02216234898045659,0.022167522460222244,1.0,0.7265005662514157
2,1,6,0.6931471155166626,0.6931459307670593,0.0,0.0
3,1,6,0.6931471007347106,0.6931458711624146,0.0,0.0
4,1,6,0.693147119808197,0.6931456327438354,0.0,0.0
2,2,6,0.07092402415722608,0.07092441618442535,0.9875776397515528,0.8506107109301597
3,2,6,0.08206309962868691,0.0820641741156578,0.9875776397515528,0.8505170792854905
4,2,6,0.07913031103014946,0.07913150638341904,0.989648033126294,0.8471378317876559
2,3,6,0.08261010406315326,0.08261051028966904,0.9855072463768116,0.8521279900590245
3,3,6,0.08241847151815891,0.08241904526948929,0.989648033126294,0.849638251022334
4,3,6,0.07758513122498989,0.07758499681949615,0.989648033126294,0.8471867007672634
2,4,6,0.08508079449534416,0.08332061767578125,0.9855072463768116,0.8497948879772799
3,4,6,0.06220914793759585,0.062211573123931885,0.9958592132505176,0.8573123702165529
4,4,6,0.07867849497646093,0.07858354598283768,0.9917184265010351,0.8497019140257295
2,5,6,0.08409428797364235,0.08414245396852493,0.989648033126294,0.8558069381598793
3,5,6,0.08727558797299861,0.08382000029087067,0.989648033126294,0.8642045454545455
4,5,6,0.07840108705461026,0.07860108464956284,0.9917184265010351,0.8491813602015114
2,6,6,0.08256536352038384,0.0824425220489502,0.9875776397515528,0.8540391676866586
3,6,6,0.08181104344427585,0.0833619013428688,0.989648033126294,0.8521497061552737
4,6,6,0.07703326379060746,0.07703395932912827,0.989648033126294,0.8433300557194362
2,7,6,0.08410592069923878,0.08415747433900833,0.989648033126294,0.8555454820187368
3,7,6,0.08213873620629311,0.083031065762043,0.989648033126294,0.8543127095397745
4,7,6,0.07725202216207981,0.07729808241128922,0.989648033126294,0.8466474173885146
2,8,6,0.08738335680365562,0.08541534096002579,0.989648033126294,0.8676266962060372
3,8,6,0.08013303221166133,0.08014986664056778,0.989648033126294,0.8490685191032523
4,8,6,0.049785770758241414,0.0497908890247345,0.9917184265010351,0.8175238095238095
2,9,6,0.07999045158922673,0.08012152463197708,0.9875776397515528,0.8491938033512488
3,9,6,0.08173051525950432,0.0837671160697937,0.9875776397515528,0.8480407773176171
4,9,6,0.08217721591591835,0.08069314062595367,0.9917184265010351,0.860593713620489
2,10,6,0.07099347856342793,0.07104449719190598,0.9875776397515528,0.8410529823392202
3,10,6,0.08108465021401644,0.08141638338565826,0.989648033126294,0.8499215070643642
4,10,6,0.05203701350986958,0.05214986577630043,0.9937888198757764,0.8235294117647058
2,11,6,0.0718986967742443,0.07419435679912567,0.989648033126294,0.8564133373385401
3,11,6,0.08201833556592464,0.08438791334629059,0.989648033126294,0.8514605344934743
4,11,6,0.058285008662194014,0.05858970806002617,0.9917184265010351,0.8228550295857988
2,12,6,0.08487377909123897,0.0843929573893547,0.9855072463768116,0.8514820592823713
3,12,6,0.08188421499729157,0.08152937889099121,0.989648033126294,0.8684282961739609
4,12,6,0.048894248589128254,0.049708012491464615,0.9937888198757764,0.8325191905094208
2,13,6,0.06420375029146672,0.06530017405748367,0.9875776397515528,0.8073505654281099
3,13,6,0.07667791480123996,0.07666866481304169,0.9855072463768116,0.8234421364985163
4,13,6,0.063575571128726,0.065287746489048,0.989648033126294,0.8227002967359051
2,14,6,0.07124086762666702,0.0723666399717331,0.9875776397515528,0.8333915473279776
3,14,6,0.06138036496192217,0.062242262065410614,0.9855072463768116,0.8185284025924514
4,14,6,0.05020485739037395,0.05025947839021683,0.9979296066252588,0.8627953316253913
2,15,6,0.0835191898316145,0.08351582288742065,0.989648033126294,0.8595769682726204
3,15,6,0.06341876665353775,0.06342526525259018,0.9875776397515528,0.8222139396198286
4,15,6,0.056008416478335855,0.05675123259425163,0.9917184265010351,0.8197893152746426
2,16,6,0.06861287645846605,0.06965630501508713,0.989648033126294,0.8482539682539683
3,16,6,0.0650244619473815,0.06508404016494751,0.989648033126294,0.8494962216624685
4,16,6,0.05812676641643048,0.05673857405781746,0.989648033126294,0.8144409937888198
2,17,6,0.06346921973526477,0.06355293095111847,0.9937888198757764,0.8541033434650456
3,17,6,0.058835315534472465,0.06178824603557587,0.9958592132505176,0.8454866688082235
4,17,6,0.0571556460827589,0.05762038752436638,0.9958592132505176,0.8555989192434704
2,18,6,0.07496910397857427,0.07409012317657471,0.989648033126294,0.8606007582385535
3,18,6,0.06867897284477949,0.06865431368350983,0.9875776397515528,0.8420006624710169
4,18,6,0.05429819553643465,0.05534723028540611,0.9648033126293996,0.7392277560156687
2,19,6,0.07958705969452858,0.07959262281656265,0.9875776397515528,0.8549270072992701
3,19,6,0.06146443781852722,0.060623131692409515,0.9855072463768116,0.8293295087845106
4,19,6,0.06175452601313591,0.06243908032774925,0.9937888198757764,0.839142091152815
2,20,6,0.08445885003060102,0.08483783900737762,0.9855072463768116,0.8438320209973753
3,20,6,0.07480170836299657,0.07574960589408875,0.9875776397515528,0.8622183708838822
4,20,6,0.042059814748167994,0.042448464781045914,0.9917184265010351,0.7805771873568483
2,1,7,0.6931471064567566,0.6931459903717041,0.0,0.0
3,1,7,0.693147122001648,0.6931468844413757,0.0,0.0
4,1,7,0.6931471204757691,0.6931467652320862,0.0,0.0
2,2,7,0.08567510139346123,0.08567572385072708,0.989648033126294,0.856628674265147
3,2,7,0.6931471136093139,0.6931459903717041,0.0,0.0
4,2,7,0.07915171659886837,0.07915150374174118,0.989648033126294,0.8477707006369427
2,3,7,0.08156228693276643,0.08157625794410706,0.9875776397515528,0.8531403940886699
3,3,7,0.0805799641430378,0.08057980239391327,0.989648033126294,0.8501567398119122
4,3,7,0.07770542218089103,0.07770512253046036,0.989648033126294,0.8484944532488115
2,4,7,0.08457030885517597,0.08474063873291016,0.9875776397515528,0.8533210332103321
3,4,7,0.08768733810782432,0.0876782014966011,0.9855072463768116,0.8469453376205788
4,4,7,0.08003342756032944,0.07971964031457901,0.9917184265010351,0.8526153846153847
2,5,7,0.0803154963761568,0.08030113577842712,0.9875776397515528,0.8540391676866586
3,5,7,0.08034836743474007,0.08053181320428848,0.989648033126294,0.8507649078988448
4,5,7,0.09150458087325096,0.0915030986070633,0.9917184265010351,0.849654739485248
2,6,7,0.08364206993579865,0.08347222954034805,0.989648033126294,0.8572281959378734
3,6,7,0.08022669810652733,0.08023293316364288,0.989648033126294,0.8487820310028472
4,6,7,0.08614683510661125,0.0813356339931488,0.9834368530020704,0.8414023372287145
2,7,7,0.08368419185876846,0.08320076018571854,0.9855072463768116,0.8507369081216682
3,7,7,0.07144581635594369,0.071450375020504,0.9875776397515528,0.8372569089048106
4,7,7,0.0813475106537342,0.08149247616529465,0.9917184265010351,0.8530223995090519
2,8,7,0.07016572167128325,0.07016966491937637,0.9855072463768116,0.8408559010364427
3,8,7,0.08181590357720851,0.08155910670757294,0.989648033126294,0.8510903426791278
4,8,7,0.061658435879647734,0.06385436654090881,0.9917184265010351,0.8280689160086145
2,9,7,0.0842641398280859,0.08498313277959824,0.9855072463768116,0.8517133956386292
3,9,7,0.08129856395721435,0.0814727321267128,0.989648033126294,0.8501567398119122
4,9,7,0.05938933732062578,0.05939903482794762,0.9875776397515528,0.7982233502538071
2,10,7,0.07494994736164809,0.07445385307073593,0.9855072463768116,0.8258324185876327
3,10,7,0.08142634628117085,0.08151516318321228,0.989648033126294,0.8520581863200247
4,10,7,0.0779128084629774,0.07810618728399277,0.989648033126294,0.8490208464939988
2,11,7,0.08499720395207405,0.08530984818935394,0.9855072463768116,0.8485041374920432
3,11,7,0.08008398711979389,0.08008477091789246,0.989648033126294,0.8494488188976378
4,11,7,0.08399938852488995,0.08432792872190475,0.989648033126294,0.8489254108723135
2,12,7,0.08983275615572929,0.0897144004702568,0.9751552795031055,0.8386986301369863
3,12,7,0.08240288383066655,0.08344858884811401,0.989648033126294,0.8494962216624685
4,12,7,0.08331547654271126,0.0818265900015831,0.9917184265010351,0.8727417640807651
2,13,7,0.08583171386420727,0.08626352995634079,0.989648033126294,0.8542238487343702
3,13,7,0.08618786975443363,0.0838937982916832,0.9875776397515528,0.847457627118644
4,13,7,0.06270633087903262,0.06276726722717285,0.9917184265010351,0.8378469871360866
2,14,7,0.08311552698612214,0.08320938795804977,0.989648033126294,0.8548436076525964
3,14,7,0.08073099553883076,0.08089739829301834,0.989648033126294,0.8510903426791278
4,14,7,0.05826867047995329,0.05753599852323532,0.9937888198757764,0.8539257455873402
2,15,7,0.08868801901042461,0.08881540596485138,0.9875776397515528,0.8548828719196836
3,15,7,0.09567704593390226,0.1311585158109665,0.989648033126294,0.8666666666666667
4,15,7,0.07489445165097713,0.07540533691644669,0.9917184265010351,0.8620391705069125
2,16,7,0.08136530118733644,0.08987408876419067,0.989648033126294,0.8444010416666666
3,16,7,0.08159825461208821,0.08146608620882034,0.989648033126294,0.8510439389217825
4,16,7,0.08065342383980752,0.08255214244127274,0.9917184265010351,0.8532475490196079
2,17,7,0.07347881960123777,0.07337676733732224,0.9875776397515528,0.867720465890183
3,17,7,0.07981318053305149,0.07982783019542694,0.9917184265010351,0.8783028455284553
4,17,7,0.041816687154769897,0.04275432601571083,0.9979296066252588,0.8194080179842638
2,18,7,0.06924199860543012,0.06904808431863785,0.9875776397515528,0.8354605036219386
3,18,7,0.08385861468315124,0.08487792313098907,0.9875776397515528,0.8491938033512488
4,18,7,0.09891039679050445,0.09890984743833542,0.989648033126294,0.8571855392889155
2,19,7,0.10311767279505729,0.10311759263277054,0.9855072463768116,0.8449006190941675
3,19,7,0.0946606490239501,0.09404938668012619,0.9917184265010351,0.8748693834900731
4,19,7,0.10902844925522805,0.10902750492095947,0.989648033126294,0.8738786279683377
2,20,7,0.06939948001354933,0.06978188455104828,0.9834368530020704,0.8135060855908912
3,20,7,0.08270120204687119,0.08058711886405945,0.9834368530020704,0.8444153291844088
4,20,7,0.060104459670186045,0.06082968786358833,0.9917184265010351,0.8307420494699647
2,1,8,0.693147128868103,0.6931461691856384,0.0,0.0
3,1,8,0.6931470882415771,0.6931456327438354,0.0,0.0
4,1,8,0.6931471273422242,0.6931458711624146,0.0,0.0
2,2,8,0.6931471136093139,0.6931459903717041,0.0,0.0
3,2,8,0.6931471204757691,0.6931458115577698,0.0,0.0
4,2,8,0.6931471323013305,0.6931456923484802,0.0,0.0
2,3,8,0.6931471147537231,0.6931459903717041,0.0,0.0
3,3,8,0.6931471338272095,0.6931456923484802,0.0,0.0
4,3,8,0.6931471147537231,0.6931459903717041,0.0,0.0
2,4,8,0.08665083901286125,0.08665204793214798,0.9875776397515528,0.8537706928264868
3,4,8,0.1702886289358139,0.1857561469078064,0.9937888198757764,0.8844765342960289
4,4,8,0.07315153912603856,0.07340136915445328,0.9917184265010351,0.8164750957854406
2,5,8,0.1016799663722515,0.10167910158634186,0.989648033126294,0.8619693907017038
3,5,8,0.08044590943157673,0.08044695854187012,0.989648033126294,0.8495909376966646
4,5,8,0.10919423553347588,0.1091945543885231,0.9958592132505176,0.8964254952627045
2,6,8,0.0769862961962819,0.07700884342193604,0.989648033126294,0.8576109621686029
3,6,8,0.09859586625099181,0.09859573096036911,0.989648033126294,0.8569718731298623
4,6,8,0.07901613059639931,0.07877647876739502,0.9917184265010351,0.8526153846153847
2,7,8,0.08488451987653971,0.08488737791776657,0.9875776397515528,0.8484270734032412
3,7,8,0.1699076945602894,0.16990570724010468,0.9440993788819876,0.8498518274613105
4,7,8,0.6931471361160279,0.6931459903717041,0.0,0.0
2,8,8,0.09100338025391101,0.09709428995847702,0.989648033126294,0.85924617196702
3,8,8,0.10200280702114105,0.1020035520195961,0.9937888198757764,0.8806267097736882
4,8,8,0.6878014053344726,0.6878082752227783,1.0,0.9947144373556867
2,9,8,0.09414652562737465,0.09860683232545853,0.989648033126294,0.8695770804911324
3,9,8,0.11270569930076599,0.11270512640476227,0.9834368530020704,0.8613138686131386
4,9,8,0.6931471136093139,0.6931459903717041,0.0,0.0
2,10,8,0.0847293639883399,0.08478153496980667,0.989648033126294,0.8560240963855422
3,10,8,0.09790395303666592,0.09790315479040146,0.989648033126294,0.8556327393536696
4,10,8,0.07844495905041694,0.07838910073041916,0.9917184265010351,0.8481774960380348
2,11,8,0.08813932099640369,0.08814170956611633,0.9875776397515528,0.8478954081632653
3,11,8,0.08131799658238888,0.08130710572004318,0.989648033126294,0.850997506234414
4,11,8,0.10380831559598445,0.10380773991346359,0.9875776397515528,0.8608112051356872
2,12,8,0.08908473425507546,0.08911057561635971,0.989648033126294,0.8570574162679426
3,12,8,0.04171415246259421,0.04193662106990814,0.9937888198757764,0.8138813493602172
4,12,8,0.09997248648703098,0.09997276961803436,0.989648033126294,0.858160237388724
2,13,8,0.10393671291470527,0.10393667221069336,0.9937888198757764,0.884809215262779
3,13,8,0.08345428595244885,0.0834578275680542,0.9875776397515528,0.8500471549827099
4,13,8,0.1113139286249876,0.11131426692008972,0.989648033126294,0.8780301097218678
2,14,8,0.08800182667970657,0.08275191485881805,0.9813664596273292,0.8393220338983051
3,14,8,0.0843882702678442,0.08375262469053268,0.9875776397515528,0.8459799806264127
4,14,8,0.19424304159879685,0.1942426711320877,0.9254658385093167,0.846180316586373
2,15,8,0.6931471132278443,0.6931459903717041,0.0,0.0
3,15,8,0.11202429257631302,0.11202438920736313,0.9834368530020704,0.8596750369276218
4,15,8,0.6930215370178223,0.6930208206176758,0.0,0.0
2,16,8,0.1223171919465065,0.12231745570898056,0.9730848861283644,0.8442677269715043
3,16,8,0.6931471328735351,0.6931459903717041,0.0,0.0
4,16,8,0.10269756793379783,0.10269784927368164,0.989648033126294,0.864704217378998
2,17,8,0.6931471136093139,0.6931459903717041,0.0,0.0
3,17,8,0.6931471136093139,0.6931459903717041,0.0,0.0
4,17,8,0.6797491100311279,0.679751992225647,0.07453416149068323,0.96
2,18,8,0.07828666270077228,0.07528483867645264,0.9813664596273292,0.8133858267716535
3,18,8,0.10070406892299652,0.10070397704839706,0.9937888198757764,0.8795180722891566
4,18,8,0.6930880630493164,0.6930912137031555,0.0,0.0
2,19,8,0.11730601822435856,0.11231237649917603,0.9958592132505176,0.9028675282714055
3,19,8,0.10133961808085441,0.10134062170982361,0.989648033126294,0.8611272515979081
4,19,8,0.6931471136093139,0.6931459903717041,0.0,0.0
2,20,8,0.10048229255676269,0.10006535798311234,0.9937888198757764,0.8797595190380761
3,20,8,0.1667368568778038,0.16673822700977325,0.9461697722567288,0.8496215860480422
4,20,8,0.6931994848251343,0.6932027339935303,0.0,1.0
2,1,9,0.6931470992088318,0.6931501030921936,0.0,0.0
3,1,9,0.6931471017837525,0.6931467652320862,0.0,0.0
4,1,9,0.69314710521698,0.6931459903717041,0.0,0.0
2,2,9,0.6931471147537231,0.6931468844413757,0.0,0.0
3,2,9,0.693147109413147,0.6931468844413757,0.0,0.0
4,2,9,0.6931471267700196,0.6931458711624146,0.0,0.0
2,3,9,0.6931471147537231,0.6931459903717041,0.0,0.0
3,3,9,0.693147101688385,0.6931461095809937,0.0,0.0
4,3,9,0.6931471374511718,0.6931459903717041,0.0,0.0
2,4,9,0.693147141456604,0.6931458711624146,0.0,0.0
3,4,9,0.6931471139907837,0.6931458711624146,0.0,0.0
4,4,9,0.6931471912384033,0.6931467056274414,1.0,0.99481431378233
2,5,9,0.10333850186765194,0.10373573005199432,0.989648033126294,0.861046511627907
3,5,9,0.10490243272185326,0.10490351915359497,0.9958592132505176,0.8905076257682677
4,5,9,0.6931471406936646,0.6931456923484802,0.0,0.0
2,6,9,0.6931471090316772,0.6931467652320862,0.0,0.0
3,6,9,0.6919232550621033,0.6919276118278503,0.020703933747412008,0.9826086956521739
4,6,9,0.6931471136093139,0.6931459903717041,0.0,0.0
2,7,9,0.10605351978242397,0.10605437308549881,0.989648033126294,0.872192513368984
3,7,9,0.6931471136093139,0.6931459903717041,0.0,0.0
4,7,9,0.692070636177063,0.6920686960220337,1.0,0.9947974450392615
2,8,9,0.6931471361160279,0.6931459903717041,0.0,0.0
3,8,9,0.10826969078779221,0.10826948285102844,0.9958592132505176,0.8956842333550206
4,8,9,0.6926090671539307,0.6926079392433167,1.0,0.9948010290302789
2,9,9,0.09516665103137494,0.09516768902540207,0.989648033126294,0.8511367175334786
3,9,9,0.10264929785132408,0.10265084356069565,0.9937888198757764,0.8819768871403983
4,9,9,0.13921448875665665,0.13921453058719635,0.9668737060041408,0.8597597597597597
2,10,9,0.6931471361160279,0.6931459903717041,0.0,0.0
3,10,9,0.10538666976988316,0.10538681596517563,0.989648033126294,0.8692917692097347
4,10,9,0.6929001976013184,0.6928985714912415,0.9979296066252588,0.9948022818198484
2,11,9,0.07814917581379413,0.07833059132099152,0.9855072463768116,0.8506900878293601
3,11,9,0.6931471136093139,0.6931459903717041,0.0,0.0
4,11,9,0.6921277616500855,0.6921259164810181,1.0,0.9948013647762864
2,12,9,0.6931471136093139,0.6931459903717041,0.0,0.0
3,12,9,0.11001411306262017,0.11001351475715637,0.9917184265010351,0.8803696303696303
4,12,9,0.6921309506416321,0.6921292543411255,1.0,0.9947861568686716
2,13,9,0.1039468728005886,0.10394612699747086,0.9875776397515528,0.8551032806804374
3,13,9,0.6931471136093139,0.6931459903717041,0.0,0.0
4,13,9,0.6931471136093139,0.6931459903717041,0.0,0.0
2,14,9,0.09928537847399711,0.09928564727306366,0.989648033126294,0.8570574162679426
3,14,9,0.6930871097564697,0.6930861473083496,0.0,0.0
4,14,9,0.1360112928688526,0.13601107895374298,0.968944099378882,0.8619061670109177
2,15,9,0.6928846740722656,0.6928834915161133,1.0,0.9948072333197153
3,15,9,0.6930273717880249,0.6930265426635742,0.0,0.0
4,15,9,0.6931471410751343,0.6931459903717041,0.0,0.0
2,16,9,0.6931471136093139,0.6931459903717041,0.0,0.0
3,16,9,0.10738089064359665,0.10738156735897064,0.989648033126294,0.8731759087291059
4,16,9,0.6931471361160279,0.6931459903717041,0.0,0.0
2,17,9,0.10394687643647194,0.10394605994224548,0.9875776397515528,0.8546174946662602
3,17,9,0.10471767501235008,0.1047174409031868,0.989648033126294,0.8677365799667958
4,17,9,0.10958407556116581,0.10958459228277206,0.9855072463768116,0.8662545658892947
2,18,9,0.6931471357345581,0.6931458711624146,0.0,0.0
3,18,9,0.6931471136093139,0.6931459903717041,0.0,0.0
4,18,9,0.6931471136093139,0.6931459903717041,0.0,0.0
2,19,9,0.6931471158981323,0.6931468844413757,0.0,0.0
3,19,9,0.6931471136093139,0.6931458711624146,0.0,0.0
4,19,9,0.11616962740421295,0.11616957932710648,0.989648033126294,0.88330078125
2,20,9,0.693147141456604,0.6931459307670593,0.0,0.0
3,20,9,0.6931471132278443,0.6931458711624146,0.0,0.0
4,20,9,0.693147141456604,0.6931459903717041,0.0,0.0
2,1,10,0.6931471075057983,0.6931459903717041,0.0,0.0
3,1,10,0.6931470979690552,0.6931459903717041,0.0,0.0
4,1,10,0.6931470932960511,0.6931458115577698,0.0,0.0
2,2,10,0.6931475917816162,0.6931465864181519,0.0,0.0
3,2,10,0.6931471345901489,0.6931502223014832,0.0,0.0
4,2,10,0.693147112083435,0.6931458711624146,0.0,0.0
2,3,10,0.6931471155166626,0.6931459903717041,0.0,0.0
3,3,10,0.6931471281051635,0.6931582689285278,0.0,0.0
4,3,10,0.6931471126556397,0.6931460499763489,0.0,0.0
2,4,10,0.6931470798492432,0.6931460499763489,0.0,0.0
3,4,10,0.6931471138954163,0.6931502223014832,0.0,0.0
4,4,10,0.6931470889091492,0.6931459903717041,0.0,0.0
2,5,10,0.08390977548062802,0.08393470197916031,0.9917184265010351,0.8554616777308389
3,5,10,0.6931471136093139,0.6931458711624146,0.0,0.0
4,5,10,0.6931471630096435,0.6931467056274414,0.0,0.0
2,6,10,0.6931471357345581,0.6931459903717041,0.0,0.0
3,6,10,0.6752722160339355,0.6752704381942749,0.08695652173913043,0.9555555555555556
4,6,10,0.6931470947265626,0.6931455135345459,0.0,0.0
2,7,10,0.6931471136093139,0.6931459903717041,0.0,0.0
3,7,10,0.6931471136093139,0.6931459903717041,0.0,0.0
4,7,10,0.6931471361160279,0.6931459903717041,0.0,0.0
2,8,10,0.6931471357345581,0.6931459903717041,0.0,0.0
3,8,10,0.6931471361160279,0.6931459903717041,0.0,0.0
4,8,10,0.6880135949134827,0.6880199909210205,0.043478260869565216,0.9675925925925926
2,9,10,0.6930326900482178,0.6930316686630249,0.0,0.0
3,9,10,0.5848060571670533,0.5848081707954407,0.36024844720496896,0.8931203931203932
4,9,10,0.6931471357345581,0.6931459903717041,0.0,0.0
2,10,10,0.6931471136093139,0.6931459903717041,0.0,0.0
3,10,10,0.6931471136093139,0.6931459903717041,0.0,0.0
4,10,10,0.693147141456604,0.6931459903717041,0.0,0.0
2,11,10,0.6931471136093139,0.6931459903717041,0.0,0.0
3,11,10,0.693147141456604,0.6931459307670593,0.0,0.0
4,11,10,0.6931471132278443,0.6931459903717041,0.0,0.0
2,12,10,0.10290951820611954,0.10290957242250443,0.9875776397515528,0.8528232027152114
3,12,10,0.6931471136093139,0.6931459903717041,0.0,0.0
4,12,10,0.6929719488143921,0.69297194480896,0.0,0.0
2,13,10,0.6931471357345581,0.6931459903717041,0.0,0.0
3,13,10,0.6931471364974976,0.6931460499763489,0.0,0.0
4,13,10,0.6931471357345581,0.6931459903717041,0.0,0.0
2,14,10,0.6931471139907837,0.6931458711624146,0.0,0.0
3,14,10,0.6931471357345581,0.6931459903717041,0.0,0.0
4,14,10,0.6931471136093139,0.6931459903717041,0.0,0.0
2,15,10,0.6931471382141113,0.6931459903717041,0.0,0.0
3,15,10,0.6928187084197998,0.6928185224533081,1.0,0.9948087402328006
4,15,10,0.6916397239685058,0.6916382908821106,1.0,0.994797332959919
2,16,10,0.693147137260437,0.693146824836731,0.0,0.0
3,16,10,0.6931471147537231,0.6931459903717041,0.0,0.0
4,16,10,0.6931471361160279,0.6931459903717041,0.0,0.0
2,17,10,0.6931471155166626,0.6931459307670593,0.0,0.0
3,17,10,0.6931471132278443,0.6931460499763489,0.0,0.0
4,17,10,0.6931471364974976,0.6931456923484802,0.0,1.0
2,18,10,0.6931471139907837,0.6931459307670593,0.0,0.0
3,18,10,0.6931471357345581,0.6931459903717041,0.0,0.0
4,18,10,0.6931471406936646,0.6931456923484802,0.0,0.0
2,19,10,0.6931471357345581,0.6931459903717041,0.0,0.0
3,19,10,0.693094455909729,0.693093478679657,0.0,0.0
4,19,10,0.6916296095848083,0.6916282176971436,1.0,0.9947948659920468
2,20,10,0.693147141456604,0.6931459903717041,0.0,0.0
3,20,10,0.6926722631454468,0.692671000957489,1.0,0.9948051109963861
4,20,10,0.6917189119338989,0.6917209029197693,1.0,0.9947966043264673
